"lambda[10,1]","lambda[10,2]","lambda[10,3]","lambda[10,4]","lambda[10,5]","lambda[10,6]","lambda[10,7]","lambda[10,8]","lambda[10,9]","lambda[10,10]","Beta 0","Beta 1","Beta 2","Beta 3","Beta 4","Beta 5","Beta 6","Beta 7","Beta 8","Beta 9","alpha[10]","tau2.alpha"
0.588755770220778,0.765478968795804,1.34907825833089,0.199087617591399,0.0728656629876199,9.62231555099412e-06,4.95996690058275e-07,0.000735443767171403,0.0359566504727747,0.000116892876107903,-1.63237649016312,-1.36988619533847,-0.803211069614306,-2.71664291901578,-3.72177042345225,-12.6540582777474,-15.6193292407766,-8.31766913334827,-4.42807387689867,-10.1568852886585,1.10263265726321,1.32835734788068
0.327969407629138,0.426413967636157,0.751510931373488,0.110902773799164,0.04059018957486,5.36016000335212e-06,2.76297488453362e-07,0.000409682705229875,0.0200298357185727,6.51157734195949e-05,-1.63237649016312,-1.36988619533847,-0.803211069614306,-2.71664291901578,-3.72177042345225,-12.6540582777474,-15.6193292407766,-8.31766913334827,-4.42807387689867,-10.1568852886585,0.51754154579191,2.228697026629
0.168250801017884,0.218753609181515,0.385530824631864,0.0568939666101858,0.0208230760265313,2.74980285712446e-06,1.41742713405986e-07,0.000210170344290296,0.010275458093083,3.34048871080516e-05,-1.63237649016312,-1.36988619533847,-0.803211069614306,-2.71664291901578,-3.72177042345225,-12.6540582777474,-15.6193292407766,-8.31766913334827,-4.42807387689867,-10.1568852886585,-0.149923059426552,1.09809944052595
0.216703937245032,0.28175062531296,0.496556611449167,0.0732783826010082,0.0268197389444958,3.54169550564675e-06,1.82562007937224e-07,0.000270695537996337,0.0132346010378324,4.30248802130285e-05,-1.63237649016312,-1.36988619533847,-0.803211069614306,-2.71664291901578,-3.72177042345225,-12.6540582777474,-15.6193292407766,-8.31766913334827,-4.42807387689867,-10.1568852886585,0.103153288663144,2.32503111114622
0.233655345116781,0.793629530399004,1.60921771399846,0.373613557787561,0.0463056532820098,7.65988384632334e-06,2.92641802743967e-07,0.000789982741780817,0.0360867789756717,6.05839205270476e-05,-2.58316830711461,-1.36039868663333,-0.653512004627564,-2.11379345731842,-4.20175139783414,-12.9087739116059,-16.1735766656579,-8.27275963220268,-4.45108888769779,-10.8407412115486,1.12926017361378,1.03921344951865
0.171844854926522,1.18139913075181,2.09326164556423,1.46420101078433,0.0996608344936901,6.22781803879532e-06,3.13851077939935e-07,0.0050284187755409,0.0533534728797301,0.000132616031349764,-3.38428478336647,-1.45642212779153,-0.884398122428186,-1.2418118593419,-3.92910408066166,-13.6096060889589,-16.5974688055225,-6.91577127093515,-4.55393777510486,-10.5511741553509,1.62312156790421,0.276984309424899
0.0993360746537761,0.682915716612219,1.21002397879509,0.846391246206338,0.0576096159501306,3.60003212139479e-06,1.81423727360009e-07,0.00290671130707498,0.0308413339886449,7.66595892328607e-05,-3.38428478336647,-1.45642212779153,-0.884398122428186,-1.2418118593419,-3.92910408066166,-13.6096060889589,-16.5974688055225,-6.91577127093515,-4.55393777510486,-10.5511741553509,1.0750382990265,0.423924999126817
0.225768956005371,1.55211657916402,2.75011722967903,1.92366034891259,0.130933932051008,8.18207782485801e-06,4.12336058812801e-07,0.00660631275691726,0.0700955398197289,0.000174230313501175,-3.38428478336647,-1.45642212779153,-0.884398122428186,-1.2418118593419,-3.92910408066166,-13.6096060889589,-16.5974688055225,-6.91577127093515,-4.55393777510486,-10.5511741553509,1.89604166217227,0.770155681134092
0.039927535683475,0.310194303537551,0.57946153930031,0.428119631457647,0.0228894074067333,1.7391211509428e-06,8.90809393587805e-08,0.00175251607316688,0.0133156072746103,8.71344223755602e-05,-3.55412062511126,-1.50398794162977,-0.879087536554251,-1.18178415908901,-4.11051258347691,-13.5955622073854,-16.5671519988823,-6.68013431691681,-4.65225000183285,-9.6814900963323,0.333431549383773,1.1794432907056
0.0731705483650297,0.568457003444488,1.0619117323736,0.784565029205031,0.0419467533628532,3.18708495551788e-06,1.63248271404128e-07,0.00321163227073945,0.024401963943391,0.000159681116241005,-3.55412062511126,-1.50398794162977,-0.879087536554251,-1.18178415908901,-4.11051258347691,-13.5955622073854,-16.5671519988823,-6.68013431691681,-4.65225000183285,-9.6814900963323,0.939158341393999,1.89844816596746
0.0587375455089486,0.456327987910216,0.852448014952849,0.629808374234962,0.0336726919458317,2.55842756134223e-06,1.3104729956404e-07,0.00257813288099839,0.0195886391404669,0.000128183771226298,-3.55412062511126,-1.50398794162977,-0.879087536554251,-1.18178415908901,-4.11051258347691,-13.5955622073854,-16.5671519988823,-6.68013431691681,-4.65225000183285,-9.6814900963323,0.719444485343009,1.93945270634219
0.062201259900862,0.483237348957942,0.902716313230658,0.666947759462643,0.0356583484232458,2.70929635042943e-06,1.38775072551289e-07,0.00273016367981376,0.0207437682954381,0.000135742683832522,-3.55412062511126,-1.50398794162977,-0.879087536554251,-1.18178415908901,-4.11051258347691,-13.5955622073854,-16.5671519988823,-6.68013431691681,-4.65225000183285,-9.6814900963323,0.776740601309986,1.71083893016531
0.0921232902454553,0.715699563424436,1.33696965408096,0.987784204394896,0.0528118624398269,4.01260833702347e-06,2.05533076144321e-07,0.00404351393354329,0.0307225961421183,0.000201041951261621,-3.55412062511126,-1.50398794162977,-0.879087536554251,-1.18178415908901,-4.11051258347691,-13.5955622073854,-16.5671519988823,-6.68013431691681,-4.65225000183285,-9.6814900963323,1.16949313739401,1.37912223293671
0.408048687059161,1.72588224925852,4.47595499217163,2.70305713803282,0.272068593348189,7.50708881669502e-06,5.06371609203845e-07,0.0102044578739413,0.041115509024095,0.000850801846223828,-3.16199839889573,-1.71989124964227,-0.766909883194871,-1.27124621240795,-3.56733068127709,-14.0652924264856,-16.7616246498873,-6.8505602259298,-5.45699949836559,-9.33496092288058,2.26562961822573,1.80241604161429
0.071669224129125,0.303132066504245,0.786151828689293,0.474761992878114,0.0477858295187703,1.31853685117472e-06,8.89385544019516e-08,0.00179229979577823,0.00722148293790172,0.000149433903698968,-3.16199839889573,-1.71989124964227,-0.766909883194871,-1.27124621240795,-3.56733068127709,-14.0652924264856,-16.7616246498873,-6.8505602259298,-5.45699949836559,-9.33496092288058,0.526304544259103,1.6591707769123
0.0606787790216284,0.362237122892946,0.596482022449951,0.395470556964118,0.0506967361278239,1.58268769093353e-06,7.4790124148185e-08,0.00430987243500494,0.00541956544866821,0.000109362509280034,-3.19109423239603,-1.40438923207967,-0.905639162386023,-1.31661192573964,-3.37082673273127,-13.7453190719926,-16.7975129768842,-5.83577995884814,-5.60667262836427,-9.50977540677316,0.388932986096993,2.02047614727256
0.0326027738240195,0.163466486912507,0.800346896359302,0.200759970726954,0.0289293356955365,1.18600741898433e-06,1.12709062900344e-07,0.000806626332940583,0.00262875936186019,3.46633201357602e-05,-3.63002796189177,-2.01781733695585,-0.429380079140255,-1.81231531429556,-3.74956917702386,-13.8515880562299,-16.2051260572708,-7.32932008350759,-6.14791332390739,-10.4764985409851,0.206670054288995,1.2805811981937
0.0281854780588477,0.141318683652462,0.691909222465687,0.173559335183029,0.0250097479712865,1.02531724036271e-06,9.74382988563539e-08,0.000697337868596809,0.00227259311479548,2.99668443675028e-05,-3.63002796189177,-2.01781733695585,-0.429380079140255,-1.81231531429556,-3.74956917702386,-13.8515880562299,-16.2051260572708,-7.32932008350759,-6.14791332390739,-10.4764985409851,0.0610795657627883,5.16250421581997
0.0378073558774335,0.189561651351941,0.928111212235652,0.232808524212904,0.033547504143132,1.3753371048994e-06,1.3070150640207e-07,0.000935393074043476,0.00304840444700942,4.01968399173626e-05,-3.63002796189177,-2.01781733695585,-0.429380079140255,-1.81231531429556,-3.74956917702386,-13.8515880562299,-16.2051260572708,-7.32932008350759,-6.14791332390739,-10.4764985409851,0.354776366535164,2.54842462860232
0.0394408054167265,0.197751575901869,0.968209833174756,0.242866910148485,0.0349969087342565,1.43475791622652e-06,1.36348405278296e-07,0.000975806304495441,0.00318010936855138,4.19335260230219e-05,-3.63002796189177,-2.01781733695585,-0.429380079140255,-1.81231531429556,-3.74956917702386,-13.8515880562299,-16.2051260572708,-7.32932008350759,-6.14791332390739,-10.4764985409851,0.397073633752148,1.46523346630578
0.0243815464370054,0.187389850076822,1.14113869119418,0.148794194595655,0.0269552015786028,1.49931243806838e-06,7.76027807999661e-08,0.000503444198261378,0.00201173707387096,3.40976767259771e-05,-4.13998722078425,-2.10062256685619,-0.29403187859118,-2.33124966656005,-4.03963748617005,-13.8365624239646,-16.7977210697498,-8.02009617403262,-6.63481520867612,-10.7123398016005,0.426058494401657,1.00210502136027
0.0185287290861448,0.444611723858727,1.13207281059717,0.114382468046017,0.0324771699938002,2.2451988542377e-06,1.07772040812377e-07,0.000470659953916714,0.00198579233001835,2.3856666350971e-05,-4.54493265967416,-1.36705374015964,-0.432449533784708,-2.72470729493939,-3.98371773003027,-13.5632162960076,-16.5997474055906,-8.21787452271028,-6.77823711759896,-11.1999466999277,0.556499831812759,0.741668693584761
0.109722689098581,2.63288397815771,6.70386363018248,0.677345538454997,0.192322010293527,1.32955290512735e-05,6.38200174043156e-07,0.00278713534828314,0.011759385839576,0.000141273455550362,-4.54493265967416,-1.36705374015964,-0.432449533784708,-2.72470729493939,-3.98371773003027,-13.5632162960076,-16.5997474055906,-8.21787452271028,-6.77823711759896,-11.1999466999277,2.33513355519771,1.92695903240906
0.0984037304866397,1.09074981856679,4.17073828329575,0.875845391926111,0.0761735465226703,1.26723976174281e-05,2.52870869508344e-07,0.00449517840971192,0.00852708009613541,0.000102822451848829,-4.16319431055928,-1.75765237968279,-0.416424679872571,-1.97708344322386,-4.41925878142446,-13.1206020921128,-17.0349046220824,-7.2492676675091,-6.60902603239525,-11.0270245719573,1.84451774636632,0.709558221792219
0.0503644725104217,0.558261754724971,2.13464502390721,0.448270517254741,0.0389867383166254,6.48591896148435e-06,1.29423019768225e-07,0.00230069823903795,0.00436428465640623,5.26260389111735e-05,-4.16319431055928,-1.75765237968279,-0.416424679872571,-1.97708344322386,-4.41925878142446,-13.1206020921128,-17.0349046220824,-7.2492676675091,-6.60902603239525,-11.0270245719573,1.17472504758073,0.887387445201021
0.0256490106598806,0.69359110329547,1.46484100834579,0.344007409938612,0.0462243074220727,8.57871325570326e-06,1.02056056199959e-07,0.00162072935517029,0.00245038917261985,3.69573724097486e-05,-4.61043080889208,-1.313053210468,-0.5654338201648,-2.01427261133947,-4.02143001459582,-12.6134071559268,-17.0449241340509,-7.37205954183316,-6.95868895109086,-11.1529259365458,0.947180530017958,0.761618996303229
0.0359867309350914,0.973139929030831,2.05523869630118,0.482658074625173,0.0648548100321473,1.20363256811767e-05,1.43189298155236e-07,0.00227395715166305,0.00343800768811962,5.18528778600377e-05,-4.61043080889208,-1.313053210468,-0.5654338201648,-2.01427261133947,-4.02143001459582,-12.6134071559268,-17.0449241340509,-7.37205954183316,-6.95868895109086,-11.1529259365458,1.2858258152855,0.941402089189805
0.0386846077105689,1.0460949195399,2.20931717474965,0.518842300760539,0.0697168878374175,1.29386728150661e-05,1.53924007086889e-07,0.00244443265828709,0.00369575049650143,5.57402183126224e-05,-4.61043080889208,-1.313053210468,-0.5654338201648,-2.01427261133947,-4.02143001459582,-12.6134071559268,-17.0449241340509,-7.37205954183316,-6.95868895109086,-11.1529259365458,1.35811731725167,0.838576217210725
0.314834510060361,2.20315815131781,5.21212063657651,1.51449122225734,0.339452215164385,4.61822736610041e-05,1.00162726908607e-06,0.00584667378829583,0.00779863977391657,0.000188384132614668,-3.41725638692552,-1.47165638951683,-0.610561438906093,-1.84646868816277,-3.34197033633884,-12.2444627643233,-16.0754328552747,-7.40343060646918,-7.11535419228214,-10.8385756649882,2.26154824382879,0.692437719675434
0.489845883093691,3.42785786100904,8.10945355236049,2.3563722098383,0.528148169250658,7.18542469197924e-05,1.55841554365219e-06,0.00909674445930154,0.0121337765235817,0.000293103801688636,-3.41725638692552,-1.47165638951683,-0.610561438906093,-1.84646868816277,-3.34197033633884,-12.2444627643233,-16.0754328552747,-7.40343060646918,-7.11535419228214,-10.8385756649882,2.70359192527632,1.01336221792833
0.137083141542889,2.06533425271008,8.99871188095076,1.45311593756772,0.472595722016753,4.48087200567168e-05,4.68907023808461e-07,0.00940840118609272,0.00485994298473678,0.000165529744777981,-4.56292913585234,-1.85046939216814,-0.378680028447314,-2.20205129793986,-3.32527643748879,-12.5888692645624,-17.1486228028332,-7.24191371685694,-7.90249004387565,-11.2821211237424,2.57576147120146,0.876274170005194
0.111959683212328,1.6868169642045,7.34950279203407,1.18680093124337,0.385982307736527,3.65965504308955e-05,3.82969643464189e-07,0.00768410764791142,0.00396925304510089,0.000135192829541056,-4.56292913585234,-1.85046939216814,-0.378680028447314,-2.20205129793986,-3.32527643748879,-12.5888692645624,-17.1486228028332,-7.24191371685694,-7.90249004387565,-11.2821211237424,2.37331269204157,1.0455499103292
0.0431828672572352,0.650605565883508,2.83470437186928,0.457749304072722,0.148873436226304,1.41152952025864e-05,1.47711451147119e-07,0.00296376151690938,0.0015309415178668,5.2143895415726e-05,-4.56292913585234,-1.85046939216814,-0.378680028447314,-2.20205129793986,-3.32527643748879,-12.5888692645624,-17.1486228028332,-7.24191371685694,-7.90249004387565,-11.2821211237424,1.42061768218945,0.718086867091472
0.0230967045672476,0.347981630203137,1.51616447843862,0.244830904327212,0.0796261571504104,7.54967939557101e-06,7.90046600662633e-08,0.00158519173254677,0.000818836408830142,2.78895826955699e-05,-4.56292913585234,-1.85046939216814,-0.378680028447314,-2.20205129793986,-3.32527643748879,-12.5888692645624,-17.1486228028332,-7.24191371685694,-7.90249004387565,-11.2821211237424,0.794863804794615,1.41612589011138
0.057894428353847,0.521120347322554,1.64468871945022,0.535514348520079,0.11329105720749,2.81779667802116e-05,1.58895211381378e-07,0.00188619836430914,0.000954432076848646,4.11818184967233e-05,-3.90533254795106,-1.70797269110317,-0.558647282127538,-1.6807260149725,-3.23399346441203,-11.5331686254015,-16.7112193200508,-7.32939034318452,-8.01059249844748,-11.1537121177741,1.0561984201412,1.06793871575492
0.0422594162512714,0.708506582236486,1.61021067939447,0.633793384250323,0.0910735251796098,1.68691753314994e-05,2.17259050043637e-07,0.000525301231444632,0.000586023188328718,2.58835021809416e-05,-4.29112713946756,-1.47179498882076,-0.650834032107265,-1.5832313293184,-3.52328718899922,-12.1172216056392,-16.4693744757,-8.67873774504725,-8.56935025795272,-11.6891038329579,1.12719905930939,0.447546710519863
0.0430587425183461,0.721907806669157,1.64066741083418,0.645781427268172,0.092796158082968,1.71882515550369e-05,2.21368450524396e-07,0.000535237172583142,0.000597107670063175,2.63730821376096e-05,-4.29112713946756,-1.47179498882076,-0.650834032107265,-1.5832313293184,-3.52328718899922,-12.1172216056392,-16.4693744757,-8.67873774504725,-8.56935025795272,-11.6891038329579,1.14593714898422,0.139270976512099
0.187838817123049,3.14923986502516,7.15722307989188,2.81714728121482,0.404812578083102,7.49817726129815e-05,9.65694431906552e-07,0.00233491067082291,0.00260481360764259,0.000115049540764152,-4.29112713946756,-1.47179498882076,-0.650834032107265,-1.5832313293184,-3.52328718899922,-12.1172216056392,-16.4693744757,-8.67873774504725,-8.56935025795272,-11.6891038329579,2.61895609984728,0.594552511123554
0.0593315491599767,0.994731987403315,2.26071021696941,0.889835844189747,0.127865782722539,2.36840542121547e-05,3.0502825527615e-07,0.000737514584961069,0.000822767247906922,3.63400259234461e-05,-4.29112713946756,-1.47179498882076,-0.650834032107265,-1.5832313293184,-3.52328718899922,-12.1172216056392,-16.4693744757,-8.67873774504725,-8.56935025795272,-11.6891038329579,1.4665130513198,0.782239693451463
0.0681751644730344,1.14300094651087,2.59767852095334,1.02246959485359,0.146924711911328,2.72142614538559e-05,3.50493991254186e-07,0.000847444215478198,0.000945404144055595,4.17566586303886e-05,-4.29112713946756,-1.47179498882076,-0.650834032107265,-1.5832313293184,-3.52328718899922,-12.1172216056392,-16.4693744757,-8.67873774504725,-8.56935025795272,-11.6891038329579,1.60545220172659,0.947338755846842
0.0169860998793009,0.182769039012698,0.31415236627593,0.136296475011418,0.0207390791173795,1.78221008794317e-06,2.34588076468398e-08,9.87954188324097e-05,0.000274773883638078,4.85371953749192e-06,-3.67685546578687,-1.30102754737532,-0.759372710089866,-1.59441834483996,-3.47723102069074,-12.8391518836367,-17.1695153621963,-8.82395486461919,-7.80105758208027,-11.8372607742378,-0.398504457759317,0.731369731489462
0.0137489546085438,0.147937621884288,0.254282422379831,0.110321619533161,0.0167867055671396,1.44256337688673e-06,1.89881187440795e-08,7.99673697147001e-05,0.000222408538781577,3.92871642565223e-06,-3.67685546578687,-1.30102754737532,-0.759372710089866,-1.59441834483996,-3.47723102069074,-12.8391518836367,-17.1695153621963,-8.82395486461919,-7.80105758208027,-11.8372607742378,-0.609937020442543,1.14374556226498
0.134779073491584,0.438229866390099,1.97411334223127,1.2341113138198,0.0871404668244205,2.27633700242043e-05,1.58675721082958e-07,0.000831518968094395,0.00159414634468856,7.29867843152047e-05,-3.35760424470469,-2.17849760814927,-0.673366554082582,-1.14313478388569,-3.79371981211925,-12.0438438028091,-17.0098891183516,-8.44574235868128,-7.79490280410083,-10.8787180809723,1.35348591098925,1.04101930831112
0.0278723001061486,0.144633841131101,0.93048228008205,0.145687812451639,0.0134469411439309,1.00031655809953e-05,4.07604089627718e-08,0.000191425530716826,0.000626473610147074,1.36529120865875e-05,-3.81358386085495,-2.16701191370393,-0.305514196301583,-2.15975116730188,-4.54246557282577,-11.7460709067483,-17.2490165449918,-8.79447364829949,-7.60886585696922,-11.4350196691939,0.233461949783615,1.65510355429251
0.0877861810487973,0.787122877095658,3.121175652792,0.672028139879404,0.0995273639090515,4.39001462432522e-05,2.95118635816573e-07,0.000800769180292673,0.00304572664386902,0.000189156042180345,-3.99555802184168,-1.80207774908226,-0.424497097231581,-1.96016190438472,-3.87002949833528,-11.5962997464769,-16.5985952460085,-8.69264465672143,-7.35672261106209,-10.1356451034091,1.56270683986955,1.12618138340121
0.0737464775535951,0.661237781324483,2.62200391302483,0.56455022351926,0.0836098850729982,3.68791660697478e-05,2.47920112162034e-07,0.000672701621992627,0.0025586215152886,0.000158904188018222,-3.99555802184168,-1.80207774908226,-0.424497097231581,-1.96016190438472,-3.87002949833528,-11.5962997464769,-16.5985952460085,-8.69264465672143,-7.35672261106209,-10.1356451034091,1.38843597495368,1.51597334667808
0.388160313138545,3.48038676249204,13.8007657272926,2.97147740221782,0.440075787319155,0.000194111354532402,1.30491315060061e-06,0.00354072602385246,0.0134671561479756,0.000836382989755044,-3.99555802184168,-1.80207774908226,-0.424497097231581,-1.96016190438472,-3.87002949833528,-11.5962997464769,-16.5985952460085,-8.69264465672143,-7.35672261106209,-10.1356451034091,3.04922117534034,1.03031001596282
0.0656652554862732,0.588778600527639,2.33468177120265,0.502686174201111,0.0744478197010336,3.28379055166498e-05,2.20752747051197e-07,0.000598986220624212,0.0022782448879948,0.000141491288129281,-3.99555802184168,-1.80207774908226,-0.424497097231581,-1.96016190438472,-3.87002949833528,-11.5962997464769,-16.5985952460085,-8.69264465672143,-7.35672261106209,-10.1356451034091,1.27237269264175,0.948144365334829
0.0124146739643275,0.103368549737001,0.321349881619791,0.042261974957759,0.0283750237905637,5.99278131281545e-06,3.8386000672437e-08,0.000109620585489182,0.000298679135529916,2.85813991409849e-05,-3.71202152604042,-1.59259992856709,-0.458370179790977,-2.48701293862708,-2.88539136898899,-11.3481003318323,-16.398718413887,-8.44163078152267,-7.43928609034487,-9.78589983565496,-0.676854595757966,0.996795691608121
0.00995963189433395,0.0829270835295308,0.257801899543827,0.0339045322427556,0.022763770740901,4.80768935780252e-06,3.07950444523686e-08,8.79427589198684e-05,0.000239614367074278,2.29293346959566e-05,-3.71202152604042,-1.59259992856709,-0.458370179790977,-2.48701293862708,-2.88539136898899,-11.3481003318323,-16.398718413887,-8.44163078152267,-7.43928609034487,-9.78589983565496,-0.897193640428399,1.48426503681164
0.129177492560247,1.07557315665182,3.34371825321032,0.439745415092983,0.295248544998815,6.23562459776075e-05,3.9941502535866e-07,0.00114062700375118,0.00310782400880447,0.000297395927231346,-3.71202152604042,-1.59259992856709,-0.458370179790977,-2.48701293862708,-2.88539136898899,-11.3481003318323,-16.398718413887,-8.44163078152267,-7.43928609034487,-9.78589983565496,1.66545361704108,3.81852258782568
0.0234873702202276,0.365261909807997,1.01399783734935,0.18796017611691,0.139983987836394,3.04211737738271e-05,1.58935837702401e-07,0.000322181585533935,0.000444135493513054,7.52927672649061e-05,-4.30031718075062,-1.55616536261594,-0.535123968635064,-2.22054990876673,-2.51525197652127,-10.9493964272918,-16.203789993642,-8.58941998214936,-8.26840561752586,-10.0431512210408,0.549024741010209,2.21030338455039
0.0562356034601922,0.963540875720446,2.63448536500853,0.320427286029553,0.275916249790474,5.3137827769653e-05,2.0279065827767e-07,0.00107480944195103,0.000498757862661652,0.000187910624023781,-4.32569348848112,-1.48462864716391,-0.478800423818989,-2.58558818436488,-2.7351461814414,-11.2901097753083,-16.8585799093501,-8.28310017575707,-9.05087810448952,-10.0270323916437,1.4474882793402,3.83140277762163
0.0382415909067391,0.655231449899987,1.79151472340407,0.217898420817568,0.187629823453003,3.6135027388446e-05,1.37902626030368e-07,0.000730896806520221,0.000339167590847104,0.000127783837440889,-4.32569348848112,-1.48462864716391,-0.478800423818989,-2.58558818436488,-2.7351461814414,-11.2901097753083,-16.8585799093501,-8.28310017575707,-9.05087810448952,-10.0270323916437,1.0618619000265,2.53777005654352
0.0346623815325753,0.593905273553184,1.62383848034196,0.197504288358285,0.17006867060731,3.27529811477494e-05,1.24995674198437e-07,0.000662488755510435,0.000307423309508678,0.000115823950365311,-4.32569348848112,-1.48462864716391,-0.478800423818989,-2.58558818436488,-2.7351461814414,-11.2901097753083,-16.8585799093501,-8.28310017575707,-9.05087810448952,-10.0270323916437,0.963593202694694,2.9907997968512
0.0308502876266427,0.52858885344842,1.44525222915455,0.175783193016391,0.151364885288841,2.91508789749048e-05,1.11248919739803e-07,0.000589629672090077,0.000273613557469041,0.000103085882297665,-4.32569348848112,-1.48462864716391,-0.478800423818989,-2.58558818436488,-2.7351461814414,-11.2901097753083,-16.8585799093501,-8.28310017575707,-9.05087810448952,-10.0270323916437,0.847084283198902,2.79520391579827
0.0798194171159092,1.36762595820281,3.7393230141867,0.454806521584079,0.391628663621848,7.54225113345087e-05,2.87836017474823e-07,0.00152555779414613,0.00070792450743079,0.000266715666883211,-4.32569348848112,-1.48462864716391,-0.478800423818989,-2.58558818436488,-2.7351461814414,-11.2901097753083,-16.8585799093501,-8.28310017575707,-9.05087810448952,-10.0270323916437,1.79770500661119,4.36161635917809
0.13902287527677,2.25506313369389,7.12947004708855,0.858278708163614,0.762353352097698,8.86672229434099e-05,4.17509295017781e-07,0.00462774972913405,0.00116866881465815,0.000588046662350724,-4.384615627466,-1.59832086864459,-0.447261933943573,-2.56432523596283,-2.68284395252601,-11.7421191024833,-17.1004578677985,-7.78718338706611,-9.16338878157898,-9.8502030938858,2.41149883841082,2.22827433777166
0.166184804307746,2.69565152373992,8.52240742564556,1.02596697754753,0.911299974047357,0.00010599079514092,4.99081178914361e-07,0.00553190747630774,0.00139700029853275,0.000702937695052168,-4.384615627466,-1.59832086864459,-0.447261933943573,-2.56432523596283,-2.68284395252601,-11.7421191024833,-17.1004578677985,-7.78718338706611,-9.16338878157898,-9.8502030938858,2.58996079656725,1.34410616264627
0.0618719032418777,1.00361215903832,3.17295898276558,0.381975535179685,0.339284112367882,3.94612025377763e-05,1.85811828826713e-07,0.00205957244732983,0.000520114144369241,0.00026170920520986,-4.384615627466,-1.59832086864459,-0.447261933943573,-2.56432523596283,-2.68284395252601,-11.7421191024833,-17.1004578677985,-7.78718338706611,-9.16338878157898,-9.8502030938858,1.60192651950412,1.43342850735113
0.0710582462550714,1.15262204982987,3.64405956405092,0.438688810591484,0.389658839373673,4.53201485735556e-05,2.13399976371456e-07,0.00236536454310116,0.000597337353707266,0.000300566107984767,-4.384615627466,-1.59832086864459,-0.447261933943573,-2.56432523596283,-2.68284395252601,-11.7421191024833,-17.1004578677985,-7.78718338706611,-9.16338878157898,-9.8502030938858,1.74036025899554,0.79217234149595
0.13981798033803,2.26796037889538,7.17024519079965,0.863187409292648,0.766713433181581,8.91743319899592e-05,4.19897130494e-07,0.00465421693623614,0.00117535271101421,0.000591409841802748,-4.384615627466,-1.59832086864459,-0.447261933943573,-2.56432523596283,-2.68284395252601,-11.7421191024833,-17.1004578677985,-7.78718338706611,-9.16338878157898,-9.8502030938858,2.41720178473465,2.25036761082506
0.198363030734321,3.21760830227556,10.1725941378681,1.22462411619046,1.08775423549189,0.000126513705279331,5.95717855457958e-07,0.0066030461528251,0.0016675003127274,0.000839046940475574,-4.384615627466,-1.59832086864459,-0.447261933943573,-2.56432523596283,-2.68284395252601,-11.7421191024833,-17.1004578677985,-7.78718338706611,-9.16338878157898,-9.8502030938858,2.76695918894714,1.46187285863733
0.661640072079717,10.7323354617084,33.9306971349488,4.08473486973512,3.62820525635047,0.00042198658071625,1.98701745665646e-06,0.0220244665365712,0.00556194883200592,0.00279864184429641,-4.384615627466,-1.59832086864459,-0.447261933943573,-2.56432523596283,-2.68284395252601,-11.7421191024833,-17.1004578677985,-7.78718338706611,-9.16338878157898,-9.8502030938858,3.97158205879887,0.626531218457727
0.342115383736449,5.54938737813975,17.5446046281333,2.11210096907902,1.8760424072401,0.000218197335810667,1.02743057496243e-06,0.0113882292483666,0.00287592656382357,0.00144709860981182,-4.384615627466,-1.59832086864459,-0.447261933943573,-2.56432523596283,-2.68284395252601,-11.7421191024833,-17.1004578677985,-7.78718338706611,-9.16338878157898,-9.8502030938858,3.31200840799319,0.611897111319563
0.609829951814345,9.89193353554987,31.2737336688094,3.76487727074187,3.34409648088271,0.000388942669955887,1.83142287019925e-06,0.0202998275550572,0.00512641711309069,0.00257949252633425,-4.384615627466,-1.59832086864459,-0.447261933943573,-2.56432523596283,-2.68284395252601,-11.7421191024833,-17.1004578677985,-7.78718338706611,-9.16338878157898,-9.8502030938858,3.89004049927086,0.627394848456103
0.0152571344582657,0.24748302302157,0.782427229389806,0.0941922228773449,0.0836648470585018,9.73082839637305e-06,4.58197648335245e-08,0.000507874691240822,0.000128256139192374,6.45354728663025e-05,-4.384615627466,-1.59832086864459,-0.447261933943573,-2.56432523596283,-2.68284395252601,-11.7421191024833,-17.1004578677985,-7.78718338706611,-9.16338878157898,-9.8502030938858,0.201907575466289,0.422049061728762
0.104759886962582,2.96922047657339,8.49042727079033,1.54745521404465,1.54410112669919,0.000111705741245159,3.85955899783053e-07,0.00384313312193772,0.000851310522395651,0.000905572895115826,-4.94132135865528,-1.59693756773469,-0.546297694882704,-2.24862523598462,-2.25079507427431,-11.7848794747161,-17.4527797435741,-8.2467043481896,-9.75397062506469,-9.69217980156716,2.68523702029892,0.660416981105394
0.0987059367964348,2.79763273131457,7.99977550438456,1.4580296044741,1.4548693458758,0.00010525039836175,3.63651964074803e-07,0.00362104299682724,0.00080211429254156,0.000853240906815736,-4.94132135865528,-1.59693756773469,-0.546297694882704,-2.24862523598462,-2.25079507427431,-11.7848794747161,-17.4527797435741,-8.2467043481896,-9.75397062506469,-9.69217980156716,2.62571117421687,0.663440878960547
0.0885470111156605,2.50969723399854,7.17642964040147,1.30796756288922,1.30513256164903,9.44179093592489e-05,3.26224496218209e-07,0.00324836119180551,0.000719559790250358,0.000765424396062043,-4.94132135865528,-1.59693756773469,-0.546297694882704,-2.24862523598462,-2.25079507427431,-11.7848794747161,-17.4527797435741,-8.2467043481896,-9.75397062506469,-9.69217980156716,2.51709968969777,0.871864702498004
0.284766269145333,8.07116026848848,23.0793232739583,4.20641011316082,4.19729277858318,0.000303647016990958,1.04913459552612e-06,0.0104466958937628,0.00231409682060237,0.00246159691708507,-4.94132135865528,-1.59693756773469,-0.546297694882704,-2.24862523598462,-2.25079507427431,-11.7848794747161,-17.4527797435741,-8.2467043481896,-9.75397062506469,-9.69217980156716,3.68523481520705,0.811004040019393
0.309891591599136,8.78328992110052,25.1156439414803,4.57754750518165,4.56762573554269,0.000330438213985359,1.14170119440437e-06,0.0113684223457593,0.00251827278913072,0.0026787870234789,-4.94132135865528,-1.59693756773469,-0.546297694882704,-2.24862523598462,-2.25079507427431,-11.7848794747161,-17.4527797435741,-8.2467043481896,-9.75397062506469,-9.69217980156716,3.76978861147253,0.438956258489291
0.0204501148449519,0.579619752430596,1.65741122680279,0.302077806326156,0.301423056942558,2.18060109030085e-05,7.53422202380704e-08,0.000750215716977023,0.000166183817646972,0.000176776342954713,-4.94132135865528,-1.59693756773469,-0.546297694882704,-2.24862523598462,-2.25079507427431,-11.7848794747161,-17.4527797435741,-8.2467043481896,-9.75397062506469,-9.69217980156716,1.05155457803626,0.25838817934377
0.0197050736565155,0.558502971793117,1.59702820990986,0.291072469215247,0.290441573744577,2.10115715367061e-05,7.25973428752195e-08,0.0007228837624331,0.000160129387638274,0.000170336004715002,-4.94132135865528,-1.59693756773469,-0.546297694882704,-2.24862523598462,-2.25079507427431,-11.7848794747161,-17.4527797435741,-8.2467043481896,-9.75397062506469,-9.69217980156716,1.01444222827382,2.48805733406226
0.0211537672885776,0.599563447527849,1.71443982877763,0.31247177174875,0.311794493591732,2.25563173425548e-05,7.79346133752559e-08,0.000776029318832056,0.000171901910198771,0.000182858905651225,-4.94132135865528,-1.59693756773469,-0.546297694882704,-2.24862523598462,-2.25079507427431,-11.7848794747161,-17.4527797435741,-8.2467043481896,-9.75397062506469,-9.69217980156716,1.0853840916949,1.18349549073196
0.0192582182618391,0.545837702419407,1.56081212244487,0.284471768026414,0.283855179482449,2.05350884615615e-05,7.09510402595357e-08,0.000706490801178657,0.00015649810556546,0.000166473265405253,-4.94132135865528,-1.59693756773469,-0.546297694882704,-2.24862523598462,-2.25079507427431,-11.7848794747161,-17.4527797435741,-8.2467043481896,-9.75397062506469,-9.69217980156716,0.991503971994316,1.49712308546472
0.0407323096893262,1.15448013065225,3.30121311711665,0.601675191109579,0.600371068621082,4.34329682705629e-05,1.50065790372617e-07,0.00149427126201451,0.000331003066587761,0.000352101139850337,-4.94132135865528,-1.59693756773469,-0.546297694882704,-2.24862523598462,-2.25079507427431,-11.7848794747161,-17.4527797435741,-8.2467043481896,-9.75397062506469,-9.69217980156716,1.74058770705015,0.764047366325802
0.00381999737357099,0.108270586680901,0.309597602816231,0.0564268922462727,0.0563045877533807,4.07327318252762e-06,1.40736169752847e-08,0.000140137211462718,3.10424538812866e-05,3.30210940582165e-05,-4.94132135865528,-1.59693756773469,-0.546297694882704,-2.24862523598462,-2.25079507427431,-11.7848794747161,-17.4527797435741,-8.2467043481896,-9.75397062506469,-9.69217980156716,-0.626184185255469,0.886043922044473
0.0303793071719263,0.877304364847935,1.5440762313784,0.332868507910185,0.230982563230566,4.54769731919895e-05,6.04252440850678e-08,0.00079387321485234,0.000184671475656432,0.000191968455862726,-4.59819921259254,-1.23510691965778,-0.669779802079066,-2.20421336324168,-2.56961868027702,-11.1025100689207,-17.7260644960107,-8.24279241361174,-9.70113774388061,-9.66238511693286,1.10420562511727,1.88602679292284
0.0445662794208074,1.28700076139451,2.26515148568721,0.48831630194718,0.338850171796561,6.67144738692294e-05,8.86435064738463e-08,0.00116460771529704,0.00027091205663712,0.000281616687159515,-4.59819921259254,-1.23510691965778,-0.669779802079066,-2.20421336324168,-2.56961868027702,-11.1025100689207,-17.7260644960107,-8.24279241361174,-9.70113774388062,-9.66238511693286,1.48742143987573,1.64315726979626
0.0210155836110824,0.606895447861533,1.0681502036493,0.230269437018209,0.159787494257272,3.14597409047695e-05,4.18005506874527e-08,0.000549180033267698,0.000127750735567338,0.000132798589251622,-4.59819921259254,-1.23510691965778,-0.669779802079066,-2.20421336324168,-2.56961868027702,-11.1025100689207,-17.7260644960107,-8.24279241361174,-9.70113774388062,-9.66238511693286,0.735708172849242,3.18574711198048
0.0682848079033441,1.97753388051298,2.24654186136648,0.238942767068614,0.540651065341171,9.09091977260355e-05,2.2195198375413e-07,0.00238805684381109,0.000746271630940293,0.00033758723279605,-4.30849644520974,-0.942577922677992,-0.815036392801153,-3.05595970025357,-2.23940966530406,-10.9300778529885,-16.9452332440575,-7.66170375598777,-8.82484938368657,-9.61811508969849,1.62442847619367,2.44949283814037
0.208955232164384,2.13569319723071,4.61447713129792,0.371331799011286,0.906866029824715,0.000143023892231237,4.93737798493271e-07,0.00321367834696874,0.00090509397040609,0.000782625487263,-3.67492296840822,-1.35049644175007,-0.580089154400452,-3.09994699737442,-2.20704826497182,-10.9617865813967,-16.6305489512251,-7.84962681367921,-9.11675950322828,-9.26214399957448,2.10928771827635,0.666642670704493
0.0285444522691386,0.291747624112697,0.63036335992651,0.0507259985935765,0.123882966866656,1.95378628371902e-05,6.74473420769548e-08,0.000439006418902436,0.000123640893648536,0.000106911014547918,-3.67492296840822,-1.35049644175007,-0.580089154400452,-3.09994699737442,-2.20704826497182,-10.9617865813967,-16.6305489512251,-7.84962681367921,-9.11675950322828,-9.26214399957448,0.11863029032885,0.724123287068586
0.0296370575321582,0.302914942601537,0.654491982825855,0.0526676541038203,0.128624875393075,2.02857199536201e-05,7.00290458782794e-08,0.000455810410069251,0.000128373536259825,0.000111003282147535,-3.67492296840822,-1.35049644175007,-0.580089154400452,-3.09994699737442,-2.20704826497182,-10.9617865813967,-16.6305489512251,-7.84962681367921,-9.11675950322828,-9.26214399957448,0.1561932113821,0.349334229684161
0.262781252634581,2.68583910437777,5.80314772813226,0.466985364647261,1.14047104167084,0.000179866266893143,6.2092265322666e-07,0.00404150885734565,0.00113824250693187,0.000984226639153639,-3.67492296840822,-1.35049644175007,-0.580089154400452,-3.09994699737442,-2.20704826497182,-10.9617865813967,-16.6305489512251,-7.84962681367921,-9.11675950322828,-9.26214399957448,2.33848963648501,0.411095273078649
0.488401666419003,13.6689253351409,18.4366829018916,3.36169470971794,2.60917151279341,0.000853125415567867,1.43185758165619e-06,0.023288707622273,0.0139630964821532,0.00711181183100441,-4.37013087737923,-1.03838871981833,-0.739171436691681,-2.44106852791256,-2.69448100972899,-10.7201177451027,-17.1100517011466,-7.41330043992067,-7.92485114782599,-8.59951199170246,3.65351375262414,0.276030687434221
0.135996342239503,4.39897816367569,10.5200820644155,1.05332332301345,1.20399526988951,0.000322522588430377,3.74872654884375e-07,0.00656639794012987,0.00725003289694293,0.00304482388344052,-4.84754096330888,-1.37104139597822,-0.499127666324253,-2.80046343898603,-2.66676825618762,-10.89175105694,-17.6490931300271,-7.87820352996987,-7.77916294701982,-8.64672589184686,2.85241367440334,0.281029048983206
0.0873730376970874,1.93894767946494,3.37563052541241,0.516557295557648,0.274594144324086,0.000113122208510808,4.94581095408232e-08,0.00397535385578988,0.00440487716229403,0.00101596891891262,-4.26253903945421,-1.16282510973183,-0.608388373151633,-2.48553956853448,-3.11743161263131,-10.9120123347676,-18.647110299936,-7.35261201688484,-7.25001340832608,-8.71688302428664,1.82497050237142,0.475573989071339
0.0341911377090316,0.763364724758918,1.74575520665131,0.487732199300588,0.194568788297831,8.69211141431698e-05,4.9157360091302e-08,0.00803973749983817,0.00187529615951331,0.000465052035067654,-4.55015124638343,-1.44438179438388,-0.617175201362634,-1.8923512422591,-2.81133195768282,-10.5248720312028,-18.0026017006048,-5.99772129217278,-7.45335112686706,-8.847723701841,1.17436244657466,0.540186795228514
0.113015707452789,2.52323292507298,5.77043564323899,1.61215458872843,0.643129498785381,0.000287309866406701,1.62485199366809e-07,0.0265746237814988,0.00619862152451605,0.00153718736102914,-4.55015124638343,-1.44438179438388,-0.617175201362634,-1.8923512422591,-2.81133195768282,-10.5248720312028,-18.0026017006048,-5.99772129217278,-7.45335112686706,-8.847723701841,2.36992278046045,0.265555978524932
0.265303969020451,5.92328026672387,13.5460770333,3.78452713082254,1.50974419810778,0.000674458883764232,3.8143342435034e-07,0.0623838342772138,0.014551241858099,0.00360854183193487,-4.55015124638343,-1.44438179438388,-0.617175201362634,-1.8923512422591,-2.81133195768282,-10.5248720312028,-18.0026017006048,-5.99772129217278,-7.45335112686706,-8.847723701841,3.22327218893233,0.176465117842149
0.309244810547104,6.90432069547826,15.7896394889457,4.41133760607771,1.75979485057173,0.000786165810114222,4.44608150737698e-07,0.0727161266508298,0.0169612842515977,0.00420620482719571,-4.55015124638343,-1.44438179438388,-0.617175201362634,-1.8923512422591,-2.81133195768282,-10.5248720312028,-18.0026017006048,-5.99772129217278,-7.45335112686706,-8.847723701841,3.37652919776382,0.0957612992681109
0.0165482518017849,0.369462747610589,0.844932303504833,0.236058692008149,0.0941698205225326,4.20691611953267e-05,2.3791790130663e-08,0.00389117208382427,0.000907629143979878,0.000225081664223159,-4.55015124638343,-1.44438179438388,-0.617175201362634,-1.8923512422591,-2.81133195768282,-10.5248720312028,-18.0026017006048,-5.99772129217278,-7.45335112686706,-8.847723701841,0.448676432332893,0.223323804043838
0.0337376417022843,0.753239795389327,1.72260028792027,0.48126313686028,0.191988114636673,8.57682312382075e-05,4.8505358783438e-08,0.00793310200608828,0.00185042306733822,0.000458883792213975,-4.55015124638343,-1.44438179438388,-0.617175201362634,-1.8923512422591,-2.81133195768282,-10.5248720312028,-18.0026017006048,-5.99772129217278,-7.45335112686706,-8.847723701841,1.1610101458784,0.114288424975711
0.00253849854013394,0.0566755121131401,0.129612447565469,0.036211356475974,0.0144456317672988,6.45340097299446e-06,3.64965588131472e-09,0.000596905024924289,0.000139230130443593,3.45274825936465e-05,-4.55015124638343,-1.44438179438388,-0.617175201362634,-1.8923512422591,-2.81133195768282,-10.5248720312028,-18.0026017006048,-5.99772129217278,-7.45335112686706,-8.847723701841,-1.4260312522836,0.126520614922391
0.00143206770437571,0.0197304726310145,0.0503895272453653,0.00777551452734038,0.00412468495723044,2.01393199880053e-06,1.18492572532502e-09,0.000373923431491968,2.68249165278294e-05,6.21258918959308e-06,-4.0700442183674,-1.44699929069013,-0.509380204645456,-2.37818393235461,-3.01217392251493,-10.636829814886,-18.0749940297724,-5.41286779653866,-8.0475876675809,-9.51034109656889,-2.47859171360195,0.466420174178208
0.00269783268078282,0.0371696908662896,0.0949274346152547,0.0146480764405655,0.00777037973941363,3.79399070772768e-06,2.2322487521466e-09,0.000704423995113594,5.05347172112913e-05,1.17037246889586e-05,-4.0700442183674,-1.44699929069013,-0.509380204645456,-2.37818393235461,-3.01217392251493,-10.636829814886,-18.0749940297724,-5.41286779653866,-8.0475876675809,-9.51034109656889,-1.84526232077047,0.761093579762289
0.00625167070864015,0.086133090941194,0.219974747380679,0.0339438954364039,0.0180062521141257,8.79179081242046e-06,5.17277599815571e-09,0.00163235729483309,0.000117103782458285,2.71209676349241e-05,-4.0700442183674,-1.44699929069013,-0.509380204645456,-2.37818393235461,-3.01217392251493,-10.636829814886,-18.0749940297724,-5.41286779653866,-8.0475876675809,-9.51034109656889,-1.00486231920586,1.28191596634325
0.00762826483392643,0.105099270144863,0.268412350554031,0.0414182121790477,0.0219711603816824,1.07277097286867e-05,6.31180160944417e-09,0.00199179616600232,0.000142889590203738,3.30929016119836e-05,-4.0700442183674,-1.44699929069013,-0.509380204645456,-2.37818393235461,-3.01217392251493,-10.636829814886,-18.0749940297724,-5.41286779653866,-8.0475876675809,-9.51034109656889,-0.80585065482082,0.986172781549213
0.0334132526277985,0.460354817353659,1.17569720935695,0.181419656640047,0.0962378664534592,4.69894114960608e-05,2.76468930096583e-08,0.0087244465060687,0.000625883615645607,0.000144953210962255,-4.0700442183674,-1.44699929069013,-0.509380204645456,-2.37818393235461,-3.01217392251493,-10.636829814886,-18.0749940297724,-5.41286779653866,-8.0475876675809,-9.51034109656889,0.671241545932893,1.9353359917135
0.147540397093471,2.39814497520523,3.86166386088078,0.627251218846125,0.423077034390916,0.000166039047036273,1.45509271334896e-07,0.0298901562596288,0.00192524151704683,0.000748924160365328,-3.92727652982952,-1.13892775623516,-0.662525125087011,-2.48003141830822,-2.8738242698465,-10.7169108418874,-17.7566492995793,-5.52384934260614,-8.26632712344047,-9.21049610182172,2.01362326772916,0.848253625109746
0.322455987369748,2.98177392186661,5.41870218223059,0.367473612182195,0.433677842099058,0.000319162539292893,2.80105323711581e-07,0.039617512000318,0.00648389237526462,0.00325623998299177,-3.39081471418789,-1.16650768965104,-0.56916975185023,-3.26012985534927,-3.09447940868936,-10.3088361462368,-17.3471262372495,-5.48751012509904,-7.29746036261209,-7.98620821756402,2.25902608885616,1.77367643703858
0.264384074533576,2.44477872850629,4.44283442620457,0.301294361642282,0.355575704654553,0.000261683751835504,2.29660448811879e-07,0.0324826942460104,0.00531619182820134,0.0026698155037678,-3.39081471418789,-1.16650768965104,-0.56916975185023,-3.26012985534927,-3.09447940868936,-10.3088361462368,-17.3471262372495,-5.48751012509904,-7.29746036261209,-7.98620821756402,2.06046230889411,1.45120454442062
0.072113024630532,0.666834373348708,1.21182120735331,0.082180622113799,0.0969863241309422,7.13764884470273e-05,6.26418578011848e-08,0.00885993354312689,0.00145003693177832,0.000728215084519899,-3.39081471418789,-1.16650768965104,-0.56916975185023,-3.26012985534927,-3.09447940868936,-10.3088361462368,-17.3471262372495,-5.48751012509904,-7.29746036261209,-7.98620821756402,0.761294109930016,1.57571464530726
0.271444632210671,3.25096982202299,4.99457347081404,0.649688014315785,0.283934894469146,0.000369664608840338,2.77933234126063e-07,0.0694676738671141,0.00861025368635276,0.0095928578415518,-3.5593492230745,-1.07639877114,-0.647000112517444,-2.68661513903797,-3.514362441672,-10.1582665557488,-17.3512370468577,-4.9222458885729,-7.01015362656759,-6.90208856197682,2.2553521297435,1.24539756965921
0.0499262136480922,0.597943722725196,0.918640903502652,0.119495686258995,0.0522235200894051,6.79915977295044e-05,5.11196479144728e-08,0.0127770363292128,0.00158366500603884,0.00176439322521355,-3.5593492230745,-1.07639877114,-0.647000112517444,-2.68661513903797,-3.514362441672,-10.1582665557488,-17.3512370468577,-4.9222458885729,-7.01015362656759,-6.90208856197682,0.562140132524759,1.32525607110769
0.0177650685413742,0.238337624634874,0.528655505851831,0.106713819494928,0.0198682181178021,2.06838304704328e-05,2.74336886882001e-08,0.00410404301744168,0.000894034092295129,0.00104276105190975,-3.94431144134903,-1.34785726971517,-0.551208526987408,-2.15139486182812,-3.83242415350794,-10.6999485496911,-17.3252843146759,-5.40957293939368,-6.9335568990174,-6.77967347619063,-0.0862097499421569,2.17633152421812
0.064293892351441,0.86257216209915,1.91326704454161,0.386209983206024,0.0719054403818306,7.48572383261175e-05,9.92857766472564e-08,0.0148530189655361,0.00323561553138229,0.00377387605702842,-3.94431144134903,-1.34785726971517,-0.551208526987408,-2.15139486182812,-3.83242415350794,-10.6999485496911,-17.3252843146759,-5.40957293939368,-6.9335568990174,-6.77967347619063,1.20002080234064,0.371057732797055
0.0739006419557752,0.991457107058777,2.19914610320345,0.443917215847558,0.0826495023086108,8.60423558912521e-05,1.14120989769964e-07,0.0170723469429179,0.00371907900029121,0.00433776604706806,-3.94431144134903,-1.34785726971517,-0.551208526987408,-2.15139486182812,-3.83242415350794,-10.6999485496911,-17.3252843146759,-5.40957293939368,-6.9335568990174,-6.77967347619063,1.33927767710031,0.56464285124327
0.150248417910955,2.98858217326953,4.81691949177884,0.958999887564909,0.135245535152413,0.00035491501981652,2.59883964555083e-07,0.0398894886552868,0.0040587021181866,0.0339121214265647,-4.10683496252274,-1.11657064179248,-0.639235113034236,-2.25323404853042,-4.21203310080225,-10.1550019051332,-17.3744003229104,-5.43301215920641,-7.71826175898874,-5.59535249149083,2.2113697271897,2.28172589082332
0.164406624790166,3.27020220809578,5.27082738401055,1.04936835196585,0.147989990586961,0.000388359367151211,2.84373346779002e-07,0.043648354409349,0.00444116168115141,0.0371077279929832,-4.10683496252274,-1.11657064179248,-0.639235113034236,-2.25323404853042,-4.21203310080225,-10.1550019051332,-17.3744003229104,-5.43301215920641,-7.71826175898874,-5.59535249149083,2.30142246212796,1.39775244480588
0.879019572834172,17.48452504095,28.1811054845811,5.61057269844213,0.791246085585141,0.00207640954526686,1.52043591996455e-06,0.233371118084747,0.0237451991295105,0.198400881052512,-4.10683496252274,-1.11657064179248,-0.639235113034236,-2.25323404853042,-4.21203310080225,-10.1550019051332,-17.3744003229104,-5.43301215920641,-7.71826175898874,-5.59535249149083,3.97788684813848,0.366432581853919
0.306694676631575,24.7997007231543,26.8245093353316,5.20548820590287,1.13463301774299,0.00240125214903675,1.57854160946447e-06,0.497932982471551,0.0343322609018163,0.16383408907838,-5.2589234029138,-0.866189252494403,-0.787704840948658,-2.42730734474687,-3.95071157171263,-10.1087857868938,-17.436030007144,-4.77431062234137,-7.44869065375567,-5.88592185316205,4.07702083797778,0.358770638788335
0.0496401512889078,6.43453821694246,9.97118287482415,1.64268157656978,0.446877007968555,0.000643020087638873,2.4114040387468e-07,0.170687208640861,0.00636699278525683,0.0339073727522473,-5.93449694484002,-1.06986159659716,-0.631842453562571,-2.43521165974392,-3.73701354609915,-10.2808762676301,-18.1694281583144,-4.69946426063515,-7.98816968500569,-6.3156644768366,2.9315416739114,0.32163271315943
0.0599232112376702,10.2217333806339,19.2290535117282,7.72654036492598,3.18495888934737,0.000545931483477075,3.25684931985441e-07,1.04968215062865,0.00711242783043391,0.0786775556369377,-6.54178687125975,-1.40257934502491,-0.770673183104054,-1.68243431923783,-2.56865614077694,-11.2401126003654,-18.6644309113462,-3.67860811747912,-8.67300714857911,-6.26949287522459,3.72709552213452,0.791214200429394
0.0600742622749504,10.2474997472564,19.2775250208291,7.74601699030374,3.1929873533431,0.0005473076366431,3.26505900117602e-07,1.05232812994772,0.00713035643571352,0.078875881563472,-6.54178687125975,-1.40257934502491,-0.770673183104054,-1.68243431923783,-2.56865614077694,-11.2401126003654,-18.6644309113462,-3.67860811747912,-8.67300714857911,-6.26949287522459,3.72961309375734,0.472908450616811
0.0692923452249332,11.8199252606617,22.2355609247751,8.93460299110711,3.68293464802067,0.00063128914557357,3.76606531518912e-07,1.2138024057043,0.00822447252800149,0.0909789751591512,-6.54178687125975,-1.40257934502491,-0.770673183104054,-1.68243431923783,-2.56865614077694,-11.2401126003654,-18.6644309113462,-3.67860811747912,-8.67300714857911,-6.26949287522459,3.87236603385781,0.307712668214819
0.274217949051178,46.7762442214265,87.9951442399778,35.3578522974617,14.5748680087444,0.00249826750986002,1.49038498173437e-06,4.80350903357578,0.0325475776773797,0.3600407504456,-6.54178687125975,-1.40257934502491,-0.770673183104054,-1.68243431923783,-2.56865614077694,-11.2401126003654,-18.6644309113462,-3.67860811747912,-8.67300714857911,-6.26949287522459,5.24795481696868,0.19941879697938
0.136317597082742,23.2531285238018,43.7436231262323,17.5768853930745,7.24537176222321,0.00124192389663904,7.40891324368846e-07,2.38789186225038,0.0161798583761424,0.178981318044398,-6.54178687125975,-1.40257934502491,-0.770673183104054,-1.68243431923783,-2.56865614077694,-11.2401126003654,-18.6644309113462,-3.67860811747912,-8.67300714857911,-6.26949287522459,4.54901902816939,0.694654159264008
0.0106513478294336,1.81691260211403,3.41796330927362,1.37339216716159,0.566126284826994,9.70392941474661e-05,5.7890480528881e-08,0.186580950282337,0.00126423369457329,0.0139849316174802,-6.54178687125975,-1.40257934502491,-0.770673183104054,-1.68243431923783,-2.56865614077694,-11.2401126003654,-18.6644309113462,-3.67860811747912,-8.67300714857911,-6.26949287522459,1.99971803317975,0.426301093023177
0.0690926482176812,11.7858608384974,22.17147917149,8.90885392066482,3.67232061807658,0.000629469802431518,3.75521170689923e-07,1.21030428903603,0.00820077001735999,0.0907167783897511,-6.54178687125975,-1.40257934502491,-0.770673183104054,-1.68243431923783,-2.56865614077694,-11.2401126003654,-18.6644309113462,-3.67860811747912,-8.67300714857911,-6.26949287522459,3.86947992401452,0.37899382559505
0.0978732078463134,16.6952640729552,31.4070142799381,12.6198392150576,5.20202667581835,0.000891675603636682,5.3194460681014e-07,1.71445683866253,0.0116168027874707,0.128504874766342,-6.54178687125975,-1.40257934502491,-0.770673183104054,-1.68243431923783,-2.56865614077694,-11.2401126003654,-18.6644309113462,-3.67860811747912,-8.67300714857911,-6.26949287522459,4.21770443578302,1.29635198159595
0.00408332824022271,0.69653631230849,1.31031925051162,0.526507171756664,0.217031636125749,3.7201234674607e-05,2.21930442765582e-08,0.0715281554574832,0.000484659897503948,0.00536129953933509,-6.54178687125975,-1.40257934502491,-0.770673183104054,-1.68243431923783,-2.56865614077694,-11.2401126003654,-18.6644309113462,-3.67860811747912,-8.67300714857911,-6.26949287522459,1.04094399330706,3.7504907298354
0.00390633176054591,0.666344158263354,1.25352198099291,0.50368512306424,0.207624154455685,3.55887050934248e-05,2.12310616782531e-08,0.0684276866808025,0.000463651766231593,0.00512890794866949,-6.54178687125975,-1.40257934502491,-0.770673183104054,-1.68243431923783,-2.56865614077694,-11.2401126003654,-18.6644309113462,-3.67860811747912,-8.67300714857911,-6.26949287522459,0.996630357260897,2.35964989131924
0.00358383352038938,0.611332236196476,1.15003393705594,0.462101976588594,0.190483156575722,3.26505791313648e-05,1.94782714782382e-08,0.0627784459390336,0.000425373686482866,0.00470547648181947,-6.54178687125975,-1.40257934502491,-0.770673183104054,-1.68243431923783,-2.56865614077694,-11.2401126003654,-18.6644309113462,-3.67860811747912,-8.67300714857911,-6.26949287522459,0.910464635527211,2.92107589254151
0.00291813317073073,0.379036910755853,0.538566977726168,0.204960193983939,0.0491267709074971,1.24268178311623e-05,2.08349662608104e-08,0.032251396615209,0.000353680993992214,0.00533171982703266,-6.02954356101513,-1.1628540575502,-0.811575780564,-1.77767186315191,-3.20608352920043,-11.4883860611297,-17.8793655601904,-3.62692629954561,-8.13984756678766,-5.42681379237955,0.192732368765538,1.01449829261784
0.00607991810747722,0.789721798929987,1.12210201810175,0.427033696478953,0.102355419210557,2.58912223430449e-05,4.3409564000829e-08,0.0671956483134514,0.000736892853695684,0.0111086156881092,-6.02954356101513,-1.1628540575502,-0.811575780564,-1.77767186315191,-3.20608352920043,-11.4883860611297,-17.8793655601904,-3.62692629954561,-8.13984756678766,-5.42681379237955,0.926779508755431,4.76424428841492
0.0127954031062174,1.66199751056667,2.36150346009669,0.898707546680024,0.215410606812989,5.44889949067796e-05,9.1356965708577e-08,0.141415623032296,0.00155081712326542,0.0233784753624563,-6.02954356101513,-1.1628540575502,-0.811575780564,-1.77767186315191,-3.20608352920043,-11.4883860611297,-17.8793655601904,-3.62692629954561,-8.13984756678766,-5.42681379237955,1.67087425612835,2.57255664823758
0.0225741035356916,2.93215489720393,4.16624807875051,1.58553169748942,0.380035025119275,9.61314155068492e-05,1.61175195927196e-07,0.249490452891179,0.00273600651850556,0.0412451345969917,-6.02954356101513,-1.1628540575502,-0.811575780564,-1.77767186315191,-3.20608352920043,-11.4883860611297,-17.8793655601904,-3.62692629954561,-8.13984756678766,-5.42681379237955,2.23859167005771,2.56905544843561
0.00485976517274294,0.631235886199842,0.896912131288255,0.341334118165813,0.0818141449815298,2.06952229286988e-05,3.46978830250593e-08,0.0537104391310779,0.000589008957543243,0.00887927480011064,-6.02954356101513,-1.1628540575502,-0.811575780564,-1.77767186315191,-3.20608352920043,-11.4883860611297,-17.8793655601904,-3.62692629954561,-8.13984756678766,-5.42681379237955,0.702778400412379,1.89518370809686
0.00486185826752057,0.631507758706001,0.897298430220663,0.341481130343308,0.0818493822313783,2.07041363353129e-05,3.47128273598519e-08,0.05373357214999,0.000589262642964078,0.00888309909265413,-6.02954356101513,-1.1628540575502,-0.811575780564,-1.77767186315191,-3.20608352920043,-11.4883860611297,-17.8793655601904,-3.62692629954561,-8.13984756678766,-5.42681379237955,0.703209006436739,1.48088921408852
0.0172891412712089,1.85505864405346,3.54890126988145,2.09736668423501,0.707600721216594,0.000185974269317064,2.96522373892125e-07,0.360080324551133,0.0027518270309422,0.0257950081976534,-6.21118498637795,-1.53559203004176,-0.886870285506415,-1.41282574167072,-2.49938363710012,-10.743410570472,-17.1846515009949,-3.17493648831367,-8.04899855266132,-5.81108262613192,2.15350833964644,4.76433782711127
0.0211400713992808,2.26824869841561,4.33937261876779,2.5645276858855,0.865209528573387,0.000227397605822033,3.62568855053691e-07,0.440283508074712,0.00336476051644415,0.0315405089523741,-6.21118498637795,-1.53559203004176,-0.886870285506415,-1.41282574167072,-2.49938363710012,-10.743410570472,-17.1846515009949,-3.17493648831367,-8.04899855266132,-5.81108262613192,2.35460006528162,1.44733441688786
0.0235374375460208,2.5254769044733,4.83147431595875,2.85535507905734,0.963327647214616,0.000253185376910923,4.03685570439882e-07,0.49021336674407,0.00374633741851104,0.0351173250844115,-6.21118498637795,-1.53559203004176,-0.886870285506415,-1.41282574167072,-2.49938363710012,-10.743410570472,-17.1846515009949,-3.17493648831367,-8.04899855266132,-5.81108262613192,2.46202194799355,0.930690337330841
0.00616311158776448,0.661278269741913,1.26508738618856,0.747654537182001,0.252240532715339,6.62948006655903e-05,1.05702212151465e-07,0.128358903774051,0.000980951962615171,0.00919522325809074,-6.21118498637795,-1.53559203004176,-0.886870285506415,-1.41282574167072,-2.49938363710012,-10.743410570472,-17.1846515009949,-3.17493648831367,-8.04899855266132,-5.81108262613192,1.12201148529094,0.636802754832029
0.213519005779835,22.9097715802219,43.8285429489637,25.9022494031767,8.73879159833465,0.00229676190750648,3.6620189211107e-06,4.4469526677459,0.0339847631821548,0.318565533015656,-6.21118498637795,-1.53559203004176,-0.886870285506415,-1.41282574167072,-2.49938363710012,-10.743410570472,-17.1846515009949,-3.17493648831367,-8.04899855266132,-5.81108262613192,4.66715555614851,0.408095541161625
0.00324864198907122,0.348566843704216,0.666841082477828,0.394096697458965,0.132958680733862,3.49446979877681e-05,5.57167657672609e-08,0.0676593500755985,0.000517070263881007,0.0048469004576231,-6.21118498637795,-1.53559203004176,-0.886870285506415,-1.41282574167072,-2.49938363710012,-10.743410570472,-17.1846515009949,-3.17493648831367,-8.04899855266132,-5.81108262613192,0.481666766897475,0.519136445858334
0.0421066497208324,4.51788225403861,8.64313272247711,5.10800871621613,1.72331842531079,0.000452928997015119,7.22162167340098e-07,0.876953682048202,0.00670190699853649,0.0628221701521583,-6.21118498637795,-1.53559203004176,-0.886870285506415,-1.41282574167072,-2.49938363710012,-10.743410570472,-17.1846515009949,-3.17493648831367,-8.04899855266132,-5.81108262613192,3.04363538622486,0.557424753037265
0.00311261765816487,0.333971953947048,0.638919688747753,0.377595420998033,0.127391549715468,3.34815237818995e-05,5.33838414840517e-08,0.0648263762192756,0.000495419944482133,0.00464395522883649,-6.21118498637795,-1.53559203004176,-0.886870285506415,-1.41282574167072,-2.49938363710012,-10.743410570472,-17.1846515009949,-3.17493648831367,-8.04899855266132,-5.81108262613192,0.438893770292207,0.416637694942522
0.0047351711938791,0.508065734236676,0.971977427881157,0.574429357155511,0.193798552473659,5.09348607347749e-05,8.12119110584638e-08,0.0986192404556562,0.000753673758751362,0.0070647684490152,-6.21118498637795,-1.53559203004176,-0.886870285506415,-1.41282574167072,-2.49938363710012,-10.743410570472,-17.1846515009949,-3.17493648831367,-8.04899855266132,-5.81108262613192,0.858447588370585,1.85647861929099
0.0427603916400019,4.58802625824979,8.77732478503945,5.18731494084842,1.75007442471164,0.000459961108895767,7.33374355542166e-07,0.890569141528496,0.00680595986363895,0.0637975383268754,-6.21118498637795,-1.53559203004176,-0.886870285506415,-1.41282574167072,-2.49938363710012,-10.743410570472,-17.1846515009949,-3.17493648831367,-8.04899855266132,-5.81108262613192,3.05904195253788,1.2269491970312
0.0247517302398367,8.29587602675039,6.50444597196062,3.61471313392412,2.24818332117753,0.000454497025590796,3.52313700216105e-07,0.464268561728854,0.00645504249449567,0.0498377288267888,-6.7532848608042,-0.938666449995867,-1.18193903830413,-1.76941247898937,-2.24430249980048,-10.7507441657964,-17.9131688415035,-3.82171707443827,-8.09731864858808,-6.05340795190072,3.05442497707354,1.06477600579011
0.0354256858109044,11.873396114219,9.30942835688404,5.17352486222758,3.21769166072958,0.00065049467954594,5.04245736754411e-07,0.664480100595803,0.00923872008503067,0.0713297901132315,-6.7532848608042,-0.938666449995867,-1.18193903830413,-1.76941247898937,-2.24430249980048,-10.7507441657964,-17.9131688415035,-3.82171707443827,-8.09731864858808,-6.05340795190072,3.41296672672883,1.57875181241177
0.0105299828297071,1.41348370181269,3.62437046733673,2.36977068736833,0.714386836758906,0.000168269851749507,1.54669650729856e-07,0.303071936540256,0.00141775501200191,0.0480616035340452,-6.69185928845826,-1.79227333730512,-0.850650095971267,-1.2755375109324,-2.4746613801926,-10.8282723118173,-17.8203049850759,-3.33211579234038,-8.69701134090962,-5.17360238899128,2.13833070501356,2.39521094112181
0.00511888552849767,0.687129445792037,1.76189627611011,1.15200424099505,0.347281139919589,8.18001437355579e-05,7.5188749081832e-08,0.147330776805534,0.000689205835494553,0.0233639361797192,-6.69185928845826,-1.79227333730512,-0.850650095971267,-1.2755375109324,-2.4746613801926,-10.8282723118173,-17.8203049850759,-3.33211579234038,-8.69701134090962,-5.17360238899128,1.41704075461864,2.39632745643079
0.00109971930812426,0.922876071306942,1.22239787580452,0.678526035870353,0.211507124236448,4.70675118107676e-05,3.75644908347974e-08,0.031120029405952,0.00083280184921896,0.00927661946905581,-7.93687747155749,-1.20443748615168,-0.923362763681405,-1.5120095931378,-2.67767376211468,-11.0881047307997,-18.2213837908465,-4.59408080013571,-8.21489198556677,-5.804435245287,1.12417716538465,3.28189609189093
0.000492753634239422,0.903665449953133,1.18025522829661,0.422898675446491,0.0735182297504502,9.13141669013136e-05,1.5950973205825e-08,0.0277686610275929,0.000587046713483726,0.00771156290752047,-8.57752563303948,-1.06332046107431,-0.796293686247542,-1.82264706308452,-3.57224627620382,-10.263229010215,-18.9157703900411,-4.54587159183647,-8.40243055776539,-5.8270587967128,0.962024396503307,7.77327830655242
0.000500935504285647,0.918670257148909,1.19985263809391,0.429920647005493,0.0747389545915267,9.28303822979166e-05,1.62158292734669e-08,0.0282297425094904,0.000596794261927893,0.00783960865123176,-8.57752563303948,-1.06332046107431,-0.796293686247542,-1.82264706308452,-3.57224627620382,-10.263229010215,-18.9157703900411,-4.54587159183647,-8.40243055776539,-5.8270587967128,0.97849243391236,6.04782702446906
0.00120016186372211,0.930547437251277,1.64291617276747,0.526453515231029,0.0752577767306538,0.000186125406706755,4.13775296267041e-08,0.0259313695439396,0.0017175339682419,0.0136730415727355,-7.89402258937759,-1.24070596833917,-0.672250927610002,-1.81031598599355,-3.75555977996319,-9.75781362636368,-18.1692516106322,-4.82102560838804,-7.53558950086695,-5.46105289768949,1.16872374452814,3.87095967919283
0.00145040478311574,1.12457368851861,1.98547674881951,0.636223095950646,0.0909495982469166,0.000224933976246846,5.00050607323587e-08,0.0313382582434567,0.00207565292482799,0.0165239752205856,-7.89402258937759,-1.24070596833917,-0.672250927610002,-1.81031598599355,-3.75555977996319,-9.75781362636368,-18.1692516106322,-4.82102560838804,-7.53558950086695,-5.46105289768949,1.3581099886393,2.4443415044235
0.000960846640708447,0.744993993001736,1.31531465320307,0.421477391416272,0.0602511912306339,0.000149011543518006,3.31267486031687e-08,0.0207605907739731,0.00137505347701165,0.0109466035045351,-7.89402258937759,-1.24070596833917,-0.672250927610002,-1.81031598599355,-3.75555977996319,-9.75781362636368,-18.1692516106322,-4.82102560838804,-7.53558950086695,-5.46105289768949,0.94632684461917,6.61057020404759
0.00294576476114378,1.43085036903292,1.53377600272589,0.36015217437548,0.164681270177369,0.000147630458187915,4.61870679764941e-08,0.00879980180510358,0.000778283032951094,0.00566569270603083,-7.08237502954373,-0.896719283968307,-0.827255544565355,-2.27621684540583,-3.0587315842641,-10.0757865259569,-18.1455542071278,-5.98801429505606,-8.41340851953363,-6.42831432892976,1.25498821515714,1.15971493415616
0.000925744283485563,0.391354177114266,0.824560039986477,0.151033927368373,0.0242332795291803,3.82735002587846e-05,5.5410100004567e-09,0.00336958549508754,0.000177236421518031,0.00119263514438859,-7.31915720237991,-1.27238699436738,-0.527150008940729,-2.22449547202769,-4.0542730925486,-10.5049974896803,-19.3453337314335,-6.02721022985459,-8.97227069105419,-7.06583470217668,0.334244689181448,1.19726969778695
0.00607242814334648,0.738134076147081,3.90866562849875,0.56178151250016,0.167592925399997,0.000292317543227056,2.46758943279231e-08,0.0210382324848481,0.000524864601181427,0.00388415314014801,-6.7918735104287,-1.99150657603194,-0.324680735878207,-2.26451905261697,-3.47409408318769,-9.82554664991099,-19.2053157881364,-5.54929068216101,-9.24024701129221,-7.23872708101335,1.68787678014542,0.424351780799496
0.00810294254288377,0.984953278453826,5.21565546094975,0.749631483483395,0.223633085983558,0.000390063447624501,3.29270843908649e-08,0.0280730516696751,0.000700370198834982,0.00518294642265396,-6.7918735104287,-1.99150657603194,-0.324680735878207,-2.26451905261697,-3.47409408318769,-9.82554664991099,-19.2053157881364,-5.54929068216101,-9.24024701129221,-7.23872708101335,1.97634550405511,0.609064039658077
0.00452415488429242,1.03202467122759,2.92249655442117,0.591674331443739,0.234168678412221,0.000368774774772088,1.42239237097425e-08,0.0126577626439764,0.000467476706404364,0.00309882051793608,-6.96724894699635,-1.53740188881904,-0.496486226440905,-2.09372337309279,-3.02063803721598,-9.47424892856545,-19.6372649834985,-5.93840906608918,-9.23708549817085,-7.34565817979727,1.56892446182095,0.257954475330962
0.0180450485727279,4.11633460764418,11.6566726000602,2.35995281399576,0.934005418521585,0.00147089542541156,5.67335559461561e-08,0.0504867643956308,0.00186457804594038,0.0123599585324692,-6.96724894699635,-1.53740188881904,-0.496486226440905,-2.09372337309279,-3.02063803721598,-9.47424892856545,-19.6372649834985,-5.93840906608918,-9.23708549817085,-7.34565817979727,2.95236499786083,0.282025507675833
0.00697020998992977,1.59000495279674,4.50259003065667,0.911572313788981,0.360775637294034,0.000568158625177688,2.19143105559597e-08,0.0195013800118832,0.000720225300055963,0.00477424630312928,-6.96724894699635,-1.53740188881904,-0.496486226440905,-2.09372337309279,-3.02063803721598,-9.47424892856545,-19.6372649834985,-5.93840906608918,-9.23708549817085,-7.34565817979727,2.00113902001284,0.660084830964955
0.00636895694548124,2.85493917816842,4.99233644821665,1.20517996640644,0.229344775372334,0.000269879761668133,1.76318877276816e-08,0.028148964441205,0.000880334977728847,0.00635661824875314,-7.28889253489032,-1.18352242799992,-0.624668940986883,-2.04594406175625,-3.70510180561177,-10.4501069925707,-20.08612973879,-5.80281767950386,-9.26778103367547,-7.29083173220068,2.2325729672622,0.491759903277442
0.00570272198145774,2.55629368300522,4.47010508090764,1.07911018159964,0.205353797025782,0.000241648556017856,1.5787475811182e-08,0.0252043968342453,0.000788246124367711,0.00569167399390559,-7.28889253489032,-1.18352242799992,-0.624668940986883,-2.04594406175625,-3.70510180561177,-10.4501069925707,-20.08612973879,-5.80281767950386,-9.26778103367547,-7.29083173220068,2.12208085736908,0.838581295616693
0.0105587472595667,4.73304835968517,8.27652302294839,1.99800230657977,0.380218227126923,0.000447418975872917,2.92309475192377e-08,0.0466666368916325,0.00145945947086204,0.0105382916054652,-7.28889253489032,-1.18352242799992,-0.624668940986883,-2.04594406175625,-3.70510180561177,-10.4501069925707,-20.08612973879,-5.80281767950386,-9.26778103367547,-7.29083173220068,2.73809189642627,3.51815209448466
0.00316666524286748,1.41948465712598,2.48220524123414,0.59921923537687,0.11403093709404,0.000134185058612177,8.76662952997434e-09,0.0139957528495965,0.000437705294590245,0.00316053040439932,-7.28889253489032,-1.18352242799992,-0.624668940986883,-2.04594406175625,-3.70510180561177,-10.4501069925707,-20.08612973879,-5.80281767950386,-9.26778103367547,-7.29083173220068,1.53381631622567,5.88600594336757
0.00182554880870727,0.818317796815201,1.43096490268693,0.345443511517554,0.0657376215678855,7.73562581164907e-05,5.0538686180579e-09,0.00806840255662967,0.000252332443697311,0.00182201213962538,-7.28889253489032,-1.18352242799992,-0.624668940986883,-2.04594406175625,-3.70510180561177,-10.4501069925707,-20.08612973879,-5.80281767950386,-9.26778103367547,-7.29083173220068,0.983017914836189,3.10989448707806
0.00157841806516247,0.707539336870277,1.23725032288451,0.298679649906803,0.0568384964283927,6.68842786794089e-05,4.36970925545899e-09,0.0069761554945253,0.000218173343631643,0.00157536016698811,-7.28889253489032,-1.18352242799992,-0.624668940986883,-2.04594406175625,-3.70510180561177,-10.4501069925707,-20.08612973879,-5.80281767950386,-9.26778103367547,-7.29083173220068,0.837560376806205,5.24029281538653
0.000789462489412676,0.353883282617844,0.618823834755402,0.149387785882987,0.0284283751404058,3.34528793823593e-05,2.18555630030068e-09,0.00348919795382028,0.000109121705325385,0.000787933049298941,-7.28889253489032,-1.18352242799992,-0.624668940986883,-2.04594406175625,-3.70510180561177,-10.4501069925707,-20.08612973879,-5.80281767950386,-9.26778103367547,-7.29083173220068,0.144734297666138,7.1133457563928
0.00181786535668508,0.814873624026861,1.4249421931747,0.343989593312539,0.0654609421063664,7.70306776143318e-05,5.03259766826565e-09,0.00803444390066609,0.000251270415546902,0.00181434357289526,-7.28889253489032,-1.18352242799992,-0.624668940986883,-2.04594406175625,-3.70510180561177,-10.4501069925707,-20.08612973879,-5.80281767950386,-9.26778103367547,-7.29083173220068,0.978800187691473,9.13078611748187
0.0037069358102696,0.91926437451337,1.2288290985512,0.251154479313005,0.114272061739049,8.50154565281592e-05,3.10843212042226e-09,0.0113338369348467,0.000132591176686599,0.00253515380809909,-6.52628802867255,-1.01291987959718,-0.722676594300473,-2.31042543162803,-3.09791152518169,-10.3014158343903,-20.5178857371135,-5.40870096648662,-9.85697838114445,-6.90623932786618,0.928738357892956,9.28878822968814
0.00336879939578346,0.835411625107335,1.1167387126726,0.22824486353769,0.10384848085984,7.72605821203816e-05,2.82488955435968e-09,0.0102999957302317,0.000120496576895284,0.00230390410140963,-6.52628802867255,-1.01291987959718,-0.722676594300473,-2.31042543162803,-3.09791152518169,-10.3014158343903,-20.5178857371135,-5.40870096648662,-9.85697838114445,-6.90623932786618,0.83308916819937,11.6616264259102
0.00291521475529578,0.722929450565322,0.966377866568112,0.197513332149836,0.089866028857812,6.68579997022046e-05,2.44453846710425e-09,0.00891317529023475,0.000104272578345696,0.00199369996314483,-6.52628802867255,-1.01291987959718,-0.722676594300473,-2.31042543162803,-3.09791152518169,-10.3014158343903,-20.5178857371135,-5.40870096648662,-9.85697838114445,-6.90623932786618,0.688476239264871,5.59921700416839
0.00293534463569882,0.727921358401025,0.97305081264964,0.19887718355974,0.0904865637291856,6.73196615868212e-05,2.46141827566519e-09,0.00897472175170137,0.000104992592035117,0.00200746668195851,-6.52628802867255,-1.01291987959718,-0.722676594300473,-2.31042543162803,-3.09791152518169,-10.3014158343903,-20.5178857371135,-5.40870096648662,-9.85697838114445,-6.90623932786618,0.695357618802285,1.58565325129017
0.00559283036347315,1.38693788319567,1.85399290563833,0.37892870816177,0.172407694468372,0.000128266862705842,4.68983938101385e-09,0.017099898835112,0.000200046614469839,0.00382490712537587,-6.52628802867255,-1.01291987959718,-0.722676594300473,-2.31042543162803,-3.09791152518169,-10.3014158343903,-20.5178857371135,-5.40870096648662,-9.85697838114445,-6.90623932786618,1.34001823492027,2.27456752981312
0.00134798904858022,0.334281026976792,0.446851052245022,0.09132974104323,0.0415538589462971,3.09149956259081e-05,1.13034934270401e-09,0.00412143313197975,4.82154165218473e-05,0.000921882585696966,-6.52628802867255,-1.01291987959718,-0.722676594300473,-2.31042543162803,-3.09791152518169,-10.3014158343903,-20.5178857371135,-5.40870096648662,-9.85697838114445,-6.90623932786618,-0.0828533620511224,2.34243692190617
0.00397275563317036,0.985183695952701,1.31694692687918,0.269164459153164,0.122466371208834,9.11118107017427e-05,3.3313339773847e-09,0.0121465724881467,0.000142099127433249,0.00271694658002359,-6.52628802867255,-1.01291987959718,-0.722676594300473,-2.31042543162803,-3.09791152518169,-10.3014158343903,-20.5178857371135,-5.40870096648662,-9.85697838114445,-6.90623932786618,0.997992717752408,1.73158883370321
0.0109260611010588,3.01834682683505,4.60018809992251,0.458123468673001,0.271891450593373,0.000278978476452736,1.37742021447723e-08,0.0208539513922157,0.000264143609065941,0.00396916450007015,-6.64302998763529,-1.02171629770206,-0.6003283769269,-2.90704211981669,-3.4287779419135,-10.3108014953229,-20.226893974983,-5.99663740435231,-10.3654431998568,-7.65562523068772,2.12642557087343,2.29098206962594
0.0110861809689714,3.06258026931327,4.66760320076441,0.464837202800341,0.275875981043359,0.000283066866256427,1.39760611136745e-08,0.0211595630771122,0.000268014596002807,0.0040273320400094,-6.64302998763529,-1.02171629770206,-0.6003283769269,-2.90704211981669,-3.4287779419135,-10.3108014953229,-20.226893974983,-5.99663740435231,-10.3654431998568,-7.65562523068772,2.14097408361742,0.719177117631979
0.0103379123537323,2.85586952703045,4.35256044679016,0.433462729388393,0.25725556172215,0.000263961093707106,1.30327382574721e-08,0.0197313853297807,0.000249924785708694,0.00375550478253269,-6.64302998763529,-1.02171629770206,-0.6003283769269,-2.90704211981669,-3.4287779419135,-10.3108014953229,-20.226893974983,-5.99663740435231,-10.3654431998568,-7.65562523068772,2.07109265732299,0.451040261172253
0.000654615811937235,0.172132501773925,0.57655423845347,0.0466154961524276,0.0323221413560049,4.68734860127466e-05,3.62858243749018e-09,0.00458552901913346,2.89051316614135e-05,0.000843779056749198,-7.14968123869142,-1.57770993720817,-0.368905059001349,-2.88404145528428,-3.25022199031302,-9.78627757020595,-19.2526429756438,-5.20306899714554,-10.2697106100859,-6.89583907635772,-0.181780802384094,0.638603206994825
0.000502194195890024,0.0946670822381344,0.143124252301835,0.0365540485585795,0.027270831016218,3.25908950023462e-05,1.62033914961672e-09,0.0131919057439868,2.85777867071441e-05,0.000436045078206985,-6.44390133364606,-1.20476660463018,-0.791419793750207,-2.15634099621499,-2.44931527391788,-9.17885526797907,-19.0880080229688,-3.17552950365864,-9.31025849544964,-6.58514259454761,-1.15262233502905,0.463006012951612
0.000474992312620484,0.0895393389436387,0.135371774802061,0.034574059602002,0.0257936774209802,3.08255744774196e-05,1.53257175452204e-09,0.0124773521249137,2.70298404654879e-05,0.000412426232320838,-6.44390133364606,-1.20476660463018,-0.791419793750207,-2.15634099621499,-2.44931527391788,-9.17885526797907,-19.0880080229688,-3.17552950365864,-9.31025849544964,-6.58514259454761,-1.20831060437141,0.600015082352272
0.00255654995877064,0.481927364301598,0.728611171367392,0.186087876164546,0.138829246695279,0.000165912413875832,8.24875719402832e-09,0.0671568217273488,0.000145482644016669,0.00221980069828671,-6.44390133364606,-1.20476660463018,-0.791419793750207,-2.15634099621499,-2.44931527391788,-9.17885526797907,-19.0880080229688,-3.17552950365864,-9.31025849544964,-6.58514259454761,0.47480473187307,0.918446504949546
0.0169815918832649,3.20114762078915,4.83971670934933,1.23606752006107,0.922157457065296,0.00110205431000517,5.47914300413251e-08,0.446081538457166,0.000966351890880852,0.014744773279775,-6.44390133364606,-1.20476660463018,-0.791419793750207,-2.15634099621499,-2.44931527391788,-9.17885526797907,-19.0880080229688,-3.17552950365864,-9.31025849544964,-6.58514259454761,2.36827598163956,1.48639203833175
0.0141059427968725,2.14998766228128,5.44405745698656,0.252142624265537,0.17885948259399,0.000484779201948273,4.69749854490164e-08,0.248727595761837,0.00141374437322443,0.00483074844891472,-6.37676501178948,-1.35014381270206,-0.421081277432191,-3.49336629861459,-3.83676071121852,-9.74742294075247,-18.9892565177584,-3.50700289064018,-8.67711942692898,-7.44835978130637,2.11560591635134,1.36430512043757
0.00663439299001573,1.01119530120467,2.56048228395499,0.118589255819352,0.0841222819776715,0.000228004308923196,2.20935614624882e-08,0.11698307879936,0.000664920870193372,0.00227202705324418,-6.37676501178948,-1.35014381270206,-0.421081277432191,-3.49336629861459,-3.83676071121852,-9.74742294075247,-18.9892565177584,-3.50700289064018,-8.67711942692898,-7.44835978130637,1.36127691035,1.1434734062846
0.00649386181291633,0.989775939076203,2.50624558289615,0.116077272019671,0.0823403852277501,0.000223174671311295,2.16255707656281e-08,0.114505117395939,0.000650836369515336,0.0022239004745693,-6.37676501178948,-1.35014381270206,-0.421081277432191,-3.49336629861459,-3.83676071121852,-9.74742294075247,-18.9892565177584,-3.50700289064018,-8.67711942692898,-7.44835978130637,1.33986712706793,1.02444155343239
0.00141606975834763,0.21583332310493,0.546518955773365,0.0253121361793698,0.017955375825798,4.86660960731424e-05,4.71573274123304e-09,0.0249693077234754,0.000141923207954672,0.000484949987902229,-6.37676501178948,-1.35014381270206,-0.421081277432191,-3.49336629861459,-3.83676071121852,-9.74742294075247,-18.9892565177584,-3.50700289064018,-8.67711942692898,-7.44835978130637,-0.183105008764781,3.58904896417366
0.00359099696972459,0.54732953985246,1.38591188923436,0.0641887899812484,0.0455328558502259,0.000123411860536378,1.19585789357997e-08,0.063319414769332,0.000359901626805104,0.00122977976668108,-6.37676501178948,-1.35014381270206,-0.421081277432191,-3.49336629861459,-3.83676071121852,-9.74742294075247,-18.9892565177584,-3.50700289064018,-8.67711942692898,-7.44835978130637,0.747439604198135,6.71368219546831
0.00961650390159175,1.46572016067484,3.71140026083251,0.171894255132293,0.121934629749324,0.00033049057082379,3.20244550366274e-08,0.169566113341078,0.000963797916717801,0.00329328652296085,-6.37676501178948,-1.35014381270206,-0.421081277432191,-3.49336629861459,-3.83676071121852,-9.74742294075247,-18.9892565177584,-3.50700289064018,-8.67711942692898,-7.44835978130637,1.73249051163903,3.17286566881153
0.0101696891761075,0.894413916126012,2.41066710185416,0.130660594987165,0.0943372936283054,0.000196074243132844,2.54298084694348e-08,0.333974102311955,0.000874377491360757,0.00205856591413922,-5.94349601187049,-1.46673899718795,-0.475248864712946,-3.39030457553485,-3.71603106862321,-9.89216955862352,-18.842496168879,-2.4518442066603,-8.39715074290442,-7.5408980764566,1.35515237966048,2.98195490020449
0.0110114792051839,0.978730027537454,1.5091934179948,0.114165635758213,0.095628134044863,0.000212889192888987,1.98258806743536e-08,0.222307122933505,0.00113705495116639,0.0066399129939026,-5.58689511618758,-1.09957756795427,-0.666502782132877,-3.24818306982075,-3.42536634302408,-9.53281687877224,-18.8143557779753,-2.58177354651619,-7.85739186539689,-6.09273454888451,1.07807812997694,2.12257247813024
0.010887755145617,0.651273637548677,2.0438322505842,0.054196222520462,0.147869629647439,0.000100551895423152,1.04168089967976e-08,0.242632413890242,0.0024059564306557,0.00968846386356769,-5.67160168629299,-1.58031057485742,-0.436658584156556,-4.06662925210413,-3.06290945812636,-10.3563217753141,-19.5313302697772,-2.56769286491192,-7.18129295415986,-5.78830457760229,1.15148518394434,2.36168068968442
0.0169332111012585,0.568821522763847,2.25757211802568,0.0499957809217581,0.11729665946419,4.30458659117292e-05,4.14141103362032e-09,0.286335950313432,0.000903450607906475,0.00885802781613601,-5.27444722031269,-1.76015735110454,-0.381678837023179,-4.19178544747037,-3.3390177910856,-11.2492131504179,-20.4981980665927,-2.44655829487115,-8.20525790572558,-5.92239992204968,1.19596878879121,3.48140720749743
0.0274177667337036,0.921019393840196,3.65539562144482,0.0809517256228046,0.189923365899148,6.96986238085908e-05,6.70565322721032e-09,0.463626907278297,0.00146284115132548,0.0143426630029684,-5.27444722031269,-1.76015735110454,-0.381678837023179,-4.19178544747037,-3.3390177910856,-11.2492131504179,-20.4981980665927,-2.44655829487115,-8.20525790572558,-5.92239992204968,1.67788316552864,6.21621090458778
0.0328700597139599,1.10417317235498,4.38230704645027,0.0970497736381558,0.227691497955128,8.35588816850272e-05,8.03913842218825e-09,0.55582368451997,0.00175374152326561,0.0171948428164738,-5.27444722031269,-1.76015735110454,-0.381678837023179,-4.19178544747037,-3.3390177910856,-11.2492131504179,-20.4981980665927,-2.44655829487115,-8.20525790572558,-5.92239992204968,1.85925414567555,4.86869938276513
0.0202457124599209,0.680095282697755,2.69920192252758,0.0597760341318772,0.140242416268274,5.14665658288761e-05,4.95156036640852e-09,0.342349438763748,0.00108018503519724,0.0105908491339922,-5.27444722031269,-1.76015735110454,-0.381678837023179,-4.19178544747037,-3.3390177910856,-11.2492131504179,-20.4981980665927,-2.44655829487115,-8.20525790572558,-5.92239992204968,1.37463498209078,6.99676851899233
0.0193612673671255,0.65038494592368,2.58128580080209,0.0571646851779014,0.134115849119017,4.92182205715535e-05,4.73524872628127e-09,0.327393715089649,0.00103299655736113,0.0101281820599813,-5.27444722031269,-1.76015735110454,-0.381678837023179,-4.19178544747037,-3.3390177910856,-11.2492131504179,-20.4981980665927,-2.44655829487115,-8.20525790572558,-5.92239992204968,1.32996648421433,6.30247715423301
0.0164110433026534,0.551280828292807,2.18795558422046,0.0484540658443669,0.113679593682048,4.17184646936278e-05,4.01370274075058e-09,0.277506236212392,0.000875590988590449,0.00858487366615965,-5.27444722031269,-1.76015735110454,-0.381678837023179,-4.19178544747037,-3.3390177910856,-11.2492131504179,-20.4981980665927,-2.44655829487115,-8.20525790572558,-5.92239992204968,1.16464642166044,0.778110576480051
0.0559439062841539,1.50747946418013,4.51452144322488,0.105978812948963,0.238950334126072,8.38440731584312e-05,9.50525009627258e-09,0.405057830651073,0.00114611444291921,0.0167583654428855,-4.8070586363797,-1.5132138455333,-0.416353684015195,-4.16816895531359,-3.35515242827468,-11.3102046286775,-20.3950744219025,-2.82737830296363,-8.69503067536962,-6.01251058858373,1.9236528726253,0.617508982388548
0.207206300317397,2.90539672335231,9.16926270068929,0.444860595727656,0.314941474542986,0.000199886501833262,1.71927336789139e-08,0.824275403330237,0.0022882972708966,0.0388987035163767,-4.20645640876012,-1.56584609996078,-0.416559167016903,-3.44241036056059,-3.78778449915846,-11.1501768899721,-20.5111950495551,-2.82566662420994,-8.71236333445136,-5.87921040417927,2.63241604663828,0.518251336681626
0.111737232597495,2.57309787318046,13.4989044217089,0.462498608135934,0.269355464252492,0.000136774382211804,1.77708290591448e-08,0.691052926996957,0.00187680519016186,0.0144523510769396,-5.06081655106527,-1.92410067824019,-0.266602721159235,-3.64032298083298,-4.18093459261353,-11.7663890842086,-20.7149187902427,-3.23875011272492,-9.14739556400035,-7.1061094227351,2.86921124936297,0.635707506327037
0.012521410872269,0.288344493018849,1.51270373053337,0.0518281593851858,0.0301843025837729,1.53271044634154e-05,1.99142082739749e-09,0.0774402357411434,0.000210317083812852,0.00161954812821001,-5.06081655106527,-1.92410067824019,-0.266602721159235,-3.64032298083298,-4.18093459261353,-11.7663890842086,-20.7149187902427,-3.23875011272492,-9.14739556400035,-7.1061094227351,0.680501320884455,1.04944155570091
0.016058883098131,0.460130620084648,1.10708999884604,0.0537124174568019,0.0377595551780857,2.52190062538369e-05,2.78765250985195e-09,0.0468855461736067,0.000180013099092037,0.00165033836792362,-4.67584592840548,-1.32059768305395,-0.442617859760194,-3.4684638765944,-3.82086952796823,-11.1322654412557,-20.2424187995549,-3.60439864491259,-9.16683374694096,-6.9511277505777,0.54435280995263,0.622671122293193
0.0195858973021945,0.561189157147661,1.35024029312528,0.0655092814196994,0.0460526903007721,3.07578592815421e-05,3.39990492729343e-09,0.0571830236699607,0.000219549395205244,0.0020128023593238,-4.67584592840548,-1.32059768305395,-0.442617859760194,-3.4684638765944,-3.82086952796823,-11.1322654412557,-20.2424187995549,-3.60439864491259,-9.16683374694096,-6.9511277505777,0.742900431278933,0.146945752761437
0.0130696478116843,0.374480909732642,0.901013868295711,0.043714271720196,0.0307309097829397,2.05246858006378e-05,2.26875283308856e-09,0.0381581690459418,0.000146505070884821,0.00134314080917507,-4.67584592840548,-1.32059768305395,-0.442617859760194,-3.4684638765944,-3.82086952796823,-11.1322654412557,-20.2424187995549,-3.60439864491259,-9.16683374694096,-6.9511277505777,0.338383230383044,0.275643856113247
0.0185030448890643,0.530162494255287,1.27558908173797,0.0618874466692538,0.0435065589668893,2.90573386655168e-05,3.21193318425154e-09,0.0540215256688372,0.000207411090345827,0.00190151984526183,-4.67584592840548,-1.32059768305395,-0.442617859760194,-3.4684638765944,-3.82086952796823,-11.1322654412557,-20.2424187995549,-3.60439864491259,-9.16683374694096,-6.9511277505777,0.686025956562471,0.231241984129169
0.00863950192951086,0.247545196995114,0.595602204880965,0.0288966879839072,0.0203142240855163,1.35675471238549e-05,1.49972629419506e-09,0.0252239065542602,9.68450612311813e-05,0.000887863833798088,-4.67584592840548,-1.32059768305395,-0.442617859760194,-3.4684638765944,-3.82086952796823,-11.1322654412557,-20.2424187995549,-3.60439864491259,-9.16683374694096,-6.9511277505777,-0.0755644164697051,0.373048154411217
0.00733750752001175,0.135383196881941,0.315685573026453,0.0315509415063139,0.0140827828312711,4.26828236912369e-06,1.33740562737306e-09,0.0145625642270284,3.24446324972668e-05,0.000667778688389555,-4.25949613390133,-1.34438609098965,-0.497748647773206,-2.80089191366537,-3.60754236846159,-11.7090391320714,-19.7772742635679,-3.57404120217294,-9.68071560184709,-6.65629380907396,-0.655259935053288,0.147846835177552
0.00518850034802125,0.0957322036430503,0.223227669756503,0.0223103104888736,0.00995822129270417,3.01818900999447e-06,9.45706637321386e-10,0.0102974844460394,2.29422575097028e-05,0.000472199850924968,-4.25949613390133,-1.34438609098965,-0.497748647773206,-2.80089191366537,-3.60754236846159,-11.7090391320714,-19.7772742635679,-3.57404120217294,-9.68071560184709,-6.65629380907396,-1.00181443994211,0.369945704303442
0.000394480835278709,0.00360882666491342,0.0143353873904352,0.0025306833816218,0.000400757520512114,1.11687171636176e-07,9.00689862263312e-11,0.000649447932704953,6.27815633707884e-07,3.65083280347714e-05,-4.01926304748537,-1.8056956318905,-0.426347204766474,-2.16058895025509,-4.00347704940868,-12.188887032906,-19.3117682744458,-3.52071093911525,-10.4623423393305,-6.39929320691723,-3.81867695114815,0.124326424465872
0.000598372559255865,0.0119684264284936,0.0271313137930012,0.0105363430080359,0.00110193078900865,2.64022367645418e-07,2.40850316542647e-10,0.000891920969149989,8.26931479960902e-07,0.000154930346541745,-4.47214919362794,-1.47633543207568,-0.657918932059154,-1.60377696367298,-3.86154357953002,-12.1980842158735,-19.1976976729942,-4.07298523333104,-11.0563962035045,-5.82338712360919,-2.94914779558604,0.144367469005853
0.000701006752256903,0.0140212775644286,0.0317849371136721,0.0123435600086897,0.00129093641021151,3.09308071707799e-07,2.82161498832056e-10,0.00104490523868811,9.68768607683616e-07,0.000181504344367544,-4.47214919362794,-1.47633543207568,-0.657918932059154,-1.60377696367298,-3.86154357953002,-12.1980842158735,-19.1976976729942,-4.07298523333104,-11.0563962035045,-5.82338712360919,-2.7908438450273,0.268655957495147
0.0122236724006236,0.244493370476092,0.55424381762526,0.215238488527948,0.0225104590186309,5.39350088605014e-06,4.92013766584661e-09,0.0182203370884764,1.68927190133441e-05,0.00316494760955705,-4.47214919362794,-1.47633543207568,-0.657918932059154,-1.60377696367298,-3.86154357953002,-12.1980842158735,-19.1976976729942,-4.07298523333104,-11.0563962035045,-5.82338712360919,0.0677683470236481,0.0521233476834798
0.00446676930512449,0.0989268390163173,0.390143656699105,0.0504851265433299,0.0144828300905472,2.68848414454045e-06,1.44787482357423e-09,0.0112821319296276,6.15525654511712e-06,0.00107522878475981,-4.85049861686475,-1.75278343654428,-0.380648991838888,-2.42548524464253,-3.67420019754645,-12.2659417728921,-19.7925777291941,-3.9239437845837,-11.4376128530967,-6.27463055168031,-0.560591265333427,0.0972983894154328
0.0014570235241618,0.0322691237831286,0.127261662016202,0.0164678343494318,0.00472418043039666,8.76961484990387e-07,4.72284896282654e-10,0.00368013893292082,2.00779421789202e-06,0.000350730813756964,-4.85049861686475,-1.75278343654428,-0.380648991838888,-2.42548524464253,-3.67420019754645,-12.2659417728921,-19.7925777291941,-3.9239437845837,-11.4376128530967,-6.27463055168031,-1.68086098941915,0.108817712295435
0.00710798903849215,0.116176708283424,0.248729505264234,0.0587456269717181,0.0121771534026017,9.68137010502766e-06,1.278858053804e-09,0.00865065076124545,5.69452776461799e-06,0.00074539608353494,-4.15323332666185,-1.35934031555552,-0.598086713069502,-2.0412359790864,-3.61489117063725,-10.7520045427502,-19.6839957185133,-3.95681814418845,-11.2827023013879,-6.40829224094616,-0.793302584165801,0.35115475744078
0.0163330039666594,0.298517190671971,0.810499539958793,0.204153957254197,0.0260293514875119,3.14425767254872e-05,6.68059015942787e-09,0.0129932366694599,1.79761560451899e-05,0.00289309883735831,-4.43044972047676,-1.52481004304413,-0.525986790835557,-1.90476316277977,-3.96441275975431,-10.6832299222713,-19.1399417915078,-4.65920859852346,-11.2423466277946,-6.1613093746857,0.315882285427254,0.202684768837961
0.00849074811462488,0.155184819587083,0.421339972417638,0.106129884691617,0.0135314157468305,1.63454928190704e-05,3.47291952028744e-09,0.00675456272338464,9.34494434462056e-06,0.00150398380780824,-4.43044972047676,-1.52481004304413,-0.525986790835557,-1.90476316277977,-3.96441275975431,-10.6832299222713,-19.1399417915078,-4.65920859852346,-11.2423466277946,-6.1613093746857,-0.338328444911687,0.469162089694647
0.0117953133386743,0.215582131011803,0.585323805356341,0.147435211554417,0.0187977886630297,2.27070932823806e-05,4.82456591442513e-09,0.0093834115336456,1.29819593266949e-05,0.00208932829356161,-4.43044972047676,-1.52481004304413,-0.525986790835557,-1.90476316277977,-3.96441275975431,-10.6832299222713,-19.1399417915078,-4.65920859852346,-11.2423466277946,-6.1613093746857,-0.00960328061713456,1.08212948966458
0.0240920222272044,0.440328234019446,1.19552857341404,0.301137603712089,0.0383946343169298,4.63794203991706e-05,9.85421462826582e-09,0.0191656934194683,2.65157561881734e-05,0.00426746981984548,-4.43044972047676,-1.52481004304413,-0.525986790835557,-1.90476316277977,-3.96441275975431,-10.6832299222713,-19.1399417915078,-4.65920859852346,-11.2423466277946,-6.1613093746857,0.70457519927257,0.823486432713017
0.0987639561994692,1.70225978526236,2.45487553177339,0.592074077608184,0.0973990895587732,0.000301818889120103,3.03925267403546e-08,0.0477307347588449,9.41514080130748e-05,0.0179419122982421,-3.92674607266537,-1.07976686228786,-0.713647456008177,-2.13584703691221,-3.94066193190393,-9.71740694146538,-18.9207926057457,-4.65390327009599,-10.8823298640555,-5.63233935000806,1.61172351608074,1.01430077492593
0.0979064177092745,1.68747956237188,2.43356056690016,0.586933271891875,0.0965534018056633,0.00029919828414995,3.01286373368004e-08,0.0473163027758012,9.33339189271355e-05,0.0177861279313992,-3.92674607266537,-1.07976686228786,-0.713647456008177,-2.13584703691221,-3.94066193190393,-9.71740694146538,-18.9207926057457,-4.65390327009599,-10.8823298640555,-5.63233935000806,1.60300289479203,0.575955748804444
0.187283423235084,2.46288697529561,2.51350142068727,0.620788321411648,0.244346955983244,0.000317783543775671,3.50679810337557e-08,0.0144050404605484,6.08113284213673e-05,0.0392475703539476,-3.48060359611562,-0.904137189803955,-0.883794649476841,-2.28223654129903,-3.21463753180244,-9.85961150575247,-18.971448762912,-6.04564852051443,-11.5132058824781,-5.04333715732985,1.80547141884988,0.209316233275236
0.201947206709611,2.6557243375358,2.71030175655901,0.669394361238618,0.263478659116951,0.000342665132317787,3.78137087222246e-08,0.0155329160119802,6.55726903046877e-05,0.0423205485365877,-3.48060359611562,-0.904137189803955,-0.883794649476841,-2.28223654129903,-3.21463753180244,-9.85961150575247,-18.971448762912,-6.04564852051443,-11.5132058824781,-5.04333715732985,1.88085462745335,0.255467767487697
0.014678067845939,0.193025210111047,0.196992044177887,0.0486533882297159,0.0191503398214202,2.49058263421811e-05,2.74840237295032e-09,0.00112897424422888,4.76600004929478e-06,0.00307597165030668,-3.48060359611562,-0.904137189803955,-0.883794649476841,-2.28223654129903,-3.21463753180244,-9.85961150575247,-18.971448762912,-6.04564852051443,-11.5132058824781,-5.04333715732985,-0.740797286466618,0.616287254973175
0.00174092552396257,0.0228941927900637,0.0233646881405942,0.00577064544771181,0.00227136948388554,2.95401201504045e-06,3.25980496303016e-10,0.000133904550537842,5.65282244237603e-07,0.000364832593309329,-3.48060359611562,-0.904137189803955,-0.883794649476841,-2.28223654129903,-3.21463753180244,-9.85961150575247,-18.971448762912,-6.04564852051443,-11.5132058824781,-5.04333715732985,-2.87273480073091,1.16722188949916
0.0156000977321689,0.205150444466565,0.209366462526948,0.0517096404888686,0.0203533037150429,2.64703317300683e-05,2.92104833383862e-09,0.00119989284229565,5.06538512704117e-06,0.00326919447912496,-3.48060359611562,-0.904137189803955,-0.883794649476841,-2.28223654129903,-3.21463753180244,-9.85961150575247,-18.971448762912,-6.04564852051443,-11.5132058824781,-5.04333715732985,-0.679874503748023,1.33405860772142
0.00140768134485257,0.0185118361770446,0.0188922703304105,0.00466604104121167,0.00183658887512629,2.38856145699899e-06,2.63582018366342e-10,0.000108272832575829,4.5707714594158e-07,0.000294997131426264,-3.48060359611562,-0.904137189803955,-0.883794649476841,-2.28223654129903,-3.21463753180244,-9.85961150575247,-18.971448762912,-6.04564852051443,-11.5132058824781,-5.04333715732985,-3.08520776832065,0.869496266547692
0.0011206260615274,0.014736890662492,0.015039746439132,0.00371453895731346,0.00146207049294482,1.90148447165312e-06,2.0983220400797e-10,8.61937670649288e-05,3.63869680978366e-07,0.000234841127049759,-3.48060359611562,-0.904137189803955,-0.883794649476841,-2.28223654129903,-3.21463753180244,-9.85961150575247,-18.971448762912,-6.04564852051443,-11.5132058824781,-5.04333715732985,-3.31326417022598,0.586843330747721
0.00111496095331803,0.0146623911633826,0.0149637159112473,0.00369576082438975,0.00145467927848298,1.89187188484991e-06,2.08771437903801e-10,8.57580311542975e-05,3.62030208216109e-07,0.000233653933174456,-3.48060359611562,-0.904137189803955,-0.883794649476841,-2.28223654129903,-3.21463753180244,-9.85961150575247,-18.971448762912,-6.04564852051443,-11.5132058824781,-5.04333715732985,-3.31833229801334,0.163919894496066
0.000639629268613484,0.00841150042792947,0.0085843639954995,0.00212017899464549,0.000834518410886326,1.08532646494554e-06,1.19767711807666e-10,4.91975495480061e-05,2.07688992702516e-07,0.00013404226752541,-3.48060359611562,-0.904137189803955,-0.883794649476841,-2.28223654129903,-3.21463753180244,-9.85961150575247,-18.971448762912,-6.04564852051443,-11.5132058824781,-5.04333715732985,-3.87401822112677,0.240976648732563
0.00029824341488802,0.000544927801795944,0.00180102647563502,0.000294365146476899,8.96400977161539e-05,1.47050130814421e-07,1.11754426478086e-11,6.33630611277865e-06,2.42664007260527e-08,3.73534615543392e-06,-2.32119147043933,-1.71844813988629,-0.522989406418123,-2.33428046048468,-3.52329871297764,-9.93608317639629,-19.4208932597122,-6.17280548540591,-11.7377640236041,-6.70126095888379,-5.79640910595908,0.116819219635269
0.000255875740892847,0.000467516793522499,0.00154517739811212,0.000252548409077492,7.69060615317862e-05,1.26160576536644e-07,9.5878886995282e-12,5.43618715517946e-06,2.0819179752595e-08,3.20471271887685e-06,-2.32119147043933,-1.71844813988629,-0.522989406418123,-2.33428046048468,-3.52329871297764,-9.93608317639629,-19.4208932597122,-6.17280548540591,-11.7377640236041,-6.70126095888379,-5.94962714802116,0.081779108249766
0.0183615358871906,0.0591739715506421,0.176282074640804,0.0351510761871113,0.00856311810412257,1.81024938224488e-05,7.63429581351327e-10,0.000372992978483948,1.71108971931855e-06,0.000367188840271561,-2.78781407428571,-1.61759033451146,-0.52598670105272,-2.13841687519017,-3.55060772163992,-9.70977767992107,-19.7835170578739,-6.68426779392099,-12.0686969586395,-6.69995112208062,-1.20968316901647,0.611014956617384
0.0637453500039486,0.205433006846167,0.611994694585408,0.122033236670906,0.029728393312307,6.28460392281961e-05,2.65038209034343e-09,0.00129491171700193,5.94035344952876e-06,0.00127476161495747,-2.78781407428571,-1.61759033451146,-0.52598670105272,-2.13841687519017,-3.55060772163992,-9.70977767992107,-19.7835170578739,-6.68426779392099,-12.0686969586395,-6.69995112208062,0.0349550355672414,0.442921480469608
0.197710612710144,0.637164681846237,1.89814388083748,0.378494525353025,0.0922046683609124,0.000194921338128079,8.22034339705304e-09,0.00401625826759344,1.84244171558929e-05,0.00395376133219132,-2.78781407428571,-1.61759033451146,-0.52598670105272,-2.13841687519017,-3.55060772163992,-9.70977767992107,-19.7835170578739,-6.68426779392099,-12.0686969586395,-6.69995112208062,1.16686320492023,0.616939589071699
0.0759803964231765,0.244863057424738,0.72945868993738,0.145455844206431,0.0354343510350681,7.49084752674361e-05,3.15908661392097e-09,0.0015434522766716,7.08052289243092e-06,0.00151943463866019,-2.78781407428571,-1.61759033451146,-0.52598670105272,-2.13841687519017,-3.55060772163992,-9.70977767992107,-19.7835170578739,-6.68426779392099,-12.0686969586395,-6.69995112208062,0.210534160516884,2.23100965647013
0.0954676231542452,0.307664808175318,0.916548091295412,0.182761927733854,0.0445224482969299,9.41207788395968e-05,3.96931977940343e-09,0.00193931233900354,8.89651440438407e-06,0.00190913472842675,-2.78781407428571,-1.61759033451146,-0.52598670105272,-2.13841687519017,-3.55060772163992,-9.70977767992107,-19.7835170578739,-6.68426779392099,-12.0686969586395,-6.69995112208062,0.438845960745558,0.539832952415954
0.146136681860741,0.470956673126966,1.40300232060141,0.279762089041915,0.0681525594485318,0.000144075005319284,6.07602035790739e-09,0.00296859459730842,1.36183038000476e-05,0.00292240034075872,-2.78781407428571,-1.61759033451146,-0.52598670105272,-2.13841687519017,-3.55060772163992,-9.70977767992107,-19.7835170578739,-6.68426779392099,-12.0686969586395,-6.69995112208062,0.864601156199765,1.66497496592574
0.131475501383697,0.423707887307657,1.26224594123014,0.251694923249914,0.0613151455882694,0.00012962066279336,5.46644287253406e-09,0.00267076998133835,1.22520458060829e-05,0.00262921016922556,-2.78781407428571,-1.61759033451146,-0.52598670105272,-2.13841687519017,-3.55060772163992,-9.70977767992107,-19.7835170578739,-6.68426779392099,-12.0686969586395,-6.69995112208062,0.75887932830049,2.04612638915567
0.153458205742477,0.617390180082533,1.11567238836361,0.334792947667659,0.0416420088274277,8.7299172495142e-05,3.19750786093325e-09,0.00207252795300789,5.06313967096439e-06,0.00322892341787945,-2.69337951981285,-1.30130656780768,-0.70959523344268,-1.91329550039372,-3.99769828915641,-10.165222069519,-20.3799466195073,-6.99803867895759,-13.0125762742463,-6.55465899995582,0.819052495491008,1.38494156201664
0.538583398880528,2.16681864625941,3.91561092516871,1.17500346627712,0.146148552578059,0.000306388862129623,1.12221086083763e-08,0.00727383161952948,1.77698087880095e-05,0.0113323659736045,-2.69337951981285,-1.30130656780768,-0.70959523344268,-1.91329550039372,-3.99769828915641,-10.165222069519,-20.3799466195073,-6.99803867895759,-13.0125762742463,-6.55465899995582,2.07456659800858,2.15841824844967
0.876234333685011,1.85910682661759,5.02498485336302,1.17160709035959,0.40768536992563,0.000431841733586581,3.08927002003336e-08,0.0069228731931516,2.94883484912974e-05,0.0238209179307147,-2.36972271232476,-1.6175048210642,-0.623178553028295,-2.07922460489929,-3.13486054692458,-9.98505238699669,-19.5303469131358,-7.21052538691507,-12.6691163317477,-5.97479217237614,2.23760099271278,4.21588368798527
0.137181803172106,0.291058700807145,0.786703347034863,0.183424875157346,0.0638265496149683,6.76084300979598e-05,4.83651022953468e-09,0.00108383361762878,4.61664724046049e-06,0.00372936365230914,-2.36972271232476,-1.6175048210642,-0.623178553028295,-2.07922460489929,-3.13486054692458,-9.98505238699669,-19.5303469131358,-7.21052538691507,-12.6691163317477,-5.97479217237614,0.383274509897361,3.19589521941396
0.0786675560843032,0.166908993322127,0.451138767996294,0.10518586518063,0.0366016377930513,3.87703751045634e-05,2.77351974486649e-09,0.000621529531827895,2.64743827032751e-06,0.00213862128571616,-2.36972271232476,-1.6175048210642,-0.623178553028295,-2.07922460489929,-3.13486054692458,-9.98505238699669,-19.5303469131358,-7.21052538691507,-12.6691163317477,-5.97479217237614,-0.172801744207395,3.27944434208649
0.102869807396754,0.218258922108034,0.589932628938599,0.13754653418236,0.0478622143306702,5.06981685745052e-05,3.62679935880758e-09,0.000812744496117476,3.46192863385173e-06,0.00279657295468109,-2.36972271232476,-1.6175048210642,-0.623178553028295,-2.07922460489929,-3.13486054692458,-9.98505238699669,-19.5303469131358,-7.21052538691507,-12.6691163317477,-5.97479217237614,0.0954316161862867,10.6088558058244
0.0690274170127963,0.60205484573416,0.546315214365278,0.321038128812749,0.0828286779776585,0.00015519173499028,3.37675446648367e-09,0.000927459088455811,3.85087903091147e-06,0.0052123363281907,-3.16033538631641,-0.994490612973759,-1.09164303515375,-1.62327926257919,-2.97806480619114,-9.25793308658306,-19.9934346867931,-7.47014575495839,-12.9542929970296,-5.74381097323895,0.487083881021254,11.1200783638406
0.0588110884162179,0.512948365970587,0.465458418778806,0.273523225924616,0.0705697085991134,0.000132222749205401,2.87698155432088e-09,0.000790191503812001,3.28093382264485e-06,0.0044408900972705,-3.16033538631641,-0.99449061297376,-1.09164303515375,-1.62327926257919,-2.97806480619114,-9.25793308658306,-19.9934346867931,-7.47014575495839,-12.9542929970296,-5.74381097323895,0.326910522967267,6.33654235176858
0.118178691480132,1.03075063427255,0.935321354374419,0.549634733852022,0.141807200733215,0.000265696689277579,5.78118726686173e-09,0.00158786039255598,6.59291430297952e-06,0.0089238032288785,-3.16033538631641,-0.99449061297376,-1.09164303515375,-1.62327926257919,-2.97806480619114,-9.25793308658306,-19.9934346867931,-7.47014575495839,-12.9542929970296,-5.74381097323895,1.02477792092897,3.71059396987804
0.0538024743751387,0.469263400136144,0.425817908211565,0.250228770630204,0.0645596781289595,0.000120962071396935,2.63196500052209e-09,0.000722895278428034,3.00151489579807e-06,0.00406268413143864,-3.16033538631641,-0.99449061297376,-1.09164303515375,-1.62327926257919,-2.97806480619114,-9.25793308658306,-19.9934346867931,-7.47014575495839,-12.9542929970296,-5.74381097323895,0.237899565547355,2.90701534224902
0.0330251640300125,0.288044387228753,0.261376571039303,0.153596024923892,0.039628176672092,7.4249229160728e-05,1.61555907740293e-09,0.000443729315870258,1.84239708161195e-06,0.00249376653027855,-3.16033538631641,-0.99449061297376,-1.09164303515375,-1.62327926257919,-2.97806480619114,-9.25793308658306,-19.9934346867931,-7.47014575495839,-12.9542929970296,-5.74381097323895,-0.250150075425996,1.78964137162242
0.0510142585418499,0.444944673954153,0.403750665997105,0.237261117593452,0.0612139896854113,0.000114693431030235,2.49556817914265e-09,0.000685432539315533,2.84596682010987e-06,0.00385214288119899,-3.16033538631641,-0.99449061297376,-1.09164303515375,-1.62327926257919,-2.97806480619114,-9.25793308658306,-19.9934346867931,-7.47014575495839,-12.9542929970296,-5.74381097323895,0.184685280235558,2.435455045283
0.0600878525324376,0.524084260319452,0.475563326249371,0.279461300685988,0.07210174743835,0.000135093249753506,2.93943961980653e-09,0.000807346230653115,3.35216152281592e-06,0.0045372999627051,-3.16033538631641,-0.99449061297376,-1.09164303515375,-1.62327926257919,-2.97806480619114,-9.25793308658306,-19.9934346867931,-7.47014575495839,-12.9542929970296,-5.74381097323895,0.348387807521746,3.39819799647651
0.0735272942114796,0.641302625673162,0.581929343979317,0.341966510871209,0.0882282553565955,0.000165308638967397,3.59688410607985e-09,0.000987919876146596,4.10191671269048e-06,0.00555212701441537,-3.16033538631641,-0.99449061297376,-1.09164303515375,-1.62327926257919,-2.97806480619114,-9.25793308658306,-19.9934346867931,-7.47014575495839,-12.9542929970296,-5.74381097323895,0.550236794435831,1.90827744968544
0.121136870839295,1.05655177669984,0.958733767306402,0.56339286659487,0.145356835011067,0.000272347452221175,5.92589853951241e-09,0.00162760677813244,6.75794424842515e-06,0.00914717861225999,-3.16033538631641,-0.99449061297376,-1.09164303515375,-1.62327926257919,-2.97806480619114,-9.25793308658306,-19.9934346867931,-7.47014575495839,-12.9542929970296,-5.74381097323895,1.04950117760822,0.83960471834429
0.0508865668099144,0.443830950895999,0.402740053997933,0.236667238864398,0.0610607674180485,0.000114406346531342,2.48932162313917e-09,0.000683716860786199,2.83884319540811e-06,0.00384250073780177,-3.16033538631641,-0.99449061297376,-1.09164303515375,-1.62327926257919,-2.97806480619114,-9.25793308658306,-19.9934346867931,-7.47014575495839,-12.9542929970296,-5.74381097323895,0.182179082698276,0.602303106977721
0.00837851190012869,0.0730771033860167,0.0663114559817919,0.0389674407511732,0.0100537017628675,1.88370919076493e-05,4.098686971874e-10,0.000112574500767847,4.67417689705332e-07,0.00063267066686159,-3.16033538631641,-0.99449061297376,-1.09164303515375,-1.62327926257919,-2.97806480619114,-9.25793308658306,-19.9934346867931,-7.47014575495839,-12.9542929970296,-5.74381097323895,-1.62174957149077,0.293779730876464
0.0965951454842044,0.842499660712795,0.764499091745901,0.449252284101772,0.115908265813177,0.000217171217873519,4.7253410756187e-09,0.00129786176938113,5.38881847721476e-06,0.00729400588523903,-3.16033538631641,-0.99449061297376,-1.09164303515375,-1.62327926257919,-2.97806480619114,-9.25793308658306,-19.9934346867931,-7.47014575495839,-12.9542929970296,-5.74381097323895,0.823108593503274,0.465561077742821
0.104907807406088,0.62865327874298,0.854749804967533,0.57070150117745,0.0414736692767454,0.000209373586137631,6.06232969666983e-09,0.000762972115605578,5.5085640806609e-06,0.00466147686600052,-3.04591110284215,-1.25541316405061,-0.948184242261757,-1.35212673465276,-3.97393429199337,-9.26262817180737,-19.7124094359725,-7.96952683670495,-12.9004443348072,-6.15966072064409,0.791237763624138,0.804538193713223
0.349530098556434,2.09453660227873,2.84784127090675,1.90145382774707,0.138181285723416,0.000697587453281893,2.01983698711411e-08,0.00254205788260477,1.8353342745643e-05,0.0155310315664566,-3.04591110284215,-1.25541316405061,-0.948184242261757,-1.35212673465276,-3.97393429199337,-9.26262817180737,-19.7124094359725,-7.96952683670495,-12.9004443348072,-6.15966072064409,1.99474550072838,0.640907339293425
0.0136466669937893,0.081776772975063,0.111187968177108,0.0742382624514978,0.00539499745180503,2.72358338045859e-05,7.8860283731573e-10,9.92492994054516e-05,7.16567636684458e-07,0.000606376437201854,-3.04591110284215,-1.25541316405061,-0.948184242261757,-1.35212673465276,-3.97393429199337,-9.26262817180737,-19.7124094359725,-7.96952683670495,-12.9004443348072,-6.15966072064409,-1.24834886060407,0.658692386027126
0.00715299741019398,0.0781161484274017,0.101784848574343,0.0475462295095332,0.00345766648825066,2.2715229172289e-05,1.84315133248508e-09,4.7017938272497e-05,3.64436115720847e-07,0.000634698609236566,-3.50793863628716,-1.11727332184626,-0.852608865537824,-1.61376763278522,-4.23487618717316,-9.2601898141475,-18.6795038939647,-8.53269620807013,-13.3926294107431,-5.9300751472406,-1.43228515562751,0.726235447933408
0.170272873146661,1.85950871629408,2.42292812588636,1.13180987516382,0.0823077059273533,0.000540722596912783,4.38751274506362e-08,0.00111923421469173,8.67518621127458e-06,0.0151086250391875,-3.50793863628716,-1.11727332184626,-0.852608865537824,-1.61376763278522,-4.23487618717316,-9.2601898141475,-18.6795038939647,-8.53269620807013,-13.3926294107431,-5.9300751472406,1.73758564365794,0.525373326296535
0.0712179476256103,0.777753918866053,1.01340844951483,0.473388243952035,0.0344258353171116,0.000226161413002936,1.83511117837014e-08,0.000468128376585567,3.62846380529925e-06,0.00631929940953685,-3.50793863628716,-1.11727332184626,-0.852608865537824,-1.61376763278522,-4.23487618717316,-9.2601898141475,-18.6795038939647,-8.53269620807013,-13.3926294107431,-5.9300751472406,0.865928217351201,0.948277842598267
0.22515640327748,2.22735488786225,4.53074195624021,1.77721102036753,0.0962649566600232,0.000658161275062978,1.26683476542729e-07,0.00247718433723526,6.67687760667024e-06,0.00697921886572009,-3.67327966300139,-1.38150493791352,-0.671433957080644,-1.60727437738097,-4.52297059442966,-9.50838022820429,-18.0638938425648,-8.18295238210333,-14.099179774257,-7.14713794923899,2.18231967041342,1.69812813973809
0.0175617347861964,0.173729084520722,0.353388522209271,0.138618791846378,0.00750846795142917,5.1335221166046e-05,9.88104972566533e-09,0.000193215265983051,5.20782673827534e-07,0.000544364668072729,-3.67327966300139,-1.38150493791352,-0.671433957080644,-1.60727437738097,-4.52297059442966,-9.50838022820429,-18.0638938425648,-8.18295238210333,-14.099179774257,-7.14713794923899,-0.368753240728748,0.587974579760777
0.116867350869659,1.15610776065849,2.35167999751385,0.922460746678182,0.0499662914430856,0.000341618375235881,6.57550133462633e-08,0.00128578164730993,3.46563094193177e-06,0.00362256106467942,-3.67327966300139,-1.38150493791352,-0.671433957080644,-1.60727437738097,-4.52297059442966,-9.50838022820429,-18.0638938425648,-8.18295238210333,-14.099179774257,-7.14713794923899,1.52656392238183,0.58909626321189
0.0603288597052441,1.14720947285779,1.47531415094169,0.552843680840777,0.0202839331521799,9.8530471844916e-05,7.71131304551678e-08,0.000689417104855031,2.47666137261782e-06,0.00162934824410673,-3.98918094878038,-1.04390381291328,-0.792365310311694,-1.77391625332544,-5.07916243776332,-10.4063809599111,-17.5592285277747,-8.46090035408431,-14.0898353865901,-7.60081145548111,1.18123626111495,0.834215516735369
0.0715768944283083,1.36110133238204,1.75037959852842,0.655918808547577,0.0240657779530058,0.000116901019108802,9.14905142347012e-08,0.000817955710954522,2.93842334280231e-06,0.00193313263047204,-3.98918094878038,-1.04390381291328,-0.792365310311694,-1.77391625332544,-5.07916243776332,-10.4063809599111,-17.5592285277747,-8.46090035408431,-14.0898353865901,-7.60081145548111,1.35219798816961,0.485139863897817
0.0915021349345542,1.73999834401822,2.23764206997914,0.838510413244411,0.0307650964623306,0.00014944337708301,1.16959214919842e-07,0.00104565438933949,3.75640786535163e-06,0.00247126903468844,-3.98918094878038,-1.04390381291328,-0.792365310311694,-1.77391625332544,-5.07916243776332,-10.4063809599111,-17.5592285277747,-8.46090035408431,-14.0898353865901,-7.60081145548111,1.59778797442559,0.242894564757754
0.0167961723972455,0.31939486633787,0.410742568985743,0.153917342669785,0.00564725472655672,2.74318924570241e-05,2.14690852693789e-08,0.000191940782625938,6.8952789075295e-07,0.000453627238056134,-3.98918094878038,-1.04390381291328,-0.792365310311694,-1.77391625332544,-5.07916243776332,-10.4063809599111,-17.5592285277747,-8.46090035408431,-14.0898353865901,-7.60081145548111,-0.097423303247834,0.368536336818606
0.0207720946313315,0.27145834612567,0.506158733349882,0.134004229137219,0.0125470437664441,1.22941791152042e-05,3.21730505818075e-08,0.000558401877627864,1.02166374351251e-06,0.00118303900526454,-3.81936673912162,-1.24916851447376,-0.626126898443562,-1.95510586063085,-4.32349213943788,-11.251606592094,-17.1973586151049,-7.4356535858348,-13.7393000802377,-6.68489066487342,-0.0547780581728844,0.250789449100908
0.024776705800538,0.323792265461348,0.603740077597515,0.15983864026658,0.0149659635961196,1.46643496673214e-05,3.83756295703039e-08,0.000666055074656992,1.21862828228715e-06,0.00141111476258096,-3.81936673912162,-1.24916851447376,-0.626126898443562,-1.95510586063085,-4.32349213943788,-11.251606592094,-17.1973586151049,-7.4356535858348,-13.7393000802377,-6.68489066487342,0.121515389672064,0.357235239070998
0.0295950749046028,0.386760710927582,0.721150461374941,0.190922738858876,0.0178764205868361,1.75161512723067e-05,4.58386050505458e-08,0.000795583964379819,1.45561704552236e-06,0.00168553670668631,-3.81936673912162,-1.24916851447376,-0.626126898443562,-1.95510586063085,-4.32349213943788,-11.251606592094,-17.1973586151049,-7.4356535858348,-13.7393000802377,-6.68489066487342,0.299219419267403,0.96727993931713
0.0145706130425084,0.190414813178757,0.355045707841289,0.0939974424087676,0.00880114031795912,8.62376807646225e-06,2.25678285577173e-08,0.000391691729964173,7.16647373819859e-07,0.00082984426298075,-3.81936673912162,-1.24916851447376,-0.626126898443562,-1.95510586063085,-4.32349213943788,-11.251606592094,-17.1973586151049,-7.4356535858348,-13.7393000802377,-6.68489066487342,-0.409381844868801,1.54761778445886
0.0159666024026924,0.116868322480011,0.30186565850823,0.0314428790090564,0.0111562879815441,5.36497734710495e-06,1.41932972511451e-08,8.14586911029365e-05,4.44422574422276e-07,0.000318957931048868,-3.3984962699603,-1.40794760870162,-0.459013381789638,-2.72082292591394,-3.75699217733513,-11.3968585860734,-17.3317361901804,-8.67665470568115,-13.8877301647765,-7.31169152330106,-0.738759818164739,0.252897469262017
0.125614551844109,0.919441818794455,2.37487716261063,0.24737154817265,0.0877702143324598,4.2208054544951e-05,1.11663372609076e-07,0.00064086251530743,3.49641965820142e-06,0.00250934773443546,-3.3984962699603,-1.40794760870162,-0.459013381789638,-2.72082292591394,-3.75699217733513,-11.3968585860734,-17.3317361901804,-8.67665470568115,-13.8877301647765,-7.31169152330106,1.32395909693262,1.37894016177051
0.214432851980824,0.453696853968644,0.849300920138457,0.107158148311785,0.0967295365137967,1.30804903271426e-05,7.70196569881288e-08,0.000180739952510045,1.58362276620974e-06,0.00135702616343747,-2.08375061378677,-1.33431800628843,-0.707333694574352,-2.77744149389927,-2.87982845813038,-11.7883807056389,-16.9231971418981,-9.16244326602902,-13.8997874253659,-7.14645159774905,0.543991979785642,0.519975458242926
0.668489105972863,1.4143887071899,2.6476745869894,0.334062873766462,0.301551934733676,4.07781046780099e-05,2.40106873395198e-07,0.000563452326222024,4.9369047578423e-06,0.00423049545999242,-2.08375061378677,-1.33431800628843,-0.707333694574352,-2.77744149389927,-2.87982845813038,-11.7883807056389,-16.9231971418981,-9.16244326602902,-13.8997874253659,-7.14645159774905,1.68101543498776,0.601203033199376
1.00468056561456,2.12570232430396,3.97922296392335,0.502067234855041,0.453206141496483,6.12859191070434e-05,3.60859596985599e-07,0.000846819487030746,7.41973537066968e-06,0.00635806407853046,-2.08375061378677,-1.33431800628843,-0.707333694574352,-2.77744149389927,-2.87982845813038,-11.7883807056389,-16.9231971418981,-9.16244326602902,-13.8997874253659,-7.14645159774905,2.08842025961469,0.744892620685567
0.0339789943079239,0.0718927285447018,0.134580083529738,0.0169802624826322,0.0153277463795723,2.07273233679035e-06,1.22045221253314e-08,2.86400230226966e-05,2.50940601973394e-07,0.000215034141724092,-2.08375061378677,-1.33431800628843,-0.707333694574352,-2.77744149389927,-2.87982845813038,-11.7883807056389,-16.9231971418981,-9.16244326602902,-13.8997874253659,-7.14645159774905,-1.29826214597803,0.562335196024951
0.0371362503473059,0.0785728483071774,0.147084979279572,0.0185580324362614,0.0167519680439472,2.26532622668154e-06,1.33385404202457e-08,3.1301193180854e-05,2.74257470151623e-07,0.000235014657818219,-2.08375061378677,-1.33431800628843,-0.707333694574352,-2.77744149389927,-2.87982845813038,-11.7883807056389,-16.9231971418981,-9.16244326602902,-13.8997874253659,-7.14645159774905,-1.20941107432167,0.40750235014284
0.736029825705131,1.30943877119028,3.14157104776807,0.358910692764386,0.247266443418269,2.75188081558685e-05,2.28766640360304e-07,0.000339042335954304,8.70815797141588e-06,0.00301829123500505,-2.06375799929476,-1.48767473579958,-0.612550353797206,-2.78195505039074,-3.15456216773638,-12.2579142164029,-17.0478367529684,-9.74665893583663,-13.4085236360801,-7.56033778622956,1.7572733622763,1.20483934880112
0.711046559438548,1.26499212468503,3.03493582288899,0.346728086720308,0.238873409360455,2.65847295526835e-05,2.21001550292713e-07,0.000327534127103289,8.41257452942298e-06,0.00291584053129616,-2.06375799929476,-1.48767473579958,-0.612550353797206,-2.78195505039074,-3.15456216773638,-12.2579142164029,-17.0478367529684,-9.74665893583663,-13.4085236360801,-7.56033778622956,1.72274063241425,0.559150352109562
0.884772837930839,1.67163844105332,4.60117872748941,0.95876471167209,0.548738783103039,8.40701369773832e-05,4.90948916940059e-07,0.000734077619956592,1.92728424525383e-05,0.00841249755496008,-2.2827940402686,-1.64656544515285,-0.634057177265953,-2.2024792748222,-2.7605024486584,-11.5442288365353,-16.6872954464251,-9.37726547872338,-13.0171832728398,-6.93840656769723,2.16036969304223,0.949909483886433
0.0299629656363072,0.399493291378513,0.378605884180708,0.158504386751105,0.0548512161627159,2.9156510486226e-05,6.57239227890308e-08,8.81053054613592e-05,2.45979152061691e-06,0.000592558807486279,-3.52968191225826,-0.939447080013109,-0.993148271933722,-1.86386178293658,-2.92501969353872,-10.4647210993614,-16.5596916296853,-9.35886657948647,-12.9373227328799,-7.45294921029076,0.0218887735519062,1.14146727946922
0.0665353824916413,0.887109749660613,0.840727437441138,0.351972836303915,0.121801916800108,6.47445783861896e-05,1.45945711606076e-07,0.000195645526867043,5.46218193687829e-06,0.0013158285926516,-3.52968191225826,-0.939447080013109,-0.993148271933722,-1.86386178293658,-2.92501969353872,-10.4647210993614,-16.5596916296853,-9.35886657948647,-12.9373227328799,-7.45294921029076,0.819660506983663,1.59733137825524
0.0473069169749206,0.630738498874781,0.597760493622504,0.250254062138268,0.0866016388524224,4.60336482573988e-05,1.03767971314536e-07,0.000139104734194269,3.88363270358104e-06,0.000935559271694515,-3.52968191225826,-0.939447080013109,-0.993148271933722,-1.86386178293658,-2.92501969353872,-10.4647210993614,-16.5596916296853,-9.35886657948647,-12.9373227328799,-7.45294921029076,0.478583154338779,0.816764070371943
0.563902763542938,7.51846041408642,7.12535958471403,2.9830512375691,1.03229943101382,0.000548725284339972,1.2369236791003e-06,0.00165814111445139,4.62932559163831e-05,0.0111519518180912,-3.52968191225826,-0.939447080013109,-0.993148271933722,-1.86386178293658,-2.92501969353872,-10.4647210993614,-16.5596916296853,-9.35886657948647,-12.9373227328799,-7.45294921029076,2.95680846484501,0.3710872472951
0.0571166978231317,0.576234027690353,1.43842614915147,0.485939679620063,0.256078158827772,7.59027380880613e-05,1.58620481273219e-07,0.000156411190953148,8.87383376858325e-06,0.000957525452773509,-3.89761875654928,-1.58620138543708,-0.671410418805456,-1.75663076150043,-2.39723255588622,-10.5210177819795,-16.6917113808765,-9.79798216171166,-12.6673636203018,-7.98611823743936,1.03495998270765,0.202028328804673
0.0156590095412334,0.157979268436142,0.394356285506411,0.133224334908114,0.0702059202512503,2.08093560241736e-05,4.34871013969302e-08,4.28814063984473e-05,2.43283405633594e-06,0.00026251342903934,-3.89761875654928,-1.58620138543708,-0.671410418805456,-1.75663076150043,-2.39723255588622,-10.5210177819795,-16.6917113808765,-9.79798216171166,-12.6673636203018,-7.98611823743936,-0.25909008155667,0.679558834997554
0.0439590287066635,0.443490067360615,1.10706358723274,0.373996346782394,0.197086798853777,5.84174290478003e-05,1.22079926807853e-07,0.000120379578918309,6.8296160008979e-06,0.000736945419992134,-3.89761875654928,-1.58620138543708,-0.671410418805456,-1.75663076150043,-2.39723255588622,-10.5210177819795,-16.6917113808765,-9.79798216171166,-12.6673636203018,-7.98611823743936,0.773121511923603,0.665273288476335
0.0911055217603943,0.919137550833022,2.29440023367677,0.775111127624311,0.408464339862393,0.000121070699464611,2.53011855710412e-07,0.000249487867892463,1.41544467084784e-05,0.00152732667150898,-3.89761875654928,-1.58620138543708,-0.671410418805456,-1.75663076150043,-2.39723255588622,-10.5210177819795,-16.6917113808765,-9.79798216171166,-12.6673636203018,-7.98611823743936,1.50188189207519,1.10593816896158
0.126187589946807,1.27307050251317,3.17790656665694,1.07358372188571,0.565751994286431,0.000167691479982885,3.50439311286022e-07,0.000345558338967808,1.96049095890242e-05,0.00211545544128569,-3.89761875654928,-1.58620138543708,-0.671410418805456,-1.75663076150043,-2.39723255588622,-10.5210177819795,-16.6917113808765,-9.79798216171166,-12.6673636203018,-7.98611823743936,1.82763308644277,0.523371367383581
0.0648632059868956,0.654386332880763,1.63351410647488,0.55184572529046,0.290809010286722,8.61971213885794e-05,1.80133539624878e-07,0.00017762461213822,1.00773561771279e-05,0.00108739078147109,-3.89761875654928,-1.58620138543708,-0.671410418805456,-1.75663076150043,-2.39723255588622,-10.5210177819795,-16.6917113808765,-9.79798216171166,-12.6673636203018,-7.98611823743936,1.16214400656323,0.683736798797595
0.976882708980653,9.85549024070173,24.6018009935198,8.31116098655454,4.37977570554052,0.00129818556093915,2.71293004238144e-06,0.00267514393787872,0.000151771637739653,0.0163768231335756,-3.89761875654928,-1.58620138543708,-0.671410418805456,-1.75663076150043,-2.39723255588622,-10.5210177819795,-16.6917113808765,-9.79798216171166,-12.6673636203018,-7.98611823743936,3.87423007018266,0.595159528194658
0.795453533707273,8.02510318415206,20.0326910855846,6.76759074061548,3.56635246973797,0.00105708319162936,2.20907768053828e-06,0.0021783093087825,0.000123584217886836,0.0133352773191113,-3.89761875654928,-1.58620138543708,-0.671410418805456,-1.75663076150043,-2.39723255588622,-10.5210177819795,-16.6917113808765,-9.79798216171166,-12.6673636203018,-7.98611823743936,3.66877591220876,0.625909169048645
0.66330880771978,6.69193283999795,16.7047600850658,5.64332466331721,2.97389213117875,0.000881475236186861,1.84209462947393e-06,0.00181643765377393,0.000103053788494031,0.0111199542453821,-3.89761875654928,-1.58620138543708,-0.671410418805456,-1.75663076150043,-2.39723255588622,-10.5210177819795,-16.6917113808765,-9.79798216171166,-12.6673636203018,-7.98611823743936,3.48710413264728,0.310456480899397
1.18217693941717,12.1341270847238,22.2371618598167,4.9042387292331,2.70384033045956,0.00186636625697853,4.04697878295614e-06,0.00388996252833845,7.35334628051896e-05,0.0121779889497012,-3.59800955927242,-1.26934525908605,-0.663602314969425,-2.17526728403003,-2.77069405494057,-10.0491290786134,-16.1829070967355,-9.3147229162076,-13.2831371410827,-8.1734923031862,3.76536716199154,0.856119574632818
0.0255411430677964,0.262159974146127,0.480437837641576,0.105956950136183,0.0584169513125442,4.03231749808094e-05,8.74356965030794e-08,8.40433323912087e-05,1.58870354441508e-06,0.000263107617541336,-3.59800955927242,-1.26934525908605,-0.663602314969425,-2.17526728403003,-2.77069405494057,-10.0491290786134,-16.1829070967355,-9.3147229162076,-13.2831371410827,-8.1734923031862,-0.069455114124213,0.199196811820899
0.100277518480283,1.02927075669432,1.88625520850217,0.415999393495906,0.229351791313968,0.000158313506705189,3.43282782945564e-07,0.00032996396420605,6.23743614809635e-06,0.00103299131563029,-3.59800955927242,-1.26934525908605,-0.663602314969425,-2.17526728403003,-2.77069405494057,-10.0491290786134,-16.1829070967355,-9.3147229162076,-13.2831371410827,-8.1734923031862,1.29819580736556,1.24272058569331
0.0246469291555247,0.2529815636302,0.463617361077138,0.102247320592111,0.0563717315493756,3.89114314280994e-05,8.43745094593093e-08,8.11009144712901e-05,1.53308188299921e-06,0.000253896029343987,-3.59800955927242,-1.26934525908605,-0.663602314969425,-2.17526728403003,-2.77069405494057,-10.0491290786134,-16.1829070967355,-9.3147229162076,-13.2831371410827,-8.1734923031862,-0.105093404850666,1.00703041148376
0.0457795668482468,0.46989165792229,0.861129670130978,0.189915669354348,0.104705679013062,7.22746620880496e-05,1.56718448440651e-07,0.000150638025210542,2.8475687215933e-06,0.000471590199919574,-3.59800955927242,-1.26934525908605,-0.663602314969425,-2.17526728403003,-2.77069405494057,-10.0491290786134,-16.1829070967355,-9.3147229162076,-13.2831371410827,-8.1734923031862,0.51409213317638,1.75531054786479
0.162063021966661,1.66345090883548,3.0484621470796,0.672315389012153,0.370665777904318,0.000255857601021779,5.54794793852248e-07,0.000533269649964925,1.00806019814236e-05,0.00166946387199719,-3.59800955927242,-1.26934525908605,-0.663602314969425,-2.17526728403003,-2.77069405494057,-10.0491290786134,-16.1829070967355,-9.3147229162076,-13.2831371410827,-8.1734923031862,1.77823956435782,1.41524963550115
0.167544377857795,1.71971276504494,3.15156836925181,0.695054690510678,0.383202573903195,0.000264511312100551,5.7355927000942e-07,0.00055130609468826,1.04215518562719e-05,0.00172592910088629,-3.59800955927242,-1.26934525908605,-0.663602314969425,-2.17526728403003,-2.77069405494057,-10.0491290786134,-16.1829070967355,-9.3147229162076,-13.2831371410827,-8.1734923031862,1.81150253889895,1.40502108931981
0.161089695488012,1.65346046933945,3.03015353546108,0.66827756247907,0.368439614205868,0.00025432095820952,5.51462778587323e-07,0.000530066911522362,1.00200593807108e-05,0.00165943731953603,-3.59800955927242,-1.26934525908605,-0.663602314969425,-2.17526728403003,-2.77069405494057,-10.0491290786134,-16.1829070967355,-9.3147229162076,-13.2831371410827,-8.1734923031862,1.77221560497627,0.548040733125334
0.0957441302230592,0.982739051157359,1.80098058920621,0.397192717841509,0.218983159009605,0.000151156403067864,3.27763510423693e-07,0.000315046814446977,5.95545150968987e-06,0.000986291409499158,-3.59800955927242,-1.26934525908605,-0.663602314969425,-2.17526728403003,-2.77069405494057,-10.0491290786134,-16.1829070967355,-9.3147229162076,-13.2831371410827,-8.1734923031862,1.25193360331849,5.16140892691204
0.370590465610187,1.57766476383064,5.20036691770249,1.27216566755226,0.869026619034786,0.000326445166130628,1.04833700076001e-06,0.00107653258878521,1.93613660539669e-05,0.00233818836118488,-3.22198110218266,-1.77337765367152,-0.580594225624323,-1.98860271159545,-2.36970493220424,-10.2565719776408,-15.9976288679649,-9.06333337852933,-13.0815543277854,-8.28770226390457,2.22932340981902,2.63272257164147
0.14574997985983,0.620481714701618,2.04525869890062,0.500331599515959,0.341780547466127,0.000128388020750986,4.12301747956483e-07,0.000423390825437313,7.61465546011315e-06,0.000919588975366823,-3.22198110218266,-1.77337765367152,-0.580594225624323,-1.98860271159545,-2.36970493220424,-10.2565719776408,-15.9976288679649,-9.06333337852933,-13.0815543277854,-8.28770226390457,1.29611851024813,4.77751228613256
0.131466668356864,0.559675300721315,1.84482596382482,0.451299743061938,0.308286491207541,0.000115806159021748,3.71896704299233e-07,0.00038189906637817,6.86842896986488e-06,0.000829470432623355,-3.22198110218266,-1.77337765367152,-0.580594225624323,-1.98860271159545,-2.36970493220424,-10.2565719776408,-15.9976288679649,-9.06333337852933,-13.0815543277854,-8.28770226390457,1.19297917011736,7.99785681510948
0.203493382341869,0.866304907399265,2.85555175241657,0.698553574936588,0.477187576213905,0.000179252941372081,5.75647950811507e-07,0.000591130312358282,1.06314388272068e-05,0.00128391284267521,-3.22198110218266,-1.77337765367152,-0.580594225624323,-1.98860271159545,-2.36970493220424,-10.2565719776408,-15.9976288679649,-9.06333337852933,-13.0815543277854,-8.28770226390457,1.62985930834984,4.701680331276
0.0916573119636559,0.527037096381037,1.55381957854996,0.102472366857639,0.088272401263845,8.53613293438953e-05,1.88351427790408e-07,0.000154104586498739,4.30287966348813e-06,0.000584733618884414,-3.25009061595806,-1.5008764307645,-0.419675945575245,-3.13855419784405,-3.28771986615774,-10.2290094671712,-16.3453484117811,-9.6382711424097,-13.2166181596844,-8.30474625623233,0.860392089461221,3.00476362210526
0.0619492953452519,0.356213552875728,1.05019475176181,0.069258968904827,0.059661503698656,5.76939699550116e-05,1.27302863011241e-07,0.000104156126102124,2.90822802237754e-06,0.000395209447871786,-3.25009061595806,-1.5008764307645,-0.419675945575245,-3.13855419784405,-3.28771986615774,-10.2290094671712,-16.3453484117811,-9.6382711424097,-13.2166181596844,-8.30474625623233,0.468651570414176,2.52885280202125
0.20091399892074,0.933867945871837,1.97702880928568,0.134955315694268,0.0511504161906202,0.000396694769559143,2.99313443268664e-07,0.000312034203770211,1.02425896932296e-05,0.00132022489708182,-2.79878745806564,-1.26232936584117,-0.512314013210087,-3.19672067970767,-4.16689377946439,-9.02625254492409,-16.2156836369134,-9.26630687821062,-12.682865200113,-7.82386230983496,1.1939091295158,2.88419377711016
0.288495036716325,1.34095318783028,2.83884150426528,0.193784101483344,0.0734475510727839,0.000569619203857902,4.29788084799149e-07,0.000448053991045936,1.47074683968847e-05,0.00189572818321974,-2.79878745806564,-1.26232936584117,-0.512314013210087,-3.19672067970767,-4.16689377946439,-9.02625254492409,-16.2156836369134,-9.26630687821062,-12.682865200113,-7.82386230983496,1.55571006112743,0.728529341383918
0.132758115848982,0.617072725701972,1.30636302651796,0.0891745400102438,0.0337987044946374,0.000262124344031368,1.97777601312365e-07,0.000206183109168578,6.76800480002288e-06,0.000872366140612445,-2.79878745806564,-1.26232936584117,-0.512314013210087,-3.19672067970767,-4.16689377946439,-9.02625254492409,-16.2156836369134,-9.26630687821062,-12.682865200113,-7.82386230983496,0.779560973675646,2.14859073686907
0.0886548075967071,1.01408384327422,1.4187342237222,0.0577699603068348,0.0255091051634276,0.000282374244507179,2.25559817579849e-07,0.000202301199381369,7.67617942735694e-06,0.000976803090821423,-3.38090641904037,-0.943915814891825,-0.608136319974952,-3.8091877585961,-4.62662122763524,-9.13017866099172,-16.2625818490684,-9.46365428739898,-12.7352900072977,-7.88912687325851,0.957901402317317,3.52080967020663
0.0641200220930379,1.09823718153756,1.6348146719894,0.0706847729848567,0.0805215254892593,0.000929807042440632,2.87930869693215e-07,0.000517325136366145,6.33685049880823e-06,0.00103143839162757,-3.82909640182488,-0.988391463052381,-0.590568347682334,-3.73162289945523,-3.60132852806153,-8.06263126973252,-16.1426432165528,-8.64893678580952,-13.0512264748358,-7.95889874935118,1.0820977951417,1.18045789385734
0.0124986472111696,0.214074771626093,0.318667573307933,0.0137782865928747,0.0156957235375739,0.000181243390419672,5.61251578528617e-08,0.000100840020977047,1.23521571311386e-06,0.000201053963429763,-3.82909640182488,-0.988391463052381,-0.590568347682334,-3.73162289945523,-3.60132852806153,-8.06263126973252,-16.1426432165528,-8.64893678580952,-13.0512264748358,-7.95889874935118,-0.553038461811981,0.894958494851561
0.0131727011047411,0.225619855737359,0.335853362690902,0.0145213516276547,0.0165421962305121,0.000191017873284289,5.91519959209231e-08,0.000106278338230026,1.30183107930173e-06,0.000211896833428261,-3.82909640182488,-0.988391463052381,-0.590568347682334,-3.73162289945523,-3.60132852806153,-8.06263126973252,-16.1426432165528,-8.64893678580952,-13.0512264748358,-7.95889874935118,-0.500512287158562,1.05310294408502
0.0105362490985141,0.173691558954547,0.314181842527164,0.026410149542248,0.0443485575902253,0.000226290389583655,5.16075211904284e-08,0.00011007756531036,2.02300297851032e-06,0.00013267190086622,-3.99018204899462,-1.18772257923839,-0.595031721150105,-3.07125526713648,-2.55292347086908,-7.83093985060139,-16.216846792358,-8.55157367826222,-12.5481759042379,-8.36487976514237,-0.562751623218379,1.66329700628341
0.0357017842557463,0.588548970972413,1.0645963524685,0.089490050235459,0.150273842269262,0.000766778631800173,1.74870636626688e-07,0.000372994739528559,6.8548887950735e-06,0.000449555011203516,-3.99018204899462,-1.18772257923839,-0.595031721150105,-3.07125526713648,-2.55292347086908,-7.83093985060139,-16.216846792358,-8.55157367826222,-12.5481759042379,-8.36487976514237,0.657627436701718,0.702107837343018
0.023222072421171,0.754371679367683,0.481633796732263,0.0505656592430198,0.0558169279983349,0.000259692908571854,1.15789504142103e-07,4.37999768663132e-05,2.7136698329559e-06,0.000594218821243732,-4.07491259483233,-0.594130628667438,-1.04283175120567,-3.29674314387176,-3.19793862615121,-8.56827128559423,-16.2837524534161,-10.3481378084434,-13.1294691969425,-7.74052346020187,0.312260539695008,1.4633313330042
0.038660048188079,1.25587608836705,0.801822742301904,0.0841815832601968,0.0929238823731716,0.000432336105813592,1.92766077403429e-07,7.29180921313751e-05,4.51771076266935e-06,0.000989254010016897,-4.07491259483233,-0.594130628667438,-1.04283175120567,-3.29674314387176,-3.19793862615121,-8.56827128559423,-16.2837524534161,-10.3481378084434,-13.1294691969425,-7.74052346020187,0.821964036087931,1.3447103667674
0.041375926895329,1.34410171888741,0.858151004031231,0.0900953619602828,0.0994518099200937,0.000462707832678552,2.06307945808587e-07,7.80406075723661e-05,4.8350811499528e-06,0.0010587493683464,-4.07491259483233,-0.594130628667438,-1.04283175120567,-3.29674314387176,-3.19793862615121,-8.56827128559423,-16.2837524534161,-10.3481378084434,-13.1294691969425,-7.74052346020187,0.889856551600517,2.35434415944663
0.0388100862232627,1.04253180574676,1.68446830583613,0.0852826425832814,0.199199632264921,0.000616104756972798,1.22066879300791e-07,5.17653099443226e-05,6.10170555243702e-07,0.000591160069820555,-4.36472550260351,-1.07399820734114,-0.594200422164643,-3.57743472258107,-2.72909817056914,-8.50774393954471,-17.034347142101,-10.9844407159135,-15.4251777107755,-8.54907412218636,1.11565039067616,2.38183031006655
0.134217952035594,3.60541543490384,5.82544148388612,0.294935228070959,0.688897379280122,0.00213069144563536,4.22147130951438e-07,0.000179021346338835,2.110169038175e-06,0.00204442457149129,-4.36472550260351,-1.07399820734114,-0.594200422164644,-3.57743472258107,-2.72909817056914,-8.50774393954471,-17.034347142101,-10.9844407159135,-15.4251777107755,-8.54907412218636,2.35643520996948,1.13516296455707
0.150423545170033,7.09686028211079,9.08929140388136,0.882527593915476,0.95575925786289,0.0060260194551341,7.79940689960401e-07,0.000528416520323946,5.76407436882673e-06,0.00618790478486169,-4.79504097561727,-0.941088173776107,-0.693643694448334,-3.02570586900144,-2.94598986619326,-8.01240925597801,-16.964788604897,-10.4463663672288,-14.9646066238463,-7.98589937968229,2.90074064623081,0.219279139859616
0.226415665494916,10.6821065936336,13.6810893518085,1.32836965295648,1.438597050597,0.00907029018414139,1.17395711000121e-06,0.00079536603111179,8.67601366996692e-06,0.00931395798643062,-4.79504097561727,-0.941088173776107,-0.693643694448334,-3.02570586900144,-2.94598986619326,-8.01240925597801,-16.964788604897,-10.4463663672288,-14.9646066238463,-7.98589937968229,3.30965823445251,0.704757136927256
0.198757159456057,9.37720081742801,12.009833559379,1.16609854866772,1.26286077755932,0.00796228082761606,1.03054874757472e-06,0.000698205633104336,7.616168380731e-06,0.00817618263572657,-4.79504097561727,-0.941088173776107,-0.693643694448334,-3.02570586900144,-2.94598986619326,-8.01240925597801,-16.964788604897,-10.4463663672288,-14.9646066238463,-7.98589937968229,3.17936947194119,1.31732685458455
0.571088044527466,38.7713213297388,50.1130319902645,10.0801860634018,9.85687581432773,0.0877432697034591,5.17832296593582e-06,0.00364138436014562,2.74124301184607e-05,0.0361180376555889,-5.25631942038442,-1.03842670039619,-0.781826438908177,-2.38553581159625,-2.40793826886504,-7.12944765085365,-16.8671368386016,-10.3114988836549,-15.2006215262216,-8.01707041312119,4.69610753273992,0.280133256397538
0.383501287542257,26.0360058175833,33.6522756430921,6.76912145338071,6.61916249545479,0.0589220125108497,3.4773859193449e-06,0.00244528948545502,1.84081987809609e-05,0.0242542530475822,-5.25631942038442,-1.03842670039619,-0.781826438908177,-2.38553581159625,-2.40793826886504,-7.12944765085365,-16.8671368386016,-10.3114988836549,-15.2006215262216,-8.01707041312119,4.29790711955013,0.300300512073959
0.317521455963604,21.5566172610698,27.8625389425994,5.60452172989141,5.48036259874331,0.0487847206997688,2.87911586199321e-06,0.00202458740790699,1.52411432985192e-05,0.0200814077843987,-5.25631942038442,-1.03842670039619,-0.781826438908177,-2.38553581159625,-2.40793826886504,-7.12944765085365,-16.8671368386016,-10.3114988836549,-15.2006215262216,-8.01707041312119,4.10910953528987,0.558727365130528
0.326468985984772,22.1640674867968,28.6476855806378,5.76245318772096,5.63479534008462,0.0501594396198203,2.9602473103592e-06,0.00208163884891198,1.56706279354127e-05,0.0206472876506047,-5.25631942038442,-1.03842670039619,-0.781826438908177,-2.38553581159625,-2.40793826886504,-7.12944765085365,-16.8671368386016,-10.3114988836549,-15.2006215262216,-8.01707041312119,4.13689909628011,1.24592235691685
0.408830900546728,27.7556400742712,35.8749516716971,7.21621050461502,7.05634701052662,0.0628137120248443,3.7070613923236e-06,0.00260679673031311,1.96240292524029e-05,0.0258562055399584,-5.25631942038442,-1.03842670039619,-0.781826438908177,-2.38553581159625,-2.40793826886504,-7.12944765085365,-16.8671368386016,-10.3114988836549,-15.2006215262216,-8.01707041312119,4.36186576585666,0.748428665613849
0.0479572141418419,3.25582819915436,4.20825025052421,0.846485312141607,0.827732796592494,0.00736825576195687,4.34850537938479e-07,0.00030578586122697,2.30196340815899e-06,0.00303301825844629,-5.25631942038442,-1.03842670039619,-0.781826438908177,-2.38553581159625,-2.40793826886504,-7.12944765085365,-16.8671368386016,-10.3114988836549,-15.2006215262216,-8.01707041312119,2.21887338275691,1.16201949215355
0.0328694852380954,2.23151821566107,2.88430055754911,0.580174160855342,0.567321338937963,0.00505014268097038,2.9804302842262e-07,0.000209583146800198,1.5777470317464e-06,0.00207880609115475,-5.25631942038442,-1.03842670039619,-0.781826438908177,-2.38553581159625,-2.40793826886504,-7.12944765085365,-16.8671368386016,-10.3114988836549,-15.2006215262216,-8.01707041312119,1.84110886841715,0.569376451357339
0.0444928612957706,3.02063235031504,3.90425294806906,0.785336560014306,0.767938696351798,0.0068359846891623,4.03437626957721e-07,0.000283696377140242,2.13567323415053e-06,0.00281391784521633,-5.25631942038442,-1.03842670039619,-0.781826438908177,-2.38553581159625,-2.40793826886504,-7.12944765085365,-16.8671368386016,-10.3114988836549,-15.2006215262216,-8.01707041312119,2.143892897386,0.539968218450563
0.0223605055034669,0.981043581312493,2.8605141055057,0.431866903410736,0.9283672282553,0.00243122731094775,1.383956887969e-07,0.000137879616600043,1.46469198174159e-06,0.000793049706851598,-5.45439525252696,-1.67307462407431,-0.602934863218553,-2.4935740612311,-1.72826413343555,-7.67329531196481,-17.4470851736252,-10.5430658260638,-15.0878018180378,-8.79356088532734,1.65393622906575,0.417896341281828
0.0314290556325523,1.3789166479375,4.02062721460836,0.607015298963149,1.3048768177334,0.0034172384161579,1.94523589899556e-07,0.000193798218919776,2.05871400230967e-06,0.00111467978003242,-5.45439525252696,-1.67307462407431,-0.602934863218553,-2.4935740612311,-1.72826413343555,-7.67329531196481,-17.4470851736252,-10.5430658260638,-15.0878018180378,-8.79356088532734,1.99437277721349,1.11770962556975
0.0197505145985548,0.866532984754156,2.5266255984867,0.381457994280314,0.82000518689675,0.00214744655436496,1.2224169402326e-07,0.000121785859451168,1.29372837135942e-06,0.000700482366560255,-5.45439525252696,-1.67307462407431,-0.602934863218553,-2.4935740612311,-1.72826413343555,-7.67329531196481,-17.4470851736252,-10.5430658260638,-15.0878018180378,-8.79356088532734,1.52981952017554,1.97766989750979
0.0213138065273142,0.935120768343809,2.72661296516525,0.411651141939505,0.884910204121483,0.00231742115675464,1.31917363620164e-07,0.000131425448848549,1.3961295068266e-06,0.000755926918367632,-5.45439525252696,-1.67307462407431,-0.602934863218553,-2.4935740612311,-1.72826413343555,-7.67329531196481,-17.4470851736252,-10.5430658260638,-15.0878018180378,-8.79356088532734,1.60599503004398,0.400286335962111
0.0129405730684908,0.889013014747635,2.67341019957699,0.35823829185574,0.598770513538233,0.00109146492255371,7.31075294223554e-08,0.000113315702634252,8.16196579959752e-07,0.000284618819282899,-5.8589620136541,-1.62921771316962,-0.528219423599422,-2.53813120365456,-2.02445117959259,-8.3318088287643,-17.9429087831765,-10.5969071154709,-15.5301849135376,-9.67593405847093,1.51157430935535,0.547729070575191
0.0681347485601339,4.68083429581692,14.0760483158045,1.88619745130416,3.15264850862649,0.00574678475727473,3.84926008197696e-07,0.00059663021614545,4.29744096006132e-06,0.00149857595831991,-5.8589620136541,-1.62921771316962,-0.528219423599422,-2.53813120365456,-2.02445117959259,-8.3318088287643,-17.9429087831765,-10.5969071154709,-15.5301849135376,-9.67593405847093,3.17269407554822,0.505433025545217
0.00668955608310921,0.459570251587156,1.38200428748958,0.185189259532978,0.30953103158771,0.000564226620685586,3.7792523992559e-08,5.85779118016418e-05,4.21928207320069e-07,0.000147132089423249,-5.8589620136541,-1.62921771316962,-0.528219423599422,-2.53813120365456,-2.02445117959259,-8.3318088287643,-17.9429087831765,-10.5969071154709,-15.5301849135376,-9.67593405847093,0.851754251320388,0.323880853021782
0.00121081433603062,0.0831825373943637,0.250143743913483,0.0335193856715834,0.0560253334954553,0.000102125413496599,6.84047331040584e-09,1.06026430607633e-05,7.63693010196558e-08,2.66310112286265e-05,-5.8589620136541,-1.62921771316962,-0.528219423599422,-2.53813120365456,-2.02445117959259,-8.3318088287643,-17.9429087831765,-10.5969071154709,-15.5301849135376,-9.67593405847093,-0.857500127101703,0.928908269528278
0.0203952206415099,1.4011447942055,4.21347575544384,0.564607839696508,0.943702931284992,0.0017202227289419,1.15222423708203e-07,0.00017859323116073,1.28638115538003e-06,0.000448578558868857,-5.8589620136541,-1.62921771316962,-0.528219423599422,-2.53813120365456,-2.02445117959259,-8.3318088287643,-17.9429087831765,-10.5969071154709,-15.5301849135376,-9.67593405847093,1.96650732579483,1.4007689778975
0.00371744506588639,0.255387224946739,0.767991919902419,0.10291129793265,0.172009112685343,0.000313545688391105,2.10016374925484e-08,3.25522600440968e-05,2.34469210359211e-07,8.17625942685563e-05,-5.8589620136541,-1.62921771316962,-0.528219423599422,-2.53813120365456,-2.02445117959259,-8.3318088287643,-17.9429087831765,-10.5969071154709,-15.5301849135376,-9.67593405847093,0.26424335674922,1.11740214995627
0.0114155615545808,0.784245236973779,2.35835604284212,0.316020878692354,0.528207029023083,0.000962838735358321,6.44920049372711e-08,9.99617537550632e-05,7.20010021956123e-07,0.000251077261719366,-5.8589620136541,-1.62921771316962,-0.528219423599422,-2.53813120365456,-2.02445117959259,-8.3318088287643,-17.9429087831765,-10.5969071154709,-15.5301849135376,-9.67593405847093,1.38618420788794,3.85256968550939
0.00816682876700401,0.56105838780513,1.68719601584488,0.226085102405054,0.37788560281806,0.000688826304716889,4.61383488359466e-08,7.15138298071222e-05,5.15103749537652e-07,0.000179623664937227,-5.8589620136541,-1.62921771316962,-0.528219423599422,-2.53813120365456,-2.02445117959259,-8.3318088287643,-17.9429087831765,-10.5969071154709,-15.5301849135376,-9.67593405847093,1.05128741237845,1.08732438383941
0.00674758690116539,0.463556949257757,1.39399295136559,0.18679574643471,0.312216163269641,0.000569121195446702,3.81203680313038e-08,5.90860657209213e-05,4.25588366339228e-07,0.000148408436523934,-5.8589620136541,-1.62921771316962,-0.528219423599422,-2.53813120365456,-2.02445117959259,-8.3318088287643,-17.9429087831765,-10.5969071154709,-15.5301849135376,-9.67593405847093,0.860391679515783,2.2963823599467
0.00169900228895567,0.116720885464137,0.350999142337709,0.0470340590507908,0.0786141747877987,0.000143301335413721,9.598482166985e-09,1.48775202714162e-05,1.07160621886673e-07,3.73683625046677e-05,-5.8589620136541,-1.62921771316962,-0.528219423599422,-2.53813120365456,-2.02445117959259,-8.3318088287643,-17.9429087831765,-10.5969071154709,-15.5301849135376,-9.67593405847093,-0.518752075402146,1.51676547779946
0.012642584373611,0.868541291695364,2.61184831881376,0.349988969319476,0.584982341799824,0.00106633124369285,7.142404777412e-08,0.000110706328369399,7.97401635381927e-07,0.000278064767151865,-5.8589620136541,-1.62921771316962,-0.528219423599422,-2.53813120365456,-2.02445117959259,-8.3318088287643,-17.9429087831765,-10.5969071154709,-15.5301849135376,-9.67593405847093,1.48827756242917,2.26920679288031
0.0027463333922215,0.188672179786678,0.56736866778189,0.0760276827068332,0.12707501027228,0.000231637853082908,1.55153599622498e-08,2.40486025124529e-05,1.73218597839259e-07,6.04036748074592e-05,-5.8589620136541,-1.62921771316962,-0.528219423599422,-2.53813120365456,-2.02445117959259,-8.3318088287643,-17.9429087831765,-10.5969071154709,-15.5301849135376,-9.67593405847093,-0.0385265552202227,1.68184758279499
0.00459624668161812,0.315760600193085,0.949544714393611,0.127239462383602,0.212671955974036,0.000387667686882055,2.59664110492124e-08,4.02475933215103e-05,2.89897580449702e-07,0.000101091218814752,-5.8589620136541,-1.62921771316962,-0.528219423599422,-2.53813120365456,-2.02445117959259,-8.3318088287643,-17.9429087831765,-10.5969071154709,-15.5301849135376,-9.67593405847093,0.476446766329115,1.14270416739896
0.00292489481266632,0.200939289277662,0.60425790909613,0.0809708593275997,0.135337187909389,0.000246698509663212,1.65241394212255e-08,2.56121973172566e-05,1.84480944561343e-07,6.43310078851748e-05,-5.8589620136541,-1.62921771316962,-0.528219423599422,-2.53813120365456,-2.02445117959259,-8.3318088287643,-17.9429087831765,-10.5969071154709,-15.5301849135376,-9.67593405847093,0.0244652532275532,1.60144115205496
0.00906745277445144,0.622930954018174,1.87325712726169,0.251017383558648,0.419558185368304,0.000764788899830404,5.122640759304e-08,7.94002535128603e-05,5.71908516283115e-07,0.000199432257668075,-5.8589620136541,-1.62921771316962,-0.528219423599422,-2.53813120365456,-2.02445117959259,-8.3318088287643,-17.9429087831765,-10.5969071154709,-15.5301849135376,-9.67593405847093,1.15589811861181,1.58717948307531
0.0077534321541417,0.532658179627175,1.60179185982743,0.214640903166974,0.358757415768813,0.000653958613799833,4.38028722787666e-08,6.78938720660563e-05,4.89029718673692e-07,0.000170531296676124,-5.8589620136541,-1.62921771316962,-0.528219423599422,-2.53813120365456,-2.02445117959259,-8.3318088287643,-17.9429087831765,-10.5969071154709,-15.5301849135376,-9.67593405847093,0.999342338603221,0.409798200076306
0.00461033759155173,0.316728640963329,0.952455774215958,0.127629545842703,0.213323953480832,0.000388856176281868,2.60460173855861e-08,4.03709820888726e-05,2.90786331854719e-07,0.000101401138485751,-5.8589620136541,-1.62921771316962,-0.528219423599422,-2.53813120365456,-2.02445117959259,-8.3318088287643,-17.9429087831765,-10.5969071154709,-15.5301849135376,-9.67593405847093,0.479507819270841,0.918200279491734
0.00280088377113151,0.192419772459254,0.578638303106148,0.077537819426233,0.1295990992922,0.00023623887227867,1.58235413240841e-08,2.45262795428623e-05,1.76659236245781e-07,6.16034720926819e-05,-5.8589620136541,-1.62921771316962,-0.528219423599422,-2.53813120365456,-2.02445117959259,-8.3318088287643,-17.9429087831765,-10.5969071154709,-15.5301849135376,-9.67593405847093,-0.018858265401383,1.17318109246525
0.00393753725506508,0.270507484272857,0.813461057960165,0.10900418496979,0.18219295171958,0.000332109232906882,2.22450442652509e-08,3.44795240786257e-05,2.4835101382593e-07,8.66033674465199e-05,-5.8589620136541,-1.62921771316962,-0.528219423599422,-2.53813120365456,-2.02445117959259,-8.3318088287643,-17.9429087831765,-10.5969071154709,-15.5301849135376,-9.67593405847093,0.321762200382784,1.01442896828911
0.021959281200413,1.50859522822871,4.53659710631422,0.607906260872667,1.01607324588409,0.00185214248456302,1.24058555054409e-07,0.000192289117753741,1.38503064116942e-06,0.000482978972761336,-5.8589620136541,-1.62921771316962,-0.528219423599422,-2.53813120365456,-2.02445117959259,-8.3318088287643,-17.9429087831765,-10.5969071154709,-15.5301849135376,-9.67593405847093,2.04039661855595,1.76809785617037
0.0164433302727977,0.657488613233586,2.70124634301653,0.161571995814336,0.304965012529939,0.000830405011636506,7.64293986362219e-08,3.79934497523214e-05,8.20128714163672e-07,0.000282298332445607,-5.45405401204792,-1.76554650687316,-0.352505398490585,-3.16902311465734,-2.53377689548843,-8.43981568388019,-17.7331170894037,-11.5243154615521,-15.3600232140312,-9.51876480326872,1.34621867351707,1.71146129247916
0.00617826359016386,0.271685194641203,0.554943056672159,0.0560629364373528,0.0775082308402659,0.000177774060308529,5.13344841612157e-08,6.19806525001936e-06,1.87584297020933e-07,5.79543764339466e-05,-5.05276803309421,-1.26916126923783,-0.554939784726329,-2.84733036799382,-2.52342115750772,-8.6010471516919,-16.7509531183633,-11.9573233846976,-15.4550875220931,-9.7219044838043,-0.0339499863638788,3.45543506535199
0.0288224576284898,0.67381089513779,0.808705300811607,0.179459155041967,0.172347759502043,0.000520437344069829,7.09391086016606e-08,1.32873681995787e-05,6.07214305206098e-07,5.90553542977156e-05,-4.16918511607688,-1.01739047758356,-0.834905403304183,-2.34039234459375,-2.38082568493594,-8.18342575271606,-17.084028652339,-11.8512814326081,-14.9369687509781,-10.3596200445993,0.62258469913414,0.505381453954296
0.10093228636277,2.35959317206793,2.83197484602857,0.628441302979398,0.60353817291581,0.00182250007000141,2.48419011174989e-07,4.65305377290864e-05,2.1263810646061e-06,0.000206803736449597,-4.16918511607688,-1.01739047758356,-0.834905403304183,-2.34039234459375,-2.38082568493594,-8.18342575271606,-17.084028652339,-11.8512814326081,-14.9369687509781,-10.3596200445993,1.87587969704415,0.183252753364398
0.0171015839583001,0.399800521653851,0.47983908165005,0.106480711901617,0.102261219953558,0.000308797502605999,4.20911754755811e-08,7.88395791153245e-06,3.60285946292742e-07,3.50400410932084e-05,-4.16918511607688,-1.01739047758356,-0.834905403304183,-2.34039234459375,-2.38082568493594,-8.18342575271606,-17.084028652339,-11.8512814326081,-14.9369687509781,-10.3596200445993,0.100600925453894,0.685195361279082
0.0502663962055384,0.45808518305115,1.02631415774299,0.0421447508139483,0.109171866706814,0.000335262924845591,4.15014505661683e-08,5.04792991365417e-06,4.77240437280849e-07,1.04615854154215e-05,-3.51297522449469,-1.30325685484454,-0.49658283536684,-3.68920187001629,-2.73738861163125,-8.52315221556518,-17.5200941887964,-12.7190890486821,-15.0778021435463,-11.9903572733384,0.522556731877395,1.43903792464149
0.122903652970784,1.12003936265026,2.50938536684572,0.103045856070481,0.266930240334767,0.000819733286641554,1.01472957347328e-07,1.23424210439068e-05,1.16687484114344e-06,2.55790579886353e-05,-3.51297522449469,-1.30325685484454,-0.49658283536684,-3.68920187001629,-2.73738861163125,-8.52315221556518,-17.5200941887964,-12.7190890486821,-15.0778021435463,-11.9903572733384,1.41662068475741,2.66526269760453
0.377886286846199,3.44373422305114,7.71549336103893,0.316830419471896,0.820718301929126,0.00252039675311232,3.11994299114932e-07,3.79486821281302e-05,3.58773714430409e-06,7.8646769324641e-05,-3.51297522449469,-1.30325685484454,-0.49658283536684,-3.68920187001629,-2.73738861163125,-8.52315221556518,-17.5200941887964,-12.7190890486821,-15.0778021435463,-11.9903572733384,2.53981326742497,1.61847175856329
0.282139712817565,2.57118138056997,5.76058766063489,0.236553817042987,0.612769592522017,0.0018817936529114,2.32943044024329e-07,2.83334713381474e-05,2.67869770032394e-06,5.87197198831262e-05,-3.51297522449469,-1.30325685484454,-0.49658283536684,-3.68920187001629,-2.73738861163125,-8.52315221556518,-17.5200941887964,-12.7190890486821,-15.0778021435463,-11.9903572733384,2.24762232928628,2.69471732291755
0.202679400943712,1.84704767977315,4.13820672205821,0.169932071775456,0.440192458865908,0.0013518154054349,1.67338217457477e-07,2.03537847973383e-05,1.9242836812626e-06,4.21822136651501e-05,-3.51297522449469,-1.30325685484454,-0.49658283536684,-3.68920187001629,-2.73738861163125,-8.52315221556518,-17.5200941887964,-12.7190890486821,-15.0778021435463,-11.9903572733384,1.9168453704405,3.4972718260691
0.0724416539526731,0.660171621927057,1.4790774886256,0.060737106394138,0.157333550569337,0.00048316574527277,5.98100112081854e-08,7.27484800157588e-06,6.87777306898171e-07,1.50767631592574e-05,-3.51297522449469,-1.30325685484454,-0.49658283536684,-3.68920187001629,-2.73738861163125,-8.52315221556518,-17.5200941887964,-12.7190890486821,-15.0778021435463,-11.9903572733384,0.888001410302911,2.69015063597835
0.0953500054778154,0.397500151256753,1.01019987734527,0.356226757076162,0.216949393642653,0.000221809624425248,9.22407344367067e-08,6.75789181680086e-06,8.59127534136415e-07,3.5248963808989e-05,-3.08088031654485,-1.65323939142639,-0.720531217423175,-1.7628672198814,-2.25877058871786,-9.14437051868903,-16.9295434258394,-12.635479005027,-14.6980278848963,-10.9837538516864,0.730679427058699,1.44160180009584
0.0742468547767983,0.309524219282632,0.786619394649585,0.277385577145009,0.168933499720125,0.000172718049571893,7.18257369772338e-08,5.26221482426728e-06,6.68982837936137e-07,2.74475568600521e-05,-3.08088031654485,-1.65323939142639,-0.720531217423175,-1.7628672198814,-2.25877058871786,-9.14437051868903,-16.9295434258394,-12.635479005027,-14.6980278848963,-10.9837538516864,0.480520454439877,0.498774876548468
0.0516939493853022,0.215504473195835,0.547679269307173,0.193128126817674,0.117618986154591,0.000120253957414606,5.0008259919226e-08,3.6637870735134e-06,4.65775487296646e-07,1.91102049957425e-05,-3.08088031654485,-1.65323939142639,-0.720531217423175,-1.7628672198814,-2.25877058871786,-9.14437051868903,-16.9295434258394,-12.635479005027,-14.6980278848963,-10.9837538516864,0.118465779061881,0.532215094045234
0.0278959983268443,0.116294314812165,0.295548321649112,0.104219197152389,0.0634716263699997,6.48935559136838e-05,2.69863369238289e-08,1.97711723108745e-06,2.51349962013283e-07,1.03125849915901e-05,-3.08088031654485,-1.65323939142639,-0.720531217423175,-1.7628672198814,-2.25877058871786,-9.14437051868903,-16.9295434258394,-12.635479005027,-14.6980278848963,-10.9837538516864,-0.498391713042275,0.460388580690849
0.0344525315837001,0.143627537796893,0.365012492717534,0.128714346030961,0.0783896739080642,8.0145806523918e-05,3.33290680011939e-08,2.44180878743348e-06,3.10425975918249e-07,1.27364024032956e-05,-3.08088031654485,-1.65323939142639,-0.720531217423175,-1.7628672198814,-2.25877058871786,-9.14437051868903,-16.9295434258394,-12.635479005027,-14.6980278848963,-10.9837538516864,-0.287292481938808,0.243078638141646
0.0412197085877752,0.171838903587815,0.436708360433881,0.153996458041777,0.0937869981174286,9.58880708496638e-05,3.98755739378329e-08,2.92142963139161e-06,3.71399942971962e-07,1.52380905375576e-05,-3.08088031654485,-1.65323939142639,-0.720531217423175,-1.7628672198814,-2.25877058871786,-9.14437051868903,-16.9295434258394,-12.635479005027,-14.6980278848963,-10.9837538516864,-0.107958456680331,0.46281615868369
0.00596681516789916,0.0248747749921508,0.0632163146771508,0.0222919674380943,0.0135762649007366,1.3880408551361e-05,5.77224312234733e-09,4.22895533077769e-07,5.37625055830507e-08,2.2058105907203e-06,-3.08088031654485,-1.65323939142639,-0.720531217423175,-1.7628672198814,-2.25877058871786,-9.14437051868903,-16.9295434258394,-12.635479005027,-14.6980278848963,-10.9837538516864,-2.04066165009368,0.38992997679897
0.438005362322618,6.51196337509778,21.1383580160186,6.02274216554033,4.74792241144133,0.00128701813769057,1.45194210422001e-06,0.00013862870220038,1.45076726024951e-05,0.00133321132446407,-4.48553501785299,-1.7863698874508,-0.608921586393312,-1.86446822708419,-2.10230375661811,-10.3154381493858,-17.1026194074014,-12.5437222979832,-14.800843795404,-10.2801756092874,3.66001089191806,0.863176440600769
0.00205086178978885,0.0460026142543977,0.197648666657637,0.049426375214379,0.0432140976969529,1.61624183803321e-05,9.05118148146387e-09,7.97952739313434e-07,9.74543584805268e-08,9.08199458671914e-06,-5.1058762298627,-1.99543809344716,-0.537645276195848,-1.9236521270025,-2.05796954234694,-9.94920290477644,-17.4367515782742,-12.957597506125,-15.0602627276492,-10.5255977622903,-1.08361895904339,1.1732620886846
0.0113631018017923,0.254884259643417,1.09510154775007,0.273854111501292,0.239434072957999,8.95502594730098e-05,5.01494040761083e-08,4.42117467641305e-06,5.39960226455144e-07,5.03201286239974e-05,-5.1058762298627,-1.99543809344716,-0.537645276195848,-1.9236521270025,-2.05796954234694,-9.94920290477644,-17.4367515782742,-12.957597506125,-15.0602627276492,-10.5255977622903,0.628492372835737,0.901063835028669
0.00794682973790506,0.178254304994322,0.765863555346606,0.191520945168577,0.167449156439858,6.26273246011911e-05,3.50721821032505e-08,3.09196582129099e-06,3.77623298614016e-07,3.51915789842977e-05,-5.1058762298627,-1.99543809344716,-0.537645276195848,-1.9236521270025,-2.05796954234694,-9.94920290477644,-17.4367515782742,-12.957597506125,-15.0602627276492,-10.5255977622903,0.270894024908585,0.78720380614488
0.0141975122265613,0.257581231765424,0.826900107908379,0.282835582377621,0.0548216779974436,0.000135346362226911,6.0603834361941e-08,4.75291862206024e-06,2.38282985902372e-07,3.72731081700373e-05,-4.61690771965952,-1.71863934008322,-0.55229057438005,-1.62510872579508,-3.26588877397941,-9.26989261367544,-16.981126867197,-12.6189708764868,-15.6120260478221,-10.5594576465439,0.362219194623522,1.63701837768612
0.0354590274669342,0.754698700602643,2.23655925662659,0.44948540765904,0.092396121047009,0.000792816882735843,1.36558860655639e-07,6.27364682705229e-06,5.63959597520284e-07,0.000135747557814476,-4.61181247454114,-1.55387175106161,-0.467496430838819,-2.07208695872089,-3.65410535085498,-8.41235334972832,-17.0789451713014,-13.251587810921,-15.6607182932452,-10.1771486592576,1.27243506962857,2.23881226964985
0.0547014573196889,1.16424847801415,3.45026526272894,0.69340612530369,0.142536409851366,0.00122305212442007,2.10664793182655e-07,9.67814541639129e-06,8.70001634493559e-07,0.000209413223387612,-4.61181247454114,-1.55387175106161,-0.467496430838819,-2.07208695872089,-3.65410535085498,-8.41235334972832,-17.0789451713014,-13.251587810921,-15.6607182932452,-10.1771486592576,1.70594754667389,1.06207546746537
0.5104328677845,10.8638913580206,32.1952810576782,6.4703445652207,1.33004259866313,0.0114126027697796,1.96576544381657e-06,9.03091756925813e-05,8.11820106869276e-06,0.00195408673558796,-4.61181247454114,-1.55387175106161,-0.467496430838819,-2.07208695872089,-3.65410535085498,-8.41235334972832,-17.0789451713014,-13.251587810921,-15.6607182932452,-10.1771486592576,3.93931632164575,0.824505084908993
0.116877814253427,2.48759034997766,7.37200583424196,1.48156550641408,0.304550278022703,0.00261323310245295,4.50116720354297e-07,2.06787997563548e-05,1.85888812508687e-06,0.000447442554999336,-4.61181247454114,-1.55387175106161,-0.467496430838819,-2.07208695872089,-3.65410535085498,-8.41235334972832,-17.0789451713014,-13.251587810921,-15.6607182932452,-10.1771486592576,2.46518626205167,1.20643696358414
0.0644937928269831,1.37266544292137,4.06791160520844,0.817535641307329,0.168052445724279,0.0014419957747736,2.48376774462481e-07,1.14106705016338e-05,1.02574424747489e-06,0.000246901155950195,-4.61181247454114,-1.55387175106161,-0.467496430838819,-2.07208695872089,-3.65410535085498,-8.41235334972832,-17.0789451713014,-13.251587810921,-15.6607182932452,-10.1771486592576,1.87062617948926,1.22044352877157
0.0854585998423386,1.81887374989279,5.39025563275707,1.08328954097583,0.222680758599591,0.00191074108823636,3.29115879971001e-07,1.51199035068057e-05,1.35917990465685e-06,0.000327160586501135,-4.61181247454114,-1.55387175106161,-0.467496430838819,-2.07208695872089,-3.65410535085498,-8.41235334972832,-17.0789451713014,-13.251587810921,-15.6607182932452,-10.1771486592576,2.15208924186275,1.14124014897329
0.0297193006541323,0.632536174530117,1.8745290473759,0.376727533836652,0.0774400285860146,0.000664484194431732,1.14454177870366e-07,5.25813620875176e-06,4.72671870403609e-07,0.000113774200026063,-4.61181247454114,-1.55387175106161,-0.467496430838819,-2.07208695872089,-3.65410535085498,-8.41235334972832,-17.0789451713014,-13.251587810921,-15.6607182932452,-10.1771486592576,1.09585388397868,0.663902637837394
0.0657925817558707,0.718875416190547,1.28174625922299,0.286702351805016,0.0995366753566855,0.00069234071497769,1.75681457160195e-07,5.65600237510004e-06,4.12218359009541e-07,0.000105767486619727,-3.61874649609314,-1.22756551981559,-0.649274896628739,-2.14680901292355,-3.20472741599724,-8.17293067064705,-16.4520916940739,-12.9802915192586,-15.5992109402143,-10.0517657054161,0.897498309814238,0.49861726821908
0.0226801094380696,0.247811724003133,0.441845336589481,0.0988324297595977,0.0343124198799174,0.000238664645239039,6.05611539826406e-08,1.94974493211469e-06,1.42100480710861e-07,3.6460313723909e-05,-3.61874649609314,-1.22756551981559,-0.649274896628739,-2.14680901292355,-3.20472741599724,-8.17293067064705,-16.4520916940739,-12.9802915192586,-15.5992109402143,-10.0517657054161,-0.167520478729383,1.11361671762666
0.0250085930345757,0.438291992296059,0.365824407372033,0.0606631875564726,0.0282915045749327,0.000147619388796579,3.21072527550729e-08,1.73901656756077e-06,1.82871557351664e-07,2.73713545724332e-05,-3.60325741727186,-0.739591567122006,-0.920323447463922,-2.71713985567043,-3.47991533658027,-8.73559491949678,-17.1689055152883,-13.1769124210578,-15.4292034284103,-10.4207351704811,-0.0852783745177126,0.235050839916071
0.0183808019314802,0.322135607045533,0.268873421399996,0.0445861961712984,0.0207936744468771,0.000108497217055143,2.35981709422456e-08,1.27814143881283e-06,1.34406836479567e-07,2.01173831049447e-05,-3.60325741727186,-0.739591567122006,-0.920323447463922,-2.71713985567043,-3.47991533658027,-8.73559491949678,-17.1689055152883,-13.1769124210578,-15.4292034284103,-10.4207351704811,-0.39319111507728,1.39820610218723
0.115321772645964,2.02108968778179,1.68692093461537,0.279735301929818,0.130460216370104,0.000680715207344892,1.48055722182687e-07,8.01910259223863e-06,8.43273035438862e-07,0.000126217141630085,-3.60325741727186,-0.739591567122006,-0.920323447463922,-2.71713985567043,-3.47991533658027,-8.73559491949678,-17.1689055152883,-13.1769124210578,-15.4292034284103,-10.4207351704811,1.44322838248153,2.73242733238949
0.019321923198519,0.260105063301297,0.255102218631931,0.0295369816687068,0.0191903006595969,5.20077235740796e-05,2.62221545814263e-08,9.91870384784683e-07,1.07488537969789e-07,2.06515551027882e-05,-3.40751316251697,-0.807667891770241,-0.827089208567227,-2.98311043667009,-3.41434855337287,-9.3251165719434,-16.917659440584,-13.2846716504995,-15.506879870402,-10.2487181855534,-0.539001748198217,0.618288308264331
0.0257252659047598,0.346304653416339,0.33964385117231,0.0393256250759624,0.0255500232657098,6.92432375544785e-05,3.49122544517002e-08,1.32057917472719e-06,1.43110558538947e-07,2.74955417691934e-05,-3.40751316251697,-0.807667891770241,-0.827089208567227,-2.98311043667009,-3.41434855337287,-9.3251165719434,-16.917659440584,-13.2846716504995,-15.506879870402,-10.2487181855534,-0.252768498364669,0.663199558541191
0.018604525384089,0.250447701452927,0.245630605882906,0.0284403120527334,0.018477789818414,5.00767446108477e-05,2.52485601729875e-08,9.55043530701292e-07,1.03497628709695e-07,1.9884789789465e-05,-3.40751316251697,-0.807667891770241,-0.827089208567227,-2.98311043667009,-3.41434855337287,-9.3251165719434,-16.917659440584,-13.2846716504995,-15.506879870402,-10.2487181855534,-0.576837265118875,1.48125826583581
0.0373314344873745,0.502542890306646,0.492877011496029,0.0570677092953474,0.0370771296680071,0.000100482902529705,5.06632096513744e-08,1.91636949951206e-06,2.0767608235139e-07,3.99003850942352e-05,-3.40751316251697,-0.807667891770241,-0.827089208567227,-2.98311043667009,-3.41434855337287,-9.3251165719434,-16.917659440584,-13.2846716504995,-15.506879870402,-10.2487181855534,0.119593602922975,1.54763950916319
0.0979947968272799,1.31917214296303,1.29379926771164,0.149802402575427,0.0973272481662571,0.00026376703047251,1.3299062853005e-07,5.03045870938049e-06,5.4514849952505e-07,0.000104738277120376,-3.40751316251697,-0.807667891770241,-0.827089208567227,-2.98311043667009,-3.41434855337287,-9.3251165719434,-16.917659440584,-13.2846716504995,-15.506879870402,-10.2487181855534,1.0846722671967,0.944735498956426
0.0247397171081863,0.242545860578961,0.322959297751513,0.049368704201618,0.0195668498304961,0.000116629624702142,2.63500207668982e-08,1.29244058082559e-06,1.79280749932049e-07,2.63796815552973e-05,-3.28280655631646,-1.00002568033619,-0.713690186493999,-2.59189978337255,-3.51737968948757,-8.63996845475758,-17.0352579834828,-13.1424394135435,-15.1177740340822,-10.1263776918333,-0.416538790359017,1.69100967955056
0.0059247132935453,0.454851881288354,0.788021753237471,0.101356042215993,0.0226889704831456,0.000199777640139077,4.21435903439834e-08,2.13927619898953e-06,2.38426205418167e-07,4.33057453185071e-05,-5.44568582942158,-1.10484629567419,-0.555292430888764,-2.60617863754993,-4.10293920138813,-8.83536845624296,-17.2992460788352,-13.3721058579274,-15.5662688327549,-10.364288092433,0.317062847014786,0.988010007053233
0.0286527941665203,1.69611129551825,3.23252240344558,0.614920874192234,0.167017514631452,0.00123870469528028,3.08022783664211e-07,1.39664104811335e-05,1.00931403800411e-06,0.000309807350384413,-5.30010091414694,-1.21925844362316,-0.574333838870461,-2.23385828050031,-3.53725319522932,-8.44128564711832,-16.7406886849702,-12.9264519637094,-15.553836229342,-9.82715650523554,1.74759660119727,1.43861710297034
0.0447835157707933,2.65097450916728,5.05234209246157,0.961104125033481,0.261043703347997,0.00193606078813978,4.81430994472016e-07,2.18291088962642e-05,1.57752960761696e-06,0.000484220222335578,-5.30010091414694,-1.21925844362316,-0.574333838870461,-2.23385828050031,-3.53725319522932,-8.44128564711832,-16.7406886849702,-12.9264519637094,-15.553836229342,-9.82715650523554,2.19418575533017,0.870807365876678
0.00710244361162348,0.420431416407267,0.801276411659995,0.152426350085736,0.0414002373705478,0.00030704964404349,7.63525692941534e-08,3.46198846515794e-06,2.50188376033512e-07,7.67949270072528e-05,-5.30010091414694,-1.21925844362316,-0.574333838870461,-2.23385828050031,-3.53725319522932,-8.44128564711832,-16.7406886849702,-12.9264519637094,-15.553836229342,-9.82715650523554,0.35278453065013,0.910281702518813
0.00331117999742571,0.196006356744435,0.373557408094813,0.0710616104939593,0.0193009118221918,0.000143147442650529,3.55957912548738e-08,1.61398915415384e-06,1.16638553096689e-07,3.58020197153046e-05,-5.30010091414694,-1.21925844362316,-0.574333838870461,-2.23385828050031,-3.53725319522932,-8.44128564711832,-16.7406886849702,-12.9264519637094,-15.553836229342,-9.82715650523554,-0.410349744284816,0.71706808494227
0.000612822631226582,0.0362762312440418,0.0691368134383583,0.0131518561829811,0.00357215118995149,2.64932720440009e-05,6.58795549452559e-09,2.98711964009414e-07,2.15870913289963e-08,6.62612360011129e-06,-5.30010091414694,-1.21925844362316,-0.574333838870461,-2.23385828050031,-3.53725319522932,-8.44128564711832,-16.7406886849702,-12.9264519637094,-15.553836229342,-9.82715650523554,-2.09733409522011,1.1339638857525
0.000318898448694576,0.0188772954501632,0.0359771676660338,0.00684391587466704,0.00185886325819588,1.37864741365132e-05,3.42821671430137e-09,1.55442663301205e-07,1.12334133660605e-08,3.44807849655398e-06,-5.30010091414694,-1.21925844362316,-0.574333838870461,-2.23385828050031,-3.53725319522932,-8.44128564711832,-16.7406886849702,-12.9264519637094,-15.553836229342,-9.82715650523554,-2.7505369343645,1.1272967894616
0.00654133308137266,0.418879506826689,0.44383126012859,0.0968582306032312,0.0174838087287888,0.000247972703760783,4.02692139756844e-08,3.85387601741265e-07,1.10276726596065e-07,6.94777171036879e-05,-5.01339561016771,-0.853953284578497,-0.796092144496053,-2.31828822069868,-4.0302613527819,-8.28597319429306,-17.0114598920846,-14.7527975622852,-16.0040542448485,-9.55828578497074,-0.0162186890445981,1.05306891767938
0.0978015654867283,3.21473357230324,3.59466282951689,0.326534711959583,0.3572844399115,0.00200223967862316,3.10474977693389e-07,1.73568197621055e-06,8.26289759376712e-07,0.000179260377606443,-4.35206800143152,-0.859508822329313,-0.747803108338886,-3.14647232695724,-3.05647637037106,-8.24074219204674,-17.0124158323428,-15.291363458319,-16.0335736330477,-10.6539244919476,2.0272533063838,0.4374854274549
0.101562844717342,3.33836667119368,3.73290735121174,0.339092672806689,0.37102498216737,0.00207924235726574,3.22415308908044e-07,1.80243330616709e-06,8.58067435888793e-07,0.000186154422009593,-4.35206800143152,-0.859508822329313,-0.747803108338886,-3.14647232695724,-3.05647637037106,-8.24074219204674,-17.0124158323428,-15.291363458319,-16.0335736330477,-10.6539244919476,2.06499048910766,0.500724509664326
0.102438774108723,3.36715843549139,3.76510183407927,0.342017179690482,0.374224889453559,0.00209717479601933,3.25195981762274e-07,1.81797840352302e-06,8.65467843872383e-07,0.000187759911989985,-4.35206800143152,-0.859508822329313,-0.747803108338886,-3.14647232695724,-3.05647637037106,-8.24074219204674,-17.0124158323428,-15.291363458319,-16.0335736330477,-10.6539244919476,2.07357801678918,1.03427527649972
0.00705792017334328,0.231993555716262,0.259411423268652,0.0235646118686016,0.0257836880577871,0.000144493063575147,2.24056496179279e-08,1.25256735650792e-07,5.96297935795645e-08,1.29364538194569e-05,-4.35206800143152,-0.859508822329313,-0.747803108338886,-3.14647232695724,-3.05647637037106,-8.24074219204674,-17.0124158323428,-15.291363458319,-16.0335736330477,-10.6539244919476,-0.601536862457381,2.95557799871743
0.0191564497764484,0.477730052303544,0.586424697788542,0.049967898928102,0.0542890229479768,0.000402711058266158,5.64722479667769e-08,2.3464615704176e-07,9.97319924393699e-08,5.38804697343815e-05,-4.12740816924703,-0.911001802287424,-0.706003363782901,-3.16866685330983,-3.08572558026652,-7.98958358230944,-16.8618088580282,-15.4374795243796,-16.2930716765309,-10.0010348404354,0.172292352133864,2.32754902466778
0.0299660111629943,0.747302566356841,0.917331198904694,0.078163680355415,0.0849231191933695,0.000629952011374326,8.83382898564183e-08,3.67051799436852e-07,1.56008552399937e-07,8.42840284274842e-05,-4.12740816924703,-0.911001802287424,-0.706003363782901,-3.16866685330983,-3.08572558026652,-7.98958358230944,-16.8618088580282,-15.4374795243796,-16.2930716765309,-10.0010348404354,0.619716668407775,2.11052942962982
0.0166850119496664,0.416096496188928,0.510768080952593,0.0435213727201216,0.0472850140393101,0.000350755954148377,4.91865738769935e-08,2.04373669436305e-07,8.68652336436962e-08,4.69291696458832e-05,-4.12740816924703,-0.911001802287424,-0.706003363782901,-3.16866685330983,-3.08572558026652,-7.98958358230944,-16.8618088580282,-15.4374795243796,-16.2930716765309,-10.0010348404354,0.0341637186601413,1.68982643304601
0.0234900434086708,0.750099599115492,0.938195295955197,0.0842695789539329,0.0754464488972042,0.000452810814958055,6.65116320585411e-08,3.24855960102832e-07,9.89542137703289e-08,7.82793286704964e-05,-4.37820339636238,-0.914574046461309,-0.690821911017625,-3.1007591096169,-3.21135692453252,-8.32706091074905,-17.1529137504207,-15.5669087165555,-16.7556333449736,-10.0822517554892,0.627024764013201,0.806095059627023
0.0200998188574021,0.55616330945796,0.888799431652899,0.0422444841030422,0.0314974187943166,0.000322444409116683,3.30695501436592e-08,6.69221028662254e-08,3.40203969241365e-08,5.15460040833714e-05,-4.33829336527643,-1.0179421950619,-0.549132569360519,-3.59553037672515,-3.8890985687948,-8.47082870066785,-17.6559018024495,-16.9509854269869,-17.6275544719198,-10.3042847551115,0.431248889249163,1.7367252203266
0.031740424892826,0.466588289522401,0.903228014018218,0.0620173849382844,0.025746040547758,0.000907766731316621,1.75816696540562e-08,1.80983187427473e-07,2.94670373159182e-08,0.00011247198794967,-3.84916887561428,-1.16131271548397,-0.500784948529621,-3.1793452293203,-4.05847912713937,-7.40352781451304,-18.255413672874,-15.9238663954442,-17.7389982757638,-9.49181106163567,0.399004698308291,3.53990449762432
0.0359805281641835,0.528918347782842,1.02388739617683,0.0703020918269212,0.0291853729171152,0.00102903242640676,1.99303494612045e-08,2.05160160724556e-07,3.34034459097639e-08,0.00012749676615134,-3.84916887561428,-1.16131271548397,-0.500784948529621,-3.1793452293203,-4.05847912713937,-7.40352781451304,-18.255413672874,-15.9238663954442,-17.7389982757638,-9.49181106163567,0.524391504429319,6.04016249466851
0.0500823849209115,0.736217438624527,1.42517982106897,0.0978556069981756,0.0406240029002776,0.0014323413441914,2.77416559526199e-08,2.85568630147885e-07,4.64952662202147e-08,0.000177466603309039,-3.84916887561428,-1.16131271548397,-0.500784948529621,-3.1793452293203,-4.05847912713937,-7.40352781451304,-18.255413672874,-15.9238663954442,-17.7389982757638,-9.49181106163567,0.855082944512755,1.51978319042755
0.0500863493454954,0.736275716170962,1.42529263554312,0.0978633530584856,0.0406272186176611,0.00143245472555785,2.77438519283713e-08,2.85591235207519e-07,4.64989466954303e-08,0.000177480651221616,-3.84916887561428,-1.16131271548397,-0.500784948529621,-3.1793452293203,-4.05847912713937,-7.40352781451304,-18.255413672874,-15.9238663954442,-17.7389982757638,-9.49181106163567,0.855162099442985,1.29580477613235
0.181564784501436,2.66902546276801,5.16673611883324,0.354758109561641,0.147275101691391,0.00519269894796927,1.00572442640352e-07,1.03527830943054e-06,1.68560323254202e-07,0.000643373626014237,-3.84916887561428,-1.16131271548397,-0.500784948529621,-3.1793452293203,-4.05847912713937,-7.40352781451304,-18.255413672874,-15.9238663954442,-17.7389982757638,-9.49181106163567,2.14302612605119,2.67852992575256
0.086181477212637,1.26687869418681,2.45244116204381,0.168389360410047,0.0699055483432968,0.00246476466945581,4.77376805057712e-08,4.9140484085569e-07,8.0008784177924e-08,0.000305383500670633,-3.84916887561428,-1.16131271548397,-0.500784948529621,-3.1793452293203,-4.05847912713937,-7.40352781451304,-18.255413672874,-15.9238663954442,-17.7389982757638,-9.49181106163567,1.39786886968751,2.69501417332042
0.107182666704166,1.57559885517631,3.0500658863663,0.209423431543492,0.0869405274913631,0.00306539245572074,5.93706683195466e-08,6.11153150047492e-07,9.95057769407847e-08,0.000379801078236013,-3.84916887561428,-1.16131271548397,-0.500784948529621,-3.1793452293203,-4.05847912713937,-7.40352781451304,-18.255413672874,-15.9238663954442,-17.7389982757638,-9.49181106163567,1.61594814100293,2.11409540389078
0.0133685323233543,0.792086060115453,1.11023394149522,0.201221304259495,0.034987584249016,0.000957477993327839,2.60728297273864e-08,3.97754933586436e-07,1.70277593196127e-08,0.000129512364185435,-5.08170685112655,-0.99994041467143,-0.662284432140715,-2.37020514374289,-4.11961719953112,-7.71806300400561,-18.2292272548174,-15.5042849494307,-18.6552761068325,-9.71858938840925,0.766855183362393,2.87334420450427
0.0152039575750833,0.66506840523801,1.12845544560253,0.351064772518298,0.0336659783749833,0.00217574231271932,3.26302512362877e-08,3.08161315362295e-07,1.91087256615111e-08,0.000280980628619518,-4.97279862682584,-1.19446448718515,-0.665749273170972,-1.83338364404016,-4.17786660391359,-6.91698448805267,-18.0246251354099,-15.7792415484945,-18.5597198738852,-8.96382393689209,0.786599108588184,1.85822993401163
0.0147076598344428,0.643358798034688,1.09161964904756,0.339605081674063,0.0325670310172677,0.0021047202785755,3.1565112775783e-08,2.98102107829529e-07,1.84849658722922e-08,0.000271808671222309,-4.97279862682584,-1.19446448718515,-0.665749273170972,-1.83338364404016,-4.17786660391359,-6.91698448805267,-18.0246251354099,-15.7792415484945,-18.5597198738852,-8.96382393689209,0.753411783087805,0.883109223499578
0.00792511495109954,0.346669183719213,0.588211265351761,0.182993714876495,0.0175485065151868,0.00113411313121066,1.70086301973531e-08,1.60630140913481e-07,9.9604886878061e-09,0.000146462114870094,-4.97279862682584,-1.19446448718515,-0.665749273170972,-1.83338364404016,-4.17786660391359,-6.91698448805267,-18.0246251354099,-15.7792415484945,-18.5597198738852,-8.96382393689209,0.135080172372457,0.47993644504618
0.114560235068593,1.07802908691547,2.38514857761484,0.816708051413012,0.0347711605577514,0.00185043607405913,5.89133648708317e-08,1.36367687938111e-06,3.31594938543544e-08,0.00101998071405833,-3.65552555073136,-1.41373657246587,-0.619609607791219,-1.69134461708083,-4.84783798226949,-7.78120497884587,-18.1360688910896,-14.9941969454407,-18.7108077974216,-8.37684258653569,1.48887102688502,2.76676024312243
0.0228667635974966,0.215179693608008,0.476086913024993,0.163018781592509,0.00694048775309019,0.000369355773689315,1.17593856753852e-08,2.72196341125775e-07,6.61879147267951e-09,0.000203592964420966,-3.65552555073136,-1.41373657246587,-0.619609607791219,-1.69134461708083,-4.84783798226949,-7.78120497884587,-18.1360688910896,-14.9941969454407,-18.7108077974216,-8.37684258653569,-0.122545243238454,0.414830784207537
0.0212448105017767,0.199916870397565,0.442317786094535,0.15145576278851,0.00644819484294862,0.000343157149734371,1.09252854793241e-08,2.52889293311587e-07,6.14931667038557e-09,0.000189151994779528,-3.65552555073136,-1.41373657246587,-0.619609607791219,-1.69134461708083,-4.84783798226949,-7.78120497884587,-18.1360688910896,-14.9941969454407,-18.7108077974216,-8.37684258653569,-0.196117074385978,0.861359724862121
0.0326474208830982,0.31649498556904,1.17517269494818,0.199016728182876,0.00986936933298389,0.000214016775551689,8.98671393279167e-09,4.34926835400407e-07,1.2055505812808e-08,0.000198889148295534,-3.97219798961983,-1.70065645128651,-0.388793459158914,-2.16457496694944,-5.16852789532499,-8.99966472596567,-19.0777271503799,-15.1982965848652,-18.7839529378165,-9.07297150256665,0.550208570379333,0.715129725848987
0.0550980024091538,0.534138409885724,1.98330116823861,0.335874132543159,0.0166562172623901,0.000361189230143783,1.51665881262821e-08,7.34012034534201e-07,2.03456895016642e-08,0.000335658820069769,-3.97219798961983,-1.70065645128651,-0.388793459158914,-2.16457496694944,-5.16852789532499,-8.99966472596567,-19.0777271503799,-15.1982965848652,-18.7839529378165,-9.07297150256665,1.07355617222202,0.720219090255697
0.199549847358428,0.708962286924291,2.28244890803963,0.345758590825761,0.0216388501210447,0.00042121614104651,2.8909739646402e-08,1.20055498560253e-06,3.2507894625928e-08,0.000355689288443778,-2.88120921401295,-1.61347094738731,-0.444269052570314,-2.33153246341309,-5.10278296474743,-9.04188245846211,-18.6286052882139,-14.9022446216791,-18.5113008671383,-9.21097099507767,1.26951800159631,1.06281153533862
0.09863738114954,0.787490107687222,1.93085081324391,0.529455808957285,0.0157320380705082,0.000527147025141326,7.85027084203579e-08,4.46388868576111e-07,4.07350048855879e-08,0.000284559931148855,-3.52913198640816,-1.45173148637906,-0.554866274695911,-1.84873259183418,-5.36488302082552,-8.7608580795949,-17.5729597269339,-15.8349023785264,-18.2290050595987,-9.3773936886314,1.21282701635079,0.534705654201984
0.205153827751184,1.63788421818799,4.0159362559812,1.10120407260218,0.0327207372182666,0.00109640208139181,1.63276142711608e-07,9.28434879217556e-07,8.47238853905897e-08,0.000591850254127243,-3.52913198640816,-1.45173148637906,-0.554866274695911,-1.84873259183418,-5.36488302082552,-8.7608580795949,-17.5729597269339,-15.8349023785264,-18.2290050595987,-9.3773936886314,1.94513678444473,0.573684949301368
0.0704498744175733,0.562449839453232,1.37907348843615,0.378153746743806,0.0112363091303033,0.000376504741792579,5.60690671751415e-08,3.18824763655399e-07,2.90942028787054e-08,0.000203241521419932,-3.52913198640816,-1.45173148637906,-0.554866274695911,-1.84873259183418,-5.36488302082552,-8.7608580795949,-17.5729597269339,-15.8349023785264,-18.2290050595987,-9.3773936886314,0.876278163193866,0.592829963724533
0.38268577399023,6.97936644595429,12.415999398822,2.18452816000706,0.125457699493956,0.00500816963532417,7.15403654763599e-07,2.90695350699924e-06,5.06425719957991e-07,0.0043559539821792,-4.05600127386772,-1.1525020682812,-0.576474298859401,-2.31406035372944,-5.17124684693208,-8.39214498677041,-17.2458791153157,-15.8438651438604,-17.5913483914804,-8.53167185208589,3.09546021388064,0.659797790440487
0.401443550353532,7.32146799204963,13.0245836626728,2.29160528037526,0.131607150636663,0.00525365073860472,7.50469974646938e-07,3.04944112344302e-06,5.31248749830638e-07,0.00456946599699645,-4.05600127386772,-1.1525020682812,-0.576474298859401,-2.31406035372944,-5.17124684693208,-8.39214498677041,-17.2458791153157,-15.8438651438604,-17.5913483914804,-8.53167185208589,3.14331292150986,0.987325102083394
0.0694872806477033,1.26729872897123,2.25447114417608,0.396662044043208,0.0227803460872165,0.000909372944158519,1.29901495988769e-07,5.27838524187834e-07,9.19557206504222e-08,0.000790944993047729,-4.05600127386772,-1.1525020682812,-0.576474298859401,-2.31406035372944,-5.17124684693208,-8.39214498677041,-17.2458791153157,-15.8438651438604,-17.5913483914804,-8.53167185208589,1.38938971844428,0.321820763593442
0.0938643094329789,1.71188336817017,3.04536852085979,0.535816173770792,0.0307719835082007,0.001228392629915,1.75472605945182e-07,7.13011044657297e-07,1.24214966204021e-07,0.00106841863546651,-4.05600127386772,-1.1525020682812,-0.576474298859401,-2.31406035372944,-5.17124684693208,-8.39214498677041,-17.2458791153157,-15.8438651438604,-17.5913483914804,-8.53167185208589,1.69009621761124,0.29173065525505
0.0406283473756329,0.288132620014319,0.82213541391294,0.0926035937019532,0.00966333971691354,0.000123455829060749,3.903561007641e-08,1.85627106758103e-07,4.31926526775697e-08,0.000237265956208197,-3.42924827241642,-1.47029344630498,-0.421809188001662,-2.60538635683506,-4.86537499174714,-9.22558615292717,-17.2847505561658,-15.7254850055436,-17.1835544606976,-8.57228789553507,0.2259590276284,0.415524985812433
0.193422537373962,0.880431180420481,2.69566660901138,0.686353964217467,0.0320394419148147,0.000900771670209584,1.31545854714704e-07,2.72605557311424e-06,1.09787691653876e-07,0.000908943999696317,-3.14466993836053,-1.62913528180779,-0.510146243991112,-1.87815356955387,-4.94257934337129,-8.51405051871166,-17.3457021091058,-14.3144466066241,-17.5265091800729,-8.50501884022781,1.50179176804855,0.245917981770413
0.0673715678289419,0.226927267295885,1.05501445129883,0.171507882033381,0.0127150540922395,0.000233792514847668,5.15128493765951e-08,5.34464010636662e-07,6.78780577300551e-08,0.000119920040465577,-3.12533956875035,-1.91093309761606,-0.374252911637624,-2.19093343043935,-4.79277600229572,-8.78888390101811,-17.2092419343245,-14.8698088178995,-16.9333603866625,-9.45649274311731,0.427807376385419,0.215693330748404
0.0770257715816429,0.668119699565542,1.5779809879331,0.222199625956847,0.0597201962632811,0.00102323101946499,1.14983912209194e-07,6.45357582413602e-07,7.44392248452403e-08,0.000142537207624529,-3.52151338269188,-1.36118609596265,-0.501751991284278,-2.4620772505713,-3.77598318535612,-7.84268815745916,-16.9363717776331,-15.2113594478606,-17.3711809838056,-9.81380565163155,0.957898165430752,0.407912134024727
0.0190346396209014,0.165106008595776,0.389951295743966,0.0549100608424889,0.0147580788951418,0.00025286126064702,2.84148705837175e-08,1.59481025059757e-07,1.83954511521711e-08,3.5223852017201e-05,-3.52151338269188,-1.36118609596265,-0.501751991284278,-2.4620772505713,-3.77598318535612,-7.84268815745916,-16.9363717776331,-15.2113594478606,-17.3711809838056,-9.81380565163155,-0.439981439080441,0.679629108147289
0.0970337361367459,0.841668305350093,1.98787221040176,0.27991747998171,0.0752329207128248,0.00128902218972854,1.44851760237826e-07,8.12993574486879e-07,9.37753164108307e-08,0.000179562210287594,-3.52151338269188,-1.36118609596265,-0.501751991284278,-2.4620772505713,-3.77598318535612,-7.84268815745916,-16.9363717776331,-15.2113594478606,-17.3711809838056,-9.81380565163155,1.18881681697057,2.18285733727867
0.0533789882614006,0.463008066884707,1.09354345827375,0.153984711637278,0.0413861956829258,0.000709100804252635,7.96840430680899e-08,4.47233881708644e-07,5.15865070561503e-08,9.87785227771201e-05,-3.52151338269188,-1.36118609596265,-0.501751991284278,-2.4620772505713,-3.77598318535612,-7.84268815745916,-16.9363717776331,-15.2113594478606,-17.3711809838056,-9.81380565163155,0.591175293992086,0.959223995853785
0.0390866635268588,0.339036784135351,0.80074513582439,0.112755014811679,0.0303049637695177,0.00051923772715059,5.83484903200079e-08,3.27486166776928e-07,3.77741225434153e-08,7.23303870909326e-05,-3.52151338269188,-1.36118609596265,-0.501751991284278,-2.4620772505713,-3.77598318535612,-7.84268815745916,-16.9363717776331,-15.2113594478606,-17.3711809838056,-9.81380565163155,0.279539426248313,1.84170475964874
0.517182414466863,4.48602788753541,10.5952072996376,1.49193882367267,0.400985730641348,0.00687038997906533,7.72048836643778e-07,4.33319375857715e-06,4.99815285792973e-07,0.000957052888622896,-3.52151338269188,-1.36118609596265,-0.501751991284278,-2.4620772505713,-3.77598318535612,-7.84268815745916,-16.9363717776331,-15.2113594478606,-17.3711809838056,-9.81380565163155,2.86215374861187,0.326117248600594
0.459877033689516,3.98896238592121,9.42122618245957,1.3266274751126,0.356555295000235,0.00610912992298809,6.86503482963904e-07,3.85306274218662e-06,4.44434235568691e-07,0.000851008524637452,-3.52151338269188,-1.36118609596265,-0.501751991284278,-2.4620772505713,-3.77598318535612,-7.84268815745916,-16.9363717776331,-15.2113594478606,-17.3711809838056,-9.81380565163155,2.74471723939077,0.136082248042416
0.0647422310514565,0.561572562936985,1.32633542797146,0.186764757143619,0.0501964299158949,0.000860053170788463,9.66470683588996e-08,5.42440391747902e-07,6.25681690070916e-08,0.000119806353639384,-3.52151338269188,-1.36118609596265,-0.501751991284278,-2.4620772505713,-3.77598318535612,-7.84268815745916,-16.9363717776331,-15.2113594478606,-17.3711809838056,-9.81380565163155,0.784171813329472,0.204267729191265
0.00792512737604952,0.0687423652211328,0.162357352215536,0.0228619629827668,0.00614456892272112,0.000105279518761973,1.18306137250241e-08,6.64003870224922e-08,7.65899940447356e-09,1.46655528799666e-05,-3.52151338269188,-1.36118609596265,-0.501751991284278,-2.4620772505713,-3.77598318535612,-7.84268815745916,-16.9363717776331,-15.2113594478606,-17.3711809838056,-9.81380565163155,-1.31620350396844,0.118718215138759
0.0726193587644528,0.629898580229368,1.4877094397521,0.209488253390416,0.0563037833815132,0.000964695049145786,1.0840602828638e-07,6.08438615366269e-07,7.01807805904873e-08,0.000134383082508918,-3.52151338269188,-1.36118609596265,-0.501751991284278,-2.4620772505713,-3.77598318535612,-7.84268815745916,-16.9363717776331,-15.2113594478606,-17.3711809838056,-9.81380565163155,0.898989639643904,0.369478345166815
0.628521754738373,7.2385754589957,20.6130704112009,2.26188261562053,1.3614646513129,0.0178893115471299,2.47562719956228e-06,7.9939498901239e-06,9.17630672119654e-07,0.00152238275743281,-3.93395499136268,-1.49014592632558,-0.443644992981194,-2.65337287127581,-3.16100928380758,-7.49312221831104,-16.3785871336392,-15.2063959196869,-17.3710411987862,-9.95704892151389,3.46957035355623,0.342557774439881
0.638251676515848,7.35063327157801,20.9321740240553,2.29689801604844,1.38254100143157,0.0181662496176012,2.51395150388482e-06,8.117701385657e-06,9.31836186237542e-07,0.00154595022352849,-3.93395499136268,-1.49014592632558,-0.443644992981194,-2.65337287127581,-3.16100928380758,-7.49312221831104,-16.3785871336392,-15.2063959196869,-17.3710411987862,-9.95704892151389,3.48493239523718,0.326334030936019
0.695272048025382,8.00732694806584,22.8022205641119,2.5020991663369,1.50605497629355,0.0197891929489609,2.73854386138708e-06,8.84292368564436e-06,1.01508492255946e-06,0.0016840629137482,-3.93395499136268,-1.49014592632558,-0.443644992981194,-2.65337287127581,-3.16100928380758,-7.49312221831104,-16.3785871336392,-15.2063959196869,-17.3710411987862,-9.95704892151389,3.57050291736199,0.472008726487815
0.679913914310557,8.31144060103346,49.4518629590403,6.74348120957173,3.53370405247301,0.0436963209913334,5.36657436146428e-06,2.47940785130586e-05,1.06371906193784e-06,0.00208556283126343,-4.61650166099349,-2.1130796241976,-0.329712844615973,-2.32213628404487,-2.96836594810799,-7.36120394383129,-16.3660333500824,-14.8356182785034,-17.9844518170069,-10.4034290926728,4.23071257556536,0.41410509269316
0.45216326518262,14.1849305295132,26.2627504448814,1.05692817258383,1.8679114198774,0.044729975721052,9.5713379319023e-07,1.09814637836038e-05,5.10057197694795e-07,0.00173448215573096,-4.57496913163617,-1.12907700263562,-0.513105571081287,-3.72589042288026,-3.15643625450682,-6.88836857774971,-17.640579823892,-15.2005589905665,-18.2700001385972,-10.1383035528767,3.78125717342327,0.563024634925096
0.155655099796114,6.24771108793058,15.5891869829935,0.885432906252399,2.23657821791423,0.00884558778036176,5.72707083707604e-07,1.95872931799805e-05,5.00259953330681e-07,0.000559513786716005,-5.08393578694405,-1.39160799808352,-0.477245637018002,-3.34550176279017,-2.41887605218684,-7.95165966899757,-17.5967146174794,-14.0644526779372,-17.7319611357911,-10.7122655582028,3.22382316882363,0.598284281242569
0.055063500065269,2.2101482081131,5.51472582382414,0.313224783223181,0.791196851304028,0.00312915557510987,2.02597001848448e-07,6.92906895249203e-06,1.76968592798802e-07,0.000197929829936256,-5.08393578694405,-1.39160799808352,-0.477245637018002,-3.34550176279017,-2.41887605218684,-7.95165966899757,-17.5967146174794,-14.0644526779372,-17.7319611357911,-10.7122655582028,2.18466757385921,2.0067422138043
0.0721448570671982,2.89576264463103,7.2254598028273,0.410390861255727,1.03663558767035,0.00409985710025215,2.65445017539275e-07,9.07854910410253e-06,2.31866369150511e-07,0.000259330033019328,-5.08393578694405,-1.39160799808352,-0.477245637018002,-3.34550176279017,-2.41887605218684,-7.95165966899757,-17.5967146174794,-14.0644526779372,-17.7319611357911,-10.7122655582028,2.45485650952126,1.91876077101996
0.0398365378737331,1.59896578849325,3.98971340150226,0.226607297485116,0.57240355762331,0.00226383583377208,1.4657192382747e-07,5.012941738692e-06,1.28030656262939e-07,0.000143195386367575,-5.08393578694405,-1.39160799808352,-0.477245637018002,-3.34550176279017,-2.41887605218684,-7.95165966899757,-17.5967146174794,-14.0644526779372,-17.7319611357911,-10.7122655582028,1.86096503614251,1.47278559216631
0.0601789663051431,1.14833858111229,3.57871683485557,0.165348701626084,0.80769806455772,0.00232348853141026,9.26819849739936e-08,2.83825073963872e-06,9.49393071122489e-08,0.00016835753543027,-4.56185169123876,-1.61310312089735,-0.476414996448879,-3.55111799845518,-1.96498627936934,-7.81610485195619,-17.9455110267041,-14.5237419388986,-17.921447328608,-10.4408399594519,1.75141930659353,0.928825803672891
0.0336265941881641,0.64166465176347,1.99970298774898,0.0923929743313814,0.451322724716308,0.00129831086746182,5.17885182917748e-08,1.58594790980867e-06,5.30498569314281e-08,9.40742400546902e-05,-4.56185169123876,-1.61310312089735,-0.476414996448879,-3.55111799845518,-1.96498627936934,-7.81610485195619,-17.9455110267041,-14.5237419388986,-17.921447328608,-10.4408399594519,1.16941365985519,1.05142108959894
0.0508939927465686,0.971162168545575,3.0265589427314,0.139837158028639,0.683078855668296,0.00196499899756874,7.83821418115798e-08,2.40033887959572e-06,8.02911831857454e-08,0.000142381760822735,-4.56185169123876,-1.61310312089735,-0.476414996448879,-3.55111799845518,-1.96498627936934,-7.81610485195619,-17.9455110267041,-14.5237419388986,-17.921447328608,-10.4408399594519,1.58384130815201,0.811922778749895
0.0293577453077046,0.560206225882354,1.74584350341534,0.0806638160696247,0.394027939007403,0.00113349212720999,4.52140386673021e-08,1.38461405121537e-06,4.63152521390709e-08,8.2131647471856e-05,-4.56185169123876,-1.61310312089735,-0.476414996448879,-3.55111799845518,-1.96498627936934,-7.81610485195619,-17.9455110267041,-14.5237419388986,-17.921447328608,-10.4408399594519,1.03365281835736,2.06889594769583
0.0320574969511148,0.611723045826207,1.90639206796214,0.0880816973719929,0.430262927925493,0.00123772858001499,4.93719422773326e-08,1.51194379064453e-06,5.05744238420353e-08,8.96845112191935e-05,-4.56185169123876,-1.61310312089735,-0.476414996448879,-3.55111799845518,-1.96498627936934,-7.81610485195619,-17.9455110267041,-14.5237419388986,-17.921447328608,-10.4408399594519,1.12162748250098,1.41439952996283
0.0271736105013611,0.612650431690001,1.91958619148231,0.200202036609211,0.362272538888821,0.00135964363588438,2.30102806833914e-08,1.66389370849809e-06,3.08209726585571e-08,7.54187002187208e-05,-4.74440602624435,-1.62885781141706,-0.486787409916425,-2.74732528673715,-2.15425552801967,-7.73942969346621,-18.726221782109,-14.4452471421676,-18.4339674956798,-10.6313523476473,1.13889704745757,1.82428428905095
0.0311329103823314,0.701915963082863,2.19927730500097,0.229372245686771,0.415057045387488,0.00155774895889434,2.63629673485028e-08,1.90632944083015e-06,3.53117072767008e-08,8.6407495792425e-05,-4.74440602624435,-1.62885781141706,-0.486787409916425,-2.74732528673715,-2.15425552801967,-7.73942969346621,-18.726221782109,-14.4452471421676,-18.4339674956798,-10.6313523476473,1.27491621858667,2.99000380897674
0.0275366971304951,0.653228145414747,1.6031129010617,0.226649632564143,0.50179053159524,0.00279084307439664,1.33413554308594e-08,2.91373685950192e-06,4.89225164679672e-08,0.000169421554008172,-4.69592879848999,-1.52952190601815,-0.631745773461554,-2.5880429984704,-1.79326558982344,-6.98510462730616,-19.2360902708234,-13.8497672321441,-17.9367211626909,-9.78681362219797,1.10369307571406,2.36697033649073
0.00863185501558957,0.204765684737048,0.502523525970051,0.0710472558985201,0.157294939781612,0.000874838136007812,4.18207910864857e-09,9.13361323095888e-07,1.53356107723473e-08,5.31081227274306e-05,-4.69592879848999,-1.52952190601815,-0.631745773461554,-2.5880429984704,-1.79326558982344,-6.98510462730616,-19.2360902708234,-13.8497672321441,-17.9367211626909,-9.78681362219797,-0.0563670488324264,3.85795465379198
0.0378078054941647,0.896880353809905,2.20106937521585,0.311189289793919,0.68895694815761,0.00383181946700038,1.83176424088948e-08,4.00055227840776e-06,6.71704735735209e-08,0.000232615303502266,-4.69592879848999,-1.52952190601815,-0.631745773461554,-2.5880429984704,-1.79326558982344,-6.98510462730616,-19.2360902708234,-13.8497672321441,-17.9367211626909,-9.78681362219797,1.42068909537095,3.87210288808658
0.0134860373995553,0.319917060414246,0.785121049084907,0.111001163533534,0.245750819125723,0.00136680931265071,6.53389974290264e-09,1.42699627604173e-06,2.39596958066808e-08,8.29738367973946e-05,-4.69592879848999,-1.52952190601815,-0.631745773461554,-2.5880429984704,-1.79326558982344,-6.98510462730616,-19.2360902708234,-13.8497672321441,-17.9367211626909,-9.78681362219797,0.38982840302975,3.33014584240288
0.0147940501540107,0.410854855622939,1.30370015880924,0.257833390131116,0.279825064534217,0.00117476782080281,1.33009573734977e-08,1.17420289726026e-06,2.73085050839302e-08,9.00320448813432e-05,-5.03254918004557,-1.70853426057599,-0.553812486881423,-2.17446066173066,-2.09260962496561,-7.56570373461035,-18.9544488057219,-14.4739400102683,-18.2350866261208,-10.1343638811514,0.819018984382263,2.34714471248608
0.018960594007488,0.526566561041415,1.67086965106565,0.330448672335008,0.358634003975851,0.00150562526633485,1.70469918679723e-08,1.50490123972793e-06,3.49995756711323e-08,0.000115388350917297,-5.03254918004557,-1.70853426057599,-0.553812486881423,-2.17446066173066,-2.09260962496561,-7.56570373461035,-18.9544488057219,-14.4739400102683,-18.2350866261208,-10.1343638811514,1.06715672690841,1.34891371515106
0.00976212416974171,0.271110079699513,0.860270358550695,0.1701360711477,0.184647679124465,0.000775192000696634,8.77687963098631e-09,7.74819225580194e-07,1.80200157998705e-08,5.94092890207728e-05,-5.03254918004557,-1.70853426057599,-0.553812486881423,-2.17446066173066,-2.09260962496561,-7.56570373461035,-18.9544488057219,-14.4739400102683,-18.2350866261208,-10.1343638811514,0.403303918150602,4.90294783738927
0.0113335409172713,0.3147508808465,0.998748749659464,0.197523007321803,0.214370560161773,0.000899975262132849,1.01897007960697e-08,8.99542481114942e-07,2.0920711808884e-08,6.89724486469773e-05,-5.03254918004557,-1.70853426057599,-0.553812486881423,-2.17446066173066,-2.09260962496561,-7.56570373461035,-18.9544488057219,-14.4739400102683,-18.2350866261208,-10.1343638811514,0.552560453073569,2.52233536482704
0.0192271263391252,0.533968597771968,1.69435735318007,0.335093846167065,0.363675383863333,0.00152679009970714,1.72866243651491e-08,1.52605589533365e-06,3.54915707271022e-08,0.000117010384815687,-5.03254918004557,-1.70853426057599,-0.553812486881423,-2.17446066173066,-2.09260962496561,-7.56570373461035,-18.9544488057219,-14.4739400102683,-18.2350866261208,-10.1343638811514,1.08111601315446,3.84292424334764
0.0719413974384338,1.82291271823603,2.31813717014379,0.557032036434803,0.710232972740774,0.00407679566865054,3.2212298613252e-08,1.20032913085087e-06,8.46007041114182e-08,0.000153071809670404,-4.33382706484799,-1.10148803254225,-0.861159729756783,-2.28705617366724,-2.04408588114839,-7.20436762346494,-18.9528411618067,-15.3348384120673,-17.9872468965382,-10.4865270514277,1.70192364899935,7.09065128809348
0.144733893938281,3.66739131312684,4.66369894475715,1.12065401218504,1.42886832072039,0.00820182166213085,6.48056831949713e-08,2.41485869473515e-06,1.70202272571153e-07,0.000307954527638091,-4.33382706484799,-1.10148803254225,-0.861159729756783,-2.28705617366724,-2.04408588114839,-7.20436762346494,-18.9528411618067,-15.3348384120673,-17.9872468965382,-10.4865270514277,2.40096862799888,3.39244541332798
0.13142670340701,3.33020232699124,4.23490698214448,1.01761832334951,1.29749464956061,0.00744772598632445,5.88472891359238e-08,2.19283064116368e-06,1.54553456607385e-07,0.000279640430209087,-4.33382706484799,-1.10148803254225,-0.861159729756783,-2.28705617366724,-2.04408588114839,-7.20436762346494,-18.9528411618067,-15.3348384120673,-17.9872468965382,-10.4865270514277,2.30452109354508,6.85731261160276
0.0972323739993536,2.46375713426179,3.13307759280205,0.752856480757144,0.959915159992574,0.00550999195577766,4.35365224705699e-08,1.62230447459809e-06,1.14342056113237e-07,0.000206884158170095,-4.33382706484799,-1.10148803254225,-0.861159729756783,-2.28705617366724,-2.04408588114839,-7.20436762346494,-18.9528411618067,-15.3348384120673,-17.9872468965382,-10.4865270514277,2.0031755077151,3.21528736601112
0.0493951780360117,1.25161730891364,1.5916398945286,0.382459857483389,0.48764807725064,0.00279914006454722,2.21170602963672e-08,8.24149561049738e-07,5.80870957522289e-08,0.000105099561034169,-4.33382706484799,-1.10148803254225,-0.861159729756783,-2.28705617366724,-2.04408588114839,-7.20436762346494,-18.9528411618067,-15.3348384120673,-17.9872468965382,-10.4865270514277,1.32592459468845,3.94968407581202
0.0341682954766116,0.865785522696652,1.10099050901219,0.264560265556851,0.337322472650141,0.00193625873230264,1.52991097780711e-08,5.70091795161407e-07,4.0180785452244e-08,7.27008788845664e-05,-4.33382706484799,-1.10148803254225,-0.861159729756783,-2.28705617366724,-2.04408588114839,-7.20436762346494,-18.9528411618067,-15.3348384120673,-17.9872468965382,-10.4865270514277,0.957369967126099,2.31993960139569
0.082330823055446,2.08616887903867,2.65291123009795,0.637475885385399,0.812801353447507,0.00466554660848944,3.68642416156348e-08,1.37367480753974e-06,9.6818325033567e-08,0.00017517769358784,-4.33382706484799,-1.10148803254225,-0.861159729756783,-2.28705617366724,-2.04408588114839,-7.20436762346494,-18.9528411618067,-15.3348384120673,-17.9872468965382,-10.4865270514277,1.8368173441558,2.45344360410288
0.0404683428444705,1.93169256882301,2.62263659996833,0.700848315884071,0.311907342075071,0.00345628845664142,3.04350790225802e-08,1.51850695405781e-06,5.35340719340808e-08,0.000307475284902234,-4.93202099372522,-1.06638912777987,-0.760605577418028,-2.0802495228783,-2.88983484084905,-7.39234569110033,-19.0324557036066,-15.1225686979541,-18.4677332522122,-9.81190157328989,1.72478572504032,3.08894796511538
0.0304399976170013,1.99597590818205,4.18779044093992,0.5149369379175,0.237688327262818,0.00285825101069098,5.21998559370261e-08,1.08775543057155e-06,3.70032588154572e-08,0.000304544267121668,-5.43361241549587,-1.25048148345475,-0.509441337445723,-2.60532542768383,-3.37840960405769,-7.79915996715954,-18.7098006931108,-15.6730088140989,-19.0538744433093,-10.0383086961767,1.94161459122211,9.34329551904317
0.0357853389508167,2.34647437593969,4.92317713915735,0.605361179508814,0.279427004652653,0.00336016718894103,6.13662839726037e-08,1.2787680626116e-06,4.35011255801267e-08,0.000358023018319492,-5.43361241549587,-1.25048148345475,-0.509441337445722,-2.60532542768383,-3.37840960405769,-7.79915996715954,-18.7098006931108,-15.6730088140989,-19.0538744433093,-10.0383086961767,2.10339541952801,8.64809519901755
0.0241489778818089,1.58346852275674,3.32230179530058,0.408515167470014,0.188565394454173,0.00226753764262069,4.1411736699769e-08,8.62949536468379e-07,2.9355813030361e-08,0.000241604249227841,-5.43361241549587,-1.25048148345475,-0.509441337445722,-2.60532542768383,-3.37840960405769,-7.79915996715954,-18.7098006931108,-15.6730088140989,-19.0538744433093,-10.0383086961767,1.71009919198202,5.2251883692113
0.0233092542531907,1.52840714747868,3.20677660278235,0.394310018065662,0.182008478545026,0.00218868938052823,3.9971741434582e-08,8.32942505958676e-07,2.83350340160467e-08,0.000233203032503716,-5.43361241549587,-1.25048148345475,-0.509441337445722,-2.60532542768383,-3.37840960405769,-7.79915996715954,-18.7098006931108,-15.6730088140989,-19.0538744433093,-10.0383086961767,1.67470759647952,2.70053625938873
0.0195554005975586,1.28226384767441,2.69033922806445,0.330808110767812,0.152696807518539,0.00183621050913687,3.35344669479628e-08,6.9880075105906e-07,2.37718004664776e-08,0.00019564670201971,-5.43361241549587,-1.25048148345475,-0.509441337445722,-2.60532542768383,-3.37840960405769,-7.79915996715954,-18.7098006931108,-15.6730088140989,-19.0538744433093,-10.0383086961767,1.49910863019579,4.22854336477304
0.0107118526738007,0.702385070390419,1.47368586543662,0.181206604700572,0.0836426591078112,0.00100582017503718,1.83691593352407e-08,3.82781761812664e-07,1.30214680654348e-08,0.000107169302806906,-5.43361241549587,-1.25048148345475,-0.509441337445722,-2.60532542768383,-3.37840960405769,-7.79915996715954,-18.7098006931108,-15.6730088140989,-19.0538744433093,-10.0383086961767,0.897207991428704,1.99979666462503
0.0171033561505468,1.42222518019516,1.90304594334927,0.286908466356753,0.21913819641068,0.00300496271845633,3.86750779971969e-08,1.08688077757404e-06,2.51990137530924e-08,0.000128826405156294,-5.41695781249083,-0.996254570461569,-0.705021513260629,-2.59706929052066,-2.86652995821853,-7.15596736144912,-18.4165476676285,-15.0806758799587,-18.8449382238504,-10.3055220002015,1.34847724387348,2.61878426784253
0.00999751944879418,0.831341157513774,1.1123979798535,0.16770819406305,0.128094063019287,0.00175650749222737,2.26069574332197e-08,6.35320437501949e-07,1.47297190019001e-08,7.53036117433078e-05,-5.41695781249083,-0.996254570461569,-0.705021513260629,-2.59706929052066,-2.86652995821853,-7.15596736144912,-18.4165476676285,-15.0806758799587,-18.8449382238504,-10.3055220002015,0.811539540611395,3.75554025680626
0.015754805475001,1.31008679573726,1.75299621802585,0.264286555035985,0.201859776888436,0.00276803000956021,3.56256588012903e-08,1.00118333936755e-06,2.32121436487279e-08,0.000118668811864518,-5.41695781249083,-0.996254570461569,-0.705021513260629,-2.59706929052066,-2.86652995821853,-7.15596736144912,-18.4165476676285,-15.0806758799587,-18.8449382238504,-10.3055220002015,1.26634796176776,1.78713836011474
0.0191314990196417,1.59087487865611,2.12871212404448,0.320930523490014,0.245123948358108,0.00336129592321967,4.32612295665891e-08,1.21576480940908e-06,2.81871524319402e-08,0.000144102842872322,-5.41695781249083,-0.996254570461569,-0.705021513260629,-2.59706929052066,-2.86652995821853,-7.15596736144912,-18.4165476676285,-15.0806758799587,-18.8449382238504,-10.3055220002015,1.4605386735167,3.80337761210145
0.0151472415585933,1.25956497458782,1.68539416166522,0.25409468216987,0.194075312852613,0.00266128447366571,3.42518008491713e-08,9.6257398480119e-07,2.23169970265866e-08,0.000114092500960124,-5.41695781249083,-0.996254570461569,-0.705021513260629,-2.59706929052066,-2.86652995821853,-7.15596736144912,-18.4165476676285,-15.0806758799587,-18.8449382238504,-10.3055220002015,1.22702097354597,1.46443603773122
0.0105862006961657,0.880292795177807,1.17789901075499,0.1775833105238,0.135636591261948,0.00185993545021615,2.39381168242292e-08,6.72729839858688e-07,1.55970450821225e-08,7.97376940493919e-05,-5.41695781249083,-0.996254570461569,-0.705021513260629,-2.59706929052066,-2.86652995821853,-7.15596736144912,-18.4165476676285,-15.0806758799587,-18.8449382238504,-10.3055220002015,0.868753865405026,2.56552568626205
0.00802924532739928,0.584579847207172,0.746700137076573,0.0792610477836945,0.0293186271520608,0.00165851223113102,1.9848950409766e-08,3.07802788620697e-07,5.01083214445285e-09,5.92674224610312e-05,-5.19595723393004,-0.908154396534932,-0.663384094210089,-2.90630096857605,-3.90082472282344,-6.77312682163525,-18.1064072041396,-15.3650990525824,-19.4829563357911,-10.1047432680441,0.371292496846092,2.22815317340961
0.0143495758497932,1.0447398872139,1.33447538555929,0.141652468037692,0.0523971864073774,0.00296403286834592,3.54733238093721e-08,5.50093972968842e-07,8.95517735422071e-09,0.000105920586474567,-5.19595723393004,-0.908154396534932,-0.663384094210089,-2.90630096857605,-3.90082472282344,-6.77312682163525,-18.1064072041396,-15.3650990525824,-19.4829563357911,-10.1047432680441,0.951922339211001,0.995804981404417
0.00967604634248203,0.704477377612998,0.899848595438405,0.0955175163089862,0.0353318877993707,0.00199867366777732,2.39199770567644e-08,3.7093324784532e-07,6.03855556370564e-09,7.14231914642657e-05,-5.19595723393004,-0.908154396534932,-0.663384094210089,-2.90630096857605,-3.90082472282344,-6.77312682163525,-18.1064072041396,-15.3650990525824,-19.4829563357911,-10.1047432680441,0.557855337109804,2.18160078265942
0.0164738141881819,1.19939787468992,1.53202434486751,0.162621980062493,0.0601537997982777,0.00340281324214178,4.07246145244929e-08,6.31527091224651e-07,1.02808563333091e-08,0.000121600532207397,-5.19595723393004,-0.908154396534932,-0.663384094210089,-2.90630096857605,-3.90082472282344,-6.77312682163525,-18.1064072041396,-15.3650990525824,-19.4829563357911,-10.1047432680441,1.08997405630791,1.45722422189647
0.0314022620211702,2.30471910882834,4.44216639958848,0.783815086891204,0.279674067606052,0.00984980633352307,8.24794964254589e-08,5.20565106181068e-06,2.34651776631265e-08,0.000857024314590986,-5.52170590992889,-1.22587175281386,-0.569688374875758,-2.30441270516493,-3.33496095825979,-6.68113404571975,-18.3715466628273,-14.2265963399554,-19.6285788764761,-9.12287482817458,2.06083056015706,2.99957013239477
0.0237801251090038,1.74530448513872,3.36393832603562,0.593562999252465,0.211789975923781,0.00745900491985986,6.24596006046561e-08,3.94210561774886e-06,1.77695753305277e-08,0.000649002463857299,-5.52170590992889,-1.22587175281386,-0.569688374875758,-2.30441270516493,-3.33496095825979,-6.68113404571975,-18.3715466628273,-14.2265963399554,-19.6285788764761,-9.12287482817458,1.78280078329748,0.871594056844097
0.0161257846289396,0.63516597576515,1.48454202331855,0.231241301361714,0.143880181639294,0.00336578091612435,4.15526259205449e-08,9.33558484150299e-07,8.34560817702329e-09,0.00045892915281572,-5.04952146473972,-1.37605464149995,-0.527079383531288,-2.38647922544487,-2.86096010413414,-6.61628097905352,-17.9184908250062,-14.8064479319397,-19.5237161096909,-8.60880041739575,0.922185706414645,1.10826713677427
0.0219269620986803,0.863664038522481,2.01859924513605,0.314429304823304,0.195640420739235,0.00457660524920288,5.65009935718297e-08,1.26940189081584e-06,1.13479026539659e-08,0.000624026822342067,-5.04952146473972,-1.37605464149995,-0.527079383531288,-2.38647922544487,-2.86096010413414,-6.61628097905352,-17.9184908250062,-14.8064479319397,-19.5237161096909,-8.60880041739575,1.22948321139964,1.07475081907606
0.0318100677509782,1.25294199241294,2.92843935520442,0.456151538197999,0.283821124446577,0.00663941144201585,8.19675988597461e-08,1.84155743820536e-06,1.64627252343308e-08,0.000905293465086231,-5.04952146473972,-1.37605464149995,-0.527079383531288,-2.38647922544487,-2.86096010413414,-6.61628097905352,-17.9184908250062,-14.8064479319397,-19.5237161096909,-8.60880041739575,1.6015490213805,0.657179529505181
0.00752029216929803,0.296210933214311,0.692319165228146,0.107839847043966,0.0670988127521773,0.00156963871523361,1.93781508630128e-08,4.35366881022203e-07,3.89199119707113e-09,0.000214022535560155,-5.04952146473972,-1.37605464149995,-0.527079383531288,-2.38647922544487,-2.86096010413414,-6.61628097905352,-17.9184908250062,-14.8064479319397,-19.5237161096909,-8.60880041739575,0.159371175264868,1.56264630014155
0.00202857262541213,0.0799018677651218,0.186750684017784,0.0290894232188375,0.0180996710875698,0.000423404577618583,5.22718871645693e-09,1.17438700115708e-07,1.04985107266922e-09,5.77318336953856e-05,-5.04952146473972,-1.37605464149995,-0.527079383531288,-2.38647922544487,-2.86096010413414,-6.61628097905352,-17.9184908250062,-14.8064479319397,-19.5237161096909,-8.60880041739575,-1.1509014086988,1.54104284620361
0.002481613237366,0.0977463317074534,0.228457667100547,0.0355859567574233,0.0221418660590268,0.000517963414973209,6.39457545195567e-09,1.43666255343946e-07,1.28431404750398e-09,7.0625069529751e-05,-5.04952146473972,-1.37605464149995,-0.527079383531288,-2.38647922544487,-2.86096010413414,-6.61628097905352,-17.9184908250062,-14.8064479319397,-19.5237161096909,-8.60880041739575,-0.949324966610354,0.531050306320688
0.00159256860292924,0.0627284447813567,0.146612091781461,0.0228371917846567,0.0142094828335533,0.000332401624770461,4.10370155208223e-09,9.21974319431141e-08,8.24205076584279e-10,4.53234479165488e-05,-5.04952146473972,-1.37605464149995,-0.527079383531288,-2.38647922544487,-2.86096010413414,-6.61628097905352,-17.9184908250062,-14.8064479319397,-19.5237161096909,-8.60880041739575,-1.39288562794363,0.399631127686862
0.0018762416072171,0.0739018198891562,0.172727068846861,0.0269050195637149,0.0167405177147865,0.000391609979974354,4.83466494407598e-09,1.08619909730773e-07,9.71014909324876e-10,5.3396593783875e-05,-5.04952146473972,-1.37605464149995,-0.527079383531288,-2.38647922544487,-2.86096010413414,-6.61628097905352,-17.9184908250062,-14.8064479319397,-19.5237161096909,-8.60880041739575,-1.22896318345566,0.9557238328753
0.0255996103349059,1.00832312050092,2.35670376339676,0.367094522493674,0.22840913912935,0.00534316201710997,6.59646061531213e-08,1.48201988114141e-06,1.32486153235726e-08,0.000728547959292907,-5.04952146473972,-1.37605464149995,-0.527079383531288,-2.38647922544487,-2.86096010413414,-6.61628097905352,-17.9184908250062,-14.8064479319397,-19.5237161096909,-8.60880041739575,1.38434331583451,1.59234336992402
0.0118153740991986,0.465386571347334,1.08772501773412,0.169430669306528,0.105421113492862,0.00246611011960214,3.04456391643857e-08,6.84018978767786e-07,6.11483316724322e-09,0.000336257723287141,-5.04952146473972,-1.37605464149995,-0.527079383531288,-2.38647922544487,-2.86096010413414,-6.61628097905352,-17.9184908250062,-14.8064479319397,-19.5237161096909,-8.60880041739575,0.611167758967434,1.28993112692188
0.0240799068869038,0.948464704576667,2.21679964812708,0.345302205959243,0.214849786008385,0.00502596883977617,6.20486621951654e-08,1.39404077935378e-06,1.24621202900512e-08,0.00068529820543776,-5.04952146473972,-1.37605464149995,-0.527079383531288,-2.38647922544487,-2.86096010413414,-6.61628097905352,-17.9184908250062,-14.8064479319397,-19.5237161096909,-8.60880041739575,1.32314393936779,0.514517099862078
0.289806009870898,11.4149432897615,26.6795824304587,4.15577414724524,2.58575581280882,0.0604884388478748,7.46766808238279e-07,1.67775314813015e-05,1.49983858855995e-07,0.00824768714523634,-5.04952146473972,-1.37605464149995,-0.527079383531288,-2.38647922544487,-2.86096010413414,-6.61628097905352,-17.9184908250062,-14.8064479319397,-19.5237161096909,-8.60880041739575,3.81097795342395,0.295380727084032
1.09942771535906,10.9478755311548,43.3703830162045,3.26000016704634,2.73596171603462,0.0595440979848373,8.7751570986177e-07,1.76621398866988e-05,3.96162645117454e-07,0.00672365611249707,-4.02392107308499,-1.72556543672384,-0.348934069572195,-2.93698361212345,-3.11222785175827,-6.93974895708207,-18.0648818375335,-15.0627980574851,-18.860151848764,-9.12083406678002,4.11871085874327,1.07960183374243
0.0493585442713079,0.491502252974218,1.94710297026648,0.14635692762855,0.122830346733069,0.00267321803463892,3.93958578712335e-08,7.92937545001716e-07,1.77856271808486e-08,0.000301856932709172,-4.02392107308499,-1.72556543672384,-0.348934069572195,-2.93698361212345,-3.11222785175827,-6.93974895708207,-18.0648818375335,-15.0627980574851,-18.860151848764,-9.12083406678002,1.01527668119272,1.18794837405291
0.0938887815257928,1.17853973282645,3.65097452936768,0.404500153863088,0.675035808156774,0.00494444440703889,8.0590820317322e-08,1.13974482587258e-06,2.27696811500006e-08,0.00173159490840608,-4.15900527341904,-1.62908474337467,-0.498366774639872,-2.69846406305014,-2.18635044134045,-7.10285157565626,-18.1272419867096,-15.4780670585119,-19.3911968609879,-8.15207328374414,1.79336090094493,0.681889092853564
0.112769288820056,1.41553746206097,4.38516502702537,0.485842865755078,0.810781722553284,0.00593874444135696,9.67971822076813e-08,1.36894111693931e-06,2.73485363023868e-08,0.00207980893107809,-4.15900527341904,-1.62908474337467,-0.498366774639872,-2.69846406305014,-2.18635044134045,-7.10285157565626,-18.1272419867096,-15.4780670585119,-19.3911968609879,-8.15207328374414,1.97659403419722,0.41264425288057
0.0485451052545578,0.615262310976762,1.53209668922141,0.28849247919804,0.265094670012837,0.00497850817295113,2.07645974327982e-08,2.15927759677164e-07,1.31263213279449e-08,0.00178430484367919,-4.03913453462834,-1.49957920684811,-0.58723544425565,-2.25695888866272,-2.34154089811268,-6.31649762313947,-18.7038889735174,-16.3621945577921,-19.1625189875819,-7.34259900957156,1.01387262665131,1.04050990233921
0.00792160489311166,0.305382411543022,0.884794851533365,0.274571628370869,0.0758738553058803,0.00130893602048095,5.37282084879405e-09,1.58391976809393e-07,4.74605298396264e-09,0.00120897820538525,-5.27710159332576,-1.62513061705902,-0.561339604683195,-1.73148324849081,-3.01762325395526,-7.0774808075476,-19.48085290628,-16.0971331479656,-19.6048926527363,-7.15691987214939,0.438940137660793,0.311540662188597
0.00188194620080186,0.0725501053069246,0.210201888607219,0.0652303466068936,0.0180254526273151,0.000310965669719133,1.27642818853152e-09,3.76293924042005e-08,1.12752611402515e-09,0.00028721855876143,-5.27710159332576,-1.62513061705902,-0.561339604683195,-1.73148324849081,-3.01762325395526,-7.0774808075476,-19.48085290628,-16.0971331479656,-19.6048926527363,-7.15691987214939,-0.998347231085707,0.231759968189477
0.00831845903337775,0.320681366239775,0.929121033519854,0.288327033871254,0.0796749605140272,0.00137451069708758,5.64198678518225e-09,1.66327049642475e-07,4.98381929546420e-09,0.00126954522592876,-5.27710159332576,-1.62513061705902,-0.561339604683195,-1.73148324849081,-3.01762325395526,-7.0774808075476,-19.48085290628,-16.0971331479656,-19.6048926527363,-7.15691987214939,0.48782333968841,0.467593557735727
0.0748610616372565,2.88593685773643,8.36152305129021,2.59476758468315,0.717026086929545,0.0123697585818319,5.07744425725221e-08,1.49684207919605e-06,4.48513362835179e-08,0.0114251333123349,-5.27710159332576,-1.62513061705902,-0.561339604683195,-1.73148324849081,-3.01762325395526,-7.0774808075476,-19.48085290628,-16.0971331479656,-19.6048926527363,-7.15691987214939,2.68498019835515,1.00317547251652
0.0633756205529953,2.4431665172216,7.07866947855258,2.19666943366257,0.607017483027925,0.0104719477531987,4.29844532777046e-08,1.26719142855001e-06,3.79700902903625e-08,0.00967225013557073,-5.27710159332576,-1.62513061705902,-0.561339604683195,-1.73148324849081,-3.01762325395526,-7.0774808075476,-19.48085290628,-16.0971331479656,-19.6048926527363,-7.15691987214939,2.51842556797027,1.23126434321067
0.0345436917657666,1.33167912782443,3.8583192471368,1.19732274280878,0.330862635303334,0.00570786892841889,2.34292254937904e-08,6.90698879696952e-07,2.06960828764086e-08,0.00527198352377725,-5.27710159332576,-1.62513061705902,-0.561339604683195,-1.73148324849081,-3.01762325395526,-7.0774808075476,-19.48085290628,-16.0971331479656,-19.6048926527363,-7.15691987214939,1.91157126513065,1.00509530445449
0.0453952029676621,1.75001110782542,5.07036672644781,1.57344817966061,0.434799400882075,0.0075009315818169,3.07892524596852e-08,9.07674143400408e-07,2.71975239120557e-08,0.00692811769300267,-5.27710159332576,-1.62513061705902,-0.561339604683195,-1.73148324849081,-3.01762325395526,-7.0774808075476,-19.48085290628,-16.0971331479656,-19.6048926527363,-7.15691987214939,2.18475275230311,0.808655886432816
0.0701012398808728,2.70244299934628,7.829880052038,2.42978687331974,0.671436079336553,0.0115832636439921,4.75460980748712e-08,1.40166975143838e-06,4.1999595183724e-08,0.0106986996107512,-5.27710159332576,-1.62513061705902,-0.561339604683195,-1.73148324849081,-3.01762325395526,-7.0774808075476,-19.48085290628,-16.0971331479656,-19.6048926527363,-7.15691987214939,2.61928679554405,1.06503485531976
0.0886220814770688,3.41643206428574,9.8985448632089,3.07173982407704,0.848830392026254,0.0146435774341892,6.01078409550019e-08,1.77199277968561e-06,5.3095944561053e-08,0.0135253103969903,-5.27710159332576,-1.62513061705902,-0.561339604683195,-1.73148324849081,-3.01762325395526,-7.0774808075476,-19.48085290628,-16.0971331479656,-19.6048926527363,-7.15691987214939,2.85372736750635,2.22507731444392
0.0178198159395571,0.686964123849041,1.9903645298319,0.617654622492972,0.170679824911625,0.00294447896308353,1.20862729072715e-08,3.56306065643381e-07,1.06763454823583e-08,0.00271962176675018,-5.27710159332576,-1.62513061705902,-0.561339604683195,-1.73148324849081,-3.01762325395526,-7.0774808075476,-19.48085290628,-16.0971331479656,-19.6048926527363,-7.15691987214939,1.24965740746409,1.83202246899988
0.0528649024562236,1.03919184134673,3.05598504426877,1.03191347078972,0.181659518064915,0.00604823336769193,3.4807662368369e-08,6.18347094950665e-07,8.90909976889433e-09,0.00671289373200733,-4.6216582095303,-1.64319924413706,-0.564540602181241,-1.65022776217233,-3.38726370344505,-6.78963163450385,-18.855070870986,-15.9778584744182,-20.2178352161894,-6.68536774391241,1.68164257958243,1.44374989158315
0.0489429068317886,0.962095210778167,2.82926449027009,0.955356815443874,0.168182375350473,0.00559952082493651,3.22253157988543e-08,5.72472526227364e-07,8.24814233422975e-09,0.00621487068418214,-4.6216582095303,-1.64319924413706,-0.564540602181241,-1.65022776217233,-3.38726370344505,-6.78963163450385,-18.855070870986,-15.9778584744182,-20.2178352161894,-6.68536774391241,1.60455738262613,1.17094386775194
0.111917836791431,2.2000249218494,6.4696844131084,2.18461622060795,0.384582952957017,0.0128044347661923,7.36896900407642e-08,1.30907399877358e-06,1.88610425361015e-08,0.0142115564427485,-4.6216582095303,-1.64319924413706,-0.564540602181241,-1.65022776217233,-3.38726370344505,-6.78963163450385,-18.855070870986,-15.9778584744182,-20.2178352161894,-6.68536774391241,2.43166793255054,0.657660884945342
0.0469008345927584,1.78375758243109,3.1033762174914,0.25197400902433,0.400648770022641,0.00754534105996371,4.03258440088142e-08,8.56015505444777e-07,1.65660903965175e-08,0.0106596892229447,-4.78335448594733,-1.14491253677665,-0.59114405614795,-3.10206401299608,-2.63830479813135,-6.61045966175664,-18.7499079604052,-15.6946120245452,-19.6395426554493,-6.26492069165318,1.72363467741385,1.18142416593887
0.0409874903714487,1.55885811776538,2.71209678757085,0.220204658582658,0.350134229939084,0.00659401046335135,3.52414867962076e-08,7.48087482704327e-07,1.44774069910613e-08,0.00931569583317272,-4.78335448594733,-1.14491253677665,-0.59114405614795,-3.10206401299608,-2.63830479813134,-6.61045966175664,-18.7499079604052,-15.6946120245452,-19.6395426554493,-6.26492069165318,1.58886611422159,1.28222514374655
0.0395334841270647,1.15519584984135,1.15849517551041,0.13391942020955,0.0418784846752386,0.00134148039010124,1.13567864249815e-08,1.54374266123852e-07,6.00106732339411e-09,0.00374831180229967,-4.16045069584553,-0.785573532534487,-0.782721528641767,-2.94036043072505,-4.10282650526968,-7.54382493519054,-19.2232937778934,-16.6137293125247,-19.8611719254017,-6.51629315551301,0.929843429095602,1.88532178339336
0.04774934788949,0.548771140618273,0.907282817028004,0.227276773518071,0.0291957040386846,0.00146239996234807,1.51010622905277e-08,1.33242870707369e-07,4.50573062496313e-09,0.0104175133231988,-3.61398666826014,-1.17227058963701,-0.669497860910961,-2.05378353695006,-4.10593050184113,-7.09987318235793,-18.5806975445808,-16.4032890778129,-19.790112577481,-5.13646371509059,0.572196799346876,1.7309163876898
0.0823642209185016,0.946591094064558,1.56499817652385,0.392036231091796,0.050360508019476,0.00252253567627375,2.60482558521987e-08,2.29834452695691e-07,7.77206410132788e-09,0.0179694677874802,-3.61398666826014,-1.17227058963701,-0.669497860910961,-2.05378353695006,-4.10593050184113,-7.09987318235793,-18.5806975445808,-16.4032890778129,-19.790112577481,-5.13646371509059,1.11738251974192,1.3574636876233
0.0925037139622388,1.0631217150854,1.75765814401176,0.440298068497888,0.0565601662575818,0.00283307382811841,2.92549408189174e-08,2.58128350316905e-07,8.7288483580365e-09,0.0201816090740603,-3.61398666826014,-1.17227058963701,-0.669497860910961,-2.05378353695006,-4.10593050184113,-7.09987318235793,-18.5806975445808,-16.4032890778129,-19.790112577481,-5.13646371509059,1.23348018393347,0.770577339358365
0.720905266676542,8.28518132619113,13.6978825904465,3.43135624389318,0.440787942372089,0.0220788739834571,2.27991288233869e-07,2.01166071340603e-06,6.8026163315974e-08,0.157280477164801,-3.61398666826014,-1.17227058963701,-0.669497860910961,-2.05378353695006,-4.10593050184113,-7.09987318235793,-18.5806975445808,-16.4032890778129,-19.790112577481,-5.13646371509059,3.28673912635826,0.514495060328011
0.773599800461347,8.8907862336416,14.699128621385,3.68217105393764,0.473007314590495,0.023692728153805,2.44656299846096e-07,2.15870295089005e-06,7.29985322620766e-08,0.16877688564002,-3.61398666826014,-1.17227058963701,-0.669497860910961,-2.05378353695006,-4.10593050184113,-7.09987318235793,-18.5806975445808,-16.4032890778129,-19.790112577481,-5.13646371509059,3.35728607548187,0.311133905309641
0.344725021508175,3.96183721064678,6.55010178019244,1.64081802374877,0.210777531998445,0.0105577537863079,1.09021677844616e-07,9.61943010755102e-07,3.25289905570069e-08,0.0752089329620321,-3.61398666826014,-1.17227058963701,-0.669497860910961,-2.05378353695006,-4.10593050184113,-7.09987318235793,-18.5806975445808,-16.4032890778129,-19.790112577481,-5.13646371509059,2.54897844939807,0.887393993982884
0.0359890825896249,0.413613395270279,0.683826642192854,0.171300403762073,0.0220050461493683,0.00110222307424629,1.13817968618687e-08,1.0042626528564e-07,3.39600683057899e-09,0.00785176686045677,-3.61398666826014,-1.17227058963701,-0.669497860910961,-2.05378353695006,-4.10593050184113,-7.09987318235793,-18.5806975445808,-16.4032890778129,-19.790112577481,-5.13646371509059,0.289447020341764,0.576285352599863
0.042308539690326,0.325602980972889,0.443829835713359,0.105517620595969,0.0184210165373334,0.000494984660244446,7.75454486996407e-09,1.01844308133074e-07,2.83320898789349e-09,0.00519265183887343,-3.10234491325318,-1.06165507345303,-0.751892626787426,-2.18845590402479,-3.93384164694845,-7.55056236916044,-18.6145653145123,-16.0393991645152,-19.6214344335866,-5.2000893445618,-0.0604214161204887,1.35373734610245
0.0635945958623942,0.489418688002988,0.667127233425115,0.158605106375166,0.0276889041938278,0.000744018811727687,1.16559718371685e-08,1.5308369572701e-07,4.2586386081292e-09,0.00780515228283289,-3.10234491325318,-1.06165507345303,-0.751892626787426,-2.18845590402479,-3.93384164694845,-7.55056236916044,-18.6145653145123,-16.0393991645152,-19.6214344335866,-5.2000893445618,0.347118130289829,2.21173180799195
0.0628572591573145,0.483744206422865,0.659392340396987,0.156766186495928,0.0273678699123974,0.000735392412397409,1.15208286579035e-08,1.51308792902672e-07,4.20926254846782e-09,0.0077146567747032,-3.10234491325318,-1.06165507345303,-0.751892626787426,-2.18845590402479,-3.93384164694845,-7.55056236916044,-18.6145653145123,-16.0393991645152,-19.6214344335866,-5.2000893445618,0.335456062356326,0.937455523184052
0.332792674670008,2.56114457534142,3.49109941412542,0.829985895045604,0.144896973719029,0.00389347564839351,6.09960955167169e-08,8.01092166063865e-07,2.22856001148102e-08,0.0408446263269152,-3.10234491325318,-1.06165507345303,-0.751892626787426,-2.18845590402479,-3.93384164694845,-7.55056236916044,-18.6145653145123,-16.0393991645152,-19.6214344335866,-5.2000893445618,2.00210933176794,1.50133220691348
0.229344150244063,1.76501338818923,2.40589198468405,0.571984975338001,0.0998557836150645,0.00268318966143768,4.20354736123879e-08,5.52072855195121e-07,1.5358126575587e-08,0.0281480838671442,-3.10234491325318,-1.06165507345303,-0.751892626787426,-2.18845590402479,-3.93384164694845,-7.55056236916044,-18.6145653145123,-16.0393991645152,-19.6214344335866,-5.2000893445618,1.62981334918586,0.855263546108116
0.152530318482748,1.1738605669267,1.600090825375,0.38041105632216,0.0664112621182693,0.0017845136803061,2.79566065707258e-08,3.67168067460975e-07,1.02142563277927e-08,0.0187204957805361,-3.10234491325318,-1.06165507345303,-0.751892626787426,-2.18845590402479,-3.93384164694845,-7.55056236916044,-18.6145653145123,-16.0393991645152,-19.6214344335866,-5.2000893445618,1.22195302028141,6.67847624883937
0.165094611951695,1.27055431805238,1.73189419998904,0.411746440644486,0.0718817193702907,0.001931508414217,3.02594602777428e-08,3.97412594568073e-07,1.10556294747578e-08,0.020262548568536,-3.10234491325318,-1.06165507345303,-0.751892626787426,-2.18845590402479,-3.93384164694845,-7.55056236916044,-18.6145653145123,-16.0393991645152,-19.6214344335866,-5.2000893445618,1.3011083496052,5.09772389752525
0.182180624515084,1.40204684094018,1.91113182446179,0.454359005492094,0.0793209201153648,0.0021314045625011,3.33910798524515e-08,4.3854171745929e-07,1.21998014248221e-08,0.0223595652749903,-3.10234491325318,-1.06165507345303,-0.751892626787426,-2.18845590402479,-3.93384164694845,-7.55056236916044,-18.6145653145123,-16.0393991645152,-19.6214344335866,-5.2000893445618,1.39958827159305,1.60313138915958
0.197978067645171,1.52362264129999,2.07685195189793,0.49375787443883,0.0861990814340231,0.0023162252175677,3.62865232423584e-08,4.76569020638066e-07,1.32576837859128e-08,0.0242984320550626,-3.10234491325318,-1.06165507345303,-0.751892626787426,-2.18845590402479,-3.93384164694845,-7.55056236916044,-18.6145653145123,-16.0393991645152,-19.6214344335866,-5.2000893445618,1.48274588936135,4.20346300997099
0.142341419797159,1.0954476552748,1.49320608619882,0.354999913473318,0.0619750449252809,0.00166530964747807,2.60891284537492e-08,3.42641545277344e-07,9.53195248218512e-09,0.0174699821990447,-3.10234491325318,-1.06165507345303,-0.751892626787426,-2.18845590402479,-3.93384164694845,-7.55056236916044,-18.6145653145123,-16.0393991645152,-19.6214344335866,-5.2000893445618,1.1528181707809,3.42733367336888
0.15852404996529,1.33741016030686,1.54430934935562,0.528150818739388,0.104778988026573,0.00116624857999561,2.16404559623727e-08,3.14871647862448e-07,3.71677549223449e-09,0.00624877505502496,-3.14492168281208,-1.01233769276551,-0.868495933099193,-1.94144611494529,-3.55897474356035,-8.05703574381844,-18.9517740332737,-16.2741734686949,-20.7134820681487,-6.37844254607212,1.30307272043351,1.99401942079573
0.143060739114429,1.20695179106603,1.39366889117779,0.476632072605334,0.0945582671779172,0.00105248625607192,1.95295264373334e-08,2.8415732930898e-07,3.35422069495378e-09,0.00563923504431924,-3.14492168281208,-1.01233769276551,-0.868495933099193,-1.94144611494529,-3.55897474356035,-8.05703574381844,-18.9517740332737,-16.2741734686949,-20.7134820681487,-6.37844254607212,1.20043569296146,1.59681053903497
0.186768609671909,1.21508476400162,1.58986211929243,0.310160602639247,0.1274672269366,0.00122326979969936,1.12665225492853e-08,4.13805207759207e-07,7.24557375258866e-09,0.0125744412848493,-2.91426908125029,-1.04157043253112,-0.772736976454762,-2.4070493141272,-3.29628026256013,-7.94261211328367,-19.5378143861915,-15.9342547580064,-19.9792593429061,-5.61247326611227,1.23638427150058,1.03447456607523
0.0578094608987117,0.376098506470476,0.492101280729307,0.096002306073231,0.0394542299394054,0.000378631975568703,3.48726478138643e-09,1.28082850858407e-07,2.2426826075046e-09,0.00389209767667386,-2.91426908125029,-1.04157043253112,-0.772736976454762,-2.4070493141272,-3.29628026256013,-7.94261211328367,-19.5378143861915,-15.9342547580064,-19.9792593429061,-5.61247326611227,0.0636662479205379,1.24322543287151
0.0328205341628997,0.213524805253891,0.279383800587264,0.0545040018919092,0.0223996017514499,0.000214963147833052,1.9798470892698e-09,7.27172943135613e-08,1.27325250905058e-09,0.00220968545246309,-2.91426908125029,-1.04157043253112,-0.772736976454762,-2.4070493141272,-3.29628026256013,-7.94261211328367,-19.5378143861915,-15.9342547580064,-19.9792593429061,-5.61247326611227,-0.502431836672191,0.941019683598846
0.0246156386306571,0.160145152383066,0.209539876480428,0.0408783966719374,0.0167998637513829,0.000161223919748034,1.48489967443961e-09,5.45384980676261e-08,9.54948615181143e-10,0.00165728011358014,-2.91426908125029,-1.04157043253112,-0.772736976454762,-2.4070493141272,-3.29628026256013,-7.94261211328367,-19.5378143861915,-15.9342547580064,-19.9792593429061,-5.61247326611227,-0.790104240082411,0.209206302927668
0.0195687964544803,0.127311256765565,0.166578785684464,0.032497268742903,0.0133554574450234,0.000128168848937092,1.18045685998345e-09,4.33566962706891e-08,7.59159465872805e-10,0.00131749485346756,-2.91426908125029,-1.04157043253112,-0.772736976454762,-2.4070493141272,-3.29628026256013,-7.94261211328367,-19.5378143861915,-15.9342547580064,-19.9792593429061,-5.61247326611227,-1.0195499177306,0.52253254201354
0.439592509198682,2.8599139932287,3.74201788794923,0.73001709338777,0.300016358359631,0.00287917890282228,2.6517726539187e-08,9.73962754864964e-07,1.70537219936462e-08,0.0295961414816368,-2.91426908125029,-1.04157043253112,-0.772736976454762,-2.4070493141272,-3.29628026256013,-7.94261211328367,-19.5378143861915,-15.9342547580064,-19.9792593429061,-5.61247326611227,2.09236198461304,0.636370103449755
0.337089338176057,2.1930458209473,2.86946275674972,0.559793385278255,0.230059233415487,0.0022078185831965,2.03343840078679e-08,7.46856358048572e-07,1.30771742920635e-08,0.0226949812288563,-2.91426908125029,-1.04157043253112,-0.772736976454762,-2.4070493141272,-3.29628026256013,-7.94261211328367,-19.5378143861915,-15.9342547580064,-19.9792593429061,-5.61247326611227,1.8268617959334,0.738143156363789
0.105659331073074,0.80547614589878,0.92643533249257,0.533337083774731,0.0561719117097625,0.000316639208780651,5.11450315698433e-09,1.85933187308758e-07,4.15660041179154e-09,0.0047667567079722,-3.13631636593524,-1.10510283856476,-0.965192181057263,-1.51738277510056,-3.76811958639228,-8.94652872264206,-19.9799667245012,-16.3866595835124,-20.1873494532053,-6.2348702885095,0.888781147731081,0.879647516475673
0.0628289624432926,0.478966031733083,0.550892856505582,0.317142038150164,0.033401904927259,0.00018828543352025,3.04127352977496e-09,1.10562778731812e-07,2.47166898097821e-09,0.00283449057589026,-3.13631636593524,-1.10510283856476,-0.965192181057263,-1.51738277510056,-3.76811958639228,-8.94652872264206,-19.9799667245012,-16.3866595835124,-20.1873494532053,-6.2348702885095,0.368977239516707,1.43748571208112
0.160232957100165,1.22150900843527,1.40494428063995,0.808808622925127,0.0851850132668336,0.000480185102834798,7.75617218677023e-09,2.81968701892844e-07,6.30350740158005e-09,0.00722881278291636,-3.13631636593524,-1.10510283856476,-0.965192181057263,-1.51738277510056,-3.76811958639228,-8.94652872264206,-19.9799667245012,-16.3866595835124,-20.1873494532053,-6.2348702885095,1.30518982514907,1.00103167648526
0.191775272874989,1.4619665495251,1.68151157957756,0.968024913052991,0.101953926706192,0.000574710913367731,9.2829968597124e-09,3.37475047120946e-07,7.54437085781202e-09,0.00865182524927995,-3.13631636593524,-1.10510283856476,-0.965192181057263,-1.51738277510056,-3.76811958639228,-8.94652872264206,-19.9799667245012,-16.3866595835124,-20.1873494532053,-6.2348702885095,1.48488531968881,1.43928390200999
0.170037925992719,1.40012487324028,2.06660225692926,0.529795165914734,0.0406227442565342,0.000637362560246969,7.35651307388764e-09,3.75055722426115e-07,1.71640669293106e-09,0.0103935122569466,-3.21114564186026,-1.10285044130623,-0.71350603222612,-2.07467669566596,-4.64283903498828,-8.79758376506582,-20.167091652725,-16.235603098,-21.6224447325397,-6.00598535806122,1.43941186912142,1.46172014072275
0.2788135708501,1.75592815061015,1.84249256343611,0.506931104275589,0.0654559422772134,0.000645533148196982,1.43986139185958e-08,7.10661331806882e-07,4.03181793279175e-09,0.0243118750161622,-2.77562429918483,-0.935414795970561,-0.887293064891088,-2.17779254746484,-4.22479037348915,-8.84384637008831,-19.5545462644878,-15.6554822210327,-20.8274608365918,-5.21520273804734,1.49841237383736,3.23254098735866
0.0757128487850928,0.476828735915836,0.500335620026532,0.1376590024849,0.0177748014367093,0.000175296896367644,3.90999647187076e-09,1.9298269373493e-07,1.09485496184333e-09,0.00660197891791429,-2.77562429918483,-0.935414795970561,-0.887293064891088,-2.17779254746484,-4.22479037348915,-8.84384637008831,-19.5545462644878,-15.6554822210327,-20.8274608365918,-5.21520273804734,0.194816899203363,3.93759216069405
0.058258453627409,0.447519273080985,0.549792391870768,0.249244330736312,0.00714774541269734,4.05813331228051e-05,6.36585301678605e-09,2.22986656181811e-07,9.81246106883622e-10,0.00662266579863121,-3.11945610720373,-1.0806257106456,-0.874804578129328,-1.66591165247784,-5.21754833568603,-10.3887924091744,-19.1489076339278,-15.5927439418147,-21.0187878511353,-5.29384733826389,0.276590036788353,8.48282115736519
0.252116656606467,1.07864672113149,1.55877035665676,0.508003119166796,0.0238329516158373,7.42362755088315e-05,1.45418062409741e-08,2.30649060387186e-07,2.44208927645316e-09,0.0405199744465194,-2.61969950975363,-1.16612891476788,-0.797938856678429,-1.91910382553902,-4.97852226840589,-10.7500937732073,-19.2880742811135,-16.5242046349198,-21.0722480373907,-4.4477963644492,1.24183613420864,2.40756675921774
0.0958308929734637,0.409999402182608,0.592496970369349,0.193094709402909,0.00905903269653488,2.82176063604554e-05,5.52741852235035e-09,8.76709445457059e-08,9.28251227957235e-10,0.0154018595468407,-2.61969950975363,-1.16612891476788,-0.797938856678429,-1.91910382553902,-4.97852226840589,-10.7500937732073,-19.2880742811135,-16.5242046349198,-21.0722480373907,-4.4477963644492,0.274529337391829,1.21800862604543
0.119179913293465,0.509895000310874,0.73685776438307,0.24014187920004,0.0112662493043308,3.50927741048957e-05,6.87416385040700e-09,1.09031808481704e-07,1.15441792755839e-09,0.0191544942178395,-2.61969950975363,-1.16612891476788,-0.797938856678429,-1.91910382553902,-4.97852226840589,-10.7500937732073,-19.2880742811135,-16.5242046349198,-21.0722480373907,-4.4477963644492,0.492578458564171,1.93445173405248
0.0624110795328223,0.360010651384459,0.42855150936364,0.180582189131882,0.00678620882804912,2.97089740975457e-05,3.53463401178052e-09,6.46813009861421e-08,2.05620409969797e-10,0.00917546945934895,-2.82046359360621,-1.06807279164451,-0.893795470472741,-1.75802039424868,-5.03931397058333,-10.4705125304836,-19.507107206547,-16.6002448190985,-22.3514404478473,-4.7376728499729,0.0464511308538886,0.482515808424021
0.0750882410707215,0.433137301606314,0.515600423629836,0.217262688806437,0.00816464781976456,3.57435670989659e-05,4.25260150537481e-09,7.7819598019629e-08,2.47386762549955e-10,0.011039223609941,-2.82046359360621,-1.06807279164451,-0.893795470472741,-1.75802039424868,-5.03931397058333,-10.4705125304836,-19.507107206547,-16.6002448190985,-22.3514404478473,-4.7376728499729,0.231372284180272,0.810631634281863
0.275936581994676,1.28360708627911,1.67471934379802,0.833935718126957,0.048995316090775,0.000148557327915517,1.2622661294264e-08,2.28595069040352e-07,5.6996135798849e-09,0.034166865839923,-2.71105627021538,-1.17379790429926,-0.907826459869893,-1.6050710113467,-4.43950263059109,-10.2380116828156,-19.6112441781299,-16.7147857112369,-20.406339512573,-4.79997099479399,1.42347205516638,0.495888644072819
0.250403664037273,1.16483256864688,1.51975449173757,0.756770116818267,0.0444616896429888,0.000134811045932104,1.14546632966779e-08,2.07442748093698e-07,5.17221788311965e-09,0.0310053430869551,-2.71105627021538,-1.17379790429926,-0.907826459869893,-1.6050710113467,-4.43950263059109,-10.2380116828156,-19.6112441781299,-16.7147857112369,-20.406339512573,-4.79997099479399,1.32637526308884,0.85718006199631
0.14718344391773,0.684670768297795,0.89328844633072,0.444817900231506,0.0261339011520305,7.92398709289046e-05,6.7328758922318e-09,1.21931674592604e-07,3.04015056511755e-09,0.0182244664547303,-2.71105627021538,-1.17379790429926,-0.907826459869893,-1.6050710113467,-4.43950263059109,-10.2380116828156,-19.6112441781299,-16.7147857112369,-20.406339512573,-4.79997099479399,0.794980717817427,1.8944978950089
0.285785883625819,1.32942425657689,1.73449690516861,0.863702283942341,0.0507441586806299,0.000153859944631211,1.30732155396498e-08,2.36754559058293e-07,5.90305602641898e-09,0.0353864205833195,-2.71105627021538,-1.17379790429926,-0.907826459869893,-1.6050710113467,-4.43950263059109,-10.2380116828156,-19.6112441781299,-16.7147857112369,-20.406339512573,-4.79997099479399,1.45854386301728,3.06056044704988
0.317472140879271,1.47682299600528,1.92680771648373,0.959464511286022,0.0563703724238167,0.000170919030002165,1.45226967577688e-08,2.6300451153695e-07,6.55755214589683e-09,0.0393098586889956,-2.71105627021538,-1.17379790429926,-0.907826459869893,-1.6050710113467,-4.43950263059109,-10.2380116828156,-19.6112441781299,-16.7147857112369,-20.406339512573,-4.79997099479399,1.56369106045401,1.25288234728887
0.509428773263135,2.36977054143424,3.09183441609613,1.53959597091017,0.0904542036120628,0.000274263661498537,2.33037128023026e-08,4.22027788970276e-07,1.05225161995038e-08,0.0630782059604331,-2.71105627021538,-1.17379790429926,-0.907826459869893,-1.6050710113467,-4.43950263059109,-10.2380116828156,-19.6112441781299,-16.7147857112369,-20.406339512573,-4.79997099479399,2.03659103679891,0.847559986793872
0.0603123162485082,0.280561989885001,0.366048611461707,0.182275921514351,0.0107090584996065,3.24706368307732e-05,2.7589743062489e-09,4.99647346399228e-08,1.24578225271683e-09,0.00746795804623524,-2.71105627021538,-1.17379790429926,-0.907826459869893,-1.6050710113467,-4.43950263059109,-10.2380116828156,-19.6112441781299,-16.7147857112369,-20.406339512573,-4.79997099479399,-0.0971626763290492,0.575627270572481
0.0367658625266583,0.17102814469628,0.223140044425141,0.111113813714331,0.00652814876092928,1.97938173184118e-05,1.68184670010312e-09,3.04580669292037e-08,7.59418007639039e-10,0.00455240216196352,-2.71105627021538,-1.17379790429926,-0.907826459869893,-1.6050710113467,-4.43950263059109,-10.2380116828156,-19.6112441781299,-16.7147857112369,-20.406339512573,-4.79997099479399,-0.592129242856342,0.287814141215453
0.18756557878838,0.872521158066143,1.13837643692214,0.566860814583127,0.033304155447802,0.000100980598485005,8.58014821519383e-09,1.5538558216087e-07,3.87426455837541e-09,0.0232246406776675,-2.71105627021538,-1.17379790429926,-0.907826459869893,-1.6050710113467,-4.43950263059109,-10.2380116828156,-19.6112441781299,-16.7147857112369,-20.406339512573,-4.79997099479399,1.03742952903223,1.03611833850282
1.52238806478891,8.82797093200563,14.0169069328395,5.63689316640681,0.29415765090758,0.00112327378171979,1.85041322249721e-07,4.18810622999048e-06,2.62027785962035e-08,0.207102483754928,-2.99766111592853,-1.24001611747889,-0.777677074096646,-1.68860825645113,-4.64158074094885,-10.2094491511606,-18.9206279864616,-15.801203213114,-20.875341691676,-4.99248283079373,3.41794131316356,0.376844404027932
1.22301888799915,7.09199936748546,11.2605598576904,4.52842936147478,0.236313178899832,0.000902388217046367,1.48653971616051e-07,3.36453834780654e-06,2.10501473851611e-08,0.166376927960831,-2.99766111592853,-1.24001611747889,-0.777677074096646,-1.68860825645113,-4.64158074094885,-10.2094491511606,-18.9206279864616,-15.801203213114,-20.875341691676,-4.99248283079373,3.1989834165038,0.581830370178136
0.372139415429517,2.1579490919885,3.42635604729344,1.37790762835239,0.0719052249454184,0.00027457811721249,4.52323366722296e-08,1.02375960521044e-06,6.40512556223456e-09,0.0506250666443884,-2.99766111592853,-1.24001611747889,-0.777677074096646,-1.68860825645113,-4.64158074094885,-10.2094491511606,-18.9206279864616,-15.801203213114,-20.875341691676,-4.99248283079373,2.00917439366979,0.571343417757981
0.143908896841073,2.20711777205892,2.76951048578605,0.719413269672791,0.0395304061695684,0.000216852114343151,2.51580852767844e-08,6.59995063314231e-07,4.30475937055024e-09,0.0289532698029544,-3.71499249725642,-0.984730167996434,-0.757747072160486,-2.1057369592285,-5.00710278356631,-10.2127125942839,-19.2745041666968,-16.0074511385909,-21.0399622527816,-5.31848979158974,1.77641765681009,0.796047875205866
0.0277935674497466,0.426267437342665,0.534884070263443,0.138942495382861,0.00763462881244324,4.18813151856248e-05,4.85885831519498e-09,1.27466874608745e-07,8.31391404886157e-10,0.00559183396456592,-3.71499249725642,-0.984730167996434,-0.757747072160486,-2.1057369592285,-5.00710278356631,-10.2127125942839,-19.2745041666968,-16.0074511385909,-21.0399622527816,-5.31848979158974,0.132041825497079,1.55277062951077
0.0815031342933367,1.25000622008789,1.56851862535715,0.407441357814752,0.0223881363378565,0.000122814693080598,1.42483393861425e-08,3.73789720156386e-07,2.43801035780241e-09,0.016397750860306,-3.71499249725642,-0.984730167996434,-0.757747072160486,-2.1057369592285,-5.00710278356631,-10.2127125942839,-19.2745041666968,-16.0074511385909,-21.0399622527816,-5.31848979158974,1.20787869536858,2.10287658553339
0.0284773743179859,0.436754921609977,0.548043856304557,0.142360906236556,0.007822464059856,4.29117237874212e-05,4.97840110845962e-09,1.30602950050951e-07,8.51846179318558e-10,0.00572941020331028,-3.71499249725642,-0.984730167996434,-0.757747072160486,-2.1057369592285,-5.00710278356631,-10.2127125942839,-19.2745041666968,-16.0074511385909,-21.0399622527816,-5.31848979158974,0.156347106676996,2.01345235258427
0.0406944624006626,0.624127299704594,0.783160338283507,0.20343520724482,0.0111783820379567,6.13212970660678e-05,7.11418666838507e-09,1.86632966260069e-07,1.21729699965818e-09,0.00818738643152662,-3.71499249725642,-0.984730167996434,-0.757747072160486,-2.1057369592285,-5.00710278356631,-10.2127125942839,-19.2745041666968,-16.0074511385909,-21.0399622527816,-5.31848979158974,0.513329242514192,1.07033710432616
0.0109233531226505,0.165514405337667,0.232634912190688,0.0292756864925954,0.00281328784654837,2.84282267735832e-05,1.14793378684095e-09,3.82867470599176e-08,9.11589485270304e-11,0.00234004731949761,-3.70386281839089,-0.985707571742938,-0.645295479863228,-2.71800844508879,-5.06041195256684,-9.65513853101614,-19.7723127427855,-16.2651725555143,-22.3054269710907,-5.24459465291472,-0.812989474894747,1.62337295651612
0.0271658149398921,0.235767046800298,0.895409872303419,0.172922991373458,0.0131079845094584,5.81695282771818e-05,5.51705870113028e-09,8.18962876854144e-08,3.66784075109604e-10,0.00607705696840997,-3.90627747614914,-1.74539262762818,-0.41095528400549,-2.05539049650508,-4.63501530625709,-10.0526304858061,-19.3159025390158,-16.6182937508695,-22.0267293685689,-5.40371632779146,0.300481576348418,2.80718358461512
0.0184267336066118,0.149042468057083,0.712583125735327,0.17054572609374,0.00337056227072256,5.76894627099985e-05,1.74080356387955e-09,1.01584033512035e-07,1.83372772888541e-10,0.00598914117509526,-4.05223633316415,-1.96180757087229,-0.397142283688093,-1.82703540772384,-5.75095928036568,-9.81871960088039,-20.227202589746,-16.1606630423659,-22.4777836024019,-5.17609083132135,0.0582835777423191,0.938625251224316
0.00443938001659209,0.0359074032566883,0.171675965805196,0.0410879814349775,0.000812037939483535,1.38985809091421e-05,4.1939546743793e-10,2.44736879582573e-08,4.41782814538748e-11,0.00144290758291131,-4.05223633316415,-1.96180757087229,-0.397142283688093,-1.82703540772384,-5.75095928036568,-9.81871960088039,-20.227202589746,-16.1606630423659,-22.4777836024019,-5.17609083132135,-1.36500421502654,0.917791637484963
0.00493248367934427,0.0398958142509299,0.190744855431375,0.0456518245988781,0.000902234967166793,1.54423643040623e-05,4.65979774337176e-10,2.71921002428931e-08,4.90853793633989e-11,0.00160317838907956,-4.05223633316415,-1.96180757087229,-0.397142283688093,-1.82703540772384,-5.75095928036568,-9.81871960088039,-20.227202589746,-16.1606630423659,-22.4777836024019,-5.17609083132135,-1.25967629570878,0.668087174977598
0.0344805704761109,0.278892039874706,1.33340358695956,0.319129480759667,0.00630708146114778,0.000107949983277955,3.25743570460455e-09,1.90086615541157e-07,3.43131775493542e-10,0.0112070326075128,-4.05223633316415,-1.96180757087229,-0.397142283688093,-1.82703540772384,-5.75095928036568,-9.81871960088039,-20.227202589746,-16.1606630423659,-22.4777836024019,-5.17609083132135,0.684877044971461,1.49739576896907
0.0312541553081398,0.252795560168792,1.20863437639867,0.289267904136881,0.00571691537599048,9.78488898615476e-05,2.95263100384392e-09,1.72299835011085e-07,3.11024256685746e-10,0.0101583684034829,-4.05223633316415,-1.96180757087229,-0.397142283688093,-1.82703540772384,-5.75095928036568,-9.81871960088039,-20.227202589746,-16.1606630423659,-22.4777836024019,-5.17609083132135,0.586633391385186,1.6427187744083
0.0538028387735175,0.435177934976227,2.08061807616898,0.497963686914188,0.00984145222367124,0.000168443139591663,5.0828418906631e-09,2.9660760792952e-07,5.35416419741095e-10,0.0174872445607974,-4.05223633316415,-1.96180757087229,-0.397142283688093,-1.82703540772384,-5.75095928036568,-9.81871960088039,-20.227202589746,-16.1606630423659,-22.4777836024019,-5.17609083132135,1.12980728526473,0.793389195839014
0.0902064881684599,0.72962457255936,3.48838935174184,0.834891921242964,0.0165002974529298,0.000282413798695556,8.5219539958166e-09,4.97295891542048e-07,8.97685624654201e-10,0.0293193250678251,-4.05223633316415,-1.96180757087229,-0.397142283688093,-1.82703540772384,-5.75095928036568,-9.81871960088039,-20.227202589746,-16.1606630423659,-22.4777836024019,-5.17609083132135,1.64658240957787,0.613494410755392
0.0953916697955964,0.771564304447347,3.68890632942498,0.882882551834736,0.0174487551629278,0.000298647296639864,9.0118065572409e-09,5.25881080616905e-07,9.49285715760829e-10,0.0310046364988368,-4.05223633316415,-1.96180757087229,-0.397142283688093,-1.82703540772384,-5.75095928036568,-9.81871960088039,-20.227202589746,-16.1606630423659,-22.4777836024019,-5.17609083132135,1.70247231011931,0.424669815802007
0.0427279229679083,0.34559978073406,1.65233825780851,0.395461550734343,0.00781566218606951,0.000133770367084939,4.03657653969756e-09,2.35553129020882e-07,4.2520491594788e-10,0.0138876248084238,-4.05223633316415,-1.96180757087229,-0.397142283688093,-1.82703540772384,-5.75095928036568,-9.81871960088039,-20.227202589746,-16.1606630423659,-22.4777836024019,-5.17609083132135,0.8993336943698,0.40899030966731
0.115200358314138,0.931784552311465,4.45493125183418,1.06621874361358,0.0210721004382475,0.00036066331217581,1.08831656545735e-08,6.35083640400747e-07,1.14641094796297e-09,0.037442946975549,-4.05223633316415,-1.96180757087229,-0.397142283688093,-1.82703540772384,-5.75095928036568,-9.81871960088039,-20.227202589746,-16.1606630423659,-22.4777836024019,-5.17609083132135,1.89115391280474,0.51918445633325
0.0295728119072854,0.239196211772888,1.14361488018229,0.273706495520829,0.00540936913626979,9.25850270686601e-05,2.79379175176603e-09,1.63030821412475e-07,2.94292446904663e-10,0.00961189048685865,-4.05223633316415,-1.96180757087229,-0.397142283688093,-1.82703540772384,-5.75095928036568,-9.81871960088039,-20.227202589746,-16.1606630423659,-22.4777836024019,-5.17609083132135,0.531336476771359,0.32931167503253
0.00725582222571499,0.0586878648919072,0.28059104732076,0.0671551180100443,0.00132721301339538,2.2716152230614e-05,6.85469354420412e-10,4.00003442753374e-08,7.22059736424611e-11,0.00235832050209964,-4.05223633316415,-1.96180757087229,-0.397142283688093,-1.82703540772384,-5.75095928036568,-9.81871960088039,-20.227202589746,-16.1606630423659,-22.4777836024019,-5.17609083132135,-0.873714733620204,0.683552170402421
0.13457545644811,0.957386503324439,1.68251892572103,0.661505851418928,0.0354623069990543,0.000138429060060896,2.27509085776921e-08,2.94101729628474e-07,5.89077733783874e-10,0.0247370503561482,-3.25734259408289,-1.29526047065704,-0.731420340272263,-1.66494882110075,-4.59099729257428,-10.1368649366003,-18.8503731261829,-16.291052481631,-22.504175336438,-4.95116551614405,1.25171237131694,0.69932011434618
0.0578623545433815,0.411639973235144,0.72341947911994,0.28442248770735,0.0152474502755762,5.95192582938709e-05,9.78202989646985e-09,1.26452616255076e-07,2.5328113747812e-10,0.0106359957145442,-3.25734259408289,-1.29526047065704,-0.731420340272263,-1.66494882110075,-4.59099729257428,-10.1368649366003,-18.8503731261829,-16.291052481631,-22.504175336438,-4.95116551614405,0.40765430762273,0.893283503739088
0.0993879637155129,0.374891250446546,0.983332677494618,0.220061627052172,0.0286973211147784,5.90953590415744e-05,2.51113890039513e-08,1.76099998221779e-07,2.6007884860711e-10,0.0130441692238415,-2.85074287002435,-1.52313790187039,-0.558826393262899,-2.05586625688414,-4.09297010951326,-10.2783767718426,-18.0419629565342,-16.0942324395337,-22.6120548750064,-4.88143265582197,0.542018607991669,0.446910600516013
0.164050279579638,0.618797409148616,1.6230939304133,0.363234843466504,0.04736794452839,9.75431008967962e-05,4.14489867055025e-08,2.90671554806667e-07,4.29287473369247e-10,0.0215307722188629,-2.85074287002435,-1.52313790187039,-0.558826393262899,-2.05586625688414,-4.09297010951326,-10.2783767718426,-18.0419629565342,-16.0942324395337,-22.6120548750064,-4.88143265582197,1.04316055468218,0.417068785639781
0.344063903653369,1.29780852984715,3.40412729027378,0.761815209984669,0.0993451516464038,0.000204577890113951,8.69312762216216e-08,6.09627670760696e-07,9.00347894897748e-10,0.0451566529315012,-2.85074287002435,-1.52313790187039,-0.558826393262899,-2.05586625688414,-4.09297010951326,-10.2783767718426,-18.0419629565342,-16.0942324395337,-22.6120548750064,-4.88143265582197,1.78381499759737,1.73596975445256
0.365775412801872,1.37970430987402,3.61893837629781,0.809888134012511,0.10561414163904,0.000217487395254209,9.24169118228449e-08,6.4809708475722e-07,9.57162664913848e-10,0.0480061790597225,-2.85074287002435,-1.52313790187039,-0.558826393262899,-2.05586625688414,-4.09297010951326,-10.2783767718426,-18.0419629565342,-16.0942324395337,-22.6120548750064,-4.88143265582197,1.84500710987356,4.08443016169168
0.64419880016925,2.42991691049124,6.37362621516689,1.42636422772565,0.186006223883692,0.000383035912669688,1.62763437967527e-07,1.14141998007924e-06,1.68574217600103e-09,0.0845478451219318,-2.85074287002435,-1.52313790187039,-0.558826393262899,-2.05586625688414,-4.09297010951326,-10.2783767718426,-18.0419629565342,-16.0942324395337,-22.6120548750064,-4.88143265582197,2.41099496542477,4.04634750568379
0.210289620840957,0.793212135210405,2.08058046649154,0.465616503089923,0.0607191107532068,0.000125036676290946,5.31318308074608e-08,3.72600468625669e-07,5.50286779381971e-10,0.0275994526673129,-2.85074287002435,-1.52313790187039,-0.558826393262899,-2.05586625688414,-4.09297010951326,-10.2783767718426,-18.0419629565342,-16.0942324395337,-22.6120548750064,-4.88143265582197,1.29147331847184,2.06891273799793
0.372107807944596,1.40359009487885,3.68159033975359,0.823909119312441,0.107442559991151,0.000221252591265504,9.40168564420029e-08,6.59317103074179e-07,9.73733303611699e-10,0.0488372740006588,-2.85074287002435,-1.52313790187039,-0.558826393262899,-2.05586625688414,-4.09297010951326,-10.2783767718426,-18.0419629565342,-16.0942324395337,-22.6120548750064,-4.88143265582197,1.8621712096323,1.7143139454844
0.0612465694932517,0.231021968501228,0.605966265085669,0.135610180852767,0.0176843594155667,3.6416763951705e-05,1.54745743267756e-08,1.08519385805348e-07,1.60270285047142e-10,0.00803830350259051,-2.85074287002435,-1.52313790187039,-0.558826393262899,-2.05586625688414,-4.09297010951326,-10.2783767718426,-18.0419629565342,-16.0942324395337,-22.6120548750064,-4.88143265582197,0.0578954306250823,1.88837129271226
0.0554295503984275,0.209080181178044,0.548413370874819,0.122730324593062,0.0160047509533912,3.29580067832384e-05,1.40048447551781e-08,9.82125336075635e-08,1.45048284596082e-10,0.00727484906993509,-2.85074287002435,-1.52313790187039,-0.558826393262899,-2.05586625688414,-4.09297010951326,-10.2783767718426,-18.0419629565342,-16.0942324395337,-22.6120548750064,-4.88143265582197,-0.041899556718498,1.74966970908841
0.0555404761910944,0.209498593102035,0.549510857457989,0.122975932909238,0.0160367797119357,3.30239624513048e-05,1.40328712950739e-08,9.84090768423893e-08,1.45338555684845e-10,0.00728940752104671,-2.85074287002435,-1.52313790187039,-0.558826393262899,-2.05586625688414,-4.09297010951326,-10.2783767718426,-18.0419629565342,-16.0942324395337,-22.6120548750064,-4.88143265582197,-0.0399003532755172,0.911636823272218
0.0541217442924083,0.20414713850267,0.535474093000521,0.11983462244966,0.0156271344857903,3.218039480184e-05,1.36744141211026e-08,9.58953047970041e-08,1.4162601198339e-10,0.00710320611115873,-2.85074287002435,-1.52313790187039,-0.558826393262899,-2.05586625688414,-4.09297010951326,-10.2783767718426,-18.0419629565342,-16.0942324395337,-22.6120548750064,-4.88143265582197,-0.0657763760857359,1.80577832497243
0.101812599984299,0.384036974825053,1.00732174000283,0.225430178558529,0.0293974115783586,6.05370301000464e-05,2.57239982401446e-08,1.80396076204057e-07,2.66423647167244e-10,0.0133623905115503,-2.85074287002435,-1.52313790187039,-0.558826393262899,-2.05586625688414,-4.09297010951326,-10.2783767718426,-18.0419629565342,-16.0942324395337,-22.6120548750064,-4.88143265582197,0.56612145944744,1.25629929315064
0.181870415343548,0.686014934590448,1.7994042315701,0.402691613923353,0.0525133377853609,0.000108138823776804,4.59514268858009e-08,3.22246061004609e-07,4.7591928086624e-10,0.023869575206734,-2.85074287002435,-1.52313790187039,-0.558826393262899,-2.05586625688414,-4.09297010951326,-10.2783767718426,-18.0419629565342,-16.0942324395337,-22.6120548750064,-4.88143265582197,1.14628202091718,0.582178553816697
0.214528584026059,0.809201498002954,2.12252026345266,0.475002278798118,0.0619430707094126,0.00012755713291389,5.42028483586326e-08,3.80111251435301e-07,5.61379316377951e-10,0.0281557952167828,-2.85074287002435,-1.52313790187039,-0.558826393262899,-2.05586625688414,-4.09297010951326,-10.2783767718426,-18.0419629565342,-16.0942324395337,-22.6120548750064,-4.88143265582197,1.31143057939486,0.659366263062734
0.303849243909516,0.992805538174836,3.96482105624332,0.964166780987481,0.105991772935685,0.000238444863059872,5.47079858374667e-08,2.90079941849644e-07,6.18296604069981e-10,0.03290046494427,-3.04200227808473,-1.85799913608172,-0.473317946078882,-1.88726965932617,-4.09517247100977,-10.1921511258148,-18.5720348141154,-16.9038879597164,-23.0548315010586,-5.26504715857929,1.8507786693133,1.17589355027086
0.0675153338194924,0.220601494561151,0.880983653941676,0.214237959714721,0.0235513830470601,5.29824735447573e-05,1.21561201827725e-08,6.44557934596996e-08,1.3738557017991e-10,0.00731048675635468,-3.04200227808473,-1.85799913608172,-0.473317946078882,-1.88726965932617,-4.09517247100977,-10.1921511258148,-18.5720348141154,-16.9038879597164,-23.0548315010586,-5.26504715857929,0.346601738878591,0.151084822105481
0.0314048339658814,0.34011004795327,1.01632759443591,0.0868122930658623,0.0395669050077533,3.38313769735738e-05,1.08181977538487e-08,5.31027659496635e-08,2.62410636108298e-10,0.0106841337843198,-3.88274832072712,-1.50044091405954,-0.405759138114865,-2.86596191292941,-3.65171711303636,-10.716076744032,-18.7639910143579,-17.172991691376,-22.4830653964992,-4.96095033264941,0.421954870768424,0.663312434272264
0.0678412627687645,0.734711578432868,2.19548835915451,0.187533409405652,0.0854731090918666,7.30831227315783e-05,2.33696569547428e-08,1.1471350883285e-07,5.6686397186122e-10,0.0230800496607029,-3.88274832072712,-1.50044091405954,-0.405759138114865,-2.86596191292941,-3.65171711303636,-10.716076744032,-18.7639910143579,-17.172991691376,-22.4830653964992,-4.96095033264941,1.19216364698175,0.537349985345922
0.142998299956242,1.54865199122503,4.62773082516035,0.395289793195791,0.180163351819843,0.000154047284493072,4.92594193961178e-08,2.4179733801573e-07,1.1948566547013e-09,0.0486489745280175,-3.88274832072712,-1.50044091405954,-0.405759138114865,-2.86596191292941,-3.65171711303636,-10.716076744032,-18.7639910143579,-17.172991691376,-22.4830653964992,-4.96095033264941,1.93782578351633,0.55302369668129
0.346107617735298,3.74829806751505,11.2007827499108,0.956744301715044,0.436060488276107,0.000372850157455046,1.19225615293547e-07,5.85237031915551e-07,2.89198536220626e-09,0.117748117874896,-3.88274832072712,-1.50044091405954,-0.405759138114865,-2.86596191292941,-3.65171711303636,-10.716076744032,-18.7639910143579,-17.172991691376,-22.4830653964992,-4.96095033264941,2.82174280235873,0.980787898531977
0.536235412352525,4.73494462226934,6.07733409866024,0.61535201431239,0.309395296529869,9.96336851274443e-05,5.09995843261179e-08,2.56815295325499e-07,1.15225547058521e-09,0.131850927375927,-3.14129874438722,-0.963146701037897,-0.71355060299845,-3.00367752613247,-3.69125227507114,-11.7321269786661,-19.3095650869287,-17.693025437873,-23.0996612688027,-4.54420006484477,2.51811673220508,0.608086456447677
0.10566411072873,0.933011325505224,1.19752647502168,0.121253878202855,0.0609657216185272,1.96326174943042e-05,1.00493656353517e-08,5.06049380123098e-08,2.27049625644007e-10,0.0259809603562262,-3.14129874438722,-0.963146701037897,-0.71355060299845,-3.00367752613247,-3.69125227507114,-11.7321269786661,-19.3095650869287,-17.693025437873,-23.0996612688027,-4.54420006484477,0.893808761634599,0.545389743540067
0.072705516595471,0.64198780401829,0.823995776832219,0.0834325467099773,0.0419493833272333,1.35088402978114e-05,6.91478227504131e-09,3.48203201171352e-08,1.56228640087987e-10,0.0178770173838437,-3.14129874438722,-0.963146701037897,-0.71355060299845,-3.00367752613247,-3.69125227507114,-11.7321269786661,-19.3095650869287,-17.693025437873,-23.0996612688027,-4.54420006484477,0.519960728709032,0.466164978855005
0.20566940402302,1.81605544153047,2.33091969185078,0.236014032517481,0.118666437872236,3.82138146208578e-05,1.95605397781503e-08,9.84997400710038e-08,4.4193966019113e-10,0.0505705162856008,-3.14129874438722,-0.963146701037897,-0.71355060299845,-3.00367752613247,-3.69125227507114,-11.7321269786661,-19.3095650869287,-17.693025437873,-23.0996612688027,-4.54420006484477,1.55981351022811,0.370940537613487
0.184360839556021,1.62790137634358,2.08942265072725,0.211561585392909,0.106371894337765,3.42546378232854e-05,1.75339523775988e-08,8.82945854868503e-08,3.96152102316686e-10,0.0453311122453162,-3.14129874438722,-0.963146701037897,-0.71355060299845,-3.00367752613247,-3.69125227507114,-11.7321269786661,-19.3095650869287,-17.693025437873,-23.0996612688027,-4.54420006484477,1.45043838714169,0.223251747732748
0.0867603471620178,0.766091589174925,0.983283841524249,0.0995610382282848,0.0500586919828039,1.61202578411689e-05,8.25149092977797e-09,4.15514970956608e-08,1.86429471729081e-10,0.0213328548791347,-3.14129874438722,-0.963146701037897,-0.71355060299845,-3.00367752613247,-3.69125227507114,-11.7321269786661,-19.3095650869287,-17.693025437873,-23.0996612688027,-4.54420006484477,0.696693152762133,2.57079356493867
0.180075513549403,1.04685775960979,1.33866095089801,0.240250241882323,0.223740109422835,8.65164489936911e-05,3.37609247674912e-08,2.18035356921625e-07,1.46504878181497e-09,0.120437323084173,-2.86181594641689,-1.10164388260683,-0.855767126105381,-2.57351117440805,-2.64470707657109,-10.5026129503982,-18.3513987252619,-16.4860455496645,-21.4888142469346,-3.26406275182175,1.14743695007008,1.50209941919513
0.173704283879464,0.836907069144535,1.37098919761308,0.323458203622134,0.133413118799317,2.76300091167774e-05,2.14083779678171e-08,2.2212163749608e-07,3.29553230953545e-09,0.0809736031652508,-2.82180418499269,-1.24944548462994,-0.75587072012558,-2.20008861541011,-3.08570804998389,-11.5680113305416,-18.7308867391811,-16.3914439299486,-20.6021013728182,-3.58503530574312,1.07140324147201,1.8477600213962
0.239669362275656,0.781735693081694,1.28645287998683,0.266420295395819,0.0456565582376765,1.56279587024353e-05,1.13766375661131e-08,1.42223921370955e-07,1.21952714287895e-09,0.0436240289063085,-2.40816401815837,-1.22590763944568,-0.727780329938697,-2.30234921479084,-4.06627707427516,-12.046118078803,-19.2713729761061,-16.7455321657921,-21.5044716966283,-4.11181621422594,0.979669055491328,3.52222055369148
0.203114817500787,0.662504798804931,1.09024215469541,0.225785678920397,0.0386929868970644,1.32443711186751e-05,9.64146456214925e-09,1.20531825842147e-07,1.03352397949896e-09,0.0369704604118852,-2.40816401815837,-1.22590763944568,-0.727780329938697,-2.30234921479084,-4.06627707427516,-12.046118078803,-19.2713729761061,-16.7455321657921,-21.5044716966283,-4.11181621422594,0.81418016177683,3.26131148274663
0.172676385546652,0.563222986252611,0.926860368730449,0.191949831252562,0.0328945234306362,1.12595927847678e-05,8.19661151487197e-09,1.02469136845124e-07,8.78641880250716e-10,0.0314301317573504,-2.40816401815837,-1.22590763944568,-0.727780329938697,-2.30234921479084,-4.06627707427516,-12.046118078803,-19.2713729761061,-16.7455321657921,-21.5044716966283,-4.11181621422594,0.651827978133279,4.33721228155036
0.154826573392481,0.505001797097571,0.831049448073239,0.172107694645195,0.0294941681227635,1.00956721044483e-05,7.34931571714026e-09,9.18767513345335e-08,7.87815375725431e-10,0.0281811527723347,-2.40816401815837,-1.22590763944568,-0.727780329938697,-2.30234921479084,-4.06627707427516,-12.046118078803,-19.2713729761061,-16.7455321657921,-21.5044716966283,-4.11181621422594,0.542714348341625,4.34692134678018
0.0915214133345425,0.298517736291244,0.491251717143848,0.101736666481331,0.0174346553861859,5.96777516491945e-06,4.34434313655816e-09,5.43103806438124e-08,4.65695100351401e-10,0.0166585029598413,-2.40816401815837,-1.22590763944568,-0.727780329938697,-2.30234921479084,-4.06627707427516,-12.046118078803,-19.2713729761061,-16.7455321657921,-21.5044716966283,-4.11181621422594,0.0169817095921375,1.97636162826355
0.3278371697798,1.06931488740305,1.75970373194752,0.364429040012243,0.0624523580836801,2.13770575504318e-05,1.55617915693178e-08,1.94544214640216e-07,1.66815784543726e-09,0.0596721167663784,-2.40816401815837,-1.22590763944568,-0.727780329938697,-2.30234921479084,-4.06627707427516,-12.046118078803,-19.2713729761061,-16.7455321657921,-21.5044716966283,-4.11181621422594,1.29292579069825,2.10318776553697
0.23432983990896,0.764319636317404,1.25779237928216,0.260484796954548,0.0446393893697759,1.52797880633301e-05,1.11231808448815e-08,1.39055356970279e-07,1.19235766074587e-09,0.0426521421542475,-2.40816401815837,-1.22590763944568,-0.727780329938697,-2.30234921479084,-4.06627707427516,-12.046118078803,-19.2713729761061,-16.7455321657921,-21.5044716966283,-4.11181621422594,0.957138434280043,3.13650807952997
0.221512572007833,0.909077366265133,1.4234676815891,0.374491121729722,0.0809908457763139,1.29617310773747e-05,1.45993958608755e-08,1.29806561396539e-07,1.82244330993891e-09,0.0667963584885889,-2.63101945434591,-1.21906859876228,-0.770647597745413,-2.10593070504125,-3.63716266754226,-12.3772528269135,-19.166029210219,-16.9809640056423,-21.2468312799258,-3.82985023530798,1.12374352173864,3.06669241617902
0.139669333402463,0.573196494477197,0.897532724239544,0.23612621560496,0.0510667965197001,8.17270244713197e-06,9.20529191406368e-09,8.18463518218704e-08,1.14909704652766e-09,0.0421168098011306,-2.63101945434591,-1.21906859876228,-0.770647597745413,-2.10593070504125,-3.63716266754226,-12.3772528269135,-19.166029210219,-16.9809640056423,-21.2468312799258,-3.82985023530798,0.662541900009242,2.63900860042182
0.0542343863941865,0.222575417265659,0.348516996408719,0.0916891353523896,0.0198295238252629,3.17350624940159e-06,3.5744665373323e-09,3.17813979742499e-08,4.46200835270119e-10,0.0163541937288626,-2.63101945434591,-1.21906859876228,-0.770647597745413,-2.10593070504125,-3.63716266754226,-12.3772528269135,-19.166029210219,-16.9809640056423,-21.2468312799258,-3.82985023530798,-0.283420682042534,1.26640360377577
0.0637213589728719,0.261509514628566,0.409481476841925,0.107727895458003,0.0232982115211344,3.72863314892132e-06,4.19973158184906e-09,3.73407722225832e-08,5.24252701811525e-10,0.0192149578633465,-2.63101945434591,-1.21906859876228,-0.770647597745413,-2.10593070504125,-3.63716266754226,-12.3772528269135,-19.166029210219,-16.9809640056423,-21.2468312799258,-3.82985023530798,-0.122216012563922,1.87560575116456
0.108189023358926,0.863234015143282,0.80669730598231,0.158927353928925,0.0355345691035094,1.10524887673139e-05,4.064310346948e-09,5.16814473254243e-08,5.46464070921805e-10,0.0369508390191159,-2.92178330322396,-0.844977397757542,-0.912714704406787,-2.53721601250698,-4.03515721655957,-12.1107628653579,-20.0189297024959,-17.4760749101499,-22.0254604922493,-3.99607486277708,0.69790793780865,1.74031036661242
0.0499415277802566,0.398480587121261,0.372382471586937,0.073363032726085,0.0164032414282437,5.1019794585126e-06,1.87614105200203e-09,2.3856860494652e-08,2.52255263348782e-10,0.017057010924803,-2.92178330322396,-0.844977397757542,-0.912714704406787,-2.53721601250698,-4.03515721655957,-12.1107628653579,-20.0189297024959,-17.4760749101499,-22.0254604922493,-3.99607486277708,-0.0751190990585731,3.58989829542777
0.0160692532050278,0.113790006495406,0.307734349343691,0.0355825359739752,0.0106300341613112,3.21409612103584e-06,4.1950873649521e-10,8.293870631209e-09,3.81352523064239e-11,0.0106531667879911,-3.42656374588657,-1.46911675173135,-0.47423454450894,-2.63161649821863,-3.83978804716406,-11.943680558316,-20.8876529384668,-17.9034652473213,-23.2855981783967,-3.83761425424219,-0.704283825799472,5.33032508602334
0.0534816878480253,0.378715894881037,1.02420144867497,0.118425794747316,0.0353788792531573,1.06971545762316e-05,1.39620895933959e-09,2.76036598895236e-08,1.26921745138704e-10,0.0354558692603106,-3.42656374588657,-1.46911675173135,-0.47423454450894,-2.63161649821863,-3.83978804716406,-11.943680558316,-20.8876529384668,-17.9034652473213,-23.2855981783967,-3.83761425424219,0.498147778999647,2.63956717125342
0.0209012781270855,0.189663470713468,0.389304104669306,0.0702218100393783,0.0146331270598265,5.01835300589389e-06,2.76477424653075e-10,1.13043859562484e-08,1.20889570483358e-10,0.0397457093012125,-3.5456362943081,-1.34019531086712,-0.621085807536472,-2.333787658714,-3.90215867064076,-11.880100091401,-21.6865832719566,-17.9757663756459,-22.5138349545081,-2.9029447126487,-0.322308673167126,2.68522334101206
0.0272954873168727,0.247686138036929,0.508401696144947,0.0917043691607473,0.0191097564292055,6.553589210722e-06,3.61058591351895e-10,1.47626724843184e-08,1.57872629501765e-10,0.0519048881860238,-3.5456362943081,-1.34019531086712,-0.621085807536472,-2.333787658714,-3.90215867064076,-11.880100091401,-21.6865832719566,-17.9757663756459,-22.5138349545081,-2.9029447126487,-0.0553975958948862,5.16234632835399
0.00956423148538733,0.0867882493690608,0.178141956325802,0.032132850558511,0.00669598355202511,2.29635190402834e-06,1.2651351146029e-10,5.17278242164596e-09,5.53179489427287e-11,0.018187268835732,-3.5456362943081,-1.34019531086712,-0.621085807536472,-2.333787658714,-3.90215867064076,-11.880100091401,-21.6865832719566,-17.9757663756459,-22.5138349545081,-2.9029447126487,-1.10408873154534,5.23480254509949
0.0209825995012619,0.190401401378555,0.390818784516716,0.0704950246272536,0.0146900607073177,5.03787809713761e-06,2.77553125572647e-10,1.13483683478797e-08,1.213599199967e-10,0.0399003493992169,-3.5456362943081,-1.34019531086712,-0.621085807536472,-2.333787658714,-3.90215867064076,-11.880100091401,-21.6865832719566,-17.9757663756459,-22.5138349545081,-2.9029447126487,-0.318425485603355,13.3667699313597
0.0157260334686943,0.142701995069075,0.292910765662504,0.0528345935687304,0.0110099030545065,3.77578762641031e-06,2.08020447696848e-10,8.50537229398555e-09,9.09568027313007e-11,0.0299045039689646,-3.5456362943081,-1.34019531086712,-0.621085807536472,-2.333787658714,-3.90215867064076,-11.880100091401,-21.6865832719566,-17.9757663756459,-22.5138349545081,-2.9029447126487,-0.606801462867488,7.67425440330012
0.0152272810229705,0.13817618955098,0.283621076622746,0.0511589400853721,0.0106607230730097,3.6560382110886e-06,2.01423062077906e-10,8.23562371168338e-09,8.80721002468655e-11,0.0289560801644262,-3.5456362943081,-1.34019531086712,-0.621085807536472,-2.333787658714,-3.90215867064076,-11.880100091401,-21.6865832719566,-17.9757663756459,-22.5138349545081,-2.9029447126487,-0.639030361415348,4.48424666946442
0.0363768529447249,0.330092740796997,0.67754986466504,0.122214940243517,0.0254676823082403,8.73400603590627e-06,4.81184861422807e-10,1.96742985314363e-08,2.10397761385001e-10,0.0691739430308036,-3.5456362943081,-1.34019531086712,-0.621085807536472,-2.333787658714,-3.90215867064076,-11.880100091401,-21.6865832719566,-17.9757663756459,-22.5138349545081,-2.9029447126487,0.231813679581381,3.11974617168516
0.0164614502308967,0.149375352300727,0.306608529140279,0.0553053657320953,0.0115247733345822,3.95235964735293e-06,2.17748375875409e-10,8.90311997563843e-09,9.52103328727756e-11,0.0313029668126247,-3.5456362943081,-1.34019531086712,-0.621085807536472,-2.333787658714,-3.90215867064076,-11.880100091401,-21.6865832719566,-17.9757663756459,-22.5138349545081,-2.9029447126487,-0.561097686933433,2.4700901692954
0.0532006062429727,0.482755722532927,0.990906596972441,0.178737531880053,0.0372461064859183,1.2773353889245e-05,7.03725701108135e-10,2.87733689021447e-08,3.07703595878805e-10,0.101165862562316,-3.5456362943081,-1.34019531086712,-0.621085807536472,-2.333787658714,-3.90215867064076,-11.880100091401,-21.6865832719566,-17.9757663756459,-22.5138349545081,-2.9029447126487,0.61195080715323,1.14481546642944
0.0433257335011107,0.393148636033833,0.806978682702349,0.14556102307395,0.0303326408761751,1.04024176715826e-05,5.73103096698653e-10,2.34325772020339e-08,2.50588948770477e-10,0.0823878807088565,-3.5456362943081,-1.34019531086712,-0.621085807536472,-2.333787658714,-3.90215867064076,-11.880100091401,-21.6865832719566,-17.9757663756459,-22.5138349545081,-2.9029447126487,0.406627780988832,0.874745027684817
0.0357962925753531,0.324824589541163,0.666736433379617,0.120264437517007,0.0250612280426561,8.59461470983402e-06,4.73505338916881e-10,1.93603044088579e-08,2.07039895264744e-10,0.0680699539095377,-3.5456362943081,-1.34019531086712,-0.621085807536472,-2.333787658714,-3.90215867064076,-11.880100091401,-21.6865832719566,-17.9757663756459,-22.5138349545081,-2.9029447126487,0.215725344022297,0.433784691782864
0.121010208045046,1.09807715633621,2.25391817727045,0.406556756505389,0.0847200701838671,2.90542969475036e-05,1.60069592268961e-09,6.5447963902955e-08,6.99903230114442e-10,0.230112078419021,-3.5456362943081,-1.34019531086712,-0.621085807536472,-2.333787658714,-3.90215867064076,-11.880100091401,-21.6865832719566,-17.9757663756459,-22.5138349545081,-2.9029447126487,1.4337559213729,0.972800291650586
0.429225825855656,6.84418561114645,17.3992606159489,3.05169619375518,0.827057053052549,0.00016230979950386,2.05480497467357e-08,5.48758041053512e-07,3.07712118425161e-09,0.838618455307668,-4.2264336092338,-1.45726203534051,-0.524233799294077,-2.26496394613852,-3.57054310964179,-12.1066652175902,-21.0811613146184,-17.7962697305393,-22.9799328687603,-3.55666094847988,3.38066151127542,0.320969010331578
0.724331619588082,11.5497711224634,29.3617808212305,5.14983002736844,1.39568390027574,0.000273902717096021,3.46754581292011e-08,9.26045863726622e-07,5.19273547115803e-09,1.4151941177783,-4.2264336092338,-1.45726203534051,-0.524233799294077,-2.26496394613852,-3.57054310964179,-12.1066652175902,-21.0811613146184,-17.7962697305393,-22.9799328687603,-3.55666094847988,3.90392765587503,0.231286198171226
0.213886993354272,3.4105177138595,8.67020415724987,1.52068697686535,0.412129782864797,8.08803965572426e-05,1.02392733961477e-08,2.73450944490435e-07,1.53335647260807e-09,0.417890931002557,-4.2264336092338,-1.45726203534051,-0.524233799294077,-2.26496394613852,-3.57054310964179,-12.1066652175902,-21.0811613146184,-17.7962697305393,-22.9799328687603,-3.55666094847988,2.68412613735829,0.631734089890464
0.203617257400268,3.24676247171732,8.25390625167886,1.44767153316686,0.392341463891179,7.69969424795922e-05,9.74763698343171e-09,2.60321258798709e-07,1.45973270591663e-09,0.397825991794866,-4.2264336092338,-1.45726203534051,-0.524233799294077,-2.26496394613852,-3.57054310964179,-12.1066652175902,-21.0811613146184,-17.7962697305393,-22.9799328687603,-3.55666094847988,2.63492037263397,0.267991839342946
0.739181987425982,11.786566458983,29.9637609554389,5.2554127026803,1.42429844469715,0.000279518316347355,3.5386380163033e-08,9.45031810686838e-07,5.29919780104426e-09,1.44420866393741,-4.2264336092338,-1.45726203534051,-0.524233799294077,-2.26496394613852,-3.57054310964179,-12.1066652175902,-21.0811613146184,-17.7962697305393,-22.9799328687603,-3.55666094847988,3.92422248262258,0.177097480461686
0.266093075547563,3.7270401321938,9.59918387187779,1.7716663067095,0.489743096107468,3.7014533831799e-05,1.36957301389708e-08,3.22592729269585e-07,2.28516891913055e-09,0.48375431819405,-4.11737331345003,-1.47784980171859,-0.531786108605698,-2.22154367016812,-3.50733850914526,-12.997664106303,-20.899645911499,-17.7403393995409,-22.6902900802309,-3.51964229829824,2.79346419011959,1.14496247455302
0.10117444255082,1.41710266967034,3.64982093270015,0.67362651432605,0.186211101659911,1.40737402467331e-05,5.20741796563270e-09,1.22656854138859e-07,8.68871506903106e-10,0.183934036517559,-4.11737331345003,-1.47784980171859,-0.531786108605698,-2.22154367016812,-3.50733850914526,-12.997664106303,-20.899645911499,-17.7403393995409,-22.6902900802309,-3.51964229829824,1.82646421546243,1.08500696288307
0.0287515909739128,0.40270996606614,1.03720026460545,0.191430103500266,0.0529171725066656,3.99945295318937e-06,1.4798356937116e-09,3.48564282780798e-08,2.46914512652908e-10,0.0522700797830166,-4.11737331345003,-1.47784980171859,-0.531786108605698,-2.22154367016812,-3.50733850914526,-12.997664106303,-20.899645911499,-17.7403393995409,-22.6902900802309,-3.51964229829824,0.568311138403205,1.71625589162363
0.0360514978743104,0.504956316983293,1.30054100896834,0.240033394175671,0.0663526179775417,5.01489708069149e-06,1.85555969457755e-09,4.37063274555284e-08,3.09605059285917e-10,0.0655412311582078,-4.11737331345003,-1.47784980171859,-0.531786108605698,-2.22154367016812,-3.50733850914526,-12.997664106303,-20.899645911499,-17.7403393995409,-22.6902900802309,-3.51964229829824,0.794566447247203,0.852519903604506
0.0424741623605454,0.594915547401278,1.53223564147196,0.282795943506002,0.0781735027723659,5.90831353441482e-06,2.1861322936413e-09,5.14927189711056e-08,3.6476197470638e-10,0.077217565362449,-4.11737331345003,-1.47784980171859,-0.531786108605698,-2.22154367016812,-3.50733850914526,-12.997664106303,-20.899645911499,-17.7403393995409,-22.6902900802309,-3.51964229829824,0.958513981067347,1.7955434628789
0.0636421852489843,0.891406054198803,2.29586221646685,0.423734120322254,0.11713315268631,8.85286403706917e-06,3.27564403106266e-09,7.71553569889145e-08,5.46549899418681e-10,0.11570080081997,-4.11737331345003,-1.47784980171859,-0.531786108605698,-2.22154367016812,-3.50733850914526,-12.997664106303,-20.899645911499,-17.7403393995409,-22.6902900802309,-3.51964229829824,1.3628945750127,3.03376687346709
0.0705745289085134,0.988504120264809,2.54594328796385,0.469890149233738,0.129892099683005,9.8171787543585e-06,3.63244966306245e-09,8.55596480692454e-08,6.06083866001197e-10,0.128303726219669,-4.11737331345003,-1.47784980171859,-0.531786108605698,-2.22154367016812,-3.50733850914526,-12.997664106303,-20.899645911499,-17.7403393995409,-22.6902900802309,-3.51964229829824,1.46628733353754,3.1607749758547
0.0711747951656176,0.996911766445099,2.56759761385027,0.473886763954274,0.130996887000894,9.90067801729855e-06,3.66334518581107e-09,8.62873691110994e-08,6.11238865961699e-10,0.129395003748567,-4.11737331345003,-1.47784980171859,-0.531786108605698,-2.22154367016812,-3.50733850914526,-12.997664106303,-20.899645911499,-17.7403393995409,-22.6902900802309,-3.51964229829824,1.47475678972996,1.21433285375952
0.0339036544846603,0.681840772106691,1.16573849495103,0.390708342912705,0.0676092199139576,4.08837576982537e-06,1.52782170283809e-09,4.19040543572482e-08,2.96660466023125e-10,0.0511247041257439,-4.25591459593518,-1.25464124781845,-0.718327340003973,-1.81147605082912,-3.56569304341029,-13.2790449165122,-21.1711049670714,-17.8595653794333,-22.8101149705712,-3.84516957934406,0.871682127436626,2.70127265777974
0.025455883908257,0.511946567486327,0.875271537712431,0.293355579814361,0.0507630365934802,3.06967554241368e-06,1.14713450485282e-09,3.14628248552389e-08,2.22741604055423e-10,0.0383859661399556,-4.25591459593518,-1.25464124781845,-0.718327340003973,-1.81147605082912,-3.56569304341029,-13.2790449165122,-21.1711049670714,-17.8595653794333,-22.8101149705712,-3.84516957934406,0.58510622805163,3.48277055565893
0.0299218449191116,0.601762085905358,1.02882851398645,0.344821660760096,0.0596688653219627,3.6082170968064e-06,1.34838691436813e-09,3.69826390404878e-08,2.61819222526337e-10,0.0451203709935785,-4.25591459593518,-1.25464124781845,-0.718327340003973,-1.81147605082912,-3.56569304341029,-13.2790449165122,-21.1711049670714,-17.8595653794333,-22.8101149705712,-3.84516957934406,0.746748129893329,0.854874107092145
0.0426859464715647,0.858462579998423,1.46770758939383,0.49191615668191,0.0851224915454821,5.14741528366412e-06,1.92358364951332e-09,5.27587438116543e-08,3.73506424760848e-10,0.0643678805974581,-4.25591459593518,-1.25464124781845,-0.718327340003973,-1.81147605082912,-3.56569304341029,-13.2790449165122,-21.1711049670714,-17.8595653794333,-22.8101149705712,-3.84516957934406,1.10202906056915,0.61762374406382
0.0344120611548413,0.692065404283063,1.18321947850659,0.396567260797858,0.068623062784069,4.14968354160338e-06,1.55073235233523e-09,4.25324320665744e-08,3.01109076711198e-10,0.0518913512905893,-4.25591459593518,-1.25464124781845,-0.718327340003973,-1.81147605082912,-3.56569304341029,-13.2790449165122,-21.1711049670714,-17.8595653794333,-22.8101149705712,-3.84516957934406,0.886566434847653,0.453241114447325
0.0295734055929155,0.594754577634727,1.01684782512339,0.340806218949677,0.0589740224978028,3.56619947598859e-06,1.33268497389073e-09,3.65519768983954e-08,2.58770342561586e-10,0.0445949451146188,-4.25591459593518,-1.25464124781845,-0.718327340003973,-1.81147605082912,-3.56569304341029,-13.2790449165122,-21.1711049670714,-17.8595653794333,-22.8101149705712,-3.84516957934406,0.735034814727428,1.07016782305307
0.038983190395852,0.783995974555373,1.34039254443827,0.449245308581856,0.0777386135059077,4.70090712837464e-06,1.75672402394261e-09,4.81822315085781e-08,3.41106928019638e-10,0.0587843436101324,-4.25591459593518,-1.25464124781845,-0.718327340003973,-1.81147605082912,-3.56569304341029,-13.2790449165122,-21.1711049670714,-17.8595653794333,-22.8101149705712,-3.84516957934406,1.01128985467784,2.55182891077216
0.0501843657971034,0.605148783000328,1.17795793882959,0.337442334829855,0.0375714439135128,2.43014812885192e-06,1.03644558987827e-09,3.03280059941542e-08,2.24060059096099e-10,0.145099519392061,-3.84791573975934,-1.35814492953384,-0.692081621648857,-1.94222464369433,-4.13737498817852,-13.7834223447576,-21.5433326801813,-18.1670582617514,-23.07497097971,-2.78619943201387,0.855864000663198,4.46193767735586
0.0213258983601259,0.257158603761089,0.500574449372303,0.143396470607593,0.0159660241076313,1.03269397097646e-06,4.40438629729989e-10,1.28879176417519e-08,9.52145547911458e-11,0.0616601914462534,-3.84791573975934,-1.35814492953384,-0.692081621648857,-1.94222464369433,-4.13737498817852,-13.7834223447576,-21.5433326801813,-18.1670582617514,-23.07497097971,-2.78619943201387,8.2680354422715e-05,5.50751523470929
0.0513785827063367,0.619549262069501,1.20598932403437,0.345472312607679,0.038465516258817,2.48797737390305e-06,1.06110946336303e-09,3.10497091980559e-08,2.29391925046904e-10,0.148552393545741,-3.84791573975934,-1.35814492953384,-0.692081621648857,-1.94222464369433,-4.13737498817852,-13.7834223447576,-21.5433326801813,-18.1670582617514,-23.07497097971,-2.78619943201387,0.87938186753852,4.45324676667757
0.0367699048789059,0.443390343488052,0.863085558104555,0.247242788799492,0.0275284622395836,1.7805608204915e-06,7.59399967433387e-10,2.22212212480785e-08,1.64168001911885e-10,0.10631389759097,-3.84791573975934,-1.35814492953384,-0.692081621648857,-1.94222464369433,-4.13737498817852,-13.7834223447576,-21.5433326801813,-18.1670582617514,-23.07497097971,-2.78619943201387,0.544840169165798,4.58798254461279
0.019901519895045,0.239982718782079,0.467140572223719,0.133818874332261,0.0148996371011925,9.6371928918636e-07,4.11021285204418e-10,1.20271205002364e-08,8.88550777310679e-11,0.0575418444783703,-3.84791573975934,-1.35814492953384,-0.692081621648857,-1.94222464369433,-4.13737498817852,-13.7834223447576,-21.5433326801813,-18.1670582617514,-23.07497097971,-2.78619943201387,-0.0690434337734673,5.8540621322973
0.0281063067698883,0.321034971073464,0.427719350639036,0.0638910854805955,0.0199120346311093,8.68195839939043e-07,3.29137811420849e-10,1.50416497884792e-08,5.76406298649558e-11,0.0959602150374709,-3.52741731409391,-1.0918612441101,-0.804944047764645,-2.70623146115471,-3.87208700118847,-13.9125045521634,-21.7902005996482,-17.9680988575358,-23.5324494437681,-2.29947762658387,-0.0443439735219128,1.23761405812388
0.0591857208349578,0.676029274560154,0.900683191494674,0.134540620368813,0.0419303799884316,1.82823012049932e-06,6.93092080096895e-10,3.16744171536581e-08,1.21378531013307e-10,0.202071177297295,-3.52741731409391,-1.0918612441101,-0.804944047764645,-2.70623146115471,-3.87208700118847,-13.9125045521634,-21.7902005996482,-17.9680988575358,-23.5324494437681,-2.29947762658387,0.700342345795626,2.74136698218517
0.226377994179037,2.58572758804427,3.44500077729742,0.514601078520715,0.16037846938479,6.99275199723318e-06,2.65099068931232e-09,1.2115069176956e-07,4.64257729728636e-10,0.772897029091169,-3.52741731409391,-1.0918612441101,-0.804944047764645,-2.70623146115471,-3.87208700118847,-13.9125045521634,-21.7902005996482,-17.9680988575358,-23.5324494437681,-2.29947762658387,2.04186817786084,1.62093337457817
0.139003115871416,1.58771700772547,2.11533742031951,0.315981036958027,0.0984773588264198,4.29376680209796e-06,1.62779057786461e-09,7.43902856239098e-08,2.8506865799258e-10,0.474582768881965,-3.52741731409391,-1.0918612441101,-0.804944047764645,-2.70623146115471,-3.87208700118847,-13.9125045521634,-21.7902005996482,-17.9680988575358,-23.5324494437681,-2.29947762658387,1.55415838433234,1.60992620031099
0.0472758713552386,0.539992967317282,0.719440130021664,0.107467223020678,0.0334927955973889,1.46033824992207e-06,5.53622251342796e-10,2.53006240269368e-08,9.69537201967073e-11,0.161408712232259,-3.52741731409391,-1.0918612441101,-0.804944047764645,-2.70623146115471,-3.87208700118847,-13.9125045521634,-21.7902005996482,-17.9680988575358,-23.5324494437681,-2.29947762658387,0.475662081114961,3.27795282087861
0.0472428281579687,0.539615542351185,0.718937281497486,0.107392109425761,0.033469386001324,1.45931755493561e-06,5.53235300267336e-10,2.52829403018819e-08,9.68859549538744e-11,0.161295896544965,-3.52741731409391,-1.0918612441101,-0.804944047764645,-2.70623146115471,-3.87208700118847,-13.9125045521634,-21.7902005996482,-17.9680988575358,-23.5324494437681,-2.29947762658387,0.474962892514478,5.54225293058424
0.0643866091852057,0.735434697504835,0.979829861533066,0.146363248111449,0.0456149718414466,1.98888408569799e-06,7.53996880683456e-10,3.44577761269267e-08,1.32044552800515e-10,0.219827987843829,-3.52741731409391,-1.0918612441101,-0.804944047764645,-2.70623146115471,-3.87208700118847,-13.9125045521634,-21.7902005996482,-17.9680988575358,-23.5324494437681,-2.29947762658387,0.784567714694502,4.64146525686532
0.0617716892245818,0.705566641171738,0.9400362352595,0.140419027972639,0.0437624204820732,1.90810995019259e-06,7.23374962267533e-10,3.30583496354054e-08,1.2668185485479e-10,0.210900159517552,-3.52741731409391,-1.0918612441101,-0.804944047764645,-2.70623146115471,-3.87208700118847,-13.9125045521634,-21.7902005996482,-17.9680988575358,-23.5324494437681,-2.29947762658387,0.743107191452001,2.58059837893731
0.0749630558351723,0.856240652984183,1.14078131382557,0.170405562262732,0.0531079012288764,2.31558752126554e-06,8.77851947501017e-10,4.01179721753727e-08,1.537348108493e-10,0.25593796498072,-3.52741731409391,-1.0918612441101,-0.804944047764645,-2.70623146115471,-3.87208700118847,-13.9125045521634,-21.7902005996482,-17.9680988575358,-23.5324494437681,-2.29947762658387,0.936657438421963,2.9019573084961
0.0957414829025396,1.09357534754714,1.45698562360263,0.217638956204613,0.0678284677811727,2.95742723674506e-06,1.12117690889537e-09,5.12379612106321e-08,1.96347368720092e-10,0.326879421140344,-3.52741731409391,-1.0918612441101,-0.804944047764645,-2.70623146115471,-3.87208700118847,-13.9125045521634,-21.7902005996482,-17.9680988575358,-23.5324494437681,-2.29947762658387,1.18131370780661,2.8433055144927
0.0275772563144005,0.314992067640277,0.419668306468445,0.0626884512052401,0.0195372265470189,8.51853621506258e-07,3.22942386654582e-10,1.47585179014961e-08,5.6555649126137e-11,0.0941539373258551,-3.52741731409391,-1.0918612441101,-0.804944047764645,-2.70623146115471,-3.87208700118847,-13.9125045521634,-21.7902005996482,-17.9680988575358,-23.5324494437681,-2.29947762658387,-0.0633465784578358,4.18594313817697
0.0272012751732202,0.310697547703126,0.413946657911957,0.0618337731635141,0.0192708610808935,8.4023967075347e-07,3.18539474135454e-10,1.45573041063501e-08,5.57845841131346e-11,0.0928702670288973,-3.52741731409391,-1.0918612441101,-0.804944047764645,-2.70623146115471,-3.87208700118847,-13.9125045521634,-21.7902005996482,-17.9680988575358,-23.5324494437681,-2.29947762658387,-0.077074111316781,5.23826194665629
0.0295434555622663,0.337450326700465,0.449589756924721,0.0671580033682394,0.0209301889107938,9.12588958292562e-07,3.4596748641451e-10,1.58107685846934e-08,6.0587945650005e-11,0.100866911185297,-3.52741731409391,-1.0918612441101,-0.804944047764645,-2.70623146115471,-3.87208700118847,-13.9125045521634,-21.7902005996482,-17.9680988575358,-23.5324494437681,-2.29947762658387,0.00552428446171582,4.27182566884575
0.122923517571344,1.40405312696733,1.87063948117899,0.279428991970596,0.0870856978434701,3.79707257377732e-06,1.43949106785278e-09,6.57849683778807e-08,2.52092494258945e-10,0.41968399747013,-3.52741731409391,-1.0918612441101,-0.804944047764645,-2.70623146115471,-3.87208700118847,-13.9125045521634,-21.7902005996482,-17.9680988575358,-23.5324494437681,-2.29947762658387,1.43122438871814,4.87486733560595
0.0943754077251583,1.49941247416256,1.65360948714947,0.410437951852995,0.0841071214592002,4.27589869420313e-06,2.05548914401154e-09,1.21347555502464e-07,2.30121596141483e-10,0.556496679507444,-3.81872773655755,-1.05317963791348,-0.955292518763008,-2.34878349952767,-3.93391702252161,-13.8207692422045,-21.4610049764408,-17.3828600345692,-23.6506662532326,-2.04434706042933,1.45825298540185,4.11131513468519
0.0297677800176761,0.940068079175034,1.63010513201182,0.652799001680417,0.0938284999595412,6.51806849640733e-06,1.66321204931436e-09,2.03147085610472e-07,1.12872458108455e-10,0.220877349698732,-4.78618045186208,-1.33365475569066,-0.783207263098809,-1.69833777862631,-3.63813840560179,-13.2127842428009,-21.4863669087578,-16.6811873346181,-24.1766143979757,-2.78199948426518,1.27185177400432,5.67511790151481
0.0391301406141866,1.23573192569901,2.14279475975882,0.858112923213866,0.123338804400426,8.5680872623309e-06,2.18631424050551e-09,2.67039531351675e-07,1.48372339308813e-10,0.290346198039225,-4.78618045186208,-1.33365475569066,-0.783207263098809,-1.69833777862631,-3.63813840560179,-13.2127842428009,-21.4863669087578,-16.6811873346181,-24.1766143979757,-2.78199948426518,1.54531820260939,5.35939379107543
0.068405921592831,2.16026264900459,3.74595766907234,1.50012252503588,0.215616515830004,1.49784257421004e-05,3.82203687913884e-09,4.66829021238077e-07,2.5937925215694e-10,0.507572907894102,-4.78618045186208,-1.33365475569066,-0.783207263098809,-1.69833777862631,-3.63813840560179,-13.2127842428009,-21.4863669087578,-16.6811873346181,-24.1766143979757,-2.78199948426518,2.10388456675583,2.9871156434721
0.0679220275111027,2.14498124811865,3.71945927968935,1.48951086460021,0.214091274249983,1.48724704183296e-05,3.79500031588674e-09,4.63526736943148e-07,2.57544438998673e-10,0.503982406948328,-4.78618045186208,-1.33365475569066,-0.783207263098809,-1.69833777862631,-3.63813840560179,-13.2127842428009,-21.4863669087578,-16.6811873346181,-24.1766143979757,-2.78199948426518,2.0967855658966,1.78065893940938
0.0676821812042449,2.13740688896754,3.70632512270919,1.48425110288535,0.213335275005836,1.4819952741305e-05,3.7815994083514e-09,4.61889931034086e-07,2.56634997911458e-10,0.502202743951547,-4.78618045186208,-1.33365475569066,-0.783207263098809,-1.69833777862631,-3.63813840560179,-13.2127842428009,-21.4863669087578,-16.6811873346181,-24.1766143979757,-2.78199948426518,2.0932481158537,1.49388017230103
0.0995069989257294,3.14243632844091,5.44907512497095,2.1821603599717,0.313647589411532,2.17884381866804e-05,5.55974410944014e-09,6.79075054223155e-07,3.77307261780126e-10,0.73834334257169,-4.78618045186208,-1.33365475569066,-0.783207263098809,-1.69833777862631,-3.63813840560179,-13.2127842428009,-21.4863669087578,-16.6811873346181,-24.1766143979757,-2.78199948426518,2.47865315553278,0.911702200520388
0.00895515409376084,0.282804243468587,0.490390705572536,0.196383998028408,0.0282267832880109,1.96085525169682e-06,5.00350384992284e-10,6.11135077677932e-08,3.39558494016879e-11,0.0664473703178107,-4.78618045186208,-1.33365475569066,-0.783207263098809,-1.69833777862631,-3.63813840560179,-13.2127842428009,-21.4863669087578,-16.6811873346181,-24.1766143979757,-2.78199948426518,0.070654415811384,1.96931817235367
0.0358622546712478,1.13253191348724,1.96384296546141,0.786449108179988,0.113038377701399,7.85253828951958e-06,2.00372799212375e-09,2.44738187246699e-07,1.35981280285314e-10,0.266098438019315,-4.78618045186208,-1.33365475569066,-0.783207263098809,-1.69833777862631,-3.63813840560179,-13.2127842428009,-21.4863669087578,-16.6811873346181,-24.1766143979757,-2.78199948426518,1.45811051334835,2.36689508489322
0.029974703372274,0.946602729739431,1.64143640434932,0.657336772358166,0.0944807255523463,6.56337723619159e-06,1.67477345619279e-09,2.04559212292622e-07,1.13657063062525e-10,0.222412723923052,-4.78618045186208,-1.33365475569066,-0.783207263098809,-1.69833777862631,-3.63813840560179,-13.2127842428009,-21.4863669087578,-16.6811873346181,-24.1766143979757,-2.78199948426518,1.27877897790716,2.33514143051738
0.0431429867197625,1.36245781954309,2.3625411105713,0.946113504045277,0.135987356977444,9.44675559991449e-06,2.41052356988361e-09,2.94424777778081e-07,1.63588112996953e-10,0.320121573025945,-4.78618045186208,-1.33365475569066,-0.783207263098809,-1.69833777862631,-3.63813840560179,-13.2127842428009,-21.4863669087578,-16.6811873346181,-24.1766143979757,-2.78199948426518,1.64294504463319,2.43772543115778
0.0422102248704305,1.33300115063769,2.31146239806274,0.925658300342213,0.133047277297657,9.24251444988006e-06,2.35840746495309e-09,2.88059242587081e-07,1.60051298269709e-10,0.31320046688171,-4.78618045186208,-1.33365475569066,-0.783207263098809,-1.69833777862631,-3.63813840560179,-13.2127842428009,-21.4863669087578,-16.6811873346181,-24.1766143979757,-2.78199948426518,1.62108766008092,1.48361324509933
0.045130629402408,1.42522768137529,2.47138585934539,0.989701946252182,0.142252437250727,9.88197754606476e-06,2.52157892092237e-09,3.07989236329395e-07,1.71124789070825e-10,0.33486990990663,-4.78618045186208,-1.33365475569066,-0.783207263098809,-1.69833777862631,-3.63813840560179,-13.2127842428009,-21.4863669087578,-16.6811873346181,-24.1766143979757,-2.78199948426518,1.68798633305209,2.2208755580822
0.0462795290317855,1.46150999289171,2.5343004327836,1.01489699037853,0.145873786533897,1.01335450621957e-05,2.58577126935745e-09,3.15829781080411e-07,1.75481147697861e-10,0.343394761442622,-4.78618045186208,-1.33365475569066,-0.783207263098809,-1.69833777862631,-3.63813840560179,-13.2127842428009,-21.4863669087578,-16.6811873346181,-24.1766143979757,-2.78199948426518,1.71312489865808,2.78029449266488
0.129989909489029,4.10508826835345,7.11834132212729,2.85064197238014,0.409730191837945,2.84630944392953e-05,7.26291257268956e-09,8.87102473069369e-07,4.92891327623692e-10,0.964526971056149,-4.78618045186208,-1.33365475569066,-0.783207263098809,-1.69833777862631,-3.63813840560179,-13.2127842428009,-21.4863669087578,-16.6811873346181,-24.1766143979757,-2.78199948426518,2.74588200100783,0.752750777236564
0.239402087770397,7.56033068865644,13.109831222118,5.25002011584079,0.754599058758848,5.24204090914333e-05,1.33760877288902e-08,1.63377438259555e-06,9.07756712354613e-10,1.77636688485569,-4.78618045186208,-1.33365475569066,-0.783207263098809,-1.69833777862631,-3.63813840560179,-13.2127842428009,-21.4863669087578,-16.6811873346181,-24.1766143979757,-2.78199948426518,3.35656968681122,1.09601375145189
0.161914840733575,1.72193124386416,7.90999410590376,1.52380654685547,0.186632765520342,1.25192057566866e-05,1.42101381838554e-08,1.2940583949377e-06,9.95537979848137e-10,0.311744196436285,-4.29014247768733,-1.9260112440994,-0.40133068460383,-2.04824620978991,-4.14807013493682,-13.7577043535071,-20.5387678917136,-16.0271849566785,-23.1971955628602,-3.63503003191596,2.4694577212382,1.11272199873792
0.172091211208691,1.83015486432322,8.40713834612887,1.61957800228817,0.198362661039035,1.33060395963584e-05,1.51032473640043e-08,1.37539014676265e-06,1.05810768166845e-09,0.331337362955364,-4.29014247768733,-1.9260112440994,-0.40133068460383,-2.04824620978991,-4.14807013493682,-13.7577043535071,-20.5387678917136,-16.0271849566785,-23.1971955628602,-3.63503003191596,2.53041183268545,1.27735438759305
0.133007673217087,0.609529646893154,2.961226295429,0.499590651737815,0.0643121781029438,2.98855505296685e-06,2.36263105997849e-09,1.59520597160661e-07,4.06197861412053e-10,0.0791488940949782,-3.48679265503791,-1.96451188588451,-0.383840724436618,-2.16341040837422,-4.21345046657731,-14.1901647432216,-21.332934178951,-17.1205369832302,-23.0936249276355,-4.00586866099573,1.46944419597488,1.60936808329272
0.0779304783653641,0.343451609040574,1.73897594252854,0.273482174333589,0.0274819359882337,1.05091122953336e-06,1.77657510806474e-09,4.42434387409589e-08,1.50335239159062e-10,0.0393683149101751,-3.46850546726828,-1.98527636792011,-0.363270913328062,-2.21308614987622,-4.51079367782132,-14.6824202470183,-21.0651457372078,-17.8501260680479,-23.5347207023622,-4.15136129083052,0.916567314520871,1.75667823567509
0.329749547410258,2.11866076674579,3.26031076170637,0.646431264559182,0.035961402455931,4.56724260332244e-06,9.81810057355082e-09,1.66426026642766e-07,1.58082316148294e-10,0.351854786934245,-3.01792282605579,-1.15771679087675,-0.726678449634065,-2.34478937188948,-5.23381003584247,-14.2051018703809,-20.3475391237172,-17.5172158768236,-24.4764061964348,-2.95303769176579,1.90850096614628,2.7302738650438
0.34587302853832,2.22225510723138,3.41972738396055,0.678039260314038,0.0377197763442063,4.79056315220656e-06,1.02981678262713e-08,1.74563617492753e-07,1.65811931734168e-10,0.369059129022073,-3.01792282605579,-1.15771679087675,-0.726678449634065,-2.34478937188948,-5.23381003584247,-14.2051018703809,-20.3475391237172,-17.5172158768236,-24.4764061964348,-2.95303769176579,1.95623928523915,0.537151940001516
1.05570948480811,6.78299722959611,10.4380461522608,2.06958166472498,0.115132208544002,1.46222530815131e-05,3.1433134570468e-08,5.32821155405867e-07,5.06108353594048e-10,1.1264805024265,-3.01792282605579,-1.15771679087675,-0.726678449634065,-2.34478937188948,-5.23381003584247,-14.2051018703809,-20.3475391237172,-17.5172158768236,-24.4764061964348,-2.95303769176579,3.07213586440719,0.483772746499484
1.19092323032551,7.6517537146385,11.7749360224765,2.33465069419615,0.129878175470456,1.64950501298545e-05,3.54590450314296e-08,6.01064119166327e-07,5.70929980293303e-10,1.27075849762998,-3.01792282605579,-1.15771679087675,-0.726678449634065,-2.34478937188948,-5.23381003584247,-14.2051018703809,-20.3475391237172,-17.5172158768236,-24.4764061964348,-2.95303769176579,3.19265165618646,0.486421155585747
0.583472839326366,3.74884824816619,5.76893218553041,1.14382290536526,0.0636316312240902,8.08147283470688e-06,1.73725637030649e-08,2.94481272425362e-07,2.79717557081517e-10,0.62258678798936,-3.01792282605579,-1.15771679087675,-0.726678449634065,-2.34478937188948,-5.23381003584247,-14.2051018703809,-20.3475391237172,-17.5172158768236,-24.4764061964348,-2.95303769176579,2.47916544986147,0.943393399013044
0.153693081810746,3.30737134677786,2.04426038325897,0.527773669037747,0.0870407854569347,3.1985361939044e-06,6.94677324252525e-09,4.74895678323412e-08,7.72970503341247e-11,0.275470003321612,-3.72840985238857,-0.659458493118577,-1.14057615864926,-2.49469995624845,-4.29699068377097,-14.5084295041682,-20.6406007787802,-18.7183679865565,-25.1389775316895,-3.14488874912978,1.85561221194737,1.442121938453
0.042771758739263,0.920419368516063,0.568904018859181,0.146875889110058,0.0242228695799349,8.90131271965388e-07,1.93324062244735e-09,1.32160297264255e-08,2.15112531364225e-11,0.0766614631131184,-3.72840985238857,-0.659458493118577,-1.14057615864926,-2.49469995624845,-4.29699068377097,-14.5084295041682,-20.6406007787802,-18.7183679865565,-25.1389775316895,-3.14488874912978,0.576532615661703,1.15091014066456
0.0789970911951034,1.69996406356929,1.05073450294726,0.271271707042016,0.0447383108297732,1.64402361136751e-06,3.57058933873953e-09,2.44092816453969e-08,3.97301040646478e-11,0.141589515399979,-3.72840985238857,-0.659458493118577,-1.14057615864926,-2.49469995624845,-4.29699068377097,-14.5084295041682,-20.6406007787802,-18.7183679865565,-25.1389775316895,-3.14488874912978,1.19006560488043,1.66110791945078
0.606643826845777,3.33639613214071,2.21349294917644,0.698128712395069,0.149832626849554,3.37456982159016e-06,5.16318767211359e-09,1.18226404511881e-08,1.34157284891458e-10,0.243659445171043,-2.48056067762469,-0.775856019186756,-1.18617545346837,-2.3400990327877,-3.87898367016075,-14.5799899433133,-21.0624589235584,-20.2339967027707,-24.712755477738,-3.39273098640076,1.98074724128017,2.92939662303894
0.284193314706569,1.56299534258394,1.03695095947295,0.327051070310854,0.0701918143582996,1.58087850047516e-06,2.41878900609515e-09,5.53853056723064e-09,6.28484158218093e-11,0.114146690889061,-2.48056067762469,-0.775856019186756,-1.18617545346837,-2.3400990327877,-3.87898367016075,-14.5799899433133,-21.0624589235584,-20.2339967027707,-24.712755477738,-3.39273098640076,1.22246009082891,3.09636807051391
0.10861863816424,0.995601802355831,0.976315477801713,0.199752033517173,0.0343390443624247,7.58809323879922e-06,1.9208679188111e-09,4.13537580405743e-09,1.75476715613087e-10,0.117696963064413,-3.10876254848255,-0.89325818258244,-0.912819793759141,-2.49952879848966,-4.26032253701388,-12.6777805027157,-20.9593389964124,-20.1925379133239,-23.3523650408073,-3.02849235180357,0.888850284413346,2.73390016235669
0.120040481614158,1.30242688475147,1.00449060647147,0.26374394856386,0.0337594835329715,2.12870851113161e-06,1.00232828378145e-09,4.35082797029934e-09,1.03990958313039e-10,0.0841133863177447,-3.15260416913379,-0.768448564307746,-1.0281973690476,-2.3654544611185,-4.42117183039509,-14.0926730177688,-21.7536181822476,-20.2855775947877,-24.019395082694,-3.50826747606365,1.03267792282972,1.60863820132376
0.261396311483201,1.47608620608684,2.54575217956664,0.54221311218916,0.0614473865599657,4.75966905263277e-06,1.65737578636161e-09,7.2708756720959e-09,9.82957630707235e-11,0.226426322156493,-2.97356771770187,-1.24245599950685,-0.697423970959285,-2.24394628809029,-4.42142410259877,-13.8871825480834,-21.8498804662192,-20.37123923176,-24.6748903209191,-3.11718580465663,1.6318501291875,3.74534359324428
0.0821753895027817,0.464038525396963,0.800310363013246,0.170456015369304,0.0193172692294003,1.49630136739543e-06,5.21030690999241e-10,2.28575161214232e-09,3.09013259252856e-11,0.0711818430463504,-2.97356771770187,-1.24245599950685,-0.697423970959285,-2.24394628809029,-4.42142410259877,-13.8871825480834,-21.8498804662192,-20.37123923176,-24.6748903209191,-3.11718580465663,0.474668298177028,1.43725811829475
0.151271390282117,0.854218681602794,1.47323988365278,0.31378151759161,0.0355599187356019,2.75444496821372e-06,9.59131894402997e-10,4.20769315850524e-09,5.68842637992065e-11,0.131034077545813,-2.97356771770187,-1.24245599950685,-0.697423970959285,-2.24394628809029,-4.42142410259877,-13.8871825480834,-21.8498804662192,-20.37123923176,-24.6748903209191,-3.11718580465663,1.08488794898419,0.540628618072253
0.142551392687473,0.804977481168365,1.38831537666023,0.295693668504352,0.0335100770222291,2.59566574728762e-06,9.03843000736175e-10,3.96514184623967e-09,5.36051860927276e-11,0.12348065426541,-2.97356771770187,-1.24245599950685,-0.697423970959285,-2.24394628809029,-4.42142410259877,-13.8871825480834,-21.8498804662192,-20.37123923176,-24.6748903209191,-3.11718580465663,1.02551502384811,0.630688919463486
0.224261909767274,1.26639090536455,2.18409832313378,0.465185401241642,0.0527180669916662,4.08350242414272e-06,1.42192618152296e-09,6.23796278781628e-09,8.4331700869041e-11,0.19425981621649,-2.97356771770187,-1.24245599950685,-0.697423970959285,-2.24394628809029,-4.42142410259877,-13.8871825480834,-21.8498804662192,-20.37123923176,-24.6748903209191,-3.11718580465663,1.47862704757848,1.49705057388163
0.155240894354316,0.876634186139681,1.51189908885065,0.322015440804304,0.0364930445696725,2.82672420421188e-06,9.84300420675599e-10,4.31810699879653e-09,5.83769605766595e-11,0.134472535428991,-2.97356771770187,-1.24245599950685,-0.697423970959285,-2.24394628809029,-4.42142410259877,-13.8871825480834,-21.8498804662192,-20.37123923176,-24.6748903209191,-3.11718580465663,1.11079050631126,1.23902217493332
0.362197849894653,1.76844832961194,3.9153879146794,0.248111502898238,0.0664724739460145,3.00828734218708e-06,1.23909159955837e-09,7.16727610511899e-09,6.83228961811927e-11,0.358847492310845,-2.92057374085453,-1.33490655889954,-0.540094662322698,-3.29888609646636,-4.61597641370128,-14.6191487015122,-22.4138963778656,-20.6587492272391,-25.3117852470021,-2.92986686432311,1.90500907106625,0.805912219773326
0.309979463531707,1.90642532541443,3.13444181429148,0.427496919260704,0.0687505788519065,8.98308842654775e-07,1.09491763604547e-09,6.6452224673893e-09,1.1956904447018e-10,0.35898193356958,-2.99677819417364,-1.18029903267224,-0.683077855240002,-2.67533716084337,-4.50279908661118,-15.7482808687983,-22.4581156585347,-20.6548966302311,-24.6726560972177,-2.85001217988326,1.82552896380437,0.291044003148781
0.142514843264692,0.956813603463471,2.55785027257665,0.651625932633782,0.11365963993585,5.97628834430731e-07,8.35016454512764e-10,2.39306145666006e-09,6.92168055816232e-11,0.640764787553771,-3.57031367787433,-1.66615123465744,-0.682837387997403,-2.05028916108907,-3.79655146746105,-15.952300510343,-22.5255742417058,-21.4726969029401,-25.015781984001,-2.0670973919339,1.62200455643728,0.659750648653479
0.066736378527791,1.06614662782852,2.46536385707812,0.442306095428155,0.0928287039079035,2.43771843822393e-07,3.39375508844431e-10,1.35978496073102e-09,6.89435796010395e-11,0.478264599564375,-4.23559002282736,-1.46453408745941,-0.626245547337914,-2.34433806629684,-3.90558433096555,-16.7556180687038,-23.3324988791857,-21.9445242201115,-24.9263175860628,-2.26617609737374,1.5285849533017,1.02831977174185
0.161415231917514,2.57868810063392,5.96297383121566,1.06980544265426,0.224524721005901,5.8961078760313e-07,8.20847305108653e-10,3.28891093038474e-09,1.66753787604629e-10,1.15677825137713,-4.23559002282736,-1.46453408745941,-0.626245547337914,-2.34433806629684,-3.90558433096555,-16.7556180687038,-23.3324988791857,-21.9445242201115,-24.9263175860628,-2.26617609737374,2.41181486894262,0.466558465790693
0.199102641929046,3.18076310053301,7.35521567230723,1.31958482140882,0.27694700555584,7.27273777865269e-07,1.0124996577212e-09,4.05680955588844e-09,2.05687649606222e-10,1.42686413939513,-4.23559002282736,-1.46453408745941,-0.626245547337914,-2.34433806629684,-3.90558433096555,-16.7556180687038,-23.3324988791857,-21.9445242201115,-24.9263175860628,-2.26617609737374,2.62165522418468,1.12521435645076
0.0993307941438397,1.58685852532263,3.66946117214184,0.658330833688315,0.138166755252918,3.62831357813383e-07,5.05128380504631e-10,2.02391144071469e-09,1.02616004403633e-10,0.711851669713121,-4.23559002282736,-1.46453408745941,-0.626245547337914,-2.34433806629684,-3.90558433096555,-16.7556180687038,-23.3324988791857,-21.9445242201115,-24.9263175860628,-2.26617609737374,1.92629037904546,0.543165244735782
0.0510593109934313,0.815697726424056,1.88622431524505,0.338403805824613,0.071022278501028,1.86507309202978e-07,2.59652681669351e-10,1.04035736918574e-09,5.27480176405429e-11,0.365915284362294,-4.23559002282736,-1.46453408745941,-0.626245547337914,-2.34433806629684,-3.90558433096555,-16.7556180687038,-23.3324988791857,-21.9445242201115,-24.9263175860628,-2.26617609737374,1.26082266151016,1.92053457585572
0.0499426735652499,0.797858891671179,1.84497368676282,0.331003111454268,0.0694690625867126,1.82428502849476e-07,2.539742285716e-10,1.01760535873917e-09,5.15944491803774e-11,0.357912929960857,-4.23559002282736,-1.46453408745941,-0.626245547337914,-2.34433806629684,-3.90558433096555,-16.7556180687038,-23.3324988791857,-21.9445242201115,-24.9263175860628,-2.26617609737374,1.23871056281153,1.37936191344921
0.0469250926537742,0.749651545334132,1.73349872993904,0.311003608034442,0.0652716798229346,1.71406009886851e-07,2.38628879005099e-10,9.56120734734512e-10,4.84770665119987e-11,0.336287511289405,-4.23559002282736,-1.46453408745941,-0.626245547337914,-2.34433806629684,-3.90558433096555,-16.7556180687038,-23.3324988791857,-21.9445242201115,-24.9263175860628,-2.26617609737374,1.17638730082356,2.3277634512241
0.0272174048863132,0.434811493789738,1.00546070629582,0.180387733774604,0.0378587582225631,9.94185947688818e-08,1.38409078174221e-10,5.54567368667206e-10,2.81175778744398e-11,0.195052856272585,-4.23559002282736,-1.46453408745941,-0.626245547337914,-2.34433806629684,-3.90558433096555,-16.7556180687038,-23.3324988791857,-21.9445242201115,-24.9263175860628,-2.26617609737374,0.631691398033947,2.39368005730341
0.0258508126061229,0.412979506749347,0.954976288512493,0.17133042337168,0.0359578610966008,9.44267638178406e-08,1.31459525910469e-10,5.2672241107365e-10,2.67057876974791e-11,0.185259206630946,-4.23559002282736,-1.46453408745941,-0.626245547337914,-2.34433806629684,-3.90558433096555,-16.7556180687038,-23.3324988791857,-21.9445242201115,-24.9263175860628,-2.26617609737374,0.580176779745539,0.972568223846909
0.0681335872839116,1.08846772820243,2.51697930346765,0.451566321455559,0.0947721878184882,2.48875509352317e-07,3.4648075553343e-10,1.38825374335733e-09,7.03869988458635e-11,0.48827766142052,-4.23559002282736,-1.46453408745941,-0.626245547337914,-2.34433806629684,-3.90558433096555,-16.7556180687038,-23.3324988791857,-21.9445242201115,-24.9263175860628,-2.26617609737374,1.5493050407587,1.23536846900203
0.0794334874202555,1.11013931620163,2.22203743215648,0.390996069157816,0.113421664453269,4.63907311035595e-07,2.36343732142973e-10,4.53862440924230e-09,3.88422991655836e-11,0.698059195848101,-4.06194939634729,-1.42462863508675,-0.730689615396252,-2.46817192497895,-3.70575701400055,-16.112695218001,-23.6948480310544,-20.7397560169908,-25.5006254310659,-1.88856552463727,1.52911415262683,1.33781079333297
0.0835036356413171,1.16702252389795,2.33589396792426,0.411030591209015,0.119233356735667,4.87677783390151e-07,2.48453914538106e-10,4.7711821712805e-09,4.08325669982714e-11,0.733827540993833,-4.06194939634729,-1.42462863508675,-0.730689615396252,-2.46817192497895,-3.70575701400055,-16.112695218001,-23.6948480310544,-20.7397560169908,-25.5006254310659,-1.88856552463727,1.57908428888867,0.526650058094077
0.0356230020347065,0.377748157114481,1.00482790334523,0.126328369188577,0.101010081559742,1.35831454767711e-07,8.79713850744428e-11,1.62486336088453e-09,8.75602178711152e-12,0.238669982068858,-3.96827110381089,-1.60703493503482,-0.628691092213325,-2.70237803597021,-2.92604232830766,-16.4453584015687,-23.7875169025466,-20.8713494889182,-26.0947868266302,-2.06618088804466,0.633507378608536,0.494681687659524
0.00896153427935703,0.0950285732698006,0.252780484135211,0.0317799159609213,0.0254106969304933,3.41705686940654e-08,2.2130604887793e-11,4.08760291837599e-10,2.20271692204796e-12,0.0600412403109591,-3.96827110381089,-1.60703493503482,-0.628691092213325,-2.70237803597021,-2.92604232830766,-16.4453584015687,-23.7875169025466,-20.8713494889182,-26.0947868266302,-2.06618088804466,-0.746542726308327,0.863805434361826
0.0160405236119126,0.0557285251393691,0.336480319131155,0.036735296535159,0.0165534894658478,4.46933629574831e-08,1.13699910530538e-11,5.79157080726378e-10,1.78587699636591e-12,0.018422166966309,-3.39858528390185,-2.15321139310351,-0.355163869547481,-2.56996547862322,-3.36710660648511,-16.1893890770089,-24.4659918460165,-20.535395629518,-26.3170597578212,-3.26014886399741,-0.734051749040527,1.04463278635232
0.408499990874585,2.7765662450476,6.87757639349466,0.876835228096144,0.741236343239353,1.29712504752981e-06,2.96762638278855e-10,7.42634296465567e-09,5.47222183217061e-11,0.332006836915575,-3.38122967041311,-1.46475128278493,-0.557699961895431,-2.61740246895834,-2.78540203619252,-16.0413265277707,-24.4240547777611,-21.2041985813443,-26.1147175873233,-3.58856600055068,2.4859662833922,0.98267868995637
0.0706843815347439,0.480440323636849,1.19005445457005,0.151722294223699,0.128259078735291,2.24446716783451e-07,5.13500220757651e-11,1.28500972153691e-09,9.46880353656253e-12,0.0574484662348227,-3.38122967041311,-1.46475128278493,-0.557699961895431,-2.61740246895834,-2.78540203619252,-16.0413265277707,-24.4240547777611,-21.2041985813443,-26.1147175873233,-3.58856600055068,0.731699028114805,1.09963423714633
0.136414390647454,1.29286222559537,1.77785104594473,0.737628475250151,0.518773011963692,1.09686693542564e-06,6.95224217930389e-11,1.84118326264104e-09,3.27910840297802e-11,0.270843020508043,-3.5469073923241,-1.29799081641817,-0.979443999068472,-1.85916435867755,-2.21113820447589,-15.2779020391044,-24.9442211561266,-21.6677067509557,-25.6957138223175,-2.86106524252302,1.5548493564667,4.6675310578626
0.127498507806593,1.20836228333801,1.66165280938837,0.689417952634473,0.484866622955056,1.02517701296326e-06,6.49785187298969e-11,1.7208457074876e-09,3.06478976544519e-11,0.253141041797048,-3.5469073923241,-1.29799081641817,-0.979443999068472,-1.85916435867755,-2.21113820447589,-15.2779020391044,-24.9442211561266,-21.6677067509557,-25.6957138223175,-2.86106524252302,1.48725677439426,2.54965208432898
0.423123037237548,4.01013257492287,5.51444558558477,2.28793750658865,1.60910305296332,3.40220461316411e-06,2.15641019437633e-10,5.71088614992947e-09,1.01709673027456e-10,0.840086745306248,-3.5469073923241,-1.29799081641817,-0.979443999068472,-1.85916435867755,-2.21113820447589,-15.2779020391044,-24.9442211561266,-21.6677067509557,-25.6957138223175,-2.86106524252302,2.68681511826817,2.34316030688364
0.264839391659715,2.51000531323264,3.45157858518338,1.43205622023412,1.00716301444335,2.12949360057274e-06,1.34973119822547e-10,3.57453383691819e-09,6.3661690713799e-11,0.525823561914423,-3.5469073923241,-1.29799081641817,-0.979443999068472,-1.85916435867755,-2.21113820447589,-15.2779020391044,-24.9442211561266,-21.6677067509557,-25.6957138223175,-2.86106524252302,2.21827568638538,3.06201654946015
0.106118308415826,1.00573225261452,1.38301058059584,0.573809593411486,0.403559435482459,8.53265283759069e-07,5.40822838604714e-11,1.43227743339735e-09,2.55085577983808e-11,0.210691870895242,-3.5469073923241,-1.29799081641817,-0.979443999068472,-1.85916435867755,-2.21113820447589,-15.2779020391044,-24.9442211561266,-21.6677067509557,-25.6957138223175,-2.86106524252302,1.30370670218881,0.634708192882307
0.0905167654578969,0.857869219575442,1.17967998376907,0.48944794880063,0.344228016024795,7.27817986513127e-07,4.6131091577932e-11,1.22170361028985e-09,2.17582825986783e-11,0.179715893952809,-3.5469073923241,-1.29799081641817,-0.979443999068472,-1.85916435867755,-2.21113820447589,-15.2779020391044,-24.9442211561266,-21.6677067509557,-25.6957138223175,-2.86106524252302,1.14468720056892,1.27855002960015
0.300743402955895,2.85028422172511,3.91950563989927,1.62619864891827,1.14370309641927,2.4181869169671e-06,1.53271290606053e-10,4.05912981206751e-09,7.2292242416089e-11,0.59710893599892,-3.5469073923241,-1.29799081641817,-0.979443999068472,-1.85916435867755,-2.21113820447589,-15.2779020391044,-24.9442211561266,-21.6677067509557,-25.6957138223175,-2.86106524252302,2.34540953264743,2.16598723221941
0.143879710440945,1.36361451145895,1.87514449526615,0.777995422097856,0.547163025774995,1.1568933183094e-06,7.33270578658145e-11,1.9419425871434e-09,3.45855862629807e-11,0.285664988720715,-3.5469073923241,-1.29799081641817,-0.979443999068472,-1.85916435867755,-2.21113820447589,-15.2779020391044,-24.9442211561266,-21.6677067509557,-25.6957138223175,-2.86106524252302,1.60812971966351,1.47840654894744
0.156678043276604,0.567157383256769,0.884775911841149,0.226096076130148,0.180889884365383,4.08721389273176e-07,3.54981413727122e-11,2.95409963510035e-09,3.4916237214593e-11,0.130684431226598,-2.61729936785566,-1.33085555082114,-0.886157981927886,-2.250532363358,-2.47360391545481,-15.4739692217789,-24.8252778854483,-20.403809033462,-24.8418062541457,-2.79870689276804,0.76373710893223,1.54390677848781
0.0330002649467117,0.119457350389006,0.186355655831619,0.0476214168856736,0.0380998765710847,8.60868176122864e-08,7.47678516987363e-12,6.22206332160985e-10,7.35422178453937e-12,0.0275253683585671,-2.61729936785566,-1.33085555082114,-0.886157981927886,-2.250532363358,-2.47360391545481,-15.4739692217789,-24.8252778854483,-20.403809033462,-24.8418062541457,-2.79870689276804,-0.793940321003993,3.39969685522612
0.141890216637852,0.51362706793567,0.801267638921554,0.204756330575551,0.163816858721472,3.70144822182335e-07,3.21477015175831e-11,2.67528128656926e-09,3.16207195274376e-11,0.118349973424166,-2.61729936785566,-1.33085555082114,-0.886157981927886,-2.250532363358,-2.47360391545481,-15.4739692217789,-24.8252778854483,-20.403809033462,-24.8418062541457,-2.79870689276804,0.664597725192988,3.16030933116615
0.0367269773959514,0.132947641923536,0.207400757854145,0.0529992927131814,0.0424024870065232,9.58085824353623e-08,8.3211368263786e-12,6.92471952385686e-10,8.18473238568664e-12,0.030633801975613,-2.61729936785566,-1.33085555082114,-0.886157981927886,-2.250532363358,-2.47360391545481,-15.4739692217789,-24.8252778854483,-20.403809033462,-24.8418062541457,-2.79870689276804,-0.686944347195372,2.54242477984108
0.237312887832093,0.859046702787457,1.34012859959332,0.342457128209248,0.273985428593699,6.19071129423828e-07,5.37673707537819e-11,4.47443624319299e-09,5.28859878023686e-11,0.197941582116436,-2.61729936785566,-1.33085555082114,-0.886157981927886,-2.250532363358,-2.47360391545481,-15.4739692217789,-24.8252778854483,-20.403809033462,-24.8418062541457,-2.79870689276804,1.17892356113165,2.17745313349088
0.377771466119633,1.36749139645069,2.13331163967553,0.545147516380404,0.436149414390382,9.85481278877049e-07,8.55907096517461e-11,7.12272458142179e-09,8.41876618324309e-11,0.31509743261425,-2.61729936785566,-1.33085555082114,-0.886157981927886,-2.250532363358,-2.47360391545481,-15.4739692217789,-24.8252778854483,-20.403809033462,-24.8418062541457,-2.79870689276804,1.64383351467161,2.79433056004728
0.0354048891987681,0.285835601772671,0.606739272873577,0.0390221120822128,0.114769918298768,1.32762108144175e-07,8.04210649084882e-12,1.59833050004429e-09,8.08878441198927e-12,0.0711500709164785,-3.48320494439128,-1.39463804138243,-0.64195570315142,-3.38592640602763,-2.30712545413075,-15.9770065598299,-25.6886296546764,-20.3966057789046,-25.6828422432175,-2.78526354670058,0.142299588971708,1.39192177013896
0.113865543120153,0.919274901728922,1.9513321013438,0.125498881270083,0.369111141898434,4.26975762153746e-07,2.58641911931889e-11,5.14038525728196e-09,2.60143118957997e-11,0.228825499847182,-3.48320494439128,-1.39463804138243,-0.64195570315142,-3.38592640602763,-2.30712545413075,-15.9770065598299,-25.6886296546764,-20.3966057789046,-25.6828422432175,-2.78526354670058,1.310467971395,0.901359979444045
0.051705641107643,0.417437065205083,0.886087876535567,0.0569882682376907,0.16761109382927,1.93887061130406e-07,1.17447697585153e-11,2.33421725295401e-09,1.18129386440211e-11,0.103908248686704,-3.48320494439128,-1.39463804138243,-0.64195570315142,-3.38592640602763,-2.30712545413075,-15.9770065598299,-25.6886296546764,-20.3966057789046,-25.6828422432175,-2.78526354670058,0.521016553304732,1.34253867349437
0.0792659250333836,0.639940525015764,1.35839288885785,0.0873643126966937,0.256951622949134,2.97233279063511e-07,1.8004999440481e-11,3.57840819339407e-09,1.8109503894006e-11,0.159293710982204,-3.48320494439128,-1.39463804138243,-0.64195570315142,-3.38592640602763,-2.30712545413075,-15.9770065598299,-25.6886296546764,-20.3966057789046,-25.6828422432175,-2.78526354670058,0.948258004772916,1.54538430751274
0.0500474939447754,0.404050284371931,0.857671942276671,0.0551607126118289,0.162235977038443,1.87669300873632e-07,1.1368126973774e-11,2.25936128690101e-09,1.14341097526641e-11,0.10057601715321,-3.48320494439128,-1.39463804138243,-0.64195570315142,-3.38592640602763,-2.30712545413075,-15.9770065598299,-25.6886296546764,-20.3966057789046,-25.6828422432175,-2.78526354670058,0.48842209888332,1.66911115731482
0.0750327579641847,0.605764740709939,1.28584842486875,0.0826986542643335,0.243229217663541,2.81359647004442e-07,1.70434491819015e-11,3.3873046426811e-09,1.71423726141862e-11,0.150786689946666,-3.48320494439128,-1.39463804138243,-0.64195570315142,-3.38592640602763,-2.30712545413075,-15.9770065598299,-25.6886296546764,-20.3966057789046,-25.6828422432175,-2.78526354670058,0.893374456443753,1.64198682525001
0.0413727150987295,0.440774680352121,0.990089317514368,0.0571723055234932,0.143687422275175,1.52582297425925e-07,2.03115499470639e-11,1.50901811649107e-09,1.32662849412156e-11,0.0948513962175201,-3.7549532179974,-1.38904100999839,-0.579779667199262,-3.43150521400151,-2.50993456437619,-16.2653812781962,-25.189650975757,-20.8816261985935,-25.6156148129831,-2.92526340942809,0.56981954698769,0.497322780955205
0.0674282044671612,0.71836342381221,1.61362252351093,0.0931779772610449,0.234178125980119,2.48674768488192e-07,3.31032502848147e-11,2.45935955280185e-09,2.16210556015304e-11,0.154586406110608,-3.7549532179974,-1.38904100999839,-0.579779667199262,-3.43150521400151,-2.50993456437619,-16.2653812781962,-25.189650975757,-20.8816261985935,-25.6156148129831,-2.92526340942809,1.05826133330639,0.790083362204735
0.0901670299229035,0.960617249743621,2.15778473580059,0.124600403202846,0.313150057300166,3.32535405154767e-07,4.42666653007188e-11,3.28872981478635e-09,2.89123280501618e-11,0.206717607499657,-3.7549532179974,-1.38904100999839,-0.579779667199262,-3.43150521400151,-2.50993456437619,-16.2653812781962,-25.189650975757,-20.8816261985935,-25.6156148129831,-2.92526340942809,1.34886177734539,0.94766756468483
0.0145139758260544,0.154628310955691,0.347333559949986,0.0200566353527342,0.0504070319879493,5.35274460725864e-08,7.12550153447469e-12,5.2937914303096e-10,4.65394979466227e-12,0.0332748495834365,-3.7549532179974,-1.38904100999839,-0.579779667199262,-3.43150521400151,-2.50993456437619,-16.2653812781962,-25.189650975757,-20.8816261985935,-25.6156148129831,-2.92526340942809,-0.477690025690708,0.5083001029992
0.0774023741911785,0.824625762684345,1.85231410735451,0.106961125827531,0.268818413269922,2.85459439926239e-07,3.79999762078396e-11,2.82315493762447e-09,2.48193029801493e-11,0.177453262254226,-3.7549532179974,-1.38904100999839,-0.579779667199262,-3.43150521400151,-2.50993456437619,-16.2653812781962,-25.189650975757,-20.8816261985935,-25.6156148129831,-2.92526340942809,1.19621539344513,0.589297475060542
0.0664508966218636,0.707951427594685,1.59023459609928,0.0918274508914671,0.230783936241181,2.45070463671067e-07,3.26234500815637e-11,2.4237134696182e-09,2.13076789154689e-11,0.152345822831516,-3.7549532179974,-1.38904100999839,-0.579779667199262,-3.43150521400151,-2.50993456437619,-16.2653812781962,-25.189650975757,-20.8816261985935,-25.6156148129831,-2.92526340942809,1.04366121726428,0.611170987118714
0.167611564273235,2.38376043434764,4.42616149965593,0.42632173573595,0.275734913555072,5.30655633353805e-07,4.51315057281378e-11,5.10250238736653e-09,8.67435531251506e-11,0.383724586540555,-3.87343088984007,-1.21864554056361,-0.599792065954751,-2.93988576533195,-3.37564012870347,-16.5364773466143,-25.9087653341757,-21.1808595491322,-25.2553898111926,-3.04515500204141,2.08732479576922,2.29434675643287
0.137861098858748,1.96065130899591,3.64053334097001,0.350651121303997,0.226792932464112,4.36466117639011e-07,3.71208215841733e-11,4.19682609074046e-09,7.13468763602192e-11,0.315614816847378,-3.87343088984007,-1.21864554056361,-0.599792065954751,-2.93988576533195,-3.37564012870347,-16.5364773466143,-25.9087653341757,-21.1808595491322,-25.2553898111926,-3.04515500204141,1.89192225911457,2.10324281484608
0.0973861341565885,1.38501907349371,2.57170058326967,0.247702632752534,0.160208261282945,3.08323002203467e-07,2.62224321489201e-11,2.96467003446336e-09,5.03999788946188e-11,0.222952719438269,-3.87343088984007,-1.21864554056361,-0.599792065954751,-2.93988576533195,-3.37564012870347,-16.5364773466143,-25.9087653341757,-21.1808595491322,-25.2553898111926,-3.04515500204141,1.54435945158369,0.759749041342481
0.051112024375536,0.726911785318088,1.34972831642857,0.130003959113675,0.0840835158595536,1.61819882682918e-07,1.37625505190132e-11,1.55597394207337e-09,2.64518657825169e-11,0.117014243651953,-3.87343088984007,-1.21864554056361,-0.599792065954751,-2.93988576533195,-3.37564012870347,-16.5364773466143,-25.9087653341757,-21.1808595491322,-25.2553898111926,-3.04515500204141,0.899695391062229,0.858409376112895
0.0508647742278097,0.723395410286973,1.34319911846186,0.129375075822735,0.0836767688764001,1.61037092519796e-07,1.36959753306795e-11,1.54844704812354e-09,2.63239070917338e-11,0.116448197024325,-3.87343088984007,-1.21864554056361,-0.599792065954751,-2.93988576533195,-3.37564012870347,-16.5364773466143,-25.9087653341757,-21.1808595491322,-25.2553898111926,-3.04515500204141,0.894846236438722,1.50613714721474
0.0418510384177819,0.595202663666102,1.10517108869312,0.106448546184649,0.0688484264815123,1.3249974364477e-07,1.126891445868e-11,1.27404707644388e-09,2.16590531212845e-11,0.095812436825522,-3.87343088984007,-1.21864554056361,-0.599792065954751,-2.93988576533195,-3.37564012870347,-16.5364773466143,-25.9087653341757,-21.1808595491322,-25.2553898111926,-3.04515500204141,0.69979222033581,2.32128398829326
0.10639022968899,2.0947472740252,3.79768980639708,0.206990079504035,0.631710149010726,1.85999323149157e-07,3.95470218866132e-11,9.61103959321418e-09,4.12651852777133e-11,0.173504641315021,-4.18812649457007,-1.20805204887406,-0.61309202587444,-3.52256937401438,-2.4068095770668,-17.4450077642707,-25.9010156865572,-20.4078384035888,-25.8584869049937,-3.6990358909057,1.94748496204789,1.35379064445799
0.0490047680705568,0.964868716141697,1.74926690834719,0.0953424094360338,0.29097417526575,8.5673785260643e-08,1.82158891949011e-11,4.4269738636643e-09,1.9007298318975e-11,0.0799185670682658,-4.18812649457007,-1.20805204887406,-0.61309202587444,-3.52256937401438,-2.4068095770668,-17.4450077642707,-25.9010156865572,-20.4078384035888,-25.8584869049937,-3.6990358909057,1.17228881652687,0.376150967117568
0.1009126594518,1.98689784690979,3.60216327436112,0.196333060507092,0.59918614073603,1.76423026908445e-07,3.75109177190703e-11,9.11620896282513e-09,3.91406203494293e-11,0.164571641902766,-4.18812649457007,-1.20805204887406,-0.61309202587444,-3.52256937401438,-2.4068095770668,-17.4450077642707,-25.9010156865572,-20.4078384035888,-25.8584869049937,-3.6990358909057,1.89462660040741,0.65731684146833
0.122932139674454,2.42044561071003,4.38816736353537,0.239173591778134,0.729930563163297,2.14919122174735e-07,4.56959255796865e-11,1.11053962863282e-08,4.76812347814402e-11,0.200481725273609,-4.18812649457007,-1.20805204887406,-0.61309202587444,-3.52256937401438,-2.4068095770668,-17.4450077642707,-25.9010156865572,-20.4078384035888,-25.8584869049937,-3.6990358909057,2.09200370874862,0.680355880085383
0.0202775074385506,0.330560146891066,0.500369652780594,0.0356602970627122,0.102607754864683,1.73119636557169e-08,1.20249988591288e-11,3.59857835779402e-09,1.24826271080335e-11,0.0607705917481985,-3.94726741069908,-1.15599104419749,-0.741432543667387,-3.38274173168056,-2.32586616114221,-17.9208924291708,-25.1930577903286,-19.4917513656078,-25.1557076652059,-2.84967369089385,0.0490243955168934,0.516379679374
0.203069253147476,3.31039711625854,5.01095571019947,0.357120317350983,1.02756614493442,1.7337079227988e-07,1.20424442936221e-10,3.60379904544192e-08,1.25007364530795e-10,0.608587555301567,-3.94726741069908,-1.15599104419749,-0.741432543667388,-3.38274173168056,-2.32586616114221,-17.9208924291708,-25.1930577903286,-19.4917513656078,-25.1557076652059,-2.84967369089385,2.35305920109054,0.886582883654566
0.176912730199208,3.69686332906553,9.74500138461059,0.490360242069081,0.64799851755997,1.31034807304788e-07,8.60136261606465e-11,2.81063788201839e-08,1.04085463907703e-10,0.388208950724436,-4.44979196243773,-1.4102085335118,-0.440938769674734,-3.43030821481807,-3.15156011506703,-18.5654960891402,-25.8942086332159,-20.1049625268097,-25.7035020306291,-3.66390479623912,2.71769324471845,1.05346331491945
0.265745695908477,5.55316464199502,14.6382466183545,0.736584210914407,0.973377194522582,1.96831149551723e-07,1.29203539597937e-10,4.22193993084987e-08,1.56349766401564e-10,0.58313982070142,-4.44979196243773,-1.4102085335118,-0.440938769674734,-3.43030821481807,-3.15156011506703,-18.5654960891402,-25.8942086332159,-20.1049625268097,-25.7035020306291,-3.66390479623912,3.12457650452948,2.38231970991375
0.149146632643094,3.11664805721442,8.21554299671002,0.413399187295924,0.546296452171415,1.10469157570172e-07,7.25139603511683e-11,2.36951391349923e-08,8.77494594733104e-11,0.327280335887991,-4.44979196243773,-1.4102085335118,-0.440938769674734,-3.43030821481807,-3.15156011506703,-18.5654960891402,-25.8942086332159,-20.1049625268097,-25.7035020306291,-3.66390479623912,2.54696661717921,1.38227571652429
0.198015655891498,2.67235906541692,11.1126794106492,0.615207813893426,1.1791396412329,1.14216488555974e-07,1.71188004230697e-10,2.28027696587043e-08,6.90201134617489e-11,0.679467769304729,-4.4201521696939,-1.81778136102358,-0.392656242789494,-3.28653814792363,-2.63595793349668,-18.7859131554341,-25.2890017118613,-20.3971268205442,-26.1973661428029,-3.18718846791387,2.8007429884395,1.69403375523981
0.137119629239543,1.36412641512258,5.0578191762528,0.209104967678669,0.29487179372492,3.48902646456879e-08,7.92436761191828e-11,2.02358778257764e-08,3.2237897634011e-11,0.146855529845754,-3.9623562721852,-1.66494050930115,-0.354519346576707,-3.54037365953604,-3.1966693587864,-19.1465127407687,-25.233948247095,-19.6912634221406,-26.1333331544161,-3.8937607097598,1.97545474413656,2.88047553372151
0.0470676295467364,0.468249492198825,1.73614500434774,0.0717772882676641,0.101217574958435,1.19764184036844e-08,2.72011528340951e-11,6.94615939627988e-09,1.10659679552697e-11,0.050409570927255,-3.9623562721852,-1.66494050930115,-0.354519346576707,-3.54037365953604,-3.1966693587864,-19.1465127407687,-25.233948247095,-19.6912634221406,-26.1333331544161,-3.8937607097598,0.906186487176689,2.85162774073289
0.0480325948371176,0.73285306117546,2.00668801179152,0.0724998077478436,0.162366716933009,5.66599970643308e-09,1.79259917346859e-11,6.30428104474607e-09,3.25726028306243e-11,0.0458240377974171,-4.15698744774134,-1.4319220677517,-0.424626400615941,-3.7452833771963,-2.93900982556983,-20.1098944956675,-25.8658814123905,-20.0031489117308,-25.2686615931793,-4.20405849112281,1.1211120083174,2.71646154450914
0.0484401269235798,0.739070945886953,2.02371373682464,0.0731149316656702,0.163744315772883,5.71407282615703e-09,1.80780846382301e-11,6.35776965631331e-09,3.2848964764392e-11,0.0462128314030308,-4.15698744774134,-1.4319220677517,-0.424626400615941,-3.7452833771963,-2.93900982556983,-20.1098944956675,-25.8658814123905,-20.0031489117308,-25.2686615931793,-4.20405849112281,1.1295607076632,1.52453336363844
0.110423457845745,0.710198177049287,1.86738750859165,0.0804361251062244,0.145156489098695,9.49969583702122e-09,1.49181705479495e-11,4.47819073419969e-09,3.76190485637355e-11,0.0599571982983117,-3.29319222904579,-1.43197076711231,-0.46521914197538,-3.61005142829108,-3.01970242517643,-19.5617655978308,-26.0182006879234,-20.3138062678865,-25.0932701249016,-3.90388387484106,1.08975954182269,0.961481540759604
0.151125759474111,0.971978608328266,2.55571018127879,0.110085037481926,0.198661453694742,1.3001302224645e-08,2.04170372673223e-11,6.12886056078101e-09,5.14855031331282e-11,0.0820575383668023,-3.29319222904579,-1.43197076711231,-0.46521914197538,-3.61005142829108,-3.01970242517643,-19.5617655978308,-26.0182006879234,-20.3138062678865,-25.0932701249016,-3.90388387484106,1.4035492844557,0.595306453886833
0.335746341534194,2.15938211282648,5.67785628586397,0.244568819510502,0.441353323973208,2.88841536498794e-08,4.53592133553187e-11,1.36160937633398e-08,1.14382017858156e-10,0.182301934480437,-3.29319222904579,-1.43197076711231,-0.46521914197538,-3.61005142829108,-3.01970242517643,-19.5617655978308,-26.0182006879234,-20.3138062678865,-25.0932701249016,-3.90388387484106,2.20179288900911,0.751254463421694
0.417374203355774,4.27471757315764,7.1219895647015,0.349263949114976,0.758146851592066,3.78438071291945e-08,6.53489427123073e-11,4.26787296688118e-08,7.52370684457403e-11,0.417761696825977,-3.46448320026481,-1.13799307539541,-0.627523991209034,-3.64263845228561,-2.86758928733781,-19.6805095974304,-26.0419909656801,-19.5602762858851,-25.9010881858076,-3.4635552231585,2.59071111084331,0.537369510367738
0.150009560244505,1.5363874867279,2.559733002368,0.125529874617901,0.27248755407899,1.36015422606012e-08,2.34872353870907e-11,1.53392744878275e-08,2.70411526656109e-11,0.150148830291852,-3.46448320026481,-1.13799307539541,-0.627523991209034,-3.64263845228561,-2.86758928733781,-19.6805095974304,-26.0419909656801,-19.5602762858851,-25.9010881858076,-3.4635552231585,1.5674269483113,0.868768042064393
0.0845408404720273,0.86586141047927,1.44258791940631,0.0707448317777088,0.153565724760857,7.6654168744498e-09,1.32366938263972e-11,8.64475007671762e-09,1.52395738642057e-11,0.0846193288486089,-3.46448320026481,-1.13799307539541,-0.627523991209034,-3.64263845228561,-2.86758928733781,-19.6805095974304,-26.0419909656801,-19.5602762858851,-25.9010881858076,-3.4635552231585,0.993962658080283,0.76906604007252
0.174331590235805,1.49334570784229,2.83356027232864,0.310909570097741,0.439452929598177,2.69497506048809e-08,3.15799555338111e-11,3.88942997368422e-08,3.23674711318878e-11,0.504565941867433,-3.49706774389333,-1.34925259738465,-0.708737673874003,-2.91852482208563,-2.57249630909352,-19.1795634352381,-25.9287701567617,-18.8126897749981,-25.9041388164747,-2.43432838197202,1.75027164161063,0.595935192470448
0.171002112580856,1.46482499533889,2.7794434275393,0.304971653367043,0.431060023255041,2.64350498996097e-08,3.09768247062204e-11,3.81514756640303e-08,3.17492999115423e-11,0.494929472501073,-3.49706774389333,-1.34925259738465,-0.708737673874003,-2.91852482208563,-2.57249630909352,-19.1795634352381,-25.9287701567617,-18.8126897749981,-25.9041388164747,-2.43432838197202,1.73098837561155,1.42984258391159
0.171044496084185,2.38718466970956,2.9408867137825,0.342271276354308,0.268900735153707,3.37023785547671e-08,3.61001813954214e-11,1.07298113554316e-07,8.5727523771674e-11,0.162886737695134,-3.60211411469343,-0.966167860247873,-0.757571430178731,-2.90843422001014,-3.14969555116488,-19.0419799912022,-25.881005795182,-17.8839373378887,-25.0161297470737,-3.65098274985262,1.83628256938356,1.24506989902121
0.149584209116217,2.08767390362044,2.57190510804293,0.299327831931279,0.235162806869502,2.94738723365231e-08,3.15708321905213e-11,9.38358370080781e-08,7.49716251411329e-11,0.142449972910296,-3.60211411469343,-0.966167860247873,-0.757571430178731,-2.90843422001014,-3.14969555116488,-19.0419799912022,-25.881005795182,-17.8839373378887,-25.0161297470737,-3.65098274985262,1.70221834164446,1.2463781006856
0.120495946436119,1.68170319817174,2.07177042261692,0.241120306858118,0.189432862918704,2.37423599944794e-08,2.54315433898319e-11,7.55884465126205e-08,6.03925840876434e-11,0.114749039400876,-3.60211411469343,-0.966167860247873,-0.757571430178731,-2.90843422001014,-3.14969555116488,-19.0419799912022,-25.881005795182,-17.8839373378887,-25.0161297470737,-3.65098274985262,1.4859749485419,1.73571654314537
0.106228766879119,1.48258312650511,1.82646490409453,0.212570743038495,0.167003289566287,2.09311740320721e-08,2.24203516718869e-11,6.66384861967186e-08,5.32418718307255e-11,0.10116231555209,-3.60211411469343,-0.966167860247873,-0.757571430178731,-2.90843422001014,-3.14969555116488,-19.0419799912022,-25.881005795182,-17.8839373378887,-25.0161297470737,-3.65098274985262,1.35995378240721,3.18914209418811
0.211901730818498,1.96044937991656,2.52152213052541,0.424101574842818,0.206623048522369,3.6187773565032e-08,1.92636142020206e-11,2.31774327371926e-08,1.46614082347889e-11,0.0364481482571356,-3.23079176443027,-1.00598539634965,-0.754296379553696,-2.53694140791246,-3.25601828620349,-18.8137036407664,-26.3519621926712,-19.2592458773052,-26.6249614831918,-4.99102374287143,1.67915911878011,4.53762037678512
0.397292664562757,1.325667042578,3.51163412272268,0.557193134744477,0.207970056955975,5.60556205224292e-08,1.35647531769759e-11,2.72643962349439e-08,2.60755197023404e-11,0.0477864124544426,-2.72273423895659,-1.51773639828332,-0.543570668238066,-2.38449551754692,-3.37001332599076,-18.4965735749214,-26.8231985249665,-19.2173363125446,-26.1696763435869,-4.84066609757375,1.79965215940472,8.97980361364845
0.302944463274015,1.01085050522096,2.67769885883432,0.424872116204068,0.158581778374723,4.27436531992065e-08,1.03434249790795e-11,2.07897064824373e-08,1.9883161773224e-11,0.0364381987488598,-2.72273423895659,-1.51773639828332,-0.543570668238066,-2.38449551754692,-3.37001332599076,-18.4965735749214,-26.8231985249665,-19.2173363125446,-26.1696763435869,-4.84066609757375,1.52852845915954,5.50662249126954
0.382677122147445,1.27689860404993,3.38244865808744,0.536695198032402,0.200319285976097,5.39934548384392e-08,1.30657350900713e-11,2.62613977526077e-08,2.5116257429954e-11,0.0460284531453469,-2.72273423895659,-1.51773639828332,-0.543570668238066,-2.38449551754692,-3.37001332599076,-18.4965735749214,-26.8231985249665,-19.2173363125446,-26.1696763435869,-4.84066609757375,1.76217057049756,7.58726258072485
0.39401834542779,1.31474145207185,3.48269271043738,0.5526009831502,0.206256055169054,5.55936336616824e-08,1.34529581833851e-11,2.70396945420655e-08,2.58606162300863e-11,0.0473925769305393,-2.72273423895659,-1.51773639828332,-0.543570668238066,-2.38449551754692,-3.37001332599076,-18.4965735749214,-26.8231985249665,-19.2173363125446,-26.1696763435869,-4.84066609757375,1.79137643018788,1.91377289683445
0.203387858148113,0.678654816605334,1.79772698196288,0.28524644011546,0.106467066261515,2.86968112229501e-08,6.94426638359728e-12,1.39575875633887e-08,1.33489605407003e-11,0.024463517564282,-2.72273423895659,-1.51773639828332,-0.543570668238066,-2.38449551754692,-3.37001332599076,-18.4965735749214,-26.8231985249665,-19.2173363125446,-26.1696763435869,-4.84066609757375,1.13009374735341,3.95574627656536
0.349311473805898,2.08039872594555,4.93429954108185,0.649153836689279,0.227253060219631,1.30448494269834e-07,2.20335148050132e-11,3.20146371605391e-08,2.46262696979927e-11,0.116486765329112,-3.1748792513045,-1.39052840108604,-0.526877245746956,-2.55517352545979,-3.60477905129644,-17.9753753396092,-26.6615443931336,-19.3801605990547,-26.5502953404541,-4.27306558634907,2.12308797159423,0.831418531606076
0.0739813544590095,0.440611680696676,1.04504486891991,0.137485549980021,0.0481303663370225,2.76279395808891e-08,4.66652083026993e-12,6.78044209039215e-09,5.21564541719786e-12,0.0246709579324759,-3.1748792513045,-1.39052840108604,-0.526877245746956,-2.55517352545979,-3.60477905129644,-17.9753753396092,-26.6615443931336,-19.3801605990547,-26.5502953404541,-4.27306558634907,0.570937067007433,1.08168527435553
0.0248701280361112,0.279505680996926,0.673481828851911,0.12214927642683,0.0603475218100276,2.73798305618083e-08,4.0717651058984e-12,2.27496796372634e-09,5.1666186651133e-12,0.0332220128708989,-3.87104211701888,-1.45168690507712,-0.572248507724997,-2.27946564899436,-2.98458963996408,-17.5904134495519,-26.4038987675901,-20.0782541105751,-26.1657569153918,-3.58149682854635,0.176954244053971,1.31825045081927
0.0312168990472747,0.350834568046925,0.845352071807484,0.153321351035161,0.0757480015125569,3.43670690130111e-08,5.11086553597499e-12,2.85553195207972e-09,6.48512195234465e-12,0.0417001561243378,-3.87104211701888,-1.45168690507712,-0.572248507724997,-2.27946564899436,-2.98458963996408,-17.5904134495519,-26.4038987675901,-20.0782541105751,-26.1657569153918,-3.58149682854635,0.404246422350873,1.0743761782658
0.122062180024547,1.83940845020346,2.66539815286176,1.01025277036089,0.73290431919463,3.0240931461847e-07,2.9004564723262e-11,2.85333917389423e-08,3.07047231263299e-11,0.242512960862734,-3.99219241172154,-1.27952369449036,-0.908614272808956,-1.8787671527407,-2.19970783874063,-16.9004521107718,-26.1525356140446,-19.2611585155096,-26.0955723453717,-3.30566784314238,1.88896771996619,0.842755947360532
0.167278114441381,2.52078716909446,3.65275122201316,1.38448435462292,1.00439671449557,4.14431889785311e-07,3.97488304413746e-11,3.9103119145895e-08,4.20787846651946e-11,0.332347913273025,-3.99219241172154,-1.27952369449036,-0.908614272808956,-1.8787671527407,-2.19970783874063,-16.9004521107718,-26.1525356140446,-19.2611585155096,-26.0955723453717,-3.30566784314238,2.20409491592503,1.86354232706679
0.0677198926256401,1.02050072116869,1.47875842197869,0.560486541530201,0.406614086285753,1.67776180229108e-07,1.60916838312877e-11,1.58302778503375e-08,1.70349288600033e-11,0.134545783687033,-3.99219241172154,-1.27952369449036,-0.908614272808956,-1.8787671527407,-2.19970783874063,-16.9004521107718,-26.1525356140446,-19.2611585155096,-26.0955723453717,-3.30566784314238,1.29981710443959,1.2682954253561
0.0825570730195696,1.24408869074534,1.80274897505339,0.683287089532025,0.495701743029176,2.04535326697707e-07,1.96173128095666e-11,1.92986337358068e-08,2.07672193686555e-11,0.164024272007189,-3.99219241172154,-1.27952369449036,-0.908614272808956,-1.8787671527407,-2.19970783874063,-16.9004521107718,-26.1525356140446,-19.2611585155096,-26.0955723453717,-3.30566784314238,1.49792698107736,2.7909562949664
0.0114260787594279,0.29064298255735,0.323649495332416,0.158271386003027,0.105472071505909,2.04696929682572e-08,6.29769993957543e-12,2.73190020404931e-09,3.03169928533737e-12,0.0259510701138352,-4.38347709369595,-1.14727979708176,-1.03971432128545,-1.75506425446227,-2.16092925416755,-17.615940604487,-25.7024568061417,-19.6298885924307,-26.433518001358,-3.5631626006863,-0.0883798320068088,0.965664848316764
0.0258863421352611,1.40603159809403,1.46389633486938,0.343624246318799,0.217592212427386,8.84328506640614e-08,1.18558529925474e-11,3.2925534604782e-09,1.41229429734402e-11,0.0626069676290267,-4.91239786471283,-0.917586817776531,-0.877256481147002,-2.3265646104874,-2.78349063778142,-17.4993804071508,-26.4165575315293,-20.7899605300592,-26.2415785643636,-4.02923678775541,1.25835808466356,0.626450181600797
0.0597780761375662,1.94667322528081,2.63994787699067,0.247010170604242,0.21837654883333,1.49110935361282e-07,3.48094000628521e-11,5.89193860250359e-09,1.66341674551076e-11,0.0406845481998549,-4.45659263303201,-0.973354450694411,-0.668717154612688,-3.03780209467836,-3.16101074602536,-17.3580516034137,-25.7206099768863,-20.589157086897,-26.4590385835067,-4.8413832377404,1.63947632801186,0.690839909373626
0.119634321911627,1.54632504188118,4.65155276868422,0.7378198933043,0.126958151558177,1.66590481511313e-07,3.77734774006e-11,1.93503329605145e-08,2.37326818241807e-11,0.0630946439878716,-4.10368022159811,-1.54448354039018,-0.443163622862252,-2.28442024664814,-4.0442624775846,-17.5880919581005,-25.9797786311166,-19.7409209258259,-26.4445327532529,-4.74348410983987,1.98036471546902,1.18269927367803
0.194453619682002,1.16273107699629,1.90413488817158,0.573905911083412,0.155853150786749,1.01693709829382e-07,4.28028660775893e-11,1.32858785832216e-08,8.75838916882607e-12,0.0168907289286545,-3.02584635522582,-1.23751313701091,-0.74425697316002,-1.9435745657195,-3.24712580783073,-17.4895851377044,-25.2627008028009,-19.5248488780936,-26.8492938643741,-5.46927514333147,1.38828475164776,0.595615189594115
0.145068482354955,0.867433751054043,1.42054418363569,0.42815176015525,0.116271325223186,7.58666882834025e-08,3.19322768713316e-11,9.91168097550493e-09,6.53403226267266e-12,0.0126010120848146,-3.02584635522582,-1.23751313701091,-0.74425697316002,-1.9435745657195,-3.24712580783073,-17.4895851377044,-25.2627008028009,-19.5248488780936,-26.8492938643741,-5.46927514333147,1.09529699927259,0.27827079350897
0.114378200321034,0.683921894905628,1.12001783270336,0.337573172310556,0.0916732891396057,5.98165440852976e-08,2.51767737650914e-11,7.81479349429310e-09,5.1517106880283e-12,0.00993517724241539,-3.02584635522582,-1.23751313701091,-0.74425697316002,-1.9435745657195,-3.24712580783073,-17.4895851377044,-25.2627008028009,-19.5248488780936,-26.8492938643741,-5.46927514333147,0.857601580396837,0.220786107413251
0.0170000291274376,0.101651294579339,0.166468223190824,0.0501734923771627,0.0136253987316385,8.89053149025386e-09,3.74202327139389e-12,1.16151256668673e-09,7.65698634064862e-13,0.00147666515151714,-3.02584635522582,-1.23751313701091,-0.74425697316002,-1.9435745657195,-3.24712580783073,-17.4895851377044,-25.2627008028009,-19.5248488780936,-26.8492938643741,-5.46927514333147,-1.04869386632289,0.243942486940606
0.0178168479229279,0.106535444328489,0.174466702048409,0.0525842324589495,0.0142800730087602,9.31770447735289e-09,3.92182031281799e-12,1.21732101786971e-09,8.02488984910556e-13,0.00154761607997514,-3.02584635522582,-1.23751313701091,-0.74425697316002,-1.9435745657195,-3.24712580783073,-17.4895851377044,-25.2627008028009,-19.5248488780936,-26.8492938643741,-5.46927514333147,-1.00176440159476,0.341526014606269
0.0171559719769584,0.102583751366051,0.167995251696743,0.0506337384928049,0.0137503857824336,8.97208516313008e-09,3.77634919916379e-12,1.17216722957263e-09,7.72722458905115e-13,0.00149021073839758,-3.02584635522582,-1.23751313701091,-0.74425697316002,-1.9435745657195,-3.24712580783073,-17.4895851377044,-25.2627008028009,-19.5248488780936,-26.8492938643741,-5.46927514333147,-1.03956259052815,0.32987084842418
0.00536321635595352,0.0320692324468937,0.0525178569207617,0.0158288725822359,0.00429857859572543,2.80480954145498e-09,1.18054388395766e-12,3.66437207171938e-10,2.41564729516845e-13,0.000465862419029693,-3.02584635522582,-1.23751313701091,-0.74425697316002,-1.9435745657195,-3.24712580783073,-17.4895851377044,-25.2627008028009,-19.5248488780936,-26.8492938643741,-5.46927514333147,-2.20234506223222,0.267230400781159
0.249675952345785,1.49293178211771,2.44488476160302,0.736887825183997,0.200113445624765,1.30573418436484e-07,5.49583307758831e-11,1.70588976098312e-08,1.12456593007513e-11,0.0216874791941281,-3.02584635522582,-1.23751313701091,-0.74425697316002,-1.9435745657195,-3.24712580783073,-17.4895851377044,-25.2627008028009,-19.5248488780936,-26.8492938643741,-5.46927514333147,1.63825496270739,0.38333815807613
0.22904598203935,1.05450001893195,3.31262461464285,0.901187531513516,0.20317127610155,9.48508816556645e-08,5.32864195914176e-11,3.31658952970937e-08,3.1528059768342e-11,0.0309475440896889,-3.21980578095511,-1.69290654141209,-0.548232470182703,-1.85001518624867,-3.33967921133999,-17.9169331256482,-25.4013128894299,-18.9677170193968,-25.9261164606173,-5.22143491420083,1.74597328030227,0.314609562893479
0.0594041293952728,0.273489432183925,0.859144436824927,0.233727133105693,0.0526934053480392,2.46000126130167e-08,1.3820078118094e-11,8.60172755791957e-09,8.17694737704992e-12,0.00802638796455269,-3.21980578095511,-1.69290654141209,-0.548232470182703,-1.85001518624867,-3.33967921133999,-17.9169331256482,-25.4013128894299,-18.9677170193968,-25.9261164606173,-5.22143491420083,0.396414244364216,0.29378305982451
0.170091035975696,0.783078572518738,2.45997658411835,0.669227722218589,0.150876311057401,7.04368816268887e-08,3.95708417630428e-11,2.46292095583453e-08,2.34129422422249e-11,0.0229818475235876,-3.21980578095511,-1.69290654141209,-0.548232470182703,-1.85001518624867,-3.33967921133999,-17.9169331256482,-25.4013128894299,-18.9677170193968,-25.9261164606173,-5.22143491420083,1.4483843014306,0.591208416024311
0.249950884833774,2.21955525895162,3.31735622037008,0.769776769539769,0.144643984127708,1.04558622238529e-07,4.2541382224984e-11,3.37907891380048e-08,2.479121644457e-11,0.0581708124395842,-3.29743296880829,-1.11363528571346,-0.711773981190341,-2.17259684357753,-3.84442196530947,-17.9844600721945,-25.7914859420471,-19.1140197100277,-26.3314738288374,-4.75531368223724,1.91094212772257,0.479907104640095
0.0280033779638498,0.248669032995854,0.371661737231022,0.08624234252881,0.0162052643279061,1.17142798669112e-08,4.76614598241204e-12,3.78576871435199e-09,2.7774968860086e-12,0.00651719736176657,-3.29743296880829,-1.11363528571346,-0.711773981190341,-2.17259684357753,-3.84442196530947,-17.9844600721945,-25.7914859420471,-19.1140197100277,-26.3314738288374,-4.75531368223724,-0.277997165709188,0.571159638700863
0.0127309431561384,0.113050337278914,0.16896548895308,0.0392076399427191,0.00736726473695771,5.32556576900341e-09,2.16679336522455e-12,1.72109258986256e-09,1.26271034222279e-12,0.00296285931136927,-3.29743296880829,-1.11363528571346,-0.711773981190341,-2.17259684357753,-3.84442196530947,-17.9844600721945,-25.7914859420471,-19.1140197100277,-26.3314738288374,-4.75531368223724,-1.06628681110011,0.422328831302461
0.0873803138147535,0.775934180770589,1.15971434853706,0.269106211544018,0.0505660811439045,3.65526420493247e-08,1.48720390864172e-11,1.18129198097884e-08,8.66675976849065e-12,0.020335930593766,-3.29743296880829,-1.11363528571346,-0.711773981190341,-2.17259684357753,-3.84442196530947,-17.9844600721945,-25.7914859420471,-19.1140197100277,-26.3314738288374,-4.75531368223724,0.859947704722638,0.711914270868577
0.0790332191018792,0.70181226686239,1.04893143778166,0.243399562786235,0.045735704024158,3.30609131704569e-08,1.3451372194661e-11,1.0684478446017e-08,7.83885859163423e-12,0.0183933198233302,-3.29743296880829,-1.11363528571346,-0.711773981190341,-2.17259684357753,-3.84442196530947,-17.9844600721945,-25.7914859420471,-19.1140197100277,-26.3314738288374,-4.75531368223724,0.759545948870438,1.01816091883844
0.125903684585334,1.11802038799985,1.67099777023967,0.387747103426763,0.0728591561773909,5.26676102937243e-08,2.14286769700395e-11,1.70208833641465e-08,1.24876753198919e-11,0.0293014350652796,-3.29743296880829,-1.11363528571346,-0.711773981190341,-2.17259684357753,-3.84442196530947,-17.9844600721945,-25.7914859420471,-19.1140197100277,-26.3314738288374,-4.75531368223724,1.22519489641592,0.515918937310382
0.0969554561263005,0.860961115109862,1.28679594670489,0.298594893375923,0.056107116669556,4.05580837123898e-08,1.65017184100373e-11,1.31073805796754e-08,9.61646405015779e-12,0.02256434361922,-3.29743296880829,-1.11363528571346,-0.711773981190341,-2.17259684357753,-3.84442196530947,-17.9844600721945,-25.7914859420471,-19.1140197100277,-26.3314738288374,-4.75531368223724,0.963929347665168,0.361426550781682
0.0923987649084351,0.820497853846523,1.22631939361749,0.284561596203115,0.0534702067317092,3.86519438080511e-08,1.57261742749991e-11,1.24913627879709e-08,9.16451158626356e-12,0.0215038695570624,-3.29743296880829,-1.11363528571346,-0.711773981190341,-2.17259684357753,-3.84442196530947,-17.9844600721945,-25.7914859420471,-19.1140197100277,-26.3314738288374,-4.75531368223724,0.915791301592625,0.624891134353237
0.137239053741455,2.44887347014412,3.38231203474043,0.532062684806138,0.273086532835446,7.37076869791552e-08,4.04018132768781e-11,8.68380454126353e-09,1.63807069265387e-11,0.063698232883387,-3.9084197910018,-1.02676072436011,-0.703829325470936,-2.55338280306692,-3.22035539899652,-18.3455475773199,-25.8545352839458,-20.4841949281671,-26.7573057155947,-4.67598729309108,1.92238883506815,1.20119396735439
0.184384840864511,3.29013595459856,4.5442390433165,0.71484239211342,0.366900058885315,9.90285182215406e-08,5.42810643807624e-11,1.16669553948967e-08,2.20079777407099e-11,0.0855805123494967,-3.9084197910018,-1.02676072436011,-0.703829325470936,-2.55338280306692,-3.22035539899652,-18.3455475773199,-25.8545352839458,-20.4841949281671,-26.7573057155947,-4.67598729309108,2.21768961186979,0.627533392619017
0.201068924216886,3.58784428164864,4.95542503136376,0.7795249874825,0.400099052553845,1.07989124985762e-07,5.91926926813217e-11,1.2722641184272e-08,2.39993721163084e-11,0.0933242747688116,-3.9084197910018,-1.02676072436011,-0.703829325470936,-2.55338280306692,-3.22035539899652,-18.3455475773199,-25.8545352839458,-20.4841949281671,-26.7573057155947,-4.67598729309108,2.30431226785139,2.03659112350016
0.406491668533545,7.25337748817286,10.0181517215418,1.57592931906054,0.808861598502772,2.18316578605603e-07,1.19667106723413e-10,2.57207704437205e-08,4.85184115512185e-11,0.188669334722941,-3.9084197910018,-1.02676072436011,-0.703829325470936,-2.55338280306692,-3.22035539899652,-18.3455475773199,-25.8545352839458,-20.4841949281671,-26.7573057155947,-4.67598729309108,3.00822794518505,0.983568148191958
0.351753286631989,6.51733881486028,11.1074503281218,1.61658067966693,0.230462615308958,5.63609746647768e-08,7.48182400103245e-11,3.3983087570447e-08,8.71607993715181e-11,0.0894032264772781,-4.03619747383365,-1.11690609907147,-0.583756150565664,-2.51105900742931,-4.45903885370975,-19.6828610909713,-26.3073316447306,-20.1887750949466,-26.1546386690438,-5.40597074156522,2.99137223446118,1.08102362730721
0.0944782251371379,1.75050703787619,2.98337565754655,0.434201126784951,0.061900484465504,1.5138123951343e-08,2.00956033467152e-11,9.12759573358248e-09,2.34107197831832e-11,0.0240130184425082,-4.03619747383365,-1.11690609907147,-0.583756150565664,-2.51105900742931,-4.45903885370975,-19.6828610909713,-26.3073316447306,-20.1887750949466,-26.1546386690438,-5.40597074156522,1.6768115809708,1.27766460889087
0.200671882912237,3.71807940752324,6.3366940876101,0.922243803247534,0.131476715961185,3.21533965383597e-08,4.26830897382897e-11,1.93870261603772e-08,4.97244017063511e-11,0.0510036849048534,-4.03619747383365,-1.11690609907147,-0.583756150565664,-2.51105900742931,-4.45903885370975,-19.6828610909713,-26.3073316447306,-20.1887750949466,-26.1546386690438,-5.40597074156522,2.43011334573363,1.05645004425261
0.034082030104017,0.631477078190139,1.07622151902729,0.15663350843861,0.0223299513929719,5.46091965084137e-09,7.24927841549713e-12,3.29268455369164e-09,8.44517194569439e-12,0.0086624448782556,-4.03619747383365,-1.11690609907147,-0.583756150565664,-2.51105900742931,-4.45903885370975,-19.6828610909713,-26.3073316447306,-20.1887750949466,-26.1546386690438,-5.40597074156522,0.657212463818323,1.42935658850144
0.0464827763348712,0.861240005261618,1.46780470538417,0.213624608542317,0.0304547039304951,7.44787519810462e-09,9.88692827711129e-12,4.49072778773513e-09,1.15179476534461e-11,0.0118142753398263,-4.03619747383365,-1.11690609907147,-0.583756150565664,-2.51105900742931,-4.45903885370975,-19.6828610909713,-26.3073316447306,-20.1887750949466,-26.1546386690438,-5.40597074156522,0.967524037428666,5.92213486417665
0.0321216869936357,1.46573947299544,3.35556114391164,1.2397214729336,0.0760241496925207,3.42917613838179e-08,3.41471135505292e-11,1.11170997385548e-08,1.97826230483357e-11,0.0448291464166467,-5.26502821693234,-1.44444447240015,-0.61618533479734,-1.61191761146022,-4.40350857730312,-19.0151650517617,-25.9271474034072,-20.1415857442649,-26.4730215346314,-4.9317011086903,1.82680434724469,2.34498838785844
0.0292527578510057,1.33482783406399,3.05586121975908,1.1289964956574,0.0692340985149548,3.12290133530049e-08,3.10972846538956e-11,1.01241826658063e-08,1.80157499761873e-11,0.040825258183148,-5.26502821693234,-1.44444447240015,-0.61618533479734,-1.61191761146022,-4.40350857730312,-19.0151650517617,-25.9271474034072,-20.1415857442649,-26.4730215346314,-4.9317011086903,1.73324679268794,2.70075762431186
0.0198518422104841,0.905856182004038,2.07380360719422,0.766172557204198,0.0469844384007965,2.11929913969339e-08,2.11035961555475e-11,6.8705890164402e-09,1.22260549809497e-11,0.0277053051812093,-5.26502821693234,-1.44444447240015,-0.61618533479734,-1.61191761146022,-4.40350857730312,-19.0151650517617,-25.9271474034072,-20.1415857442649,-26.4730215346314,-4.9317011086903,1.34556974735065,3.06673080879785
0.0190132480355086,1.27793626109467,3.26811422661798,0.765174655497817,0.0442929880957448,1.97189121869984e-08,1.45742391752516e-11,5.94026273069696e-09,7.75246641804115e-12,0.0406644717245272,-5.65182833055525,-1.44396257202623,-0.504995923337613,-1.95686021616359,-4.8061379495121,-19.4308967050146,-26.6409746385133,-20.6307215265829,-27.2722191284941,-4.89160955115068,1.68920905279,0.947153402130973
0.0202979365108969,1.36428394792036,3.48893439765596,0.816876030230918,0.0472857798186974,2.10512810272154e-08,1.55589923889597e-11,6.34163481907726e-09,8.27628561213633e-12,0.0434120915990846,-5.65182833055525,-1.44396257202623,-0.504995923337613,-1.95686021616359,-4.8061379495121,-19.4308967050146,-26.6409746385133,-20.6307215265829,-27.2722191284941,-4.89160955115068,1.75459228274466,1.33301235328148
0.0314215541262887,2.11193496886705,5.40093033398562,1.2645381162065,0.0731991988042394,3.25877443684612e-08,2.40855872831091e-11,9.81695955201255e-09,1.28118321873141e-11,0.0672026629496915,-5.65182833055525,-1.44396257202623,-0.504995923337613,-1.95686021616359,-4.8061379495121,-19.4308967050146,-26.6409746385133,-20.6307215265829,-27.2722191284941,-4.89160955115068,2.19156714614006,1.32884457948916
0.22300075625569,5.49675242513454,13.0194555449402,3.54451235160256,0.287842593758093,8.92893716581929e-08,1.52655758018685e-10,5.49310537148458e-08,1.17771342215535e-11,0.0591269470802476,-4.61988709964878,-1.41514953371604,-0.552862164320931,-1.85390639237174,-4.36464848111199,-19.3506903579346,-25.7221426604637,-19.8364939903117,-28.284168225614,-5.9473754845246,3.11930698340214,3.35858125012004
0.0854678433789732,2.10669947157367,4.98987001693659,1.35847892001879,0.110319292787091,3.42212742253632e-08,5.85072384341138e-11,2.10530169241191e-08,4.51373475140487e-12,0.0226611458067757,-4.61988709964878,-1.41514953371604,-0.552862164320931,-1.85390639237174,-4.36464848111199,-19.3506903579346,-25.7221426604637,-19.8364939903117,-28.284168225614,-5.9473754845246,2.16027202503498,1.88969542882547
0.0283785447673853,0.699503613310883,1.65682488361355,0.451066194292052,0.0366301624715496,1.13627526354592e-08,1.94266079437201e-11,6.99039497955344e-09,1.49873003280155e-12,0.00752435436923689,-4.61988709964878,-1.41514953371604,-0.552862164320931,-1.85390639237174,-4.36464848111199,-19.3506903579346,-25.7221426604637,-19.8364939903117,-28.284168225614,-5.9473754845246,1.05776521438848,1.17729735134755
0.0389230124777708,0.959414518690763,2.27244265507534,0.618666505017824,0.0502406406892815,1.55847513055036e-08,2.66448512280021e-11,9.58777954415788e-09,2.05560532598513e-12,0.0103201394363803,-4.61988709964878,-1.41514953371604,-0.552862164320931,-1.85390639237174,-4.36464848111199,-19.3506903579346,-25.7221426604637,-19.8364939903117,-28.284168225614,-5.9473754845246,1.37371747678176,0.976650182477399
0.033986214240455,0.837727228750581,1.98421751062168,0.540197971442663,0.0438683716739242,1.36080601946099e-08,2.32653529260383e-11,8.37171403071891e-09,1.79488273274453e-12,0.00901118509458896,-4.61988709964878,-1.41514953371604,-0.552862164320931,-1.85390639237174,-4.36464848111199,-19.3506903579346,-25.7221426604637,-19.8364939903117,-28.284168225614,-5.9473754845246,1.23808679954422,0.969764210896217
0.0948032327916425,2.33680776921024,5.53489815717121,1.50686139026605,0.122369129511427,3.79591586560602e-08,6.48978039690425e-11,2.33525731493382e-08,5.0067561024061e-12,0.0251363529990935,-4.61988709964878,-1.41514953371604,-0.552862164320931,-1.85390639237174,-4.36464848111199,-19.3506903579346,-25.7221426604637,-19.8364939903117,-28.284168225614,-5.9473754845246,2.26393533052385,1.51581702994198
0.0756795462388553,1.86542743758473,4.41839975999131,1.20289765340406,0.0976848565430451,3.03020458069506e-08,5.18066337154305e-11,1.86418974059225e-08,3.99679440037108e-12,0.0200658535901614,-4.61988709964878,-1.41514953371604,-0.552862164320931,-1.85390639237174,-4.36464848111199,-19.3506903579346,-25.7221426604637,-19.8364939903117,-28.284168225614,-5.9473754845246,2.0386397496055,0.680704694482451
0.0574535022430388,2.30532143461669,5.83775942340854,0.88837118701098,0.15487600089224,3.56617311650602e-08,6.50363659902762e-11,2.36981528084389e-08,2.61066034171973e-12,0.0168289945279921,-5.08254930119949,-1.39054986848571,-0.461422923390281,-2.344135606177,-4.09090046271136,-19.3749576655162,-25.6818445119469,-19.7836387186537,-28.8971879083426,-6.31042200164343,2.22576998623869,1.19951894497474
0.0129343836189931,0.518992065519081,1.31424224650999,0.199997098179554,0.0348669015936006,8.02844897870744e-09,1.46414974555427e-11,5.33511426665041e-09,5.87732358174666e-13,0.00378867540965892,-5.08254930119949,-1.39054986848571,-0.461422923390281,-2.344135606177,-4.09090046271136,-19.3749576655162,-25.6818445119469,-19.7836387186537,-28.8971879083426,-6.31042200164343,0.734683184535411,0.76915067313105
0.0141413555173733,0.567421805738322,1.4368807506651,0.21865982571037,0.0381205062219084,8.77762362748235e-09,1.6007768667191e-11,5.8329604094723e-09,6.42576598223637e-13,0.00414221562357586,-5.08254930119949,-1.39054986848571,-0.461422923390281,-2.344135606177,-4.09090046271136,-19.3749576655162,-25.6818445119469,-19.7836387186537,-28.8971879083426,-6.31042200164343,0.823897542120347,0.224494096199641
0.00911134388610719,0.365592619053117,0.925789230498696,0.140883585288258,0.0245612268833483,5.65546543784696e-09,1.03138829228105e-11,3.75820465721678e-09,4.1401521603694e-13,0.0026688495986427,-5.08254930119949,-1.39054986848571,-0.461422923390281,-2.344135606177,-4.09090046271136,-19.3749576655162,-25.6818445119469,-19.7836387186537,-28.8971879083426,-6.31042200164343,0.384314240294207,1.57053540250356
0.0120265016338376,0.482563306282999,1.22199379502718,0.185959029735847,0.032419546329718,7.46492122112604e-09,1.36137908274458e-11,4.96063533714613e-09,5.46478624266834e-13,0.00352274312766134,-5.08254930119949,-1.39054986848571,-0.461422923390281,-2.344135606177,-4.09090046271136,-19.3749576655162,-25.6818445119469,-19.7836387186537,-28.8971879083426,-6.31042200164343,0.661906706407628,0.520929267266211
0.24913871161355,9.99668931662201,25.3145901411795,3.85229175464813,0.671597131867218,1.54641882731324e-07,2.82020691485487e-10,1.02763574504823e-07,1.1320746840554e-11,0.0729764740314579,-5.08254930119949,-1.39054986848571,-0.461422923390281,-2.344135606177,-4.09090046271136,-19.3749576655162,-25.6818445119469,-19.7836387186537,-28.8971879083426,-6.31042200164343,3.69280383832673,0.492525583987198
0.0774795438300946,3.10886623378094,7.87257381111753,1.19802260322172,0.20885971143411,4.8092014498474e-08,8.77054970117895e-11,3.19584010987979e-08,3.52063432993367e-12,0.0226949231681689,-5.08254930119949,-1.39054986848571,-0.461422923390281,-2.344135606177,-4.09090046271136,-19.3749576655162,-25.6818445119469,-19.7836387186537,-28.8971879083426,-6.31042200164343,2.52480797315614,0.462588742153092
0.0152732469380867,0.612838942239264,1.55189044632461,0.236161626048548,0.0411717182427659,9.48019537642058e-09,1.72890500830282e-11,6.29983770682412e-09,6.94009216390048e-13,0.00447376363686995,-5.08254930119949,-1.39054986848571,-0.461422923390281,-2.344135606177,-4.09090046271136,-19.3749576655162,-25.6818445119469,-19.7836387186537,-28.8971879083426,-6.31042200164343,0.900896753951436,0.792225087147805
0.00372672308582709,0.374048144473541,0.707237966009634,0.113836616040675,0.0091375923011714,1.38465935085823e-08,6.36474519819428e-12,2.70523562274136e-09,3.25070644515353e-13,0.00168481569478466,-5.78257510518471,-1.17371990576994,-0.536737228587727,-2.3633401956726,-4.88570749705428,-18.2855757350807,-25.9705960608824,-19.918425966524,-28.9450830129188,-6.5764482455664,0.190349144456412,0.514115069029357
0.00694528348373893,0.69709241607328,1.31803948167769,0.212150876527109,0.0170292150580812,2.58051148385392e-08,1.18616164080822e-11,5.04159495018608e-09,6.05815813626458e-13,0.00313989592160294,-5.78257510518471,-1.17371990576994,-0.536737228587727,-2.3633401956726,-4.88570749705428,-18.2855757350807,-25.9705960608824,-19.918425966524,-28.9450830129188,-6.5764482455664,0.812882619968764,0.193520884970584
0.000312414324466137,0.014236327434306,0.045668786924667,0.00659534037901116,0.0015562862987625,4.35413696140257e-09,3.3930011088346e-13,8.82759729804161e-11,2.22236371941454e-14,9.05401497845284e-05,-5.38967025939946,-1.57044828246983,-0.404830185206701,-2.33988185378158,-3.78394284483133,-16.5706293894885,-26.030381367634,-20.4690431233375,-28.7561099053035,-6.62820713292546,-2.68151002868591,0.19662985454852
0.482198283291279,21.9731686788867,70.4878391626264,10.1796286515203,2.40206201445913,6.72042606110078e-06,5.23695356376908e-10,1.36250227001476e-07,3.43012431386343e-11,0.139744888041352,-5.38967025939946,-1.57044828246983,-0.404830185206701,-2.33988185378158,-3.78394284483133,-16.5706293894885,-26.030381367634,-20.4690431233375,-28.7561099053035,-6.62820713292546,4.66027038599895,0.454262954740337
0.523380327408767,23.849782580866,76.5078384092604,11.049017719779,2.60720962132576,7.29438265142193e-06,5.68421449392487e-10,1.47886649307035e-07,3.72307336763819e-11,0.151679771146351,-5.38967025939946,-1.57044828246983,-0.404830185206701,-2.33988185378158,-3.78394284483133,-16.5706293894885,-26.030381367634,-20.4690431233375,-28.7561099053035,-6.62820713292546,4.74222338365638,0.557375103105379
0.297423055398115,13.553194176979,43.477360286443,6.27886154153819,1.48160756342765,4.14520275565209e-06,3.23018721527335e-10,8.40400312851939e-08,2.11572311469297e-11,0.0861955610746532,-5.38967025939946,-1.57044828246983,-0.404830185206701,-2.33988185378158,-3.78394284483133,-16.5706293894885,-26.030381367634,-20.4690431233375,-28.7561099053035,-6.62820713292546,4.17707053463335,0.309672797528033
0.187403350776875,8.53973475289503,27.3946583922576,3.95624908893923,0.933546397575144,2.61185160988586e-06,2.03530929022487e-10,5.29527996447937e-08,1.33309638850567e-11,0.054310977828739,-5.38967025939946,-1.57044828246983,-0.404830185206701,-2.33988185378158,-3.78394284483133,-16.5706293894885,-26.030381367634,-20.4690431233375,-28.7561099053035,-6.62820713292546,3.71517823040798,0.351382179788891
0.20463091772328,7.97778362536913,31.1817758277187,12.4131794013345,0.587388708367205,3.9232498925433e-06,1.83480228403439e-10,1.17261397044563e-07,3.31360583866665e-11,0.131784563438465,-5.54729472148304,-1.88408676591633,-0.520913581547104,-1.44198863449211,-4.49281588109391,-16.4093375910363,-26.3796615989783,-19.9196076290242,-28.0911464468647,-5.98733418249617,3.96074739761901,0.314659328477998
0.0882104330410141,3.43899033504292,13.4415560432096,5.35096036605881,0.253206176783805,1.69119884619462e-06,7.90929864460568e-11,5.05479754837578e-08,1.42839903768249e-11,0.0568084898331349,-5.54729472148304,-1.88408676591633,-0.520913581547104,-1.44198863449211,-4.49281588109391,-16.4093375910363,-26.3796615989783,-19.9196076290242,-28.0911464468647,-5.98733418249617,3.11926468696499,0.734358254458621
0.0308103167686031,1.69253415255939,2.13490347500066,0.63207158588377,0.0666068429644485,6.69585557436432e-07,1.39922171043258e-11,1.77921500302454e-08,1.66054437063979e-12,0.0299028774772494,-5.00309482523117,-0.996962235796071,-0.764767705275534,-1.98194176260783,-4.23213709966154,-15.7397960271073,-26.5157090021759,-19.36769762662,-28.6470647733599,-5.0329897066802,1.52318914016156,0.499964448280726
0.0434754627191421,2.89258977291763,2.90400535695774,0.457032255042412,0.0696868238806765,8.38571884965526e-07,1.67716109592813e-11,1.5383678912273e-08,1.61690467242858e-12,0.0292385658827008,-4.99123591879124,-0.793525127282087,-0.789586401688056,-2.63867865394839,-4.51942136286678,-15.8472428722591,-26.6670108260658,-19.8456360437462,-29.0061848337555,-5.38794403505396,1.85567734333132,1.16226855911209
0.0408284333202273,2.71647272460978,2.72719326402771,0.429205574434895,0.0654439001717144,7.87514937120096e-07,1.57504614533364e-11,1.44470344742985e-08,1.51845847000837e-12,0.0274583584131771,-4.99123591879124,-0.793525127282087,-0.789586401688056,-2.63867865394839,-4.51942136286678,-15.8472428722591,-26.6670108260658,-19.8456360437462,-29.0061848337555,-5.38794403505396,1.79285937360419,1.16288728848288
0.0377390066284645,2.51092128262738,2.52083061480725,0.396728228377738,0.0604918577943403,7.27924855673219e-07,1.4558647512305e-11,1.33538489099237e-08,1.40355898094928e-12,0.0253806253606175,-4.99123591879124,-0.793525127282087,-0.789586401688056,-2.63867865394839,-4.51942136286678,-15.8472428722591,-26.6670108260658,-19.8456360437462,-29.0061848337555,-5.38794403505396,1.71417485795276,2.02685577329913
0.00693433006688941,0.461367653821153,0.463188437837917,0.0728965791152691,0.0111150384119785,1.33752095353876e-07,2.67506954201802e-12,2.4536945796273e-09,2.57896063297766e-13,0.00466354706384457,-4.99123591879124,-0.793525127282087,-0.789586401688056,-2.63867865394839,-4.51942136286678,-15.8472428722591,-26.6670108260658,-19.8456360437462,-29.0061848337555,-5.38794403505396,0.0199650871633453,1.07921771478064
0.0197039411087633,2.23845641710871,3.61600723589982,0.338036816385067,0.0623311957541245,1.83644388138254e-06,1.42477344264931e-11,1.14967893835078e-08,4.42475638856967e-13,0.0232785036886257,-5.76713950690764,-1.03441637111955,-0.55483245633684,-2.92480336515801,-4.61549614404151,-15.0478824294709,-26.8146261094115,-20.1214009245424,-30.286593885352,-5.60042783267142,1.84020289994326,1.3951234200876
0.0016988670817845,0.192998948791211,0.311770910532849,0.029145419011246,0.00537417443801901,1.58337565079191e-07,1.22843480264016e-12,9.91249259325297e-10,3.81500986628176e-14,0.00200706464820973,-5.76713950690764,-1.03441637111955,-0.55483245633684,-2.92480336515801,-4.61549614404151,-15.0478824294709,-26.8146261094115,-20.1214009245424,-30.286593885352,-5.60042783267142,-0.610654165650199,1.59498801056271
0.00680524109537535,0.773106025633618,1.24887711078145,0.116749335674293,0.0215276128023546,6.3426110045451e-07,4.92080580732363e-12,3.970699219291e-09,1.52819853887641e-13,0.00803980427399001,-5.76713950690764,-1.03441637111955,-0.55483245633684,-2.92480336515801,-4.61549614404151,-15.0478824294709,-26.8146261094115,-20.1214009245424,-30.286593885352,-5.60042783267142,0.777077292552747,1.59240695637076
0.011300763581504,1.28381761890242,2.07388169992741,0.193873607453737,0.0357486912431204,1.05325213974445e-06,8.17147581984223e-12,6.59373158152528e-09,2.53772205149033e-13,0.013350875607283,-5.76713950690764,-1.03441637111955,-0.55483245633684,-2.92480336515801,-4.61549614404151,-15.0478824294709,-26.8146261094115,-20.1214009245424,-30.286593885352,-5.60042783267142,1.28425452494523,1.6809085254664
0.00888272701102248,1.00911777849381,1.63013099608254,0.152390262590068,0.028099505225797,8.27886643557244e-07,6.42301632640379e-12,5.18286372422734e-09,1.99472292740774e-13,0.0104941743557678,-5.76713950690764,-1.03441637111955,-0.55483245633684,-2.92480336515801,-4.61549614404151,-15.0478824294709,-26.8146261094115,-20.1214009245424,-30.286593885352,-5.60042783267142,1.04349283362117,2.87817687760789
0.0101706659668382,1.15543344217633,1.86648962900373,0.174485882035897,0.0321737548762189,9.47924944623322e-07,7.35431286747172e-12,5.93434602069254e-09,2.28394507293572e-13,0.0120157629338187,-5.76713950690764,-1.03441637111955,-0.55483245633684,-2.92480336515801,-4.61549614404151,-15.0478824294709,-26.8146261094115,-20.1214009245424,-30.286593885352,-5.60042783267142,1.17889191930694,1.34438385061751
0.00439074846981647,0.71485223929804,2.2172773852144,0.336209786064114,0.0402044867968101,3.96278991282631e-07,7.73428424258587e-12,1.16965451823222e-08,1.66844417194286e-13,0.0164062551398012,-6.63103005147527,-1.53845389528047,-0.406494439131198,-2.29279442987769,-4.4165511570355,-15.9439218296222,-26.7881326503915,-19.4667468016208,-30.6244891296125,-5.31286708521832,1.20277447931115,1.17684075527235
0.0021391363082064,0.76163714307416,1.68006046260869,0.122574006606841,0.024164395083265,2.57841004534681e-07,3.08273493318403e-12,6.35489719635811e-09,1.464907308787e-13,0.0362296823158119,-7.1131214388369,-1.23805334002779,-0.446938530710771,-3.06480860897409,-4.68864331988848,-16.1366910166118,-27.4709722607579,-19.8398084223744,-30.5175825520341,-4.28364485577951,0.965768313126355,0.764742582977694
0.00153268312432287,0.545710150198906,1.20375700650954,0.0878238150071261,0.0173136982489184,1.84742110585798e-07,2.20876799235548e-12,4.55325995463634e-09,1.04960058050608e-13,0.0259584312004795,-7.1131214388369,-1.23805334002779,-0.446938530710771,-3.06480860897409,-4.68864331988848,-16.1366910166118,-27.4709722607579,-19.8398084223744,-30.5175825520341,-4.28364485577951,0.632386035392706,1.22179115900414
0.00250699920905666,0.477531632761789,0.797794460183366,0.146681871047505,0.0292440531039343,2.07402936752831e-07,4.31801047117932e-12,8.28864470869734e-10,8.41894057084183e-14,0.0116557133799762,-6.37080721174215,-1.12126331107618,-0.608042719843531,-2.30162761632009,-3.91421747510327,-15.7707408178437,-26.5503647952742,-21.2931028956793,-30.4878457409613,-4.83409723674655,0.382138436442167,1.66987155893216
0.00301770373058838,0.574810308855841,0.960314351133756,0.176562652222095,0.0352014024697176,2.4965329614504e-07,5.19763877887328e-12,9.97713679709114e-10,1.01339754222703e-13,0.0140301160137415,-6.37080721174215,-1.12126331107618,-0.608042719843531,-2.30162761632009,-3.91421747510327,-15.7707408178437,-26.5503647952742,-21.2931028956793,-30.4878457409613,-4.83409723674655,0.567548120821182,0.46771806399741
0.00141491132634866,0.269511419646066,0.450262773810931,0.0827849645765236,0.0165048883205145,1.17054988796737e-07,2.43701789011042e-12,4.67798204165717e-10,4.75151899789497e-14,0.00657830318351301,-6.37080721174215,-1.12126331107618,-0.608042719843531,-2.30162761632009,-3.91421747510327,-15.7707408178437,-26.5503647952742,-21.2931028956793,-30.4878457409613,-4.83409723674655,-0.189881204999843,0.938676447718044
0.00496875648659726,1.17188337774562,2.65252508507161,0.369987822995265,0.0352629391109726,7.71398183994307e-07,7.25806842354522e-12,3.39550254842198e-09,4.5977428322006e-13,0.0240925669308094,-6.75355463042159,-1.29035677717711,-0.473456907733587,-2.44325414104684,-4.79389170643631,-15.5240301016815,-27.0978763361921,-20.9497830171836,-29.8570096708445,-5.17482086850393,1.44896895633779,1.48245889679897
0.00163959726919357,0.386699728825089,0.875283966457617,0.122089103350957,0.0116361143529665,2.54547060084264e-07,2.39502764906367e-12,1.12045271708317e-09,1.51716966055082e-13,0.00795009919567837,-6.75355463042159,-1.29035677717711,-0.473456907733587,-2.44325414104684,-4.79389170643631,-15.5240301016815,-27.0978763361921,-20.9497830171836,-29.8570096708445,-5.17482086850393,0.34024999555401,0.445923196712489
0.0126705087176749,2.98834499011496,6.76403488577226,0.943482327890347,0.0899217698878209,1.96709326397115e-06,1.85083369414607e-11,8.65865428437027e-09,1.17244104826156e-12,0.0614369168928703,-6.75355463042159,-1.29035677717711,-0.473456907733587,-2.44325414104684,-4.79389170643631,-15.5240301016815,-27.0978763361921,-20.9497830171836,-29.8570096708445,-5.17482086850393,2.38507649632201,1.77941751345239
0.00609084551435527,1.43652856281905,3.25154202257704,0.453541782161287,0.0432263313942637,9.45602220885082e-07,8.8971503473113e-12,4.16230530150235e-09,5.63604623837103e-13,0.02953336586642,-6.75355463042159,-1.29035677717711,-0.473456907733587,-2.44325414104684,-4.79389170643631,-15.5240301016815,-27.0978763361921,-20.9497830171836,-29.8570096708445,-5.17482086850393,1.6525862600359,1.02795725840335
0.00322754203651675,0.761217192625887,1.72299371846389,0.240332013641168,0.0229056542856937,5.01075082357143e-07,4.71460434901483e-12,2.2056076283257e-09,2.98654367627975e-13,0.0156497451115848,-6.75355463042159,-1.29035677717711,-0.473456907733587,-2.44325414104684,-4.79389170643631,-15.5240301016815,-27.0978763361921,-20.9497830171836,-29.8570096708445,-5.17482086850393,1.01752021957563,0.491899899715974
0.000503033813709121,0.11864074367899,0.268539988446174,0.0374573368868598,0.00356999800481928,7.80958719610521e-08,7.3480232913528e-13,3.43758564340808e-10,4.65472622289752e-14,0.00243911647872826,-6.75355463042159,-1.29035677717711,-0.473456907733587,-2.44325414104684,-4.79389170643631,-15.5240301016815,-27.0978763361921,-20.9497830171836,-29.8570096708445,-5.17482086850393,-0.841298535628587,0.625524271774616
0.0131399447338946,3.09906167864798,7.01463899813271,0.978437876656966,0.0932533265260071,2.03997308639557e-06,1.91940615760629e-11,8.97945309866009e-09,1.21587940320153e-12,0.0637131239621871,-6.75355463042159,-1.29035677717711,-0.473456907733587,-2.44325414104684,-4.79389170643631,-15.5240301016815,-27.0978763361921,-20.9497830171836,-29.8570096708445,-5.17482086850393,2.42145615854297,0.627525523268955
0.0139220528637237,3.28352222112348,7.43216025102686,1.03667588551953,0.0988038966605572,2.16139517513442e-06,2.03365193190057e-11,9.51392287095413e-09,1.28825026817805e-12,0.0675054193817481,-6.75355463042159,-1.29035677717711,-0.473456907733587,-2.44325414104684,-4.79389170643631,-15.5240301016815,-27.0978763361921,-20.9497830171836,-29.8570096708445,-5.17482086850393,2.47927347131445,0.48893620938925
0.00959719699587665,1.94872506508387,4.50419160870328,1.29036531801312,0.0759746456008751,2.77167159949292e-06,9.93449640372732e-12,4.13203562895366e-09,1.05227141926424e-12,0.0285659057334795,-6.70774283122109,-1.39428328251284,-0.556450196652885,-1.80653325794176,-4.63881423335319,-14.8575185827384,-27.3964665587982,-21.3659542915188,-29.6415286602694,-5.61700000798457,2.06145862848221,0.0692676190038964
0.0245407585031732,4.98303736308118,11.517558571393,3.2995617015922,0.194272914357838,7.08737388661328e-06,2.54032585971989e-11,1.05659275870055e-08,2.69073759672225e-12,0.0730451812472874,-6.70774283122109,-1.39428328251284,-0.556450196652885,-1.80653325794176,-4.63881423335319,-14.8575185827384,-27.3964665587982,-21.3659542915188,-29.6415286602694,-5.61700000798457,3.00032289989381,0.93440163812511
0.00823476360970946,3.11987697825939,9.28100127891556,2.99580339360908,0.0958599694662189,1.70198242049647e-06,5.64957394513085e-11,5.71198058018102e-09,1.57409739294188e-12,0.0725506138496222,-7.54495037401045,-1.60776618168649,-0.517590315272852,-1.64834731214466,-5.09042655646086,-16.0292766092848,-26.3424156412463,-21.7262597644286,-29.9228988444581,-5.36903059131703,2.74555975268543,0.581949018975419
0.0029450706231936,1.11578892511451,3.31924576294192,1.0714154024991,0.0342832403449111,6.08694877638747e-07,2.02050660443329e-11,2.04282563583353e-09,5.62958235319928e-13,0.0259469113711115,-7.54495037401045,-1.60776618168649,-0.517590315272852,-1.64834731214466,-5.09042655646086,-16.0292766092848,-26.3424156412463,-21.7262597644286,-29.9228988444581,-5.36903059131703,1.71732789255523,0.98916853862246
0.00654388954298611,2.47926125157527,7.37529941307921,2.38066414889746,0.0761766920718068,1.35250815830353e-06,4.48952630750417e-11,4.53911876041153e-09,1.25088223020376e-12,0.0576535315170409,-7.54495037401045,-1.60776618168649,-0.517590315272852,-1.64834731214466,-5.09042655646086,-16.0292766092848,-26.3424156412463,-21.7262597644286,-29.9228988444581,-5.36903059131703,2.51572681505827,0.898611746247984
0.00423796629737341,1.60562392710639,4.77640555213355,1.54177028235545,0.0493336954306831,8.75913927666534e-07,2.90751563842744e-11,2.9396327979004e-09,8.10098749186368e-13,0.0373376906637517,-7.54495037401045,-1.60776618168649,-0.517590315272852,-1.64834731214466,-5.09042655646086,-16.0292766092848,-26.3424156412463,-21.7262597644286,-29.9228988444581,-5.36903059131703,2.08127860235894,1.49014134039355
0.018864214752163,7.14702110559928,21.2609383266485,6.86279306253141,0.219596230790933,3.89890510600636e-06,1.29420565313512e-10,1.30850177894203e-08,3.60594580107483e-12,0.166199107215029,-7.54495037401045,-1.60776618168649,-0.517590315272852,-1.64834731214466,-5.09042655646086,-16.0292766092848,-26.3424156412463,-21.7262597644286,-29.9228988444581,-5.36903059131703,3.57446182299108,1.44247663059673
0.00709491710451338,2.68802719618215,7.99633575918906,2.58112773437903,0.0825911427745286,1.46639597189209e-06,4.8675664191818e-11,4.92133479960386e-09,1.35621264272665e-12,0.0625082413462007,-7.54495037401045,-1.60776618168649,-0.517590315272852,-1.64834731214466,-5.09042655646086,-16.0292766092848,-26.3424156412463,-21.7262597644286,-29.9228988444581,-5.36903059131703,2.59657372192349,0.450415284567442
0.00575609186821941,2.18079101666374,6.48741099592835,2.09406369994703,0.0670060267524463,1.18968408017456e-06,3.94904677119437e-11,3.99266894926292e-09,1.10029256852193e-12,0.0507128095239726,-7.54495037401045,-1.60776618168649,-0.517590315272852,-1.64834731214466,-5.09042655646086,-16.0292766092848,-26.3424156412463,-21.7262597644286,-29.9228988444581,-5.36903059131703,2.38745384435335,2.61134837856171
0.00892848068678184,4.24863687412001,8.04340604310115,1.10680966426421,0.132803956121959,5.36638659371758e-07,1.43503653457021e-10,3.68770329671467e-09,2.19381179194152e-12,0.0668893669442886,-7.32912830307012,-1.16402107265443,-0.525766637959339,-2.50913756803358,-4.62950052095147,-17.0485601251468,-25.2752798900651,-22.0288812541306,-29.4559998094694,-5.31533453267038,2.61061926864295,2.35681995857781
0.00720450538108906,3.42827949073201,6.49032731913692,0.893098889023531,0.107161212537207,4.33020605047395e-07,1.1579493530939e-10,2.97565500526572e-09,1.77021482317123e-12,0.0539738865987809,-7.32912830307012,-1.16402107265443,-0.525766637959339,-2.50913756803358,-4.62950052095147,-17.0485601251468,-25.2752798900651,-22.0288812541306,-29.4559998094694,-5.31533453267038,2.39607960178522,1.28286482937325
0.00602346843310543,3.11972640656404,9.83662512955713,1.04707216873596,0.171343517640872,5.60054422168924e-07,2.5143349988162e-10,1.30525730379195e-09,1.86335483426245e-12,0.0574668326683897,-7.76802460691923,-1.51818726525226,-0.3698198954284,-2.60993471444223,-4.42001743550277,-17.0511644485194,-24.7597751483667,-23.1127982209749,-29.6645751515609,-5.51247989378856,2.65593257302481,2.19379648013945
0.00116751803927152,0.604690951352326,1.90661533497713,0.202952112888907,0.0332112054673492,1.08554340097852e-07,4.87349024982972e-11,2.52995672674646e-10,3.61170711978582e-13,0.0111386926893136,-7.76802460691923,-1.51818726525226,-0.3698198954284,-2.60993471444223,-4.42001743550277,-17.0511644485194,-24.7597751483667,-23.1127982209749,-29.6645751515609,-5.51247989378856,1.0151494895748,0.645371514668079
0.00315760285499561,1.78171575598844,1.67328150717671,0.342014782162761,0.0789749279039227,3.74610027215929e-07,2.7555887591843e-10,3.92009203953018e-10,8.75285180635696e-13,0.023731060752232,-7.11965584981527,-0.784136912463757,-0.846927047616412,-2.43461504052103,-3.90033856555743,-16.1590939998654,-23.3739335248399,-23.0214495173073,-29.1259403612927,-5.10268422900434,1.36171372036556,0.416921706053286
0.0533140269325825,17.2511939592601,28.8795461540166,7.85170027961338,0.620423461460026,6.38233116631475e-06,3.30055809816995e-09,9.34890296627158e-09,5.68647624732436e-12,0.268166128496488,-6.93751260421714,-1.15807543513894,-0.642823192238106,-1.94522668678078,-4.48330982297871,-15.9679339320259,-23.5351310533663,-22.4939636215907,-29.8988871395746,-5.32210539932009,4.00595679125063,0.38851527754351
0.0501865770956851,16.2392230608247,27.1854454247046,7.39111232234097,0.584028850792103,6.0079377521696e-06,3.10694432559102e-09,8.8004877228684e-09,5.35290232249771e-12,0.252435256846363,-6.93751260421714,-1.15807543513894,-0.642823192238106,-1.94522668678078,-4.48330982297871,-15.9679339320259,-23.5351310533663,-22.4939636215907,-29.8988871395746,-5.32210539932009,3.94550492764583,0.341171737120003
0.0568690786471278,18.4015269990129,30.8052735090325,8.37526231660661,0.661794140384668,6.80791367547871e-06,3.52064379420437e-09,9.97230051156279e-09,6.06565820554213e-12,0.286047810105343,-6.93751260421714,-1.15807543513894,-0.642823192238106,-1.94522668678078,-4.48330982297871,-15.9679339320259,-23.5351310533663,-22.4939636215907,-29.8988871395746,-5.32210539932009,4.07050908538726,0.346054630098714
0.00462411133570678,1.40134365823498,3.42698692920146,0.426977434687573,0.0645381536889933,5.98035323140444e-07,3.77654294144887e-10,1.61809211330161e-09,8.49132904982469e-13,0.0572662509530709,-7.05948228029615,-1.34557967795334,-0.451329781364636,-2.53403532350033,-4.42350991018892,-16.012627226129,-23.3800531147191,-21.925029299769,-29.4775718880653,-4.54305502757145,1.68301121018548,0.440324820815574
0.0215472249473562,6.52991782429151,15.9689187595797,1.98961014662767,0.300731970808231,2.78669796176142e-06,1.75977640621214e-09,7.53991247607443e-09,3.95675112157798e-12,0.266846687200053,-7.05948228029615,-1.34557967795334,-0.451329781364636,-2.53403532350033,-4.42350991018892,-16.012627226129,-23.3800531147191,-21.925029299769,-29.4775718880653,-4.54305502757145,3.22197403682735,0.504726681971683
0.00243359642329464,0.737504931629423,1.80356884341917,0.224711448848447,0.0339654062329292,3.147365012949e-07,1.9875346261151e-10,8.51576204293572e-10,4.46885174349131e-13,0.0301383192093028,-7.05948228029615,-1.34557967795334,-0.451329781364636,-2.53403532350033,-4.42350991018892,-16.012627226129,-23.3800531147191,-21.925029299769,-29.4775718880653,-4.54305502757145,1.04109717411797,0.828283566881482
0.00162626699794556,0.492842576382195,1.20524687680325,0.15016492045465,0.0226976086501831,2.10324760591076e-07,1.32818323481474e-10,5.69071463132535e-10,2.98633990401436e-13,0.0201401322891835,-7.05948228029615,-1.34557967795334,-0.451329781364636,-2.53403532350033,-4.42350991018892,-16.012627226129,-23.3800531147191,-21.925029299769,-29.4775718880653,-4.54305502757145,0.638014204337973,0.948568550766826
0.00442819915061863,1.72710748553813,4.28544852889166,0.588836638378127,0.0475517179265229,6.02267933205821e-07,3.11078302435208e-10,2.03810876845989e-09,9.6835916186727e-13,0.0420556884096675,-7.32118732413472,-1.35497699876105,-0.446199813526542,-2.43103152228248,-4.94736239608497,-16.2239884531676,-23.7924014934061,-21.9126685676592,-29.5645983757491,-5.0701856587167,1.90142503428541,1.05023718610749
0.00142063351327588,0.554082301073185,1.37483694668786,0.188907732889071,0.0152553130070544,1.93216696174122e-07,9.97986419898676e-11,6.53856234033882e-10,3.1066432006433e-13,0.0134921033012517,-7.32118732413472,-1.35497699876105,-0.446199813526542,-2.43103152228248,-4.94736239608497,-16.2239884531676,-23.7924014934061,-21.9126685676592,-29.5645983757491,-5.0701856587167,0.764534953386399,1.62296238679493
0.00382091150661562,1.490250243992,3.6977378473964,0.508082995043601,0.0410304279470829,5.19672308714986e-07,2.68416714064698e-10,1.75860050107607e-09,8.35557421485528e-13,0.0362881293946977,-7.32118732413472,-1.35497699876105,-0.446199813526542,-2.43103152228248,-4.94736239608497,-16.2239884531676,-23.7924014934061,-21.9126685676592,-29.5645983757491,-5.0701856587167,1.75392105360449,2.17256144396137
0.00402956233162536,1.57162924016648,3.89966245391847,0.535828190373489,0.0432710013356156,5.4805036870417e-07,2.83074307871577e-10,1.8546334620009e-09,8.81185210832155e-13,0.0382697372186828,-7.32118732413472,-1.35497699876105,-0.446199813526542,-2.43103152228248,-4.94736239608497,-16.2239884531676,-23.7924014934061,-21.9126685676592,-29.5645983757491,-5.0701856587167,1.80708981263914,3.08604528352283
0.00123491663646843,0.481648113446348,1.19510697307236,0.164212163040071,0.0132610132387368,1.67957823266241e-07,8.67521441234022e-11,5.68378778707744e-10,2.70051729470986e-13,0.0117283047823121,-7.32118732413472,-1.35497699876105,-0.446199813526542,-2.43103152228248,-4.94736239608497,-16.2239884531676,-23.7924014934061,-21.9126685676592,-29.5645983757491,-5.0701856587167,0.624435512118956,1.95515797996037
0.00294343620234843,1.14801311444398,2.8485494699303,0.391401339397573,0.0316077582032946,4.00329158155391e-07,2.0677460656325e-10,1.35473652592398e-09,6.43671008680291e-13,0.0279545322080663,-7.32118732413472,-1.35497699876105,-0.446199813526542,-2.43103152228248,-4.94736239608497,-16.2239884531676,-23.7924014934061,-21.9126685676592,-29.5645983757491,-5.0701856587167,1.49300972032486,2.46872507066817
0.00270588922083376,1.05536390062449,2.6186602242462,0.359813698170455,0.0290568866920834,3.68021006527628e-07,1.90087075301728e-10,1.24540391248933e-09,5.91724204099131e-13,0.0256984905312049,-7.32118732413472,-1.35497699876105,-0.446199813526542,-2.43103152228248,-4.94736239608497,-16.2239884531676,-23.7924014934061,-21.9126685676592,-29.5645983757491,-5.0701856587167,1.40886263571646,3.58902640623849
0.00119483245888494,0.466014290124197,1.1563149779488,0.158881997982542,0.0128305738115715,1.62506077767377e-07,8.39362549790671e-11,5.49929763423961e-10,2.61286116342801e-13,0.0113476155618706,-7.32118732413472,-1.35497699876105,-0.446199813526542,-2.43103152228248,-4.94736239608497,-16.2239884531676,-23.7924014934061,-21.9126685676592,-29.5645983757491,-5.0701856587167,0.591438018936949,4.3575129636265
0.000761013011171459,0.340039214210139,0.821948072216671,0.106553131908963,0.00685637606787498,4.05448852256971e-08,1.13292368278551e-10,1.37190397314654e-10,1.68092043340918e-13,0.00905826695005546,-7.43178698999319,-1.32962121932065,-0.447004945617443,-2.49003841428373,-5.23350313402738,-17.2717830865522,-23.1519761959035,-22.9605782807144,-29.6651915757182,-4.95500435030078,0.250926887210218,3.59593286513829
0.00107460879755961,0.480161476533735,1.16065378196561,0.150461202733764,0.00968172939720683,5.72524907195868e-08,1.59977521883742e-10,1.93723373622859e-10,2.37358870245682e-13,0.0127909683701583,-7.43178698999319,-1.32962121932065,-0.447004945617443,-2.49003841428373,-5.23350313402738,-17.2717830865522,-23.1519761959035,-22.9605782807144,-29.6651915757182,-4.95500435030078,0.59598839711276,4.38310939342239
0.00131978788432612,0.3088774065013,1.00960830737793,0.0380983450543892,0.0197877129394774,5.69063175253992e-08,2.43528687013656e-10,2.70557845664113e-10,7.66603391624039e-14,0.0033290092026923,-6.95310705913396,-1.49763363366701,-0.313260368988767,-3.59040724483072,-4.24551690266525,-17.0046822835566,-22.4586091793459,-22.3533580034621,-30.5222147208711,-6.02790336613682,0.322822810145161,1.68756342537596
0.00313969154732641,0.734799730979042,2.40179403556469,0.0906335429768448,0.0470737122190818,1.35376514852002e-07,5.7933927809822e-10,6.43639929705971e-10,1.82370077602486e-13,0.00791950144321989,-6.95310705913396,-1.49763363366701,-0.313260368988767,-3.59040724483072,-4.24551690266525,-17.0046822835566,-22.4586091793459,-22.3533580034621,-30.5222147208711,-6.02790336613682,1.18947634191124,3.87978490367362
0.00190422568444995,0.948490834297031,1.57780448794555,0.0536426894021469,0.0417528531890183,2.77634656044993e-07,5.90774294659467e-10,6.46400476254140e-10,1.4486358304519e-13,0.0299451968326512,-7.23957462887449,-1.02877796400621,-0.519860494878834,-3.90130489481487,-4.15188230114972,-16.0728545854313,-22.225481886582,-22.1354966829287,-30.5388787128974,-4.4842811511343,0.975894810986112,1.6993530313781
0.000731354206609546,0.364286002052382,0.605985917997806,0.0206024983637598,0.0160359799088415,1.06630886904434e-07,2.26898139797329e-10,2.48262436182524e-10,5.56376230558169e-14,0.0115010241958985,-7.23957462887449,-1.02877796400621,-0.519860494878834,-3.90130489481487,-4.15188230114972,-16.0728545854313,-22.225481886582,-22.1354966829287,-30.5388787128974,-4.4842811511343,0.0189619640686303,11.4950850647195
0.000657605903953958,0.327552126606313,0.544879504058239,0.0185249834317879,0.0144189436095924,9.58784404854574e-08,2.04018182952154e-10,2.23228146209024e-10,5.00272358766966e-14,0.0103412838052875,-7.23957462887449,-1.02877796400621,-0.519860494878834,-3.90130489481487,-4.15188230114972,-16.0728545854313,-22.225481886582,-22.1354966829287,-30.5388787128974,-4.4842811511343,-0.0873301073559452,6.63337099850854
0.000898162991571103,0.447373109273059,0.744200443560785,0.0253015589395691,0.0196934994801891,1.30951480842574e-07,2.78649538322936e-10,3.04886647757357e-10,6.83275675672658e-14,0.014124201658465,-7.23957462887449,-1.02877796400621,-0.519860494878834,-3.90130489481487,-4.15188230114972,-16.0728545854313,-22.225481886582,-22.1354966829287,-30.5388787128974,-4.4842811511343,0.224415627832671,7.13807867407236
0.00067779794709541,0.337609741101167,0.561610239574274,0.0190938001993994,0.014861682839378,9.88224250132378e-08,2.10282640018372e-10,2.3008245261281e-10,5.15633414666801e-14,0.0106588169166523,-7.23957462887449,-1.02877796400621,-0.519860494878834,-3.90130489481487,-4.15188230114972,-16.0728545854313,-22.225481886582,-22.1354966829287,-30.5388787128974,-4.4842811511343,-0.0570866986977445,2.20543031173325
0.000144513389315157,0.0719818172383379,0.119740992935689,0.00407099164809541,0.0031686613499629,2.10699422153836e-08,4.48343892946556e-11,4.90559099382176e-11,1.09938268059048e-14,0.00227256775461779,-7.23957462887449,-1.02877796400621,-0.519860494878834,-3.90130489481487,-4.15188230114972,-16.0728545854313,-22.225481886582,-22.1354966829287,-30.5388787128974,-4.4842811511343,-1.60256376620947,2.13067075189695
0.000412066521549556,0.0670799518402751,0.104108588047417,0.0107958358754529,0.00192810808867741,1.45123100674073e-08,7.14012755418235e-11,7.0213801460436e-11,1.76198043867964e-14,0.00539471881877676,-6.13211600880245,-1.03966030719817,-0.600111055936201,-2.86638503351593,-4.58900626899938,-16.3860588247514,-21.7004956292373,-21.7172664694461,-30.0075431234614,-3.56012504771154,-1.66220975277383,2.18334185967374
0.000393853141296289,0.186390825979259,0.371820261145788,0.039620865001552,0.00866704821641809,1.99216247273185e-08,1.1240388323905e-10,1.3550691995969e-10,2.37484795111146e-14,0.00562615183325743,-7.34935718095116,-1.18973431976544,-0.499169435409797,-2.73822413047714,-4.25805173060065,-17.2412847504738,-22.4187473556497,-22.2318231320737,-30.8810826120382,-4.6901543064715,-0.490175275025866,2.59374406323899
0.000666045806181116,0.315205884979162,0.628785960102364,0.0670029211515153,0.0146568619397455,3.36894979643253e-08,1.90086423542121e-10,2.29156013458771e-10,4.01610994633573e-14,0.00951439620652992,-7.34935718095116,-1.18973431976544,-0.499169435409797,-2.73822413047714,-4.25805173060065,-17.2412847504738,-22.4187473556497,-22.2318231320737,-30.8810826120382,-4.6901543064715,0.0352050692118988,3.62578827381683
0.000991227535526014,0.523698974882159,0.736271438519842,0.132917657082504,0.0378981653060705,9.09435059270073e-08,1.71484816006590e-10,8.01158110250629e-10,7.48617342186728e-14,0.0189800784979627,-7.2886523740468,-1.01892416115257,-0.678242351908909,-2.39011138817606,-3.64493850287783,-16.5851132632048,-22.8586123156484,-21.3170487232663,-30.5952194525451,-4.33645127598521,0.372085926001524,5.95403359086209
0.00150903782830619,0.449609287518804,1.00925314865983,0.224613657648072,0.0384536349030388,8.31861496413499e-08,3.86408292287327e-10,9.37526216209931e-10,9.14508420690951e-14,0.0220747815592166,-7.05333188873914,-1.35642518101184,-0.547838257140827,-2.05042228745255,-3.81535090934749,-16.8592338313224,-22.2311754111381,-21.3448252522062,-30.5800236698321,-4.37036828562184,0.557048857688537,2.30929442040278
0.00208083435468508,0.619972829113719,1.39167394276835,0.309723061011793,0.0530242801524557,1.14706599636397e-07,5.32824051487942e-10,1.29276862548718e-09,1.2610290502515e-13,0.0304392394802621,-7.05333188873914,-1.35642518101184,-0.547838257140827,-2.05042228745255,-3.81535090934749,-16.8592338313224,-22.2311754111381,-21.3448252522062,-30.5800236698321,-4.37036828562184,0.878345555098408,2.21299562326402
0.00455400951993888,1.35684138409692,3.04574766835638,0.67784432971157,0.116046275407989,2.51041100685319e-07,1.16611194805831e-09,2.82928846031951e-09,2.75982482067099e-13,0.0666177901478333,-7.05333188873914,-1.35642518101184,-0.547838257140827,-2.05042228745255,-3.81535090934749,-16.8592338313224,-22.2311754111381,-21.3448252522062,-30.5800236698321,-4.37036828562184,1.66158466785286,1.9013624761746
0.00482726468708879,1.43825621592456,3.22850229031518,0.718517162037894,0.123009423869778,2.66104371332629e-07,1.23608240242102e-09,2.99905483602755e-09,2.92542315536377e-13,0.0706150710718856,-7.05333188873914,-1.35642518101184,-0.547838257140827,-2.05042228745255,-3.81535090934749,-16.8592338313224,-22.2311754111381,-21.3448252522062,-30.5800236698321,-4.37036828562184,1.71985659963031,1.29597072483031
0.00244652349983567,0.728927841983784,1.63624893900169,0.364154285275181,0.0623428516367828,1.34865320233122e-07,6.26463399312812e-10,1.51996184366309e-09,1.48264430490079e-13,0.0357886799292379,-7.05333188873914,-1.35642518101184,-0.547838257140827,-2.05042228745255,-3.81535090934749,-16.8592338313224,-22.2311754111381,-21.3448252522062,-30.5800236698321,-4.37036828562184,1.0402446469497,1.64293833982871
0.00681634728094843,2.03089212674537,4.55881212956593,1.01458337614494,0.173695665408282,3.75753128440021e-07,1.74541225081485e-09,4.2348204629525e-09,4.13084872350622e-13,0.0997121307605592,-7.05333188873914,-1.35642518101184,-0.547838257140827,-2.05042228745255,-3.81535090934749,-16.8592338313224,-22.2311754111381,-21.3448252522062,-30.5800236698321,-4.37036828562184,2.06490034882944,2.3327132176993
0.0128947620768813,3.91447348841486,8.54744719606758,2.75237216154904,0.255529661422071,1.04990857835131e-06,4.17589710779068e-09,1.7467005943675e-08,3.88079772720965e-13,0.270064990806965,-7.10795115976676,-1.39233623446266,-0.611384404336264,-1.74455392509469,-4.12143385354861,-16.523824534966,-22.0509536947523,-20.6199691793636,-31.3345825457675,-4.06610971140013,2.75701706914363,0.397470979361392
0.00123551662054995,0.428853376151731,1.58661657364514,0.328606953381156,0.0471501370703001,6.22075061480917e-08,3.57508083590919e-10,1.87637420175005e-09,1.64932861744602e-13,0.0298652138662759,-7.58099507332402,-1.73136919219325,-0.423125185341972,-1.99762190616527,-3.9391473559823,-17.4775191600469,-22.6365921357937,-20.9786535315564,-30.3179668955201,-4.39578988490945,0.884728993186755,0.79519338890742
0.00111877825294098,0.388332963683896,1.43670436222849,0.297558371205387,0.042695134245914,5.63298007413276e-08,3.23728764566592e-10,1.69908410488483e-09,1.49349102914575e-13,0.0270433851210746,-7.58099507332402,-1.73136919219325,-0.423125185341972,-1.99762190616527,-3.9391473559823,-17.4775191600469,-22.6365921357937,-20.9786535315564,-30.3179668955201,-4.39578988490945,0.785477038655388,3.36177807646409
0.000470098048779874,0.163173147158355,0.603687026970462,0.125030683546143,0.0179400155916847,2.36691492233129e-08,1.36027188727187e-10,7.13936046146403e-10,6.27548146226527e-14,0.011363326507644,-7.58099507332402,-1.73136919219325,-0.423125185341972,-1.99762190616527,-3.9391473559823,-17.4775191600469,-22.6365921357937,-20.9786535315564,-30.3179668955201,-4.39578988490945,-0.0815741972678492,1.67691810889722
0.000963630213453126,0.334480381346258,1.23746750314811,0.256294074366977,0.0367743305866445,4.85181918485159e-08,2.78835254153515e-10,1.46346139135346e-09,1.28637920465726e-13,0.0232931082707513,-7.58099507332402,-1.73136919219325,-0.423125185341972,-1.99762190616527,-3.9391473559823,-17.4775191600469,-22.6365921357937,-20.9786535315564,-30.3179668955201,-4.39578988490945,0.636192140375545,2.46811508252366
0.00144137693913496,0.500308418659824,1.85097675131516,0.383359055446916,0.0550062371641204,7.25724472755733e-08,4.17075657802899e-10,2.18901345283923e-09,1.92413780171073e-13,0.0348413204915226,-7.58099507332402,-1.73136919219325,-0.423125185341972,-1.99762190616527,-3.9391473559823,-17.4775191600469,-22.6365921357937,-20.9786535315564,-30.3179668955201,-4.39578988490945,1.03883865878701,1.60653737510372
0.000600635003835061,0.208483111392641,0.771319006110931,0.159749238028433,0.0229216040391571,3.02416050681676e-08,1.73799255782668e-10,9.12182003154682e-10,8.0180588750317e-14,0.0145186981273639,-7.58099507332402,-1.73136919219325,-0.423125185341972,-1.99762190616527,-3.9391473559823,-17.4775191600469,-22.6365921357937,-20.9786535315564,-30.3179668955201,-4.39578988490945,0.163471950654338,3.56663936826471
0.000710088589562236,0.246474943303504,0.911876300340065,0.188860306826876,0.0270986029431257,3.57525261628779e-08,2.05470656251614e-10,1.07840873060744e-09,9.47918799478046e-14,0.0171644373200247,-7.58099507332402,-1.73136919219325,-0.423125185341972,-1.99762190616527,-3.9391473559823,-17.4775191600469,-22.6365921357937,-20.9786535315564,-30.3179668955201,-4.39578988490945,0.330874251642794,3.23616635199183
0.00120073771511604,0.796898712460472,1.90011249045964,0.481501841223898,0.0900799627588484,5.93277372151249e-08,5.24661339997985e-10,1.29653017550956e-09,2.11416379177019e-13,0.0352074608413996,-7.92025600502427,-1.4224645508086,-0.55352376661878,-1.92628208036161,-3.6024943845576,-17.8356257529132,-22.5637049846961,-21.6590110931716,-30.3803837014689,-4.54193411965962,1.19543685654367,1.81873789032745
0.00142970219551726,0.9488565441617,2.26243830367017,0.573317745313668,0.107256996184211,7.06407361772081e-08,6.24707178141449e-10,1.54376098555484e-09,2.51730629988986e-13,0.0419210485602784,-7.92025600502427,-1.4224645508086,-0.55352376661878,-1.92628208036161,-3.6024943845576,-17.8356257529132,-22.5637049846961,-21.6590110931716,-30.3803837014689,-4.54193411965962,1.36996689374286,3.80083826430544
0.000282451814500342,0.187455998486476,0.446967071933126,0.113264593113745,0.0211896808195961,1.39557763661918e-08,1.2341708402679e-10,3.04985256994057e-10,4.97318766304186e-14,0.0082819179188038,-7.92025600502427,-1.4224645508086,-0.55352376661878,-1.92628208036161,-3.6024943845576,-17.8356257529132,-22.5637049846961,-21.6590110931716,-30.3803837014689,-4.54193411965962,-0.251746585042292,1.82464606601269
0.000454870716968212,0.301885985694145,0.7198120954934,0.182405437075709,0.0341246358207609,2.24748919130417e-08,1.98755379202296e-10,4.91159395661993e-10,8.00900302909039e-14,0.0133375030649471,-7.92025600502427,-1.4224645508086,-0.55352376661878,-1.92628208036161,-3.6024943845576,-17.8356257529132,-22.5637049846961,-21.6590110931716,-30.3803837014689,-4.54193411965962,0.224758687104545,2.36807965348393
0.000754500903917002,0.500742827773689,1.19396315577315,0.302558643630199,0.056603047002478,3.72794414572348e-08,3.29678538697796e-10,8.14693481401221e-10,1.32846538576916e-13,0.0221231170596581,-7.92025600502427,-1.4224645508086,-0.55352376661878,-1.92628208036161,-3.6024943845576,-17.8356257529132,-22.5637049846961,-21.6590110931716,-30.3803837014689,-4.54193411965962,0.730801923301646,1.86654129467923
0.000362278360822861,0.240434822407597,0.573288928761797,0.145275438237505,0.0271783095012605,1.78999585996579e-08,1.58297226653889e-10,3.91180205991603e-10,6.37871021582371e-14,0.0106225539864255,-7.92025600502427,-1.4224645508086,-0.55352376661878,-1.92628208036161,-3.6024943845576,-17.8356257529132,-22.5637049846961,-21.6590110931716,-30.3803837014689,-4.54193411965962,-0.00284168405743523,2.51295023882819
0.00236586120500792,1.57016118041133,3.74386709914831,0.948722199653252,0.177488127970664,1.16895796718274e-07,1.03376107408166e-09,2.55460489392870e-09,4.16562087874303e-13,0.0693706582902275,-7.92025600502427,-1.4224645508086,-0.55352376661878,-1.92628208036161,-3.6024943845576,-17.8356257529132,-22.5637049846961,-21.6590110931716,-30.3803837014689,-4.54193411965962,1.87364282758174,1.93059442283011
0.00366881223819055,2.4348962409253,5.80572748834108,1.47121209366094,0.275236186575079,1.81273833260055e-07,1.60308443788995e-09,3.96150276218577e-09,6.45975377898099e-13,0.107575169484918,-7.92025600502427,-1.4224645508086,-0.55352376661878,-1.92628208036161,-3.6024943845576,-17.8356257529132,-22.5637049846961,-21.6590110931716,-30.3803837014689,-4.54193411965962,2.31236869490561,1.27353287368311
0.00737507695532828,4.89464872803638,11.6707218108545,2.95744281907172,0.553282077439711,3.6439817125654e-07,3.2225337051205e-09,7.96344588740117e-09,1.29854509142049e-12,0.216248502764766,-7.92025600502427,-1.4224645508086,-0.55352376661878,-1.92628208036161,-3.6024943845576,-17.8356257529132,-22.5637049846961,-21.6590110931716,-30.3803837014689,-4.54193411965962,3.01060706283436,1.21923433980385
0.00975079520286878,6.47135177383928,15.4301872287691,3.91011774217882,0.731509685825681,4.81780998590852e-07,4.26060180568967e-09,1.05286941990587e-08,1.71684272921165e-12,0.285908184573293,-7.92025600502427,-1.4224645508086,-0.55352376661878,-1.92628208036161,-3.6024943845576,-17.8356257529132,-22.5637049846961,-21.6590110931716,-30.3803837014689,-4.54193411965962,3.28984956699471,0.693108389551365
0.0127763515720355,18.0456538771231,23.8994391741852,4.58995534509065,1.96846498758105,1.96838204333715e-06,7.68096783796613e-09,3.13992368818052e-08,4.5687778133349e-12,0.235939818087307,-8.24691032229483,-0.993846098653326,-0.712895978861737,-2.36288067672191,-3.20949692710954,-17.0250496224712,-22.5712712491669,-21.1632332194634,-29.9985263557057,-5.33092948658987,3.88675097200862,0.31463156267248
0.00115419424155239,1.6302142025906,2.15903537998692,0.414648892402249,0.177827836104355,1.77820343060027e-07,6.93885793463434e-10,2.83655456675456e-09,4.12735749587966e-13,0.0213144087225445,-8.24691032229483,-0.993846098653326,-0.712895978861737,-2.36288067672191,-3.20949692710954,-17.0250496224712,-22.5712712491669,-21.1632332194634,-29.9985263557057,-5.33092948658987,1.48255751747039,1.21716495385269
0.00104646969383668,1.47806122752672,1.95752587540086,0.375948418264746,0.161230609635923,1.61223815940788e-07,6.29123268598755e-10,2.57181008374312e-09,3.74213835035119e-13,0.0193250684912367,-8.24691032229483,-0.993846098653326,-0.712895978861737,-2.36288067672191,-3.20949692710954,-17.0250496224712,-22.5712712491669,-21.1632332194634,-29.9985263557057,-5.33092948658987,1.38457734625278,1.77575875608548
0.000715379514542884,1.01042077915898,1.3381886916526,0.257002948614174,0.110219221760664,1.10214577507366e-07,4.30076380738504e-10,1.75812090884285e-09,2.55817166248901e-13,0.0132108537850562,-8.24691032229483,-0.993846098653326,-0.712895978861737,-2.36288067672191,-3.20949692710954,-17.0250496224712,-22.5712712491669,-21.1632332194634,-29.9985263557057,-5.33092948658987,1.00421295577608,0.263655470925857
0.00254306773007503,3.59189552543784,4.75706168447886,0.913607241846254,0.391812933408685,3.91796423779245e-07,1.52885754077319e-09,6.24985823322792e-09,9.09391961974918e-13,0.0469626195111042,-8.24691032229483,-0.993846098653326,-0.712895978861737,-2.36288067672191,-3.20949692710954,-17.0250496224712,-22.5712712491669,-21.1632332194634,-29.9985263557057,-5.33092948658987,2.27252616332448,0.291917166843268
0.00109336273398503,1.54429418667722,2.04524398134051,0.392794930280551,0.168455466213546,1.68448368088172e-07,6.57314723034955e-10,2.68705469543248e-09,3.90982619161138e-13,0.0201910383496725,-8.24691032229483,-0.993846098653326,-0.712895978861737,-2.36288067672191,-3.20949692710954,-17.0250496224712,-22.5712712491669,-21.1632332194634,-29.9985263557057,-5.33092948658987,1.42841306751905,0.233564037073405
0.000132017776380742,0.370386748490368,0.327113406628367,0.212316529340891,0.0317160847464292,1.84701361483376e-08,1.22133208863064e-10,5.55262976707476e-10,7.24055218694797e-14,0.0037100821110727,-8.87640025187154,-0.937033830041595,-1.06127463592584,-1.49350333186922,-3.39475759851287,-17.7509369484169,-22.7697350679091,-21.2554055594772,-30.2003201064895,-5.54052754722069,-0.0561737230224114,0.801497163594079
0.000151806104320661,0.425904532872597,0.376144889670754,0.244140948936824,0.0364700527584531,2.12386505197974e-08,1.40439925243187e-10,6.38492115822e-10,8.32584861496992e-14,0.00426619147384667,-8.87640025187154,-0.937033830041595,-1.06127463592584,-1.49350333186922,-3.39475759851287,-17.7509369484169,-22.7697350679091,-21.2554055594772,-30.2003201064895,-5.54052754722069,0.0834937709763592,0.692668629520229
0.000122501382543983,0.343687721532169,0.303533703257348,0.197011865327806,0.029429856621085,1.71387314343298e-08,1.13329336021454e-10,5.15237297483186e-10,6.71862288245881e-14,0.00344264386522726,-8.87640025187154,-0.937033830041595,-1.06127463592584,-1.49350333186922,-3.39475759851287,-17.7509369484169,-22.7697350679091,-21.2554055594772,-30.2003201064895,-5.54052754722069,-0.130987990098303,0.564939815146437
0.000114317217926043,0.320726373408819,0.28325499502596,0.183849748263933,0.0274636845970031,1.59937141578852e-08,1.05757944394846e-10,4.80814936099706e-10,6.2697600652889e-14,0.00321264512130414,-8.87640025187154,-0.937033830041595,-1.06127463592584,-1.49350333186922,-3.39475759851287,-17.7509369484169,-22.7697350679091,-21.2554055594772,-30.2003201064895,-5.54052754722069,-0.200133108613608,0.590649808455394
0.000270525055408265,0.815886847289748,0.898019590638058,0.409644162604781,0.0498028922084156,3.57929276603333e-08,1.16821808429519e-10,1.85614516622488e-09,7.42808223266364e-14,0.00444426408086761,-8.99358422977178,-0.98191799325307,-0.886001787145336,-1.67090478429228,-3.77812061224643,-17.9239539065257,-23.6488097390403,-20.8832023831629,-31.009361979937,-6.19457937691541,0.778438392082735,0.865257005613872
5.43240198220916e-05,0.163837886283261,0.18033092708853,0.0822604677994139,0.0100008973270311,7.18756238225776e-09,2.34589370186074e-11,3.72731711118243e-10,1.49162999278705e-14,0.000892450755288842,-8.99358422977178,-0.98191799325307,-0.886001787145336,-1.67090478429228,-3.77812061224643,-17.9239539065257,-23.6488097390403,-20.8832023831629,-31.009361979937,-6.19457937691541,-0.826959845064289,0.994581191579384
2.77981091835005e-05,0.0838373792331899,0.0922770225175841,0.0420934509791932,0.005117552727877,3.6779429158512e-09,1.20041575477616e-11,1.90730303754222e-10,7.63281022587663e-15,0.000456675401004254,-8.99358422977178,-0.98191799325307,-0.886001787145336,-1.67090478429228,-3.77812061224643,-17.9239539065257,-23.6488097390403,-20.8832023831629,-31.009361979937,-6.19457937691541,-1.49695832479102,0.49641659327951
2.85123638776118e-05,0.0859915272460641,0.0946480217843588,0.0431750153674315,0.00524904498276813,3.77244531437689e-09,1.23125967232732e-11,1.95630997318177e-10,7.82893041869641e-15,0.000468409384301437,-8.99358422977178,-0.98191799325307,-0.886001787145336,-1.67090478429228,-3.77812061224643,-17.9239539065257,-23.6488097390403,-20.8832023831629,-31.009361979937,-6.19457937691541,-1.47158851472362,0.277374145723054
6.76158199847599e-05,0.19652976041614,0.495914720336168,0.0648568098410753,0.0113690654192421,2.7096007794772e-08,4.76856267900378e-11,9.91965757754323e-10,2.65472311931746e-14,0.0027022281771359,-9.34217249381102,-1.3674453216008,-0.441855216805451,-2.4760772795779,-4.21736308663403,-17.1643833487182,-23.5068950035579,-20.4718364425919,-31.00035485413,-5.65418251047263,-0.259496085040356,0.8873016847849
5.62290585920154e-05,0.163433400881696,0.412400794262501,0.0539346762557489,0.00945447153845221,2.2532936970155e-08,3.96551857742516e-11,8.24914949291638e-10,2.20765764365978e-14,0.00224716266896439,-9.34217249381102,-1.3674453216008,-0.441855216805451,-2.4760772795779,-4.21736308663403,-17.1643833487182,-23.5068950035579,-20.4718364425919,-31.00035485413,-5.65418251047263,-0.443904384083988,0.546433459829741
0.000207516902705303,0.326326195557746,0.631914770492884,0.16470531852989,0.0471958885880178,5.83203051913464e-08,1.66209216598514e-10,5.20198906903659e-09,4.15962953273783e-14,0.00509385602477046,-8.64194337937829,-1.28150341459933,-0.62064636733225,-1.96524296668021,-3.21509411295857,-16.8189611327998,-22.679419396768,-19.2358703878102,-30.9724109028273,-5.44136578310077,0.161645616587915,1.0168333756561
0.00031596502570878,0.496863934574408,0.962152789009604,0.250780151039425,0.0718604121238201,8.87984375677403e-08,2.5306998471428e-10,7.9205432834987e-09,6.33344771012201e-14,0.00775590001990857,-8.64194337937829,-1.28150341459933,-0.62064636733225,-1.96524296668021,-3.21509411295857,-16.8189611327998,-22.679419396768,-19.2358703878102,-30.9724109028273,-5.44136578310077,0.582064350738878,0.283698823856359
0.000244967380938109,0.385218131222789,0.74595613314246,0.19442961021899,0.0557133084955111,6.88453433526995e-08,1.96204916067651e-10,6.14078959977654e-09,4.91031592619061e-14,0.00601314183565992,-8.64194337937829,-1.28150341459933,-0.62064636733225,-1.96524296668021,-3.21509411295857,-16.8189611327998,-22.679419396768,-19.2358703878102,-30.9724109028273,-5.44136578310077,0.327557884066828,2.31113658322263
0.000199059295903279,0.313026369783326,0.606160306198428,0.157992550537655,0.045272362055259,5.59433893668899e-08,1.59435155389347e-10,4.98997560140684e-09,3.99009871104885e-14,0.00488624965246059,-8.64194337937829,-1.28150341459933,-0.62064636733225,-1.96524296668021,-3.21509411295857,-16.8189611327998,-22.679419396768,-19.2358703878102,-30.9724109028273,-5.44136578310077,0.120035571117665,1.24855085718952
0.000305187092165004,0.479915329407969,0.929332641287109,0.242225749184543,0.0694091701087854,8.57694198568424e-08,2.44437473976561e-10,7.65036436433301e-09,6.11740646198213e-14,0.00749133727344881,-8.64194337937829,-1.28150341459933,-0.62064636733225,-1.96524296668021,-3.21509411295857,-16.8189611327998,-22.679419396768,-19.2358703878102,-30.9724109028273,-5.44136578310077,0.547357826892602,0.474086976012389
0.00141005007768154,0.558453970695496,1.20098983535324,0.404853329862544,0.101730953513733,9.22080021135699e-08,2.47743364045859e-10,1.14087839450323e-08,9.56335675671173e-14,0.0091868266906447,-7.38682417304584,-1.40527719372217,-0.63954803433333,-1.72692453986404,-3.10811777514501,-17.0219130332396,-22.941321841867,-19.1115763706605,-30.8009466252136,-5.51267881640999,0.8226941139093,0.559240391414692
0.0035772554248219,1.73677666300891,2.64996727461634,0.829706388627147,0.173921920787039,1.75346254347753e-07,1.19920550649996e-09,2.67925206297601e-08,1.09370132663844e-13,0.0135554311349003,-7.32094724251021,-1.13575692609339,-0.713240538089408,-1.8744712182272,-3.43693664039642,-17.2442910504034,-22.2293944061494,-19.1229308981689,-31.5318263813922,-5.98875581901006,1.68778782880991,0.747601006998118
0.00161167431964088,1.00815546938781,1.28433953126932,0.306433147446297,0.13062743063654,1.08410352212259e-07,1.03629345705887e-09,1.8519546622813e-08,4.27112342376799e-14,0.00702562268677893,-7.43777990541794,-0.999175821886302,-0.757053612381778,-2.19005387854184,-3.04270426383852,-17.0446404675338,-21.6949136886564,-18.8117373035839,-31.791612627525,-5.9654896441493,1.00729821514619,0.646638446636675
0.00179518755100555,1.12294905122422,1.43058080016609,0.341325145413757,0.145501317754328,1.20754492591866e-07,1.15429096972589e-09,2.06282740516389e-08,4.75745472004852e-14,0.00782559493048076,-7.43777990541794,-0.999175821886302,-0.757053612381778,-2.19005387854184,-3.04270426383852,-17.0446404675338,-21.6949136886564,-18.8117373035839,-31.791612627525,-5.9654896441493,1.1151341281577,0.702601950433214
0.00746245744120876,4.66801337760646,5.94681504529708,1.41886254159785,0.604837857065839,5.01967196294786e-07,4.7982993373178e-09,8.57501585891239e-08,1.97763756533148e-13,0.0325304000064733,-7.43777990541794,-0.999175821886302,-0.757053612381778,-2.19005387854184,-3.04270426383852,-17.0446404675338,-21.6949136886564,-18.8117373035839,-31.791612627525,-5.9654896441493,2.53990940211766,1.2094743044321
0.00142597815815719,0.891996392729066,1.13635869041829,0.27112610151358,0.115576615370658,9.59193755766095e-08,9.1689233810987e-10,1.63857354189212e-08,3.77900711009893e-14,0.00621613459785893,-7.43777990541794,-0.999175821886302,-0.757053612381778,-2.19005387854184,-3.04270426383852,-17.0446404675338,-21.6949136886564,-18.8117373035839,-31.791612627525,-5.9654896441493,0.884882631450287,0.463968587852929
0.000384947250341117,0.240797207678827,0.306763571921087,0.0731913365406919,0.0312002677152949,2.58937345368389e-08,2.47517945765986e-10,4.42338037104451e-09,1.02015475323413e-14,0.00167806491811097,-7.43777990541794,-0.999175821886302,-0.757053612381778,-2.19005387854184,-3.04270426383852,-17.0446404675338,-21.6949136886564,-18.8117373035839,-31.791612627525,-5.9654896441493,-0.424624339746563,0.398723534204442
0.00037044995875399,0.231728673405644,0.295210713843759,0.0704349169363392,0.0300252511948126,2.49185645115235e-08,2.38196305386332e-10,4.25679381929495e-09,9.81735253137631e-15,0.00161486821674883,-7.43777990541794,-0.999175821886302,-0.757053612381778,-2.19005387854184,-3.04270426383852,-17.0446404675338,-21.6949136886564,-18.8117373035839,-31.791612627525,-5.9654896441493,-0.463012281023966,0.517017764608035
0.000304851702437497,0.190694799451189,0.242935615368292,0.0579624962337924,0.0247084625778853,2.05060538788755e-08,1.96017161010315e-10,3.50301251781014e-09,8.07892283936422e-15,0.00132891180969199,-7.43777990541794,-0.999175821886302,-0.757053612381778,-2.19005387854184,-3.04270426383852,-17.0446404675338,-21.6949136886564,-18.8117373035839,-31.791612627525,-5.9654896441493,-0.657905215699339,0.271301901546506
0.000499653318170646,0.312549638207148,0.398172571614494,0.0950007933073814,0.0404972818430196,3.36095149912011e-08,3.21273012858685e-10,5.74145334968569e-09,1.32413910490153e-14,0.00217809246253068,-7.43777990541794,-0.999175821886302,-0.757053612381778,-2.19005387854184,-3.04270426383852,-17.0446404675338,-21.6949136886564,-18.8117373035839,-31.791612627525,-5.9654896441493,-0.163816158270603,0.206385346884135
0.00465183903671252,2.90987882006984,3.70703975061349,0.884470057046639,0.377035095549526,3.12909067457943e-07,2.99109460161306e-09,5.34536964896329e-08,1.23279116823853e-13,0.0202783313435519,-7.43777990541794,-0.999175821886302,-0.757053612381778,-2.19005387854184,-3.04270426383852,-17.0446404675338,-21.6949136886564,-18.8117373035839,-31.791612627525,-5.9654896441493,2.06728725961494,1.07175895943805
0.000281290665866797,0.17103159445076,0.259226167832124,0.0409042040958529,0.0449994957536645,8.15307006368225e-09,3.47523541590183e-10,2.91540690931426e-09,1.12689793588757e-14,0.00150241367874441,-7.51823614864228,-1.10802110016926,-0.692168486950455,-2.53863655507938,-2.44321811824188,-17.9669854091882,-21.1223028311282,-18.9953705588476,-31.4588367571084,-5.8427964684493,-0.657885876506838,0.841534859659443
0.000337023552077106,0.262754363695471,0.733984386680807,0.0665963623376176,0.0952952813104432,5.43379561149399e-08,6.04005523235121e-10,7.05632827955723e-09,2.17918923773704e-14,0.00213441122766203,-8.1447272026921,-1.48590512168546,-0.458636982253228,-2.85847478259012,-2.50014444371138,-16.8774123066643,-21.3768072337139,-18.9187104545509,-31.6066078636933,-6.29893390202773,0.149369460107331,0.913293041332749
0.000720714283310029,0.561891956067328,1.56960256322497,0.142414229680394,0.203785966734961,1.16200012896876e-07,1.29164684518578e-09,1.50897364515281e-08,4.66012775663005e-14,0.00456437138814968,-8.1447272026921,-1.48590512168546,-0.458636982253228,-2.85847478259012,-2.50014444371138,-16.8774123066643,-21.3768072337139,-18.9187104545509,-31.6066078636933,-6.29893390202773,0.909459425124287,1.57412612887206
0.00158759252182854,0.617813267899235,2.42516825411007,0.170497158106157,0.139571364741585,2.22602037328698e-07,1.92195927440121e-09,1.30933050749083e-08,4.03675162333647e-14,0.0052072894467205,-7.65743143833121,-1.69346391358775,-0.325993985781553,-2.98093154129883,-3.18107412422448,-16.5297751366291,-21.2818156067024,-19.3630596912629,-32.0526458778999,-6.46959070924774,1.21189489090227,1.07167493855856
0.00681750801903073,1.70778755863819,3.10127304345068,0.429234093979016,0.300685124126589,1.85381480602335e-07,4.27455902616642e-09,2.39750458730314e-08,1.0541133906538e-13,0.00527776866799419,-6.70225292563632,-1.17879295119112,-0.582178972261895,-2.5597444939023,-2.91568331965741,-17.2148417363134,-20.9845765502854,-19.2602439614426,-31.5948978419576,-6.95824352997674,1.71399165863323,3.46197399169315
0.00681266104616702,1.43814544254986,3.79392419791338,0.475945015785496,0.331744163930962,2.92052239418943e-07,4.49634126575169e-09,1.87205593549852e-08,1.2244025309863e-13,0.0184830413068976,-6.79151606350511,-1.43918918760685,-0.469142692188074,-2.5449965285158,-2.90593478172982,-16.8488767325968,-21.0225454069687,-19.5961870703066,-31.5336967977491,-5.79344523746241,1.80254358403725,0.636963208274642
0.0075963554123368,1.48857099456309,3.55187427545064,0.31961793659573,0.344007567021963,3.08193281253856e-07,7.32046689153366e-09,3.09219908742358e-08,3.24188893647159e-13,0.0373318958548742,-6.62911251500856,-1.35120922157947,-0.481550388210476,-2.88965476193966,-2.81611744198284,-16.7415645315421,-20.4816175452999,-19.0408240446771,-30.506475861205,-5.03693301827278,1.74902581728903,2.17973425327715
0.0236642513268675,4.63721300822994,11.06483846177,0.995677370215287,1.07165621965649,9.60087156137902e-07,2.28048003217341e-08,9.63285317570362e-08,1.00991686673669e-12,0.116296739431578,-6.62911251500856,-1.35120922157947,-0.481550388210476,-2.88965476193966,-2.81611744198284,-16.7415645315421,-20.4816175452999,-19.0408240446771,-30.506475861205,-5.03693301827278,2.88532276258027,0.902799475422336
0.0074256004939262,1.71006580324335,5.99143669018198,1.22673369268824,0.490232836364363,3.02430814465509e-07,1.64304370523199e-08,6.95840360609816e-08,1.68197990761633e-12,0.0483964214620928,-7.15140368832341,-1.71205011415968,-0.458250733883803,-2.04422686256428,-2.96145678984686,-17.2599952635076,-20.1727122697422,-18.7293126282173,-29.3596314653432,-5.27691137008934,2.24858196536271,0.283060838699713
0.00980126853748117,2.25716616023998,7.9082735428366,1.61920188890421,0.647072742336243,3.99187328891474e-07,2.16870172142563e-08,9.1846016212872e-08,2.22009476037391e-12,0.0638798604087417,-7.15140368832341,-1.71205011415968,-0.458250733883803,-2.04422686256428,-2.96145678984686,-17.2599952635076,-20.1727122697422,-18.7293126282173,-29.3596314653432,-5.27691137008934,2.52616022924095,1.24938881330913
0.00364281389975248,0.838915517020028,2.93924900381247,0.601804870956183,0.240495969569587,1.48364994258655e-07,8.06036151852718e-09,3.41361879044205e-08,8.25137279009409e-13,0.023742074051061,-7.15140368832341,-1.71205011415968,-0.458250733883803,-2.04422686256428,-2.96145678984686,-17.2599952635076,-20.1727122697422,-18.7293126282173,-29.3596314653432,-5.27691137008934,1.5364048417237,0.847745029225194
0.00340357034112696,0.783819336100195,2.74621240883121,0.562281045998911,0.224701280854132,1.38621051751927e-07,7.53099339087405e-09,3.18942773108769e-08,7.70945990511744e-13,0.0221828018945799,-7.15140368832341,-1.71205011415968,-0.458250733883803,-2.04422686256428,-2.96145678984686,-17.2599952635076,-20.1727122697422,-18.7293126282173,-29.3596314653432,-5.27691137008934,1.46847339032517,0.261966083669695
0.0180117304930229,4.77980818744496,11.3388238191739,6.74021982722827,0.79450724828849,4.87541927276526e-07,2.56048135171018e-08,1.64107065390399e-07,2.15706307400687e-12,0.0931106924713764,-7.18492416003145,-1.60379170319333,-0.739959547471161,-1.26009958103383,-3.39822529070713,-17.7020816662789,-20.6486775958661,-18.7909389051237,-30.0304656281486,-5.54215837271913,3.16819212074195,0.399835394535197
0.00595762142561969,1.58098566258835,3.75046804928627,2.22941810458671,0.262793927937529,1.61261031134998e-07,8.46913547077404e-09,5.42806128064226e-08,7.13477541266477e-13,0.0307976102927276,-7.18492416003145,-1.60379170319333,-0.739959547471161,-1.26009958103383,-3.39822529070713,-17.7020816662789,-20.6486775958661,-18.7909389051237,-30.0304656281486,-5.54215837271913,2.06184019280797,0.238811781184126
0.00309322214580419,0.820854417282567,1.94725881327322,1.15752327324946,0.136443714631411,8.37274068165734e-08,4.397210819969e-09,2.81827228730272e-08,3.7044054556552e-13,0.0159902490254998,-7.18492416003145,-1.60379170319333,-0.739959547471161,-1.26009958103383,-3.39822529070713,-17.7020816662789,-20.6486775958661,-18.7909389051237,-30.0304656281486,-5.54215837271913,1.40638219428897,0.363937108045316
0.000732705246470248,0.0969040550837005,0.492686530537914,0.094756814956457,0.0278009591038671,3.22521954335237e-08,4.21965129010173e-10,1.80516086276263e-09,3.14093880821195e-14,0.004745369588585,-6.88696097289096,-2.00222782936063,-0.376076064394369,-2.02463542847292,-3.25087867527017,-16.9178736370922,-21.2542923545127,-19.8008100450171,-30.7598634797048,-5.01877987636938,-0.331806083471389,0.528992593745707
0.000232996715685542,0.0308150196547417,0.156671927805692,0.030132207705672,0.00884057019560612,1.02560417655811e-08,1.34182865029053e-10,5.74032401615743e-10,9.98803311438221e-15,0.00150900452014063,-6.88696097289096,-2.00222782936063,-0.376076064394369,-2.02463542847292,-3.25087867527017,-16.9178736370922,-21.2542923545127,-19.8008100450171,-30.7598634797048,-5.01877987636938,-1.47752522737717,0.484324308313627
0.000140872018750195,0.029784839563888,0.101677189491965,0.0134644533126577,0.00361276286175962,2.84927862329947e-09,6.34547557993988e-11,1.5230790535298e-10,5.27300605855097e-15,0.000466497961729249,-6.96483330661633,-1.61093031280092,-0.383126851610726,-2.40487671257382,-3.72045702210132,-17.773374547748,-21.5778685294913,-20.7022915093318,-30.9733503437984,-5.76743146538138,-1.90282544158854,0.579867212326894
0.00386679518292525,1.25894690363425,2.41774690221124,0.445506625291541,0.108878325810223,6.78039294573208e-08,1.23138856167751e-09,5.30413109672998e-09,1.26053067064308e-13,0.00789441795960672,-7.00056209993958,-1.21495728608366,-0.562396792467895,-2.25377602740865,-3.66275716403736,-17.9518785538946,-21.9603562591838,-20.500012734603,-31.1473062762609,-6.28683222346399,1.44523286681275,0.889442876876647
0.00414285344295098,1.34882564694518,2.5903547005126,0.477312236395793,0.116651367762485,7.26445879104885e-08,1.31929985970884e-09,5.68280364912618e-09,1.3505224822558e-13,0.00845801628399384,-7.00056209993958,-1.21495728608366,-0.562396792467895,-2.25377602740865,-3.66275716403736,-17.9518785538946,-21.9603562591838,-20.500012734603,-31.1473062762609,-6.28683222346399,1.51419160880741,0.54832569827774
0.010587071030092,2.60855866133293,1.71799874886739,0.518697626635515,0.114197604763913,4.56232433010192e-08,1.53949306275099e-09,7.78633341120261e-09,1.42214261935273e-13,0.00705701726086467,-6.15296848257194,-0.646048914350483,-1.06368665079655,-2.26128091934559,-3.77467170213534,-18.5076952748852,-21.8966594008532,-20.2757425128981,-31.1862883337761,-6.55857954715427,1.60484674610886,0.54084725905507
0.00156069706652977,0.384541658315268,0.253259433136705,0.0764640061453298,0.0168344829512508,6.72556760817874e-09,2.26944950132964e-10,1.1478252747475e-09,2.09645690286019e-14,0.00104031285954126,-6.15296848257194,-0.646048914350483,-1.06368665079655,-2.26128091934559,-3.77467170213534,-18.5076952748852,-21.8966594008532,-20.2757425128981,-31.1862883337761,-6.55857954715427,-0.309654237431823,0.67824639354556
0.00242507700508404,0.396179436589734,0.328097708758599,0.0353185531062794,0.012178104402794,4.41805739793007e-09,2.97740182399969e-10,4.60222392616171e-10,1.17313792004408e-14,0.001117212431486,-5.76740753534205,-0.671403582574423,-0.859959357321491,-3.08886240428538,-4.15363119568584,-18.9830812751162,-21.6803154157839,-21.2448268159856,-31.822024695181,-6.54243413151472,-0.254484465080976,0.720024262831077
0.000809367551918815,0.13222457680353,0.109502353439254,0.0117875394492693,0.00406443281051998,1.47452319778008e-09,9.93705527831571e-11,1.53598863239834e-10,3.91533862396382e-15,0.000372868774372693,-5.76740753534205,-0.671403582574423,-0.859959357321491,-3.08886240428538,-4.15363119568584,-18.9830812751162,-21.6803154157839,-21.2448268159856,-31.822024695181,-6.54243413151472,-1.35184988003913,0.527530859126885
0.00678007127507289,0.134367523750864,0.364043602126154,0.0436867632198098,0.0104831288345213,1.75523092576274e-09,4.92809930046849e-10,1.03353189368801e-09,5.8102466067301e-15,0.000652745544613999,-4.41397387975174,-1.42738273406517,-0.430687847672589,-2.55091633912721,-3.97819430694923,-19.5808716222678,-20.8511037688691,-20.1104900926152,-32.1993595949416,-6.75452939118523,-0.579793784785721,0.886870789126214
0.0189888136143914,0.376320507678592,1.01956982866834,0.122352667183148,0.0293598948238546,4.91584108002846e-09,1.38020317623877e-09,2.89459265213398e-09,1.62726445479235e-14,0.00182813173806442,-4.41397387975174,-1.42738273406517,-0.430687847672589,-2.55091633912721,-3.97819430694923,-19.5808716222678,-20.8511037688691,-20.1104900926152,-32.1993595949416,-6.75452939118523,0.450068649413212,0.607978077290772
0.0126715362941389,0.251124639385791,0.680375106667447,0.0816478740789224,0.0195923231649718,3.28041866789348e-09,9.21031455474419e-10,1.93160755553811e-09,1.08589936252973e-14,0.00121994128436722,-4.41397387975174,-1.42738273406517,-0.430687847672589,-2.55091633912721,-3.97819430694923,-19.5808716222678,-20.8511037688691,-20.1104900926152,-32.1993595949416,-6.75452939118523,0.045576842222238,0.202867769995905
0.345063769930239,6.83847741721057,18.5275718605604,2.22338653991734,0.533526538224398,8.93304178922988e-08,2.508098298999e-08,5.26003926965045e-08,2.95705681695966e-13,0.0332207183806119,-4.41397387975174,-1.42738273406517,-0.430687847672589,-2.55091633912721,-3.97819430694923,-19.5808716222678,-20.8511037688691,-20.1104900926152,-32.1993595949416,-6.75452939118523,3.34994784109759,0.224990032564694
0.000246254985301339,0.00817766456020176,0.028115593638964,0.00178854739270353,0.000252052032204471,1.18026458871717e-10,3.57682332403819e-11,7.21639620318419e-11,2.09252660105491e-16,4.18071862641428e-05,-5.05520774575364,-1.55241338773508,-0.317495635305458,-3.07241621355526,-5.0319397272796,-19.6061770013869,-20.8000256686101,-20.0981450479904,-32.8490539645482,-6.82850702553052,-3.25393528748482,0.182419617473991
0.000447672418662487,0.0175734805535772,0.0354882777032436,0.00313902273410051,0.000503929381440572,2.33312156089224e-10,8.33467414032594e-11,2.48583511685469e-10,3.07237531752832e-16,6.88513474893492e-05,-4.85061858794737,-1.18053408660356,-0.477722629165265,-2.90301354527484,-4.73224420249165,-19.317813619882,-20.34718138943,-19.25441205032,-32.8580802929995,-6.72273054819571,-2.86083021340779,0.131610284796797
8.63152890688417e-05,0.00574299652365194,0.0100430691109618,0.00161565830800272,0.000183826535614588,4.10041142954452e-11,1.27474729350473e-11,8.48045661458647e-11,7.03114697089974e-17,1.55050900003923e-05,-5.32259941657669,-1.12486976529358,-0.565968125963148,-2.39310838718234,-4.56661358911459,-19.8824443084637,-21.0507836680156,-19.1557673313949,-33.1586923375033,-7.03943780369848,-4.03490439712576,0.298024779102344
0.000158420617420092,0.0105405318679146,0.0184327623357929,0.00296533313454529,0.000337389975570065,7.52577807886105e-11,2.33963479089487e-11,1.55647879695517e-10,1.2904766424555e-16,2.84575995459759e-05,-5.32259941657669,-1.12486976529358,-0.565968125963148,-2.39310838718234,-4.56661358911459,-19.8824443084637,-21.0507836680156,-19.1557673313949,-33.1586923375033,-7.03943780369848,-3.42765750999702,0.530955084398656
0.0083951194279457,0.558570123676261,0.9767998870095,0.157140694270486,0.0178791699264212,3.98810500736261e-09,1.23983316106229e-09,8.24818486400288e-09,6.83857045176133e-15,0.00150804201316553,-5.32259941657669,-1.12486976529358,-0.565968125963148,-2.39310838718234,-4.56661358911459,-19.8824443084637,-21.0507836680156,-19.1557673313949,-33.1586923375033,-7.03943780369848,0.54249465410336,0.245734940431773
0.00336782278030097,0.22407843069515,0.391857309416621,0.0630392473172897,0.00717248590539796,1.59988562513098e-09,4.97376886587056e-10,3.30887786880716e-09,2.74339079387828e-15,0.000604972721255567,-5.32259941657669,-1.12486976529358,-0.565968125963148,-2.39310838718234,-4.56661358911459,-19.8824443084637,-21.0507836680156,-19.1557673313949,-33.1586923375033,-7.03943780369848,-0.37088938608526,0.388193046743347
0.00182715338464524,0.121569835997739,0.21259533410917,0.0342008417945855,0.00389130686300454,8.67989982163521e-10,2.69843136369141e-10,1.79517385318846e-09,1.48837872460478e-15,0.000328217375844631,-5.32259941657669,-1.12486976529358,-0.565968125963148,-2.39310838718234,-4.56661358911459,-19.8824443084637,-21.0507836680156,-19.1557673313949,-33.1586923375033,-7.03943780369848,-0.982396634157387,0.43080671830267
0.0562888949485381,3.74518734162888,6.54939893321756,1.05362122693425,0.11987902332935,2.67400631676427e-08,8.313025104138e-09,5.53037053624848e-08,4.58523046707347e-14,0.0101113532911143,-5.32259941657669,-1.12486976529358,-0.565968125963148,-2.39310838718234,-4.56661358911459,-19.8824443084637,-21.0507836680156,-19.1557673313949,-33.1586923375033,-7.03943780369848,2.44534140547858,0.696200343823056
0.0323016772758242,2.14919537783429,3.75840689153404,0.604626061224037,0.0687932056094882,1.53449253456836e-08,4.77047300973288e-09,3.17363210702478e-08,2.63125852653696e-14,0.00580245306165668,-5.32259941657669,-1.12486976529358,-0.565968125963148,-2.39310838718234,-4.56661358911459,-19.8824443084637,-21.0507836680156,-19.1557673313949,-33.1586923375033,-7.03943780369848,1.88996329451905,0.331524518961331
0.1357521261208,9.03228149729438,15.795208465372,2.54102202242728,0.289112662615291,6.44891044837657e-08,2.00485519108885e-08,1.33376140927609e-07,1.10582164604256e-13,0.0243855863307006,-5.32259941657669,-1.12486976529358,-0.565968125963148,-2.39310838718234,-4.56661358911459,-19.8824443084637,-21.0507836680156,-19.1557673313949,-33.1586923375033,-7.03943780369848,3.32567475831763,1.05319017617918
0.00759385201365784,0.614362509681444,1.3183279492135,0.180918776362447,0.0568012315452793,3.3396790826887e-09,1.31962240036484e-09,9.73214739177447e-09,6.53399165130535e-15,0.00116108952679876,-5.65935827452773,-1.26611208830264,-0.502577741385619,-2.48864906770671,-3.6471392412484,-20.2963330874949,-21.2248621714944,-19.2267732369681,-33.4407003293572,-7.53733843733375,0.778941969893512,1.4941309798439
0.0185988199720793,1.50469323007732,3.2288414558887,0.443105257395345,0.139117259304369,8.17952337123919e-09,3.23201181842449e-09,2.38359210787631e-08,1.60030158874746e-14,0.00284373398922675,-5.65935827452773,-1.26611208830264,-0.502577741385619,-2.48864906770671,-3.6471392412484,-20.2963330874949,-21.2248621714944,-19.2267732369681,-33.4407003293572,-7.53733843733375,1.67470113189087,0.807468491659942
0.166323063731757,13.4559713131583,28.8744556941629,3.96254300414111,1.24407939967178,7.31467581820956e-08,2.89028071923163e-08,2.1315671782617e-07,1.43109650792281e-13,0.0254305676508706,-5.65935827452773,-1.26611208830264,-0.502577741385619,-2.48864906770671,-3.6471392412484,-20.2963330874949,-21.2248621714944,-19.2267732369681,-33.4407003293572,-7.53733843733375,3.86553505963131,1.68567079076796
0.136360664264305,11.0319347504501,23.6728441046298,3.24870757005774,1.01996373521822,5.99696777506303e-08,2.36960881997922e-08,1.74757432811922e-07,1.1732904990339e-13,0.0208493579885213,-5.65935827452773,-1.26611208830264,-0.502577741385619,-2.48864906770671,-3.6471392412484,-20.2963330874949,-21.2248621714944,-19.2267732369681,-33.4407003293572,-7.53733843733375,3.6669063142049,0.501533685527042
0.0670924586398152,5.42795556148858,11.6475621657149,1.59843587923918,0.501844685844299,2.95064060140432e-08,1.16589987739312e-08,8.59845168413672e-08,5.77284840196591e-14,0.0102583446337592,-5.65935827452773,-1.26611208830264,-0.502577741385619,-2.48864906770671,-3.6471392412484,-20.2963330874949,-21.2248621714944,-19.2267732369681,-33.4407003293572,-7.53733843733375,2.95767464333839,0.341066699973683
0.00180384008963728,0.340170790254086,0.829428209310717,0.0490023911568324,0.0545052402131805,2.44979943155769e-09,8.57022108429705e-10,2.83216920089804e-09,2.74148070075668e-15,0.000497320562039873,-6.56110347220396,-1.32157343204318,-0.430284688865489,-3.25915215176849,-3.15272440005993,-20.0705256492366,-21.1208233690213,-19.9254888856452,-33.7735441875645,-7.84954171456827,0.243265968825371,0.555754843844161
0.0030849787053738,0.581769775576423,1.41851175060336,0.0838052852354687,0.0932164144454497,4.18971677268356e-09,1.46570362291474e-09,4.84365644437081e-09,4.68855838808208e-15,0.000850531791843059,-6.56110347220396,-1.32157343204318,-0.430284688865489,-3.25915215176849,-3.15272440005993,-20.0705256492366,-21.1208233690213,-19.9254888856452,-33.7735441875645,-7.84954171456827,0.77989294792125,0.551253121057516
0.00564917570919673,1.06532977968577,2.59756156849959,0.153463225152845,0.170696771185603,7.67215870223979e-09,2.68397875454647e-09,8.86964512318028e-09,8.58563143757408e-15,0.00155748353465447,-6.56110347220396,-1.32157343204318,-0.430284688865489,-3.25915215176849,-3.15272440005993,-20.0705256492366,-21.1208233690213,-19.9254888856452,-33.7735441875645,-7.84954171456827,1.3848578355593,0.353557938650778
0.00179727084891682,0.338931953275084,0.826407590355298,0.0488239338172729,0.0543067425494774,2.44087773041844e-09,8.53900997769524e-10,2.82185498216621e-09,2.73149675220312e-15,0.000495509415638347,-6.56110347220396,-1.32157343204318,-0.430284688865489,-3.25915215176849,-3.15272440005993,-20.0705256492366,-21.1208233690213,-19.9254888856452,-33.7735441875645,-7.84954171456827,0.239617512490862,1.15789179056019
0.00663838939805933,1.25187713729451,3.05241438128076,0.180335804600331,0.200587075788194,9.01561211952803e-09,3.15396387472807e-09,1.04227875324206e-08,1.0089040887514e-14,0.00183021076283223,-6.56110347220396,-1.32157343204318,-0.430284688865489,-3.25915215176849,-3.15272440005993,-20.0705256492366,-21.1208233690213,-19.9254888856452,-33.7735441875645,-7.84954171456827,1.54621756675437,0.789452793223768
0.00949847833632083,1.79123687317943,4.36751900732809,0.258031825273761,0.287008170156015,1.28999055751449e-08,4.51282016484314e-09,1.49133495557994e-08,1.44358112424562e-14,0.00261874021532169,-6.56110347220396,-1.32157343204318,-0.430284688865489,-3.25915215176849,-3.15272440005993,-20.0705256492366,-21.1208233690213,-19.9254888856452,-33.7735441875645,-7.84954171456827,1.90447980387479,0.694484209871879
0.0188962053650607,3.56347391809479,8.6887113047041,0.513326681227455,0.570972016010204,2.5662980564553e-08,8.97777239585659e-09,2.96685117246345e-08,2.8718500394492e-14,0.0052097031918514,-6.56110347220396,-1.32157343204318,-0.430284688865489,-3.25915215176849,-3.15272440005993,-20.0705256492366,-21.1208233690213,-19.9254888856452,-33.7735441875645,-7.84954171456827,2.59230932079414,0.886283753415355
0.0220086426526284,1.28508223597212,3.86372378465598,0.189090092743565,0.137937965026219,1.13010748522485e-08,1.8535980986087e-09,9.24661450682392e-09,1.73650244622061e-14,0.00254260115805356,-5.52113820736208,-1.45399543927556,-0.353186722947627,-3.37034984875649,-3.6857693761293,-20.0031861485242,-21.8109553210344,-20.2038265041189,-33.3891364524486,-7.67938579642847,1.70481815244049,1.21500932873932
0.052517479498604,0.911994993640074,3.859441740298,0.347489498382335,0.0468877643961727,2.16155006466775e-08,1.56234529912478e-09,4.66377589258502e-09,1.87626560478352e-14,0.00601746138793796,-4.59993941213995,-1.7454509685254,-0.30280764402132,-2.71035102508921,-4.71332871481485,-19.3031853472656,-21.9304079379526,-20.8367706297004,-33.2602380711519,-6.76641999512892,1.65333019017278,1.39737676598731
0.0298433254232924,0.926374723053645,1.6605630444493,0.868342092770894,0.0289394748111209,1.40340653138715e-08,3.6491442066701e-10,2.45082442005782e-09,2.55319790418465e-14,0.00369323867587845,-4.76961733050768,-1.334299720119,-0.750666534189314,-1.39899278832091,-4.80037196790266,-19.3396014886044,-22.9891815162143,-21.084664633461,-32.5566679108268,-6.85907477838561,1.25782326245127,0.874195650114335
0.0744752291228026,2.3118056977372,4.14400243451745,2.16698291490036,0.0722196332574127,3.50225792518147e-08,9.10658738726845e-10,6.11613175256621e-09,6.37160893476036e-14,0.00921662692377325,-4.76961733050768,-1.334299720119,-0.750666534189314,-1.39899278832091,-4.80037196790266,-19.3396014886044,-22.9891815162143,-21.084664633461,-32.5566679108268,-6.85907477838561,2.1723286266264,1.40073047365767
0.00692243423654766,0.36678620165947,1.03389800590563,0.354061470032482,0.0153305376750731,3.80668249882398e-09,1.93774423838459e-10,1.50997643770359e-09,1.35857218098406e-14,0.00371938884199891,-5.55000448131111,-1.57999283585571,-0.54368054749224,-1.61530141515304,-4.75492519171301,-19.9635244407245,-22.9413430755085,-20.888188468801,-32.5067736989783,-6.17121259236919,0.577016678389823,1.74309524852653
0.00409262116699495,0.216848137718367,0.611252157679363,0.209325132916676,0.00906358671623991,2.25055361139637e-09,1.14561624065212e-10,8.92715094060798e-10,8.03203190494852e-15,0.00219894461729709,-5.55000448131111,-1.57999283585571,-0.54368054749224,-1.61530141515304,-4.75492519171301,-19.9635244407245,-22.9413430755085,-20.888188468801,-32.5067736989783,-6.17121259236919,0.0514348392387425,1.60384084795346
0.0079880348583562,0.372133185785338,0.949238155193176,0.501052226980974,0.0225182319852732,3.85100719071265e-09,8.84188293411371e-11,2.29722543971702e-09,1.53690921379221e-14,0.00251266356359368,-5.4479337141654,-1.60662667704804,-0.67021877258449,-1.30916815242704,-4.41155320200705,-19.9930543294504,-23.7670593819376,-20.5096869873391,-32.4245411208212,-6.60453512234566,0.618123214567596,1.23714615038872
0.0258127156699217,0.744666826115687,2.23370434360122,0.732224437784155,0.014751860396556,7.33752352908602e-09,2.79498488865985e-10,4.82694633601351e-09,7.39727254621588e-14,0.00543938586432897,-4.9804022347379,-1.6183325555931,-0.519852833761021,-1.63518238471432,-5.5399002572631,-20.0537786268009,-23.3215384116031,-20.4725659794846,-31.5585941261759,-6.53760329876703,1.32351418169331,2.73268449264883
0.0142555638770086,0.534950284688451,1.61617654918307,0.235677091172648,0.0119326798284752,6.03509250931305e-09,1.13234622120219e-10,3.89114627275778e-09,2.38544385870403e-14,0.00703364553682161,-5.13438621228363,-1.50935967354072,-0.403715006457162,-2.32907087993964,-5.31225265004082,-19.8094528650343,-23.785337359124,-20.2483402623839,-32.2505843019339,-5.84082835035258,0.883778211320739,2.95379763760842
0.0129081456472621,0.484387446780663,1.4634175447939,0.213401184605963,0.0108048177200849,5.46466304504121e-09,1.02531825976931e-10,3.52335994962398e-09,2.15997466162524e-14,0.00636883407796564,-5.13438621228363,-1.50935967354072,-0.403715006457162,-2.32907087993964,-5.31225265004082,-19.8094528650343,-23.785337359124,-20.2483402623839,-32.2505843019339,-5.84082835035258,0.784489490915476,4.07886382529917
0.02905865938256,1.09044708743062,3.29442765294859,0.480406133054037,0.024323673314392,1.2301982515978e-08,2.30818390832731e-10,7.93174476459316e-09,4.86250850294993e-14,0.0143374412710395,-5.13438621228363,-1.50935967354072,-0.403715006457162,-2.32907087993964,-5.31225265004082,-19.8094528650343,-23.785337359124,-20.2483402623839,-32.2505843019339,-5.84082835035258,1.59594745763895,2.6813758886614
0.0153552352584902,0.576216243977238,1.74084808893358,0.253857175430934,0.0128531643933068,6.50063835333185e-09,1.21969518502628e-10,4.19130852759583e-09,2.5694565267528e-14,0.00757621956413197,-5.13438621228363,-1.50935967354072,-0.403715006457162,-2.32907087993964,-5.31225265004082,-19.8094528650343,-23.785337359124,-20.2483402623839,-32.2505843019339,-5.84082835035258,0.958087408372271,2.16321546023078
0.00515936108179887,0.19360873433917,0.58492518858685,0.0852960445871103,0.00431866493951133,2.18421534821389e-09,4.09817743808428e-11,1.40828022072362e-09,8.63337733505094e-15,0.00254561077758368,-5.13438621228363,-1.50935967354072,-0.403715006457162,-2.32907087993964,-5.31225265004082,-19.8094528650343,-23.785337359124,-20.2483402623839,-32.2505843019339,-5.84082835035258,-0.132556316228337,4.39546641299102
0.0231234380143165,0.867723637974402,2.62154191708261,0.382283342570151,0.0193555712519687,9.78930674042548e-09,1.83673812432937e-10,6.31168857430241e-09,3.86934278287907e-14,0.0114090237319674,-5.13438621228363,-1.50935967354072,-0.403715006457162,-2.32907087993964,-5.31225265004082,-19.8094528650343,-23.785337359124,-20.2483402623839,-32.2505843019339,-5.84082835035258,1.36747766909184,2.37956617472468
0.0165534340620201,0.621179515622735,1.87668984336936,0.273666143430994,0.0138561217520433,7.00789577830915e-09,1.31487036709075e-10,4.51836446509525e-09,2.769956205478e-14,0.00816740667811664,-5.13438621228363,-1.50935967354072,-0.403715006457162,-2.32907087993964,-5.31225265004082,-19.8094528650343,-23.785337359124,-20.2483402623839,-32.2505843019339,-5.84082835035258,1.03322450979478,4.01818731590494
0.00937337994157472,0.351742822065809,1.06267538617595,0.154963419065394,0.0078460271875919,3.96822009710732e-09,7.44545178872414e-11,2.55852330623168e-09,1.56848735061197e-14,0.00462479299730267,-5.13438621228363,-1.50935967354072,-0.403715006457162,-2.32907087993964,-5.31225265004082,-19.8094528650343,-23.785337359124,-20.2483402623839,-32.2505843019339,-5.84082835035258,0.464504683993224,0.926198497085127
0.00798158338666177,0.299514655596724,0.904885138614302,0.131953837235031,0.00668101801507252,3.37900307030212e-09,6.33992163696379e-11,2.17862363871864e-09,1.33559214049426e-14,0.00393808542746634,-5.13438621228363,-1.50935967354072,-0.403715006457162,-2.32907087993964,-5.31225265004082,-19.8094528650343,-23.785337359124,-20.2483402623839,-32.2505843019339,-5.84082835035258,0.303767744461867,1.03583329178091
0.0118427788349318,0.58605992868905,1.49800658109421,0.518783625202949,0.0182010785804252,1.33203080587461e-08,4.6278150787301e-11,8.47219256980072e-09,2.80641313089615e-14,0.00664935521641416,-5.40664291425049,-1.50493916332963,-0.566470657743818,-1.62687432595261,-4.97688036007763,-19.1045819806511,-24.7669571075436,-19.5570824348422,-32.1748900359038,-5.98384132503602,0.970605936083009,1.00542342077528
0.00236462567798732,0.117017498640599,0.299104194785865,0.103584563941686,0.00363417559157568,2.65964119683688e-09,9.24027250755047e-12,1.69162697189891e-09,5.60351303089755e-15,0.00132766441947004,-5.40664291425049,-1.50493916332963,-0.566470657743818,-1.62687432595261,-4.97688036007763,-19.1045819806511,-24.7669571075436,-19.5570824348422,-32.1748900359038,-5.98384132503602,-0.640492631007132,2.02965981738241
0.0037321180213742,0.184690168747737,0.472079858567337,0.163488801386952,0.00573586438835526,4.19774467202475e-09,1.45840366485366e-11,2.66991582052017e-09,8.84409408233201e-15,0.00209546921204838,-5.40664291425049,-1.50493916332963,-0.566470657743818,-1.62687432595261,-4.97688036007763,-19.1045819806511,-24.7669571075436,-19.5570824348422,-32.1748900359038,-5.98384132503602,-0.184136458084145,1.20019164958702
0.0460310664231745,2.27792512901401,5.82252201090751,2.01643244747039,0.0707448031232099,5.17739960844941e-08,1.79876079974451e-10,3.29301141536236e-08,1.09080977564244e-13,0.025845024711196,-5.40664291425049,-1.50493916332963,-0.566470657743818,-1.62687432595261,-4.97688036007763,-19.1045819806511,-24.7669571075436,-19.5570824348422,-32.1748900359038,-5.98384132503602,2.32820416083205,0.994043571765455
0.0457996164155885,2.2664714341649,5.79324563587841,2.00629357080451,0.0703890893305072,5.15136699022513e-08,1.78971640357696e-10,3.276453738639e-08,1.0853250465135e-13,0.0257150726672769,-5.40664291425049,-1.50493916332963,-0.566470657743818,-1.62687432595261,-4.97688036007763,-19.1045819806511,-24.7669571075436,-19.5570824348422,-32.1748900359038,-5.98384132503602,2.32316335114793,2.99192558034285
0.0213720640531387,1.05763271521843,2.70337672005956,0.936222572598668,0.0328465660533715,2.40384863220914e-08,8.35158383579408e-11,1.5289337476963e-08,5.06459185205476e-14,0.0119997550894138,-5.40664291425049,-1.50493916332963,-0.566470657743818,-1.62687432595261,-4.97688036007763,-19.1045819806511,-24.7669571075436,-19.5570824348422,-32.1748900359038,-5.98384132503602,1.5609722864181,1.88272220770908
0.0366571107166956,1.81403908592851,4.63679967876604,1.60579784965499,0.0563380404198659,4.12305265593318e-08,1.43245375162306e-10,2.62240902555991e-08,8.6867278609143e-14,0.0205818375703994,-5.40664291425049,-1.50493916332963,-0.566470657743818,-1.62687432595261,-4.97688036007763,-19.1045819806511,-24.7669571075436,-19.5570824348422,-32.1748900359038,-5.98384132503602,2.10049506160881,1.31365624674178
0.0140174546282931,0.693677436213534,1.77308379866349,0.614047262854722,0.0215433216091614,1.57663008362205e-08,5.47761541428828e-11,1.00279315019419e-08,3.32175153136761e-14,0.00787036863160552,-5.40664291425049,-1.50493916332963,-0.566470657743818,-1.62687432595261,-4.97688036007763,-19.1045819806511,-24.7669571075436,-19.5570824348422,-32.1748900359038,-5.98384132503602,1.13919094748859,4.41797219304619
0.00838468144133652,0.414930133888493,1.06058790378254,0.367298544956192,0.0128863544538597,9.43077138649418e-09,3.2764907413547e-11,5.99830806583209e-09,1.98693908104918e-14,0.00470774013911938,-5.40664291425049,-1.50493916332963,-0.566470657743818,-1.62687432595261,-4.97688036007763,-19.1045819806511,-24.7669571075436,-19.5570824348422,-32.1748900359038,-5.98384132503602,0.625294038329469,0.516654359205043
0.00604114487957254,0.68328041743101,1.57139943571128,0.308590782821052,0.0669823539703877,1.13959256918526e-08,7.65208628330993e-11,1.18711877893475e-08,2.19672151298981e-14,0.0108950757511681,-6.0826601460432,-1.35434834706574,-0.521531827983469,-2.14923761786456,-3.67682447850002,-19.2635083515221,-24.2669561061476,-19.2226499774754,-32.4227236850485,-5.49294276841553,0.973498410643637,0.797635970898192
0.0134104846194293,1.51678559468088,3.48828382428682,0.685027760336084,0.148691323515588,2.52973383789404e-08,1.69865460032031e-10,2.6352352813407e-08,4.87641012595678e-14,0.0241855225625537,-6.0826601460432,-1.35434834706574,-0.521531827983469,-2.14923761786456,-3.67682447850002,-19.2635083515221,-24.2669561061476,-19.2226499774754,-32.4227236850485,-5.49294276841553,1.77094170236157,0.956753914280924
0.00225012113042498,0.254498730938547,0.585292878273434,0.114939577666472,0.0249486501381571,4.24459497515063e-09,2.85014204776515e-11,4.42161395241095e-09,8.18204097496709e-15,0.00405804539602745,-6.0826601460432,-1.35434834706574,-0.521531827983469,-2.14923761786456,-3.67682447850002,-19.2635083515221,-24.2669561061476,-19.2226499774754,-32.4227236850485,-5.49294276841553,-0.0141110824272632,0.874826909328163
0.00176262586677438,0.199360843355491,0.458487480044567,0.0900375850756003,0.0195434527857237,3.32499117314985e-09,2.23265051354071e-11,3.46365847599415e-09,6.40937808657483e-15,0.00317885810095553,-6.0826601460432,-1.35434834706574,-0.521531827983469,-2.14923761786456,-3.67682447850002,-19.2635083515221,-24.2669561061476,-19.2226499774754,-32.4227236850485,-5.49294276841553,-0.258290466011795,1.14994466330792
0.000777881094675779,0.169634899792177,0.2210896137815,0.0569412327319332,0.00856253782313546,3.74956016544533e-10,4.93036558079717e-12,1.52551724775975e-09,1.80953005105602e-15,0.00040981136707978,-6.37677481537945,-0.991944735023219,-0.727025102736354,-2.08357348300765,-3.97819659340926,-20.9220503213578,-25.2534459116095,-19.5187702408425,-33.1635471589521,-7.01765151973475,-0.782162064693801,0.532264660042295
0.00254971757473667,0.1709561989246,0.401422634350635,0.130062350978618,0.0232826175979383,7.20653037369951e-10,7.49672793340187e-12,3.38450893517374e-09,4.45546918832219e-15,0.0016304759235507,-5.65693041987795,-1.45150564085753,-0.597898194620028,-1.72489905952355,-3.44520596159293,-20.7360210575711,-25.3017122050557,-19.1892147508828,-32.7298017612165,-6.10404106806931,-0.314842261072866,0.644822290405852
0.00194208702428909,0.130215133998729,0.305758448368081,0.0990668169239075,0.0177340698344249,5.48912133154685e-10,5.71016107365889e-12,2.57793684748407e-09,3.39367347328812e-15,0.00124191250274871,-5.65693041987795,-1.45150564085753,-0.597898194620028,-1.72489905952355,-3.44520596159293,-20.7360210575711,-25.3017122050557,-19.1892147508828,-32.7298017612165,-6.10404106806931,-0.587061678555705,1.16806566105208
0.00368806077176383,0.4046255021488,0.532774598782543,0.1498852636919,0.0258621547035995,1.00608887299174e-09,1.62760278414885e-11,1.45494191538172e-08,4.99723914588473e-15,0.00300327364915404,-5.71583930345779,-1.01797813399205,-0.74284164412836,-2.01106999457671,-3.76815939551613,-20.830380234515,-24.9545125834834,-18.1588995731038,-33.0430756140803,-5.9212371771514,0.113184808278226,0.803979551062351
0.00702953780817777,0.77122651754667,1.01548196115746,0.285685131893043,0.0492939258706817,1.91763102854187e-09,3.10225238029303e-11,2.7731563647708e-08,9.52486514903672e-15,0.00572431610310358,-5.71583930345779,-1.01797813399205,-0.74284164412836,-2.01106999457671,-3.76815939551613,-20.830380234515,-24.9545125834834,-18.1588995731038,-33.0430756140803,-5.9212371771514,0.758204982500726,1.68693691808429
0.00356193597790041,0.0781910120509601,0.223075073863112,0.075700487786601,0.0123090717626066,2.60839399104965e-10,1.96644759279787e-11,8.29299881349881e-09,1.82958530437714e-15,0.00200661782046766,-4.70818706548925,-1.61933657102094,-0.570982907657392,-1.65170667245393,-3.4681547443534,-21.137852224673,-23.722943357963,-17.6785901921247,-33.005423060942,-5.2820406481602,-0.929264002425231,0.734671370316747
0.00294338789459035,0.0646127498541466,0.184336966208068,0.0625547176445898,0.010171539590966,2.1554332658453e-10,1.62496408579454e-11,6.85287789251417e-09,1.51186862156864e-15,0.00165815855155129,-4.70818706548925,-1.61933657102094,-0.570982907657392,-1.65170667245393,-3.4681547443534,-21.137852224673,-23.722943357963,-17.6785901921247,-33.005423060942,-5.2820406481602,-1.12000695048352,0.610757522733999
0.00700638037059124,0.0614218276854608,0.176803592861595,0.0512469019365062,0.00996816137177301,3.45447596958888e-10,1.32735842686538e-11,9.73082016863861e-09,1.39083187018762e-15,0.000643805895685868,-3.78032186383182,-1.60937780751191,-0.552103607640724,-1.79048791308119,-3.42774692835704,-20.6055679575521,-23.8646330011878,-17.2673554518033,-33.0282621592886,-6.16750108177679,-1.180612199729,0.780905245030764
0.238179022726224,2.08800980226357,6.01036551469819,1.74211738092571,0.338863551267035,1.1743349161023e-08,4.51230044896259e-10,3.30795234557813e-07,4.7280758122731e-14,0.0218859169712622,-3.78032186383182,-1.60937780751191,-0.552103607640724,-1.79048791308119,-3.42774692835704,-20.6055679575521,-23.8646330011878,-17.2673554518033,-33.0282621592886,-6.16750108177679,2.34558917209196,0.750184913914101
0.05228916974228,0.458395948242688,1.31949916921293,0.382459674238015,0.0743931751371776,2.5781026834148e-09,9.90618071244577e-11,7.26218790040669e-08,1.03798880301265e-14,0.00480477421721227,-3.78032186383182,-1.60937780751191,-0.552103607640724,-1.79048791308119,-3.42774692835704,-20.6055679575521,-23.8646330011878,-17.2673554518033,-33.0282621592886,-6.16750108177679,0.829355854979127,1.43827323560776
0.0360819767918506,0.316314679454496,0.910516243326584,0.26391509289,0.0513347760540417,1.77901163182485e-09,6.83572878139105e-11,5.01124987396111e-08,7.16260902307263e-15,0.00331551930638812,-3.78032186383182,-1.60937780751191,-0.552103607640724,-1.79048791308119,-3.42774692835704,-20.6055679575521,-23.8646330011878,-17.2673554518033,-33.0282621592886,-6.16750108177679,0.45836006767435,1.25553537815189
0.0639185890445747,0.56034590680699,1.61296355549862,0.467520958244911,0.0909386554185319,3.15148790367312e-09,1.21093736443119e-10,8.87734125935534e-08,1.26884362592946e-14,0.00587338430033691,-3.78032186383182,-1.60937780751191,-0.552103607640724,-1.79048791308119,-3.42774692835704,-20.6055679575521,-23.8646330011878,-17.2673554518033,-33.0282621592886,-6.16750108177679,1.03017681229334,0.593938828629882
0.01021584693482,0.235046055584749,0.837128604489924,0.252454308461887,0.0278915975360728,5.30657529726311e-10,4.70353660806502e-11,3.36438409612554e-08,3.53261737917675e-15,0.00324992463455524,-4.89569192767677,-1.75985058725309,-0.489654355389657,-1.68840178765293,-3.8913065835203,-21.668781040618,-24.0919981118059,-17.5193126143881,-33.5886141159526,-6.04100025670199,0.311876784424999,1.98297726198876
0.0205540608952985,0.552328064804869,1.07714401282511,0.615369522358241,0.0475927245507727,1.57607978784552e-09,1.49344648848543e-10,5.57156131461371e-08,8.8376867157781e-15,0.00508427612152926,-4.72543286295049,-1.43434920480976,-0.766423009986496,-1.32626845811536,-3.88581149086387,-21.1090613358517,-23.465500517378,-17.543741537327,-33.2004873521068,-6.1223387311283,0.840736115865034,3.20353100518343
0.0221811903916193,0.701131453141635,3.19286141442642,0.618030858091491,0.0946127688254633,3.73649577276361e-09,6.12061362186591e-10,9.45002623251576e-08,1.34911844861897e-14,0.00675222631725389,-5.34226979987443,-1.88881905818379,-0.372841661114404,-2.01497606155359,-3.89172200598898,-20.9388767948641,-22.7479477444011,-17.7084223974924,-33.4704990947568,-6.53164217466903,1.53375917096945,0.622014419075141
0.00973180379842182,0.392602124866882,0.995909458583432,0.295203841454341,0.0179659107582311,1.69966401394289e-09,3.40454414126891e-10,3.85997681423268e-08,3.45642687305705e-15,0.00417510117993784,-5.17211205767696,-1.47471462781454,-0.543854973521145,-1.75984521623856,-4.55903520640089,-20.7325912872293,-22.3404959214726,-17.6097756101239,-33.8382970780416,-6.0183727292121,0.539756042954778,0.734441700147968
0.00423685703438727,0.215856981398328,0.362964029908392,0.0731659686254141,0.0104515543569507,6.06183234641823e-10,4.33261086149071e-10,2.91857004183419e-08,3.99684338641109e-16,0.0011730232391668,-5.06023953983942,-1.12944520350756,-0.609757530541952,-2.21133086536103,-4.15731055909378,-20.8201447979207,-21.1559865890718,-16.9458929490741,-35.0521625814809,-6.344476887524,-0.403694010246643,0.616424612094482
0.0440472106551296,2.24409222540773,3.77344643820907,0.760648000787755,0.108656443372468,6.3020017940581e-09,4.50426865371875e-09,3.03420361841434e-07,4.15519809065901e-15,0.0121949835218867,-5.06023953983942,-1.12944520350756,-0.609757530541952,-2.21133086536103,-4.15731055909378,-20.8201447979207,-21.1559865890718,-16.9458929490741,-35.0521625814809,-6.344476887524,1.93774628899003,2.58523125976477
0.0077540137206791,0.395047078974442,0.664272607071733,0.13390348553271,0.0191277390831147,1.10939620584533e-09,7.92925600125204e-10,5.34137261783204e-08,7.31475671850684e-16,0.00214678905078755,-5.06023953983942,-1.12944520350756,-0.609757530541952,-2.21133086536103,-4.15731055909378,-20.8201447979207,-21.1559865890718,-16.9458929490741,-35.0521625814809,-6.344476887524,0.200694869601376,0.474191130235128
0.000309196684660442,0.0157527767558543,0.0264883317487011,0.0053394945227883,0.000762731886039409,4.42379445250977e-11,3.16184592357972e-11,2.12990944362823e-09,2.9168100649968e-17,8.5604705005695e-05,-5.06023953983942,-1.12944520350756,-0.609757530541952,-2.21133086536103,-4.15731055909378,-20.8201447979207,-21.1559865890718,-16.9458929490741,-35.0521625814809,-6.344476887524,-3.02129342378329,0.212009882054271
0.000440731885720276,0.0224541573353631,0.0377567192028916,0.00761096611500199,0.00108720526160331,6.30571855333667e-11,4.50692515602691e-11,3.0359931140096e-09,4.15764872008795e-17,0.000122021758108828,-5.06023953983942,-1.12944520350756,-0.609757530541952,-2.21133086536103,-4.15731055909378,-20.8201447979207,-21.1559865890718,-16.9458929490741,-35.0521625814809,-6.344476887524,-2.66683429645429,0.383423819798925
0.000945288598165446,0.0481600256261088,0.0809811981456684,0.0163241184099423,0.00233185474198109,1.3524603154065e-10,9.66652311941236e-11,6.51164521507651e-09,8.91738959130061e-17,0.000261714163203488,-5.06023953983942,-1.12944520350756,-0.609757530541952,-2.21133086536103,-4.15731055909378,-20.8201447979207,-21.1559865890718,-16.9458929490741,-35.0521625814809,-6.344476887524,-1.90378074237056,0.172835607750878
0.00380147525462461,0.193675398217061,0.325665644796798,0.0656473930917936,0.00937754683196621,5.43891509096542e-10,3.88738936532388e-10,2.61865616490548e-08,3.5861255422911e-16,0.00105248272023346,-5.06023953983942,-1.12944520350756,-0.609757530541952,-2.21133086536103,-4.15731055909378,-20.8201447979207,-21.1559865890718,-16.9458929490741,-35.0521625814809,-6.344476887524,-0.512126522848948,0.791671055203249
0.00171345241088309,0.0872959984679778,0.146788429975976,0.029589482089745,0.00422677491004431,2.45150147008477e-10,1.75217678240897e-10,1.18031617161592e-08,1.61638707201709e-16,0.000474389265641794,-5.06023953983942,-1.12944520350756,-0.609757530541952,-2.21133086536103,-4.15731055909378,-20.8201447979207,-21.1559865890718,-16.9458929490741,-35.0521625814809,-6.344476887524,-1.30900545024337,0.131581299837229
1.19882308551428,61.0769564253578,102.701048143439,20.7023865922926,2.95727812879385,1.71520173997429e-07,1.22591673005462e-07,8.25812415770409e-06,1.13091097526439e-13,0.331908140289956,-5.06023953983942,-1.12944520350756,-0.609757530541952,-2.21133086536103,-4.15731055909378,-20.8201447979207,-21.1559865890718,-16.9458929490741,-35.0521625814809,-6.344476887524,5.24157985330013,0.319152858984411
0.0644211767267488,3.28209345595142,5.51884798717618,1.1124845037126,0.15891530557526,9.21698253462561e-09,6.5877108368536e-09,4.43766959631636e-07,6.07717824923881e-15,0.0178357534327037,-5.06023953983942,-1.12944520350756,-0.609757530541952,-2.21133086536103,-4.15731055909378,-20.8201447979207,-21.1559865890718,-16.9458929490741,-35.0521625814809,-6.344476887524,2.31792667107517,1.31071765774854
0.00545030652977505,0.446150488360016,0.465701437769713,0.0992819824239249,0.0079841121778221,7.38384726514553e-10,9.17807737629952e-10,2.77629749891709e-08,9.2325391667414e-16,0.00222470988796794,-5.23852384541971,-0.833539383553617,-0.790650959194802,-2.33623158780274,-4.85674210726977,-21.0529965350489,-20.8354736009023,-17.4260029563786,-34.6450677954274,-6.13456917682177,0.0264404175265138,0.439912327448488
0.00943205261442725,1.2004717423077,1.19747365500759,0.274343850203086,0.0250430770412905,1.1795803274899e-09,1.14639220667775e-09,7.15822620745859e-08,1.54511368719974e-15,0.0115688000491142,-5.66366045463811,-0.817304319032216,-0.819804867097789,-2.29339194877431,-4.68717677242948,-21.5581260335636,-21.5866649546857,-17.4524374472251,-35.1036978204851,-5.45946237258335,1.00001891716505,0.399991056868532
0.0167395764132619,2.13054244752447,2.12522157904489,0.486892941729196,0.0444453099333503,2.09346531818479e-09,2.03456455638267e-09,1.27040931048118e-07,2.74219723864714e-15,0.0205317782192688,-5.66366045463811,-0.817304319032216,-0.819804867097789,-2.29339194877431,-4.68717677242948,-21.5581260335636,-21.5866649546857,-17.4524374472251,-35.1036978204851,-5.45946237258335,1.57368093652988,0.483889807649329
0.0203415914451979,0.834371896177495,1.75726989388791,0.298330776609125,0.120985222856622,1.42293783989379e-09,4.29244127450351e-09,9.24320916390547e-08,2.45359161674663e-15,0.0209191157465037,-5.01095638361947,-1.29694479167797,-0.552107326296125,-2.32542115377783,-3.2279556003356,-21.4864109355691,-20.3822789385453,-17.3126603408271,-34.7570922121547,-4.98296064335075,1.11586873434044,0.63218476846444
0.00520339287449548,0.213432896386,0.449510829526585,0.0763132147960375,0.0309481019824538,3.63988463582149e-10,1.09800938643936e-09,2.36441916703087e-08,6.27630398039242e-16,0.00535112398208155,-5.01095638361947,-1.29694479167797,-0.552107326296125,-2.32542115377783,-3.2279556003356,-21.4864109355691,-20.3822789385453,-17.3126603408271,-34.7570922121547,-4.98296064335075,-0.247488006680605,3.62219828466317
0.0189520754945047,0.777376696875012,1.63723235632314,0.27795206760802,0.112720830298628,1.32573822644644e-09,3.99922844332434e-09,8.61181379823598e-08,2.28598896396789e-15,0.0194901496264007,-5.01095638361947,-1.29694479167797,-0.552107326296125,-2.32542115377783,-3.2279556003356,-21.4864109355691,-20.3822789385453,-17.3126603408271,-34.7570922121547,-4.98296064335075,1.04511455494434,3.62899701716365
0.0277123813990231,1.54598073233142,2.69051109752125,0.302413167365016,0.154133481292869,2.00324857980054e-09,4.69151190183081e-09,1.16699287179959e-07,2.12479956874241e-15,0.0413141745982543,-5.14655741459811,-1.12502294368552,-0.570950256212058,-2.75664252360779,-3.43061772120426,-21.5891771150751,-20.738192370166,-17.5243468366702,-35.3457803484314,-4.74723105814375,1.5606814308568,1.21519612063797
0.00529741742175258,0.295525135397962,0.514310197893355,0.0578084127199291,0.0294637035092553,3.82935113873345e-10,8.96815633606798e-10,2.23078929274195e-08,4.06170443857461e-16,0.00789749625378045,-5.14655741459811,-1.12502294368552,-0.570950256212058,-2.75664252360779,-3.43061772120426,-21.5891771150751,-20.738192370166,-17.5243468366702,-35.3457803484314,-4.74723105814375,-0.0939784414995111,2.15011204241544
0.0343350271525752,1.1291830278808,1.9711241672133,0.197601804754525,0.193152388967983,1.29899087240272e-09,1.87876716616686e-09,9.34567000100116e-08,1.11970236801923e-15,0.0130089466814453,-4.63526543653555,-1.14218180337019,-0.585072167188629,-2.88517755077604,-2.90795201192573,-21.7253543163555,-21.3563262283272,-17.4494437998526,-35.6893896781986,-5.60579414239998,1.26367619043906,0.567029971671641
0.034626312842743,1.13876259967319,1.98784645669633,0.199278185490166,0.194791022503296,1.31001103123668e-09,1.89470593296118e-09,9.42495521386046e-08,1.12920150939464e-15,0.0131193097807847,-4.63526543653555,-1.14218180337019,-0.585072167188629,-2.88517755077604,-2.90795201192573,-21.7253543163555,-21.3563262283272,-17.4494437998526,-35.6893896781986,-5.60579414239998,1.27212403737802,1.18533629910972
0.019968875218472,0.656720464567243,1.14638419711414,0.114923042424098,0.112335311002139,7.55478844553601e-10,1.09267037824184e-09,5.43533917284268e-08,6.51206616772012e-16,0.00756586071276931,-4.63526543653555,-1.14218180337019,-0.585072167188629,-2.88517755077604,-2.90795201192573,-21.7253543163555,-21.3563262283272,-17.4494437998526,-35.6893896781986,-5.60579414239998,0.721684979833168,0.525383795897775
0.0431829188043706,0.334875090740965,1.48255853814321,0.262899582151572,0.0985888784310271,2.68823422851561e-09,3.01551113456642e-09,1.75970393829248e-07,3.98850760315095e-16,0.00289375456362559,-3.94206670120954,-1.89375412138781,-0.405987104029912,-2.13573957786926,-3.1165532597926,-20.5341377207372,-20.4192529318399,-16.3527065141777,-36.2577008025093,-6.64495690430821,0.799756441240072,1.24686724142754
0.0290394700249083,0.26538587852116,1.16880153421686,0.175997423762681,0.158782401861098,1.82637822495733e-09,1.71746656409751e-09,5.02487367589809e-08,3.10930800105721e-16,0.00113835605109184,-4.12641095679169,-1.91388198455328,-0.431332723672388,-2.32459753953179,-2.42753217359317,-20.708242560937,-20.7697271775646,-17.3935920472166,-36.2942729119394,-7.36548173555997,0.587311617768637,1.07962836090417
0.0867061904609777,0.551293539006028,1.34367329959832,0.418867587341413,0.199278766272263,9.72670395773771e-09,2.75448961551004e-09,3.40828138458927e-08,5.70692240647581e-16,0.00299395008813652,-3.40182292579687,-1.55208080200246,-0.661185797090249,-1.82679335865624,-2.5696435279597,-19.4049836776131,-20.6666265980182,-18.1510655014794,-36.0562745216308,-6.76775459273904,0.9565929289863,0.660697860717137
0.0907568415108602,0.577048306234248,1.40644565336891,0.438435814516494,0.208588467684912,1.01811061565754e-08,2.88317104175697e-09,3.56750598545551e-08,5.97353256561767e-16,0.00313381838362188,-3.40182292579687,-1.55208080200246,-0.661185797090249,-1.82679335865624,-2.5696435279597,-19.4049836776131,-20.6666265980182,-18.1510655014794,-36.0562745216308,-6.76775459273904,1.00225150566754,0.772734209785212
0.0986368489417032,0.627150809421703,1.52856098941548,0.476503219891374,0.226699264050039,1.10650857093281e-08,3.13350378643184e-09,3.8772564484176e-08,6.49218747054647e-16,0.00340591370711215,-3.40182292579687,-1.55208080200246,-0.661185797090249,-1.82679335865624,-2.5696435279597,-19.4049836776131,-20.6666265980182,-18.1510655014794,-36.0562745216308,-6.76775459273904,1.08551256012511,3.4272946512382
0.0887424928051932,0.564240715209485,1.37522958266513,0.428704728674511,0.203958845246499,9.95513643718735e-09,2.81917904115958e-09,3.48832516619571e-08,5.84094997028385e-16,0.00306426326359173,-3.40182292579687,-1.55208080200246,-0.661185797090249,-1.82679335865624,-2.5696435279597,-19.4049836776131,-20.6666265980182,-18.1510655014794,-36.0562745216308,-6.76775459273904,0.979806483481979,3.23248133963383
0.0651663707585467,0.414339494892543,1.00987382739865,0.314811207254148,0.14977331950766,7.31036611110055e-09,2.07021079556803e-09,2.56158559356331e-08,4.28919111142398e-16,0.00225018375780095,-3.40182292579687,-1.55208080200246,-0.661185797090249,-1.82679335865624,-2.5696435279597,-19.4049836776131,-20.6666265980182,-18.1510655014794,-36.0562745216308,-6.76775459273904,0.671011196772167,2.78480109449268
0.0652461915885513,0.414847010072551,1.01111079926258,0.315196812460718,0.149956773496834,7.3193204150434e-09,2.07274655046835e-09,2.5647232224634e-08,4.29444484568254e-16,0.00225293995755736,-3.40182292579687,-1.55208080200246,-0.661185797090249,-1.82679335865624,-2.5696435279597,-19.4049836776131,-20.6666265980182,-18.1510655014794,-36.0562745216308,-6.76775459273904,0.67223532485516,3.18747346713125
0.198084535678113,0.966149908936368,1.99881010948994,0.44774729833369,0.189256618311938,6.37853920747401e-09,4.42136984015734e-09,3.0349007936219e-08,3.95019580768536e-16,0.00473522081989789,-2.95532054357697,-1.37069542361758,-0.643707093787553,-2.13978542397411,-3.00091056805318,-20.2065858821941,-20.5730754223263,-18.6467611594567,-36.8038554906967,-6.68898606980373,1.33625915204232,2.36971630453884
0.174303464315102,0.850158623432291,1.75884263453202,0.393992923123039,0.166535384013708,5.6127626385691e-09,3.89056156009095e-09,2.67054528194246e-08,3.47595440323222e-16,0.00416673310907226,-2.95532054357697,-1.37069542361758,-0.643707093787553,-2.13978542397411,-3.00091056805318,-20.2065858821941,-20.5730754223263,-18.6467611594567,-36.8038554906967,-6.68898606980373,1.20836309251194,2.22078868070164
0.12466188694178,0.608033687760233,1.25792474932133,0.28178384997234,0.119106153714721,4.01424942544718e-09,2.78253072737162e-09,1.90997474042501e-08,2.48600357160529e-16,0.00298004869725778,-2.95532054357697,-1.37069542361758,-0.643707093787553,-2.13978542397411,-3.00091056805318,-20.2065858821941,-20.5730754223263,-18.6467611594567,-36.8038554906967,-6.68898606980373,0.873170432567056,2.69977356345794
0.258802111737671,1.26229761365222,2.61149248994988,0.584992391944706,0.247268229757482,8.3337117208297e-09,5.7766238413754e-09,3.96516937384761e-08,5.16102386946313e-16,0.00618667753915514,-2.95532054357697,-1.37069542361758,-0.643707093787553,-2.13978542397411,-3.00091056805318,-20.2065858821941,-20.5730754223263,-18.6467611594567,-36.8038554906967,-6.68898606980373,1.60362898691653,1.07504006351883
0.185930945196534,1.80422914697022,2.79462868268415,0.878279975669416,0.528195607514762,1.14330520190469e-08,3.9598339457217e-09,3.94013709119132e-08,4.94929289934008e-16,0.00567926579990833,-3.50643615203706,-1.23392278027297,-0.796356968227544,-1.9538460727325,-2.46234481055349,-20.1108135919424,-21.1711199609068,-18.8735214419782,-37.0661729855951,-6.99498953063242,1.82405621544896,1.20834375654472
0.314233380999437,3.04924510737523,4.72307403519947,1.48434079075423,0.892679222401487,1.93224779623963e-08,6.69233412246249e-09,6.65904537008406e-08,8.36457341553459e-16,0.00959826720621078,-3.50643615203706,-1.23392278027297,-0.796356968227543,-1.95384607273249,-2.46234481055349,-20.1108135919424,-21.1711199609068,-18.8735214419782,-37.0661729855951,-6.99498953063242,2.34881683447906,0.627448496425964
0.0250452421293721,0.243033002359964,0.376441651202974,0.118305936780822,0.0711489250371682,1.54005324822107e-09,5.33396954755843e-10,5.3074375202846e-09,6.66678905451319e-17,0.000765007604976225,-3.50643615203706,-1.23392278027297,-0.796356968227543,-1.95384607273249,-2.46234481055349,-20.1108135919424,-21.1711199609068,-18.8735214419782,-37.0661729855951,-6.99498953063242,-0.180635252409336,0.310212143291403
0.0285232343328776,0.276782601706468,0.428717493504503,0.134734890576783,0.0810292610023317,1.7539179480562e-09,6.0746892580853e-10,6.04447277116341e-09,7.59259525092522e-17,0.000871242971836957,-3.50643615203706,-1.23392278027297,-0.796356968227543,-1.95384607273249,-2.46234481055349,-20.1108135919424,-21.1711199609068,-18.8735214419782,-37.0661729855951,-6.99498953063242,-0.0506001320478099,0.270919284458157
0.00303675711984386,0.0294679602800931,0.0456438735385893,0.0143446964490563,0.00862686827141784,1.86732779116927e-10,6.46748389051588e-11,6.43531357955962e-10,8.08353899044443e-18,9.27578291775331e-05,-3.50643615203706,-1.23392278027297,-0.796356968227543,-1.95384607273249,-2.46234481055349,-20.1108135919424,-21.1711199609068,-18.8735214419782,-37.0661729855951,-6.99498953063242,-2.29052891778916,0.332667068577223
0.129825099137809,1.25979151897034,1.95133169144776,0.613253403254143,0.368809221279844,7.98305580736733e-09,2.76492885048895e-09,2.75117564717251e-08,3.45581226750444e-16,0.00396551119946014,-3.50643615203706,-1.23392278027297,-0.796356968227543,-1.95384607273249,-2.46234481055349,-20.1108135919424,-21.1711199609068,-18.8735214419782,-37.0661729855951,-6.99498953063242,1.4648690264115,0.851591712230432
0.0349120304357337,0.338777941592674,0.524744073792092,0.164913576969423,0.0991786553125099,2.14677045631311e-09,7.43533267619101e-10,7.39834812882985e-09,9.29322787847277e-17,0.00106638892331472,-3.50643615203706,-1.23392278027297,-0.796356968227543,-1.95384607273249,-2.46234481055349,-20.1108135919424,-21.1711199609068,-18.8735214419782,-37.0661729855951,-6.99498953063242,0.151512354489509,0.647906309756687
0.122484467612919,1.1885597972127,1.84099858155695,0.57857854227141,0.347955837655442,7.53167412914263e-09,2.6085929491974e-09,2.59561738594056e-08,3.26041211265446e-16,0.00374129140901607,-3.50643615203706,-1.23392278027297,-0.796356968227543,-1.95384607273249,-2.46234481055349,-20.1108135919424,-21.1711199609068,-18.8735214419782,-37.0661729855951,-6.99498953063242,1.40666510000396,0.643345669079763
0.178880616198434,3.14871219640686,4.41696379536913,0.71850486798053,0.826200603812361,2.4253505342027e-08,1.00461007415813e-08,9.00300350682442e-08,4.31990194236572e-16,0.011410744153576,-3.95112340183094,-1.0830932148606,-0.744634221643791,-2.56066955585523,-2.42100443075728,-19.7647914373909,-20.6461680212079,-18.4532092568771,-37.6082155420011,-6.70328665538368,2.23008675756829,1.11459394695138
0.0753265476478787,1.32592130065669,1.85998148296707,0.302562079242446,0.347912705537308,1.02131402753423e-08,4.23040853876901e-09,3.79116075874054e-08,1.81910877998543e-16,0.00480505927052827,-3.95112340183094,-1.0830932148606,-0.744634221643791,-2.56066955585523,-2.42100443075728,-19.7647914373909,-20.6461680212079,-18.4532092568771,-37.6082155420011,-6.70328665538368,1.3652007539253,3.19168382335693
0.177410572605753,1.02723991436043,3.20563582914508,1.04681304991598,0.852507315362358,2.164329436298e-08,2.51864170999981e-08,1.80173624150267e-07,3.78516887655348e-16,0.00889701005632852,-3.57277107170175,-1.81660694773465,-0.678572001046051,-1.79773210029074,-2.00305594716246,-19.4920526180379,-19.3404434500836,-17.372827330722,-37.3537534430628,-6.56552246578598,1.84348245837139,1.48388935558144
0.0690548315420802,0.399840202292207,1.24775338310188,0.407458798854331,0.331827738257521,8.42437981175182e-09,9.8034957243159e-09,7.01303145651383e-08,1.47332932468226e-16,0.00346304913875261,-3.57277107170175,-1.81660694773465,-0.678572001046051,-1.79773210029074,-2.00305594716246,-19.4920526180379,-19.3404434500836,-17.372827330722,-37.3537534430628,-6.56552246578598,0.899916641771914,2.85727378339181
0.365081648636558,2.1138900346902,6.59666893716321,2.15416831400947,1.75431921331347,4.45383241365337e-08,5.18294853742959e-08,3.70767552234766e-07,7.78925220477602e-16,0.0183085768316557,-3.57277107170175,-1.81660694773465,-0.678572001046051,-1.79773210029074,-2.00305594716246,-19.4920526180379,-19.3404434500836,-17.372827330722,-37.3537534430628,-6.56552246578598,2.56513681618082,2.75016930590626
0.242139307520136,1.40203121982491,4.37522087004277,1.4287456676721,1.1635469519419,2.95399097840266e-08,3.43757505876462e-08,2.45910466013142e-07,5.166198142273e-16,0.0121431086231059,-3.57277107170175,-1.81660694773465,-0.678572001046051,-1.79773210029074,-2.00305594716246,-19.4920526180379,-19.3404434500836,-17.372827330722,-37.3537534430628,-6.56552246578598,2.15452900416253,6.75827500612746
0.113413062551024,0.656682535607182,2.04926330751748,0.669195032548466,0.544981418312954,1.3835885096057e-08,1.61008932897477e-08,1.15179395487371e-07,2.4197407643609e-16,0.00568758187978902,-3.57277107170175,-1.81660694773465,-0.678572001046051,-1.79773210029074,-2.00305594716246,-19.4920526180379,-19.3404434500836,-17.372827330722,-37.3537534430628,-6.56552246578598,1.39605236742371,2.02408818955823
0.171652109389083,0.993897350979587,3.10158602119372,1.01283517388451,0.824836292461344,2.09407876710382e-08,2.43689063152698e-08,1.74325476703108e-07,3.66230835350589e-16,0.00860822735079295,-3.57277107170175,-1.81660694773465,-0.678572001046051,-1.79773210029074,-2.00305594716246,-19.4920526180379,-19.3404434500836,-17.372827330722,-37.3537534430628,-6.56552246578598,1.81048560144431,2.16313336400657
0.0738682269987276,0.427710649154792,1.33472673936269,0.43586029209353,0.354957446810137,9.01159247457974e-09,1.04868382323623e-08,7.50186754511595e-08,1.5760262181393e-16,0.00370443738948581,-3.57277107170175,-1.81660694773465,-0.678572001046051,-1.79773210029074,-2.00305594716246,-19.4920526180379,-19.3404434500836,-17.372827330722,-37.3537534430628,-6.56552246578598,0.967298582330519,0.269221651385715
0.0890706133432746,0.811524963247768,0.891400418552989,0.396889211816045,0.224340188454859,8.74097496595844e-09,6.9735009143192e-09,6.02453160095022e-08,5.53208274786178e-17,0.0059757879792092,-3.30176324304984,-1.09227755821184,-0.998398976493363,-1.80753552824527,-2.37802910829336,-19.4386815289005,-19.6645858825856,-17.5082784377479,-38.3168196367402,-6.00347673806354,0.883437427569218,0.603713216225021
0.152268168640982,1.38731973792463,1.52386858206267,0.678490819454483,0.383514476508018,1.49428885717183e-08,1.19213528837766e-08,1.02990690123689e-07,9.45721688859215e-17,0.0102157407210633,-3.30176324304984,-1.09227755821184,-0.998398976493363,-1.80753552824527,-2.37802910829336,-19.4386815289005,-19.6645858825856,-17.5082784377479,-38.3168196367402,-6.00347673806354,1.41965119779726,0.444156439252659
0.0136943861630329,0.124769952855558,0.13705060624774,0.0610207331749677,0.0344917482576242,1.34390324858223e-09,1.07215849138599e-09,9.26256810165288e-09,8.50544018857277e-18,0.00091876259906635,-3.30176324304984,-1.09227755821184,-0.998398976493363,-1.80753552824527,-2.37802910829336,-19.4386815289005,-19.6645858825856,-17.5082784377479,-38.3168196367402,-6.00347673806354,-0.989006056198215,1.8179201547503
0.0253389742916113,0.230864135868092,0.253587254442671,0.112907783581396,0.0638207154353466,2.48664886916671e-09,1.98383455281107e-09,1.71386999174632e-08,1.57377722309937e-17,0.00170000331527677,-3.30176324304984,-1.09227755821184,-0.998398976493363,-1.80753552824527,-2.37802910829336,-19.4386815289005,-19.6645858825856,-17.5082784377479,-38.3168196367402,-6.00347673806354,-0.37364833969552,0.570749765156183
0.0245776392112605,0.223927589684001,0.245967969205819,0.109515355162791,0.06190315756758,2.41193499184777e-09,1.92422823957655e-09,1.66237503647069e-08,1.52649149658126e-17,0.00164892499830396,-3.30176324304984,-1.09227755821184,-0.998398976493363,-1.80753552824527,-2.37802910829336,-19.4386815289005,-19.6645858825856,-17.5082784377479,-38.3168196367402,-6.00347673806354,-0.40415498151442,0.349112421825216
0.026337164182133,0.239958673155019,0.263576934010467,0.11735561192816,0.0663348342872099,2.58460657392278e-09,2.06198466150505e-09,1.78138526208605e-08,1.63577375444875e-17,0.00176697232924054,-3.30176324304984,-1.09227755821184,-0.998398976493363,-1.80753552824527,-2.37802910829336,-19.4386815289005,-19.6645858825856,-17.5082784377479,-38.3168196367402,-6.00347673806354,-0.335011007443017,0.957570537041072
0.0450450862418514,0.410407098197793,0.450801978594141,0.200716129637655,0.113454064782471,4.42051487466481e-09,3.52666203029865e-09,3.04674611912339e-08,2.79770325049981e-17,0.00302209533293645,-3.30176324304984,-1.09227755821184,-0.998398976493363,-1.80753552824527,-2.37802910829336,-19.4386815289005,-19.6645858825856,-17.5082784377479,-38.3168196367402,-6.00347673806354,0.201671868740287,0.927162596546663
0.0387412785790103,0.352972922212135,0.387714765222454,0.172627030878419,0.0975768035176956,3.80188856343965e-09,3.03312542096716e-09,2.6203710550522e-08,2.40618034178196e-17,0.00259917000840014,-3.30176324304984,-1.09227755821184,-0.998398976493363,-1.80753552824527,-2.37802910829336,-19.4386815289005,-19.6645858825856,-17.5082784377479,-38.3168196367402,-6.00347673806354,0.0509136256064759,0.407134137061806
0.116072686103218,1.05754163790201,1.1616316211523,0.517207585888434,0.292349713305569,1.13908325695434e-08,9.08754248215124e-09,7.85088975126958e-08,7.20915327948695e-17,0.00778736932748991,-3.30176324304984,-1.09227755821184,-0.998398976493363,-1.80753552824527,-2.37802910829336,-19.4386815289005,-19.6645858825856,-17.5082784377479,-38.3168196367402,-6.00347673806354,1.14822456327762,0.371900022369866
0.10279012485973,0.936523833933203,1.02870247418135,0.458021900902642,0.258895219385748,1.00873438996531e-08,8.04762651549019e-09,6.95248783228255e-08,6.38418727617308e-17,0.00689623624966949,-3.30176324304984,-1.09227755821184,-0.998398976493363,-1.80753552824527,-2.37802910829336,-19.4386815289005,-19.6645858825856,-17.5082784377479,-38.3168196367402,-6.00347673806354,1.02669725079876,0.620035441793549
0.0257728787546576,0.234817452121452,0.257929681259481,0.114841215876043,0.0649135810321743,2.52923023137749e-09,2.01780572530226e-09,1.74321829250789e-08,1.60072657602442e-17,0.00172911416314311,-3.30176324304984,-1.09227755821184,-0.998398976493363,-1.80753552824527,-2.37802910829336,-19.4386815289005,-19.6645858825856,-17.5082784377479,-38.3168196367402,-6.00347673806354,-0.356669307974373,0.70965562653321
0.0501759069024213,0.553573314687925,1.16477005963528,0.346738281407966,0.403924378953575,1.02851622517605e-08,6.5575559171626e-09,3.72143462386029e-08,2.54025794317704e-17,0.0113587823336265,-3.92065333581168,-1.51979410521289,-0.775909332301974,-1.98761804200049,-1.83496062548475,-19.3209965645289,-19.7710809031517,-18.0350045245717,-39.1401139787278,-5.40619708651087,0.928433026135265,0.885791443272783
0.0720961371920518,0.795411585070395,1.67362041268072,0.498217017875538,0.580385871188828,1.47784168642432e-08,9.42233992835895e-09,5.34720900441035e-08,3.65001444878028e-17,0.0163210668230148,-3.92065333581168,-1.51979410521289,-0.775909332301974,-1.98761804200049,-1.83496062548475,-19.3209965645289,-19.7710809031517,-18.0350045245717,-39.1401139787278,-5.40619708651087,1.29089852398552,0.524367000647752
0.0535449475224289,0.590742767089908,1.24297806595018,0.370019880619453,0.431045715150894,1.09757552384889e-08,6.99786031058105e-09,3.9713088201926e-08,2.71082251737605e-17,0.0121214630989235,-3.92065333581168,-1.51979410521289,-0.775909332301974,-1.98761804200049,-1.83496062548475,-19.3209965645289,-19.7710809031517,-18.0350045245717,-39.1401139787278,-5.40619708651087,0.99341949861707,0.614193998272258
0.171961629251572,1.89719279591805,3.99187118925135,1.18833287678805,1.38431965832459,3.5249054120119e-08,2.2473893727851e-08,1.27540088576125e-07,8.7059093017986e-17,0.0389285383561273,-3.92065333581168,-1.51979410521289,-0.775909332301974,-1.98761804200049,-1.83496062548475,-19.3209965645289,-19.7710809031517,-18.0350045245717,-39.1401139787278,-5.40619708651087,2.16016942300899,0.786599798649204
0.137976977178848,1.5222519596119,3.20296058124957,0.953483512194403,1.11073756823653,2.82828091189605e-08,1.80323944097502e-08,1.02334433370086e-07,6.9853667605002e-17,0.0312351195539758,-3.92065333581168,-1.51979410521289,-0.775909332301974,-1.98761804200049,-1.83496062548475,-19.3209965645289,-19.7710809031517,-18.0350045245717,-39.1401139787278,-5.40619708651087,1.9399848960314,1.98546896960281
0.0270438780596146,0.298365692693728,0.627789339643139,0.186885467147279,0.217707707226293,5.5435106394966e-09,3.53440034353006e-09,2.00578385897892e-08,1.36915165656791e-17,0.00612217184103305,-3.92065333581168,-1.51979410521289,-0.775909332301974,-1.98761804200049,-1.83496062548475,-19.3209965645289,-19.7710809031517,-18.0350045245717,-39.1401139787278,-5.40619708651087,0.310358717085175,3.34804088771408
0.0330525641965151,0.364657435226495,0.767273369769749,0.228408214482578,0.266078627973066,6.77518368046645e-09,4.31968351555187e-09,2.45143465064785e-08,1.67335368558162e-17,0.00748241348196368,-3.92065333581168,-1.51979410521289,-0.775909332301974,-1.98761804200049,-1.83496062548475,-19.3209965645289,-19.7710809031517,-18.0350045245717,-39.1401139787278,-5.40619708651087,0.510997205488753,2.09718564761065
0.0619144526921367,0.467794029969326,1.26232986330068,0.181692735225532,0.183053532518274,7.3257926837341e-09,8.33831705993677e-09,1.3110147004359e-08,2.64414922612671e-17,0.00748303938514957,-3.55408369307319,-1.53180923789707,-0.539122939709806,-2.47752033768132,-2.47005869255022,-19.5039465227428,-19.3744864833668,-18.9219613771405,-38.9436792720224,-5.66719828566835,0.772082051053966,0.883683765228154
0.0144718386135577,0.109341832346709,0.29505605338383,0.042468726236091,0.0427867979939769,1.71232539133542e-09,1.9489920939801e-09,3.06435611391904e-09,6.18041494462394e-18,0.00174908011961695,-3.55408369307319,-1.53180923789707,-0.539122939709806,-2.47752033768132,-2.47005869255022,-19.5039465227428,-19.3744864833668,-18.9219613771405,-38.9436792720224,-5.66719828566835,-0.681466989511794,1.5016255086446
0.225768985121286,1.70579531595188,4.60304371166444,0.662536494342436,0.667498596248849,2.67132584961967e-08,3.04053948373271e-08,4.7805713452441e-08,9.64180189495042e-17,0.0272866533442262,-3.55408369307319,-1.53180923789707,-0.539122939709806,-2.47752033768132,-2.47005869255022,-19.5039465227428,-19.3744864833668,-18.9219613771405,-38.9436792720224,-5.66719828566835,2.0658407008423,4.06235770258905
0.0384941128651951,0.290841885929982,0.784829165374724,0.112963942220972,0.113809991605175,4.55466984093191e-09,5.18418727864733e-09,8.15098020771472e-09,1.64394861485817e-17,0.00465243493468255,-3.55408369307319,-1.53180923789707,-0.539122939709806,-2.47752033768132,-2.47005869255022,-19.5039465227428,-19.3744864833668,-18.9219613771405,-38.9436792720224,-5.66719828566835,0.296833731100132,0.517404076501972
0.0221804375056421,0.167584074413773,0.452221208893967,0.0650902040423093,0.065577700547521,2.62441610537714e-09,2.98714617360489e-09,4.69662225338378e-09,9.47248729748427e-18,0.00268074868173143,-3.55408369307319,-1.53180923789707,-0.539122939709806,-2.47752033768132,-2.47005869255022,-19.5039465227428,-19.3744864833668,-18.9219613771405,-38.9436792720224,-5.66719828566835,-0.254460878949432,1.42422418782546
0.0217217190474313,0.22275595565147,0.361625425752043,0.0270065145682314,0.048673503027864,1.7326294300273e-09,1.86393566099551e-09,2.62577423048035e-09,4.94011856880811e-18,0.000568603829794743,-3.44723261748693,-1.11946845232607,-0.634936314625133,-3.22946713804518,-2.64041045890088,-19.7914156568373,-19.7183656141809,-19.3756800157145,-39.4669323174668,-7.09011659955745,-0.382210023731171,0.892218602944989
0.0134145863012148,0.137566413812428,0.223327420443642,0.0166782941801007,0.0300590807534147,1.07001232114152e-09,1.1511025315141e-09,1.62158781933284e-09,3.05084725268771e-18,0.000351150161243102,-3.44723261748693,-1.11946845232607,-0.634936314625133,-3.22946713804518,-2.64041045890088,-19.7914156568373,-19.7183656141809,-19.3756800157145,-39.4669323174668,-7.09011659955745,-0.864180016616073,0.449923990406573
0.0153295677736065,0.0652587377076424,0.141140291357353,0.0158726253949756,0.0333746618830052,9.02839282458223e-10,1.32593396436967e-09,1.02259189254728e-09,2.94053002511428e-18,0.000247648274464988,-2.87315983796392,-1.42458338717729,-0.653188965757927,-2.83834738347154,-2.09514634982021,-19.5206646167869,-19.1363368037099,-19.3961134182487,-39.0631298848006,-6.998689123251,-1.30481194333912,0.114097247121678
0.0023450627555074,0.0099830495895068,0.0215911397797829,0.0024281377789376,0.00510553707158274,1.38113142312277e-10,2.02836661935058e-10,1.56432470680958e-10,4.49831824692367e-19,3.78843522198597e-05,-2.87315983796392,-1.42458338717729,-0.653188965757927,-2.83834738347154,-2.09514634982021,-19.5206646167869,-19.1363368037099,-19.3961134182487,-39.0631298848006,-6.998689123251,-3.18228327806765,0.207389755353494
0.00219789077544331,0.0346528313048139,0.0500396065454984,0.00404796937408654,0.00709332550582311,3.30413288511686e-10,1.00494872322215e-09,4.00343070371724e-10,2.73369388353677e-18,9.5037333245384e-05,-3.79876095734885,-1.04087968555826,-0.673444296626602,-3.18804375312815,-2.62710484709227,-19.5091806960366,-18.396833158819,-19.3172031008976,-38.1193817487914,-6.93974460244287,-2.32149615958753,0.608415379540028
0.129004471701902,2.03393646554206,2.93705814624525,0.237594222790342,0.416340393122479,1.93934986233067e-08,5.89851327350998e-08,2.34980040272496e-08,1.60453257814529e-16,0.00557818482349539,-3.79876095734885,-1.04087968555826,-0.673444296626602,-3.18804375312815,-2.62710484709227,-19.5091806960366,-18.396833158819,-19.3172031008976,-38.1193817487914,-6.93974460244287,1.75085274648342,2.98361581518702
0.0920973354204613,1.45204368825125,2.09678955834334,0.169620436730669,0.297228772992388,1.38451754743366e-08,4.21099631869955e-08,1.67754150694068e-08,1.14548878107088e-16,0.00398231124820153,-3.79876095734885,-1.04087968555826,-0.673444296626602,-3.18804375312815,-2.62710484709227,-19.5091806960366,-18.396833158819,-19.3172031008976,-38.1193817487914,-6.93974460244287,1.41385168983553,1.11032486646996
0.155473978474231,1.0958477265529,2.29587946752693,0.264518772744206,0.184502880985199,1.22298650276305e-08,2.97111737419272e-08,9.30195949475128e-09,4.14611337904821e-17,0.0013041271565117,-3.24695282346366,-1.29414767784956,-0.554559940738422,-2.71551897684012,-3.07576612162356,-19.6050608445751,-18.71741856272,-19.8787166817167,-39.1074511417444,-8.0278972286654,1.38567592109602,1.4633126639277
0.11145726607675,0.785598933253338,1.64588602673925,0.189630055944912,0.132267707430557,8.76743062629791e-09,2.12995526949572e-08,6.66845336188192e-09,2.97229457049975e-17,0.000934911738335245,-3.24695282346366,-1.29414767784956,-0.554559940738422,-2.71551897684012,-3.07576612162356,-19.6050608445751,-18.71741856272,-19.8787166817167,-39.1074511417444,-8.0278972286654,1.05283879803168,1.76774758878165
1.17807943844105,8.30361252078153,17.3966629038232,2.00434908985918,1.39804134785054,9.26698645352337e-08,2.25131711562366e-07,7.0484124260024e-08,3.14165172155263e-16,0.0098818169013001,-3.24695282346366,-1.29414767784956,-0.554559940738422,-2.71551897684012,-3.07576612162356,-19.6050608445751,-18.71741856272,-19.8787166817167,-39.1074511417444,-8.0278972286654,3.4108383414288,1.81677067812225
0.369982203512119,2.60780919917489,7.19593543569756,0.475652899401007,0.32670590115097,7.77833483752832e-08,1.21050872812509e-07,1.10143666917012e-08,4.33937238989394e-17,0.00314320104387846,-3.39030559269173,-1.43749473801267,-0.422488875775964,-3.13907211326275,-3.51470011720872,-18.7653436794112,-18.3230601628165,-20.7200705729995,-40.0722220734423,-8.15851877718835,2.39600521957519,0.514478036111197
0.185201164332185,1.78531472607217,3.38405466349291,0.367848885120836,0.248931270351983,7.67726725757358e-08,7.25655414463544e-08,1.11209816884836e-08,1.26754667412513e-17,0.00210047344500456,-3.47363754471101,-1.2077301579952,-0.568250279684068,-2.78740793821882,-3.17790331811353,-18.1697419607626,-18.226100538328,-20.1017571454941,-40.6941881761382,-7.95291738447265,1.78732487481203,1.1170817727404
0.166409051888874,1.60416124790683,3.0406791994132,0.330523754707842,0.223672549976338,6.89826529998924e-08,6.52024137938538e-08,9.9925506706573e-09,1.13893042209888e-17,0.00188734123654871,-3.47363754471101,-1.2077301579952,-0.568250279684068,-2.78740793821882,-3.17790331811353,-18.1697419607626,-18.226100538328,-20.1017571454941,-40.6941881761382,-7.95291738447265,1.68033119100708,2.42984797949442
0.0652220635776304,0.628732065426456,1.19175831970812,0.129544884120052,0.0876658157085672,2.70369365647075e-08,2.55553164302478e-08,3.91646228222924e-09,4.46390334885364e-18,0.000739721119287825,-3.47363754471101,-1.2077301579952,-0.568250279684068,-2.78740793821882,-3.17790331811353,-18.1697419607626,-18.226100538328,-20.1017571454941,-40.6941881761382,-7.95291738447265,0.743680075847558,3.61199167526545
0.111501770926856,1.07486232247325,2.03739587304081,0.221466221728904,0.149870966434818,4.62215719963191e-08,4.36886366708904e-08,6.69547168983735e-09,7.6313612501861e-18,0.00126460602851697,-3.47363754471101,-1.2077301579952,-0.568250279684068,-2.78740793821882,-3.17790331811353,-18.1697419607626,-18.226100538328,-20.1017571454941,-40.6941881761382,-7.95291738447265,1.27992273925499,3.7568673329176
0.113185087614706,1.0910892726779,2.06815397171797,0.224809646534918,0.152133534075913,4.69193684782342e-08,4.4348194008556e-08,6.79655169183949e-09,7.74657016244522e-18,0.00128369749597675,-3.47363754471101,-1.2077301579952,-0.568250279684068,-2.78740793821882,-3.17790331811353,-18.1697419607626,-18.226100538328,-20.1017571454941,-40.6941881761382,-7.95291738447265,1.29490668796773,5.49230483278481
0.119316201710858,1.15019240155163,2.18018364131701,0.236987342571283,0.160374443500709,4.94609400538001e-08,4.67504878367885e-08,7.16471356511486e-09,8.16619351142809e-18,0.00135323400452787,-3.47363754471101,-1.2077301579952,-0.568250279684068,-2.78740793821882,-3.17790331811353,-18.1697419607626,-18.226100538328,-20.1017571454941,-40.6941881761382,-7.95291738447265,1.34765939207339,1.4818531738603
0.177351366525216,1.70964371357069,3.24062065770826,0.35225751785201,0.238380256015,7.35186435905877e-08,6.94898327694621e-08,1.06496160899768e-08,1.21382139038485e-17,0.00201144435114521,-3.47363754471101,-1.2077301579952,-0.568250279684068,-2.78740793821882,-3.17790331811353,-18.1697419607626,-18.226100538328,-20.1017571454941,-40.6941881761382,-7.95291738447265,1.7440151521639,1.03845769443245
0.131833205040853,1.2708546579252,2.40889831297992,0.26184877223127,0.177198708894348,5.46496968402287e-08,5.16549015169192e-08,7.91633607963579e-09,9.02287743121651e-18,0.00149519657371847,-3.47363754471101,-1.2077301579952,-0.568250279684068,-2.78740793821882,-3.17790331811353,-18.1697419607626,-18.226100538328,-20.1017571454941,-40.6941881761382,-7.95291738447265,1.44741979112655,0.882195835547287
0.0169771461672284,0.163657443344514,0.310211822194393,0.0337202215367669,0.0228192008273732,7.03764951298706e-09,6.65198735807699e-09,1.01944570558861e-09,1.16194329760307e-18,0.000192547626926702,-3.47363754471101,-1.2077301579952,-0.568250279684068,-2.78740793821882,-3.17790331811353,-18.1697419607626,-18.226100538328,-20.1017571454941,-40.6941881761382,-7.95291738447265,-0.602249637758991,0.293842104650605
0.0377510885718197,0.170297461009851,0.597013222575274,0.0481210761582063,0.0321282728048924,7.14392427813475e-09,1.83256517144336e-08,1.27251948808124e-09,1.32673430045145e-18,0.000819715248976211,-3.15585032910783,-1.6493179620955,-0.394925379212081,-2.9131443858178,-3.31712822550536,-18.6361129545382,-17.6940733873251,-20.3613764145671,-41.0429205260688,-6.98566289710442,-0.120890638255433,0.274291964635301
0.013986689535721,0.0630948088115363,0.221191994953859,0.0178287455491293,0.0119034495173848,2.64680714451128e-09,6.78961086332406e-09,4.71465477719572e-10,4.91551938204461e-19,0.000303702572001723,-3.15585032910783,-1.6493179620955,-0.394925379212081,-2.9131443858178,-3.31712822550536,-18.6361129545382,-17.6940733873251,-20.3613764145671,-41.0429205260688,-6.98566289710442,-1.11379881995457,0.325012587748042
0.00647532410042567,0.0292105816080109,0.102403778398598,0.00825405507427548,0.00551086040347635,1.22537459977653e-09,3.14334072716141e-09,2.18271218689696e-10,2.27570512946416e-19,0.000140603148359126,-3.15585032910783,-1.6493179620955,-0.394925379212081,-2.9131443858178,-3.31712822550536,-18.6361129545382,-17.6940733873251,-20.3613764145671,-41.0429205260688,-6.98566289710442,-1.88390628942157,0.304549244724009
0.0221131667396467,0.0997538426868147,0.3497078742899,0.0281875151428609,0.0188195329053844,4.18464194581471e-09,1.07344769993325e-08,7.45394018661374e-10,7.77151015109841e-19,0.000480158338882257,-3.15585032910783,-1.6493179620955,-0.394925379212081,-2.9131443858178,-3.31712822550536,-18.6361129545382,-17.6940733873251,-20.3613764145671,-41.0429205260688,-6.98566289710442,-0.655731738682575,0.525695828225297
0.00666686402031864,0.0300746298586394,0.10543287952265,0.00849820981050172,0.00567387151208693,1.26162114883569e-09,3.23632066480457e-09,2.24727675709356e-10,2.34302042850362e-19,0.000144762185861455,-3.15585032910783,-1.6493179620955,-0.394925379212081,-2.9131443858178,-3.31712822550536,-18.6361129545382,-17.6940733873251,-20.3613764145671,-41.0429205260688,-6.98566289710442,-1.85475536237879,0.213091431746606
0.106827191656696,0.481903971360664,1.68941475232687,0.136171952119986,0.0909158725316571,2.02157181928499e-08,5.18575220475369e-08,3.60094737351788e-09,3.75436324497509e-18,0.00231961199846474,-3.15585032910783,-1.6493179620955,-0.394925379212081,-2.9131443858178,-3.31712822550536,-18.6361129545382,-17.6940733873251,-20.3613764145671,-41.0429205260688,-6.98566289710442,0.919307547772932,0.983693104483045
0.271208659703042,0.57434507933775,1.73676166930748,0.176905480947067,0.0931003053875543,3.38151336493444e-08,6.47559028684821e-08,1.5889936308815e-08,5.23167562631844e-18,0.00716624933492085,-2.35550922578814,-1.60516731320662,-0.498620163804092,-2.78278212840991,-3.42472024791533,-18.2529998269796,-17.6032834099508,-19.0082222980825,-40.8424424931086,-5.9890152999697,1.05064243342087,3.25770729090733
0.332055117770308,0.703201082034455,2.12640924250836,0.216594744336007,0.1139876318985,4.14016580394089e-08,7.92840795602194e-08,1.94548901136253e-08,6.40541739388175e-18,0.00877401838674343,-2.35550922578814,-1.60516731320662,-0.498620163804092,-2.78278212840991,-3.42472024791533,-18.2529998269796,-17.6032834099508,-19.0082222980825,-40.8424424931086,-5.9890152999697,1.25305491932358,4.40120173432005
0.200429649410197,0.424454672716507,1.28350817731822,0.13073735758949,0.0688033397946861,2.49901879590353e-08,4.78561522459568e-08,1.17430408269904e-08,3.86633270766137e-18,0.00529602868638834,-2.35550922578814,-1.60516731320662,-0.498620163804092,-2.78278212840991,-3.42472024791533,-18.2529998269796,-17.6032834099508,-19.0082222980825,-40.8424424931086,-5.9890152999697,0.74821725622171,5.14334966274815
0.289668867533658,0.613438703939102,1.85497685241693,0.188946807165167,0.0994373116926991,3.61168093984537e-08,6.9163606614079e-08,1.69715076974173e-08,5.58777715887995e-18,0.00765403041179908,-2.35550922578814,-1.60516731320662,-0.498620163804092,-2.78278212840991,-3.42472024791533,-18.2529998269796,-17.6032834099508,-19.0082222980825,-40.8424424931086,-5.9890152999697,1.1164923813042,4.35074387827421
0.226063739154604,0.478740598999697,1.44766335047685,0.147458103084269,0.0776029909051977,2.81863254704094e-08,5.39767482012197e-08,1.32449252204277e-08,4.36082002479025e-18,0.00597336796745442,-2.35550922578814,-1.60516731320662,-0.498620163804092,-2.78278212840991,-3.42472024791533,-18.2529998269796,-17.6032834099508,-19.0082222980825,-40.8424424931086,-5.9890152999697,0.868570937972377,2.48765495560167
0.148793872021406,0.338045290069946,1.69556289459129,0.250656672500219,0.0349735966300198,1.71078106974466e-08,2.44271179261189e-08,6.3411145791801e-09,2.6739056873778e-18,0.00269100280721739,-2.80970431282452,-1.98908637092727,-0.376496195834869,-2.28818208758163,-4.25767285692295,-18.7882416845326,-18.4320829041112,-19.7807222555575,-41.3675024388168,-6.82235233679198,0.904510972741503,1.12885297593559
1.88141973184778,4.27440371270334,21.4394950755368,3.1694209119941,0.442222612393192,2.16319208429915e-07,3.08867973082664e-07,8.01800365102454e-08,3.38101217005015e-17,0.0340263057286943,-2.80970431282452,-1.98908637092727,-0.376496195834869,-2.28818208758163,-4.25767285692295,-18.7882416845326,-18.4320829041112,-19.7807222555575,-41.3675024388168,-6.82235233679198,3.44173098117885,0.25612836974352
1.81229548844418,4.11736011544502,20.6517979705446,3.05297490111169,0.425975146195088,2.08371539250482e-07,2.97520018881091e-07,7.72341843614532e-08,3.25679219710262e-17,0.0327761632966249,-2.80970431282452,-1.98908637092727,-0.376496195834869,-2.28818208758163,-4.25767285692295,-18.7882416845326,-18.4320829041112,-19.7807222555575,-41.3675024388168,-6.82235233679198,3.40429858024315,0.282698323548696
0.870878860574419,1.97855256429049,9.9239966109726,1.46707384099099,0.204697717517286,1.00130673963318e-07,1.42970004998291e-07,3.71140461933388e-08,1.5650160229529e-17,0.01575022833074,-2.80970431282452,-1.98908637092727,-0.376496195834869,-2.28818208758163,-4.25767285692295,-18.7882416845326,-18.4320829041112,-19.7807222555575,-41.3675024388168,-6.82235233679198,2.67145192016624,0.230973055813264
0.0120236190167623,0.0273164998194764,0.13701372231641,0.0202548686529134,0.00282611908550095,1.38243460730289e-09,1.97388747017032e-09,5.1240783512059e-10,2.16070882725327e-19,0.000217452453434138,-2.80970431282452,-1.98908637092727,-0.376496195834869,-2.28818208758163,-4.25767285692295,-18.7882416845326,-18.4320829041112,-19.7807222555575,-41.3675024388168,-6.82235233679198,-1.61117799944161,0.192818208969491
0.010209804753546,0.0231956891946022,0.116344617328352,0.0171993352389712,0.00239978695540905,1.1738884445216e-09,1.67611811783242e-09,4.35108925480336e-10,1.83475667557035e-19,0.000184648822425839,-2.80970431282452,-1.98908637092727,-0.376496195834869,-2.28818208758163,-4.25767285692295,-18.7882416845326,-18.4320829041112,-19.7807222555575,-41.3675024388168,-6.82235233679198,-1.77470245722501,0.107824391761593
0.0247967937252068,0.0563359176944882,0.282568917483685,0.0417724313467725,0.00582841920625888,2.85105056539855e-09,4.07082762405789e-09,1.0567593145584e-09,4.45611683262237e-19,0.000448460952174982,-2.80970431282452,-1.98908637092727,-0.376496195834869,-2.28818208758163,-4.25767285692295,-18.7882416845326,-18.4320829041112,-19.7807222555575,-41.3675024388168,-6.82235233679198,-0.887336606618662,0.339081236317589
0.0146818846767273,0.0333558223661507,0.16730567289052,0.0247329564659154,0.00345093722931317,1.68807290460899e-09,2.41028829684937e-09,6.25694537743081e-10,2.63841342423552e-19,0.000265528360432957,-2.80970431282452,-1.98908637092727,-0.376496195834869,-2.28818208758163,-4.25767285692295,-18.7882416845326,-18.4320829041112,-19.7807222555575,-41.3675024388168,-6.82235233679198,-1.41143656723852,0.249077327397702
0.00527574337045516,0.119813827877283,0.34336108590805,0.0576384783921162,0.00871158847861159,2.91502585459408e-09,3.4545922859638e-09,4.92961946742671e-10,3.26980268727328e-19,0.000148493781310165,-4.61905224249151,-1.49623273152832,-0.443389213203243,-2.22798146292231,-4.11751768687461,-19.0278037039345,-18.8579779498989,-20.8050056882513,-41.9388036803334,-8.18938403354938,-0.62558344374822,0.952906398697915
0.0103267502017513,0.395931530980988,0.565459573942621,0.133316377469498,0.0316871730543817,1.1813938249965e-08,5.55441559551622e-09,1.44830083079543e-09,1.01780955852518e-18,0.000222800584021243,-4.70136180251454,-1.05485814331964,-0.698460632341879,-2.14337435668731,-3.58018747457403,-18.3823299540071,-19.1370167817961,-20.4812189675666,-41.557223006485,-8.53757758771395,0.128344159079627,0.87228907832473
0.100127105718604,3.83891132111814,5.48263775472635,1.29262185683992,0.30723556436968,1.14546727769855e-07,5.38550411961159e-08,1.404257559874e-08,9.86857658768332e-18,0.00216025150164651,-4.70136180251454,-1.05485814331964,-0.698460632341879,-2.14337435668731,-3.58018747457403,-18.3823299540071,-19.1370167817961,-20.4812189675666,-41.557223006485,-8.53757758771395,2.4000469595972,1.59627811757339
0.0461155927830032,1.76808936944885,2.52514130173945,0.595343516070128,0.141503642527598,5.27568455569434e-08,2.48040441325818e-08,6.46759629461362e-09,4.54517541478206e-18,0.000994948149592738,-4.70136180251454,-1.05485814331964,-0.698460632341879,-2.14337435668731,-3.58018747457403,-18.3823299540071,-19.1370167817961,-20.4812189675666,-41.557223006485,-8.53757758771395,1.62475765458837,2.08639514211521
0.011606970155546,0.445015650998957,0.635560294448365,0.149843773142838,0.0356154709633101,1.32785267395693e-08,6.24300334462654e-09,1.62784847031976e-09,1.1439886642971e-18,0.000250421447100969,-4.70136180251454,-1.05485814331964,-0.698460632341879,-2.14337435668731,-3.58018747457403,-18.3823299540071,-19.1370167817961,-20.4812189675666,-41.557223006485,-8.53757758771395,0.245212316669443,1.56271026196054
0.0049866184566788,0.191188848514614,0.273051162547711,0.0643762941369701,0.0153012166369781,5.70475719586477e-09,2.68213627555051e-09,6.99360739106765e-10,4.91483557824901e-19,0.000107586751178577,-4.70136180251454,-1.05485814331964,-0.698460632341879,-2.14337435668731,-3.58018747457403,-18.3823299540071,-19.1370167817961,-20.4812189675666,-41.557223006485,-8.53757758771395,-0.599635460414423,0.792944576189539
0.0133091715800966,0.510278701125417,0.72876736090066,0.171818869200261,0.0408386002207604,1.52258675898623e-08,7.15856089705287e-09,1.86657795338013e-09,1.31175847053768e-18,0.000287146599167428,-4.70136180251454,-1.05485814331964,-0.698460632341879,-2.14337435668731,-3.58018747457403,-18.3823299540071,-19.1370167817961,-20.4812189675666,-41.557223006485,-8.53757758771395,0.382059913588932,1.88936512197264
0.0599629572575129,0.759632531747064,1.6688693685602,0.267162804696384,0.075957295294407,3.22135152631289e-08,2.3390661596771e-08,4.36992078444279e-09,2.28172860340162e-18,0.00169571440448802,-3.85546359591452,-1.31635578294607,-0.529288937126495,-2.36133236044614,-3.61901931010011,-18.292315053245,-18.6123642807524,-20.2899562645891,-41.6630336682536,-7.42108645882851,1.04143530945612,0.53117198748511
0.103328097140754,1.3089978817181,2.87579372527047,0.460374629581923,0.130889521559513,5.55102914630966e-08,4.03067604434208e-08,7.53024233566684e-09,3.93187203507344e-18,0.00292205305948217,-3.85546359591452,-1.31635578294607,-0.529288937126495,-2.36133236044614,-3.61901931010011,-18.292315053245,-18.6123642807524,-20.2899562645891,-41.6630336682536,-7.42108645882851,1.58561765162814,1.74601167398406
0.0605758894003531,0.621749400526809,1.96908230115748,0.328342477531035,0.0390697990169683,1.62855149756047e-08,2.14043863327436e-08,1.59424042667442e-09,3.33225525875388e-18,0.00121789570736175,-3.90912767849031,-1.58048750920353,-0.427701751495404,-2.21896742525129,-4.34767486283997,-19.0382591247558,-18.7649393158357,-21.3621377843935,-41.3481516929867,-7.81590008823399,1.10526934873365,2.14785084367273
0.182800658834901,1.97750351159499,5.53422434714442,1.29667329404558,0.0593632535092164,6.36040445795199e-08,5.93449726138414e-08,2.28544471979439e-09,6.75698075753454e-18,0.0192520421755119,-3.90431112899548,-1.52311691672349,-0.494000692833187,-1.94515013311823,-5.02903198499018,-18.7755408877613,-18.8448505400683,-22.1016573189633,-41.7409076302658,-6.15509024999215,2.20495211315655,1.84122281505358
0.297326137960696,3.18449277262178,5.31614241730668,0.585273414055653,0.0226271797235281,6.6300038389691e-08,2.67841117902029e-08,1.8956354494117e-09,6.2328931225425e-18,0.00451078397932309,-3.4547382053543,-1.0835195490296,-0.571064639501816,-2.77748873678908,-6.03041602297275,-18.7708879310322,-19.6772695391875,-22.325524295425,-41.8585036335537,-7.64309687954645,2.24181257030748,0.836294996928562
0.09480278904799,2.16152037172126,3.05386067322247,0.329386362500693,0.0160785077227557,4.0123663430102e-08,1.72337538421963e-08,9.22729958462147e-10,3.0533802299472e-18,0.00203565956104856,-4.08897114561125,-0.962202845906198,-0.616608111118739,-2.84353855892048,-5.86328651864379,-18.764314261999,-19.6094106392915,-22.5366991894074,-42.0632971206346,-7.92995009977083,1.73301469579476,0.839495262527849
0.24222786391019,5.52283817489125,7.80283106628388,0.841605566575703,0.0410817299750021,1.02518811762016e-07,4.40334659166628e-08,2.35764062480357e-09,7.80160349956917e-18,0.00520125485835169,-4.08897114561125,-0.962202845906198,-0.616608111118739,-2.84353855892048,-5.86328651864379,-18.764314261999,-19.6094106392915,-22.5366991894074,-42.0632971206346,-7.92995009977083,2.67109473617713,0.923929354003414
0.491990783819631,2.67383441471134,7.14326727500893,0.241360503528499,0.0375385189573243,1.37226878488458e-07,6.9226803339981e-08,1.38809025407449e-09,1.98875971084673e-18,0.00849277199202069,-3.06981758762733,-1.37700874031748,-0.394352019662425,-3.7819858908081,-5.64290999387897,-18.1621525263798,-18.8464000107018,-22.7558592453146,-43.1195427832334,-7.12906212400987,2.36052229288813,0.650102391021499
0.15126893767472,1.27648442317916,3.198678359681,0.059815197938208,0.0169003964185821,4.89403363659505e-08,2.33349323662675e-08,7.15694248441099e-10,4.71764623259434e-19,0.00279882131090364,-3.43752284212151,-1.30471710511248,-0.386089148086429,-4.36532236417055,-5.62924506058661,-18.3814907659075,-19.1221412159096,-22.6065949274662,-43.7466336311857,-7.42738377080046,1.54882685997923,0.477923326902261
0.333518046089215,2.81439532283554,7.0524522283794,0.131880663997846,0.0372620266811106,1.07903748189332e-07,5.14489039723198e-08,1.57796406193216e-09,1.04014755297509e-18,0.00617084663457273,-3.43752284212151,-1.30471710511248,-0.386089148086429,-4.36532236417055,-5.62924506058661,-18.3814907659075,-19.1221412159096,-22.6065949274662,-43.7466336311857,-7.42738377080046,2.33946453824313,1.0161188403793
0.0131409219831034,0.309453266469772,0.576523201118119,0.0184303183374121,0.0103097733523984,1.68122887762278e-08,1.29402767801977e-08,1.06968620929505e-10,2.38536459939934e-19,0.000703245589764146,-4.25790463725189,-1.09882873013181,-0.476620230305075,-3.91963876967192,-4.50054349947993,-17.8270362781655,-18.0888016936037,-22.884366121824,-42.8056453173712,-7.18568491684103,-0.0741194649935002,0.579753370290181
0.312654738661721,7.36265159176246,13.7168998499324,0.438502440745414,0.24529477439257,4.00005552151946e-07,3.07880897559944e-07,2.54504564175344e-09,5.67536696737921e-18,0.0167319360365605,-4.25790463725189,-1.09882873013181,-0.476620230305075,-3.91963876967192,-4.50054349947993,-17.8270362781655,-18.0888016936037,-22.884366121824,-42.8056453173712,-7.18568491684103,3.09524886861062,0.629790881343793
0.0467449900535146,1.10078957030235,2.05081282245939,0.0655604719724526,0.0366740060881208,5.98048046120423e-08,4.60312533745989e-08,3.80509611716532e-10,8.48523753632358e-19,0.00250159069059016,-4.25790463725189,-1.09882873013181,-0.476620230305075,-3.91963876967192,-4.50054349947993,-17.8270362781655,-18.0888016936037,-22.884366121824,-42.8056453173712,-7.18568491684103,1.19485644363121,0.44681152224888
0.052986406032326,1.24776758025654,2.32463844323705,0.0743141411224263,0.0415707389218079,6.77899739892946e-08,5.21773708517454e-08,4.31315457817687e-10,9.61819097331415e-19,0.00283560441250604,-4.25790463725189,-1.09882873013181,-0.476620230305075,-3.91963876967192,-4.50054349947993,-17.8270362781655,-18.0888016936037,-22.884366121824,-42.8056453173712,-7.18568491684103,1.32018474896659,0.521093705323534
0.04323638261615,1.01816598927442,1.89688194958325,0.0606396032484173,0.0339213112994081,5.53159474743739e-08,4.25762179203944e-08,3.51949142410004e-10,7.84834858857392e-19,0.00231382512058579,-4.25790463725189,-1.09882873013181,-0.476620230305075,-3.91963876967192,-4.50054349947993,-17.8270362781655,-18.0888016936037,-22.884366121824,-42.8056453173712,-7.18568491684103,1.11683168926531,0.813111800297294
0.179664588742968,4.23088988177141,7.88230871188875,0.251981981838928,0.140956714587726,2.29860047315771e-07,1.76921338466493e-07,1.46249047916221e-09,3.26130503098769e-18,0.00961487556449541,-4.25790463725189,-1.09882873013181,-0.476620230305075,-3.91963876967192,-4.50054349947993,-17.8270362781655,-18.0888016936037,-22.884366121824,-42.8056453173712,-7.18568491684103,2.54124107500574,3.45573575454227
0.144652292840731,1.61885689472097,4.68183453892156,0.303632363459212,0.357593440023447,8.2265496206634e-08,7.12904942497936e-08,5.34542717864915e-10,5.34440325347528e-18,0.0099017187243927,-3.89583440981174,-1.48069173344741,-0.418721984466296,-3.15434965321442,-2.99077059338624,-18.2757260744004,-18.4189148519756,-23.3120214805696,-41.7328937944787,-6.57745894146704,1.96241201308175,3.39723377801072
0.129633407011942,1.45077503167209,4.19573136676675,0.272106974464926,0.32046540739178,7.37240754595979e-08,6.3888580510379e-08,4.79042484217989e-10,4.78950722859628e-18,0.00887364803080072,-3.89583440981174,-1.48069173344741,-0.418721984466297,-3.15434965321442,-2.99077059338624,-18.2757260744004,-18.4189148519756,-23.3120214805696,-41.7328937944787,-6.57745894146704,1.85278965168463,3.14784151782468
0.152849142532051,1.71059084775548,4.94713482031719,0.320837959000208,0.377856787537071,8.69271430699163e-08,7.5330232952234e-08,5.64833052196169e-10,5.64724857516523e-18,0.0104628083447207,-3.89583440981174,-1.48069173344741,-0.418721984466297,-3.15434965321442,-2.99077059338624,-18.2757260744004,-18.4189148519756,-23.3120214805696,-41.7328937944787,-6.57745894146704,2.01753056928516,4.06762938125047
0.0547015042015981,0.61218460827211,1.77047585401212,0.114821180358286,0.135227023905138,3.1109402402273e-08,2.6959111357003e-08,2.02141909768525e-10,2.02103189160577e-18,0.0037444197929291,-3.89583440981174,-1.48069173344741,-0.418721984466297,-3.15434965321442,-2.99077059338624,-18.2757260744004,-18.4189148519756,-23.3120214805696,-41.7328937944787,-6.57745894146704,0.989970338994586,4.42525063224236
0.0242532945694412,0.356276259966878,0.640481141062793,0.0301848015870609,0.0788696548466917,1.40123182543131e-08,1.17310414945226e-08,1.16118350380167e-10,9.79690479248725e-19,0.00270543739529891,-3.84386931601941,-1.15671534165465,-0.570202105891516,-3.62508324371156,-2.66462523153891,-18.2079955226129,-18.3856938929872,-23.0010776867641,-41.5917167723253,-6.03715818466542,0.124666503726489,2.46121844195273
0.0175009195424932,0.257085161882993,0.462164382910162,0.0217810319529486,0.0569115045324732,1.01111398977328e-08,8.46499483843196e-09,8.37897672661287e-11,7.06934235461834e-19,0.00195221486494606,-3.84386931601941,-1.15671534165465,-0.570202105891516,-3.62508324371156,-2.66462523153891,-18.2079955226129,-18.3856938929872,-23.0010776867641,-41.5917167723253,-6.03715818466542,-0.201632538128387,1.22794152262724
0.0108575105013693,0.159494753296442,0.286725199131514,0.0135128775711239,0.0353077023529946,6.27291653755059e-09,5.25165378477129e-09,5.1982884430179e-11,4.38579576728395e-19,0.00121114741117549,-3.84386931601941,-1.15671534165465,-0.570202105891516,-3.62508324371156,-2.66462523153891,-18.2079955226129,-18.3856938929872,-23.0010776867641,-41.5917167723253,-6.03715818466542,-0.679028910336783,1.16412981492458
0.0422198605280365,0.620201678670273,1.11494231718029,0.0525453607724655,0.137295401991171,2.43924849334475e-08,2.04212641845122e-08,2.02137509349901e-10,1.70543409169007e-18,0.00470959477978609,-3.84386931601941,-1.15671534165465,-0.570202105891516,-3.62508324371156,-2.66462523153891,-18.2079955226129,-18.3856938929872,-23.0010776867641,-41.5917167723253,-6.03715818466542,0.67900477599478,1.30523937903171
0.0693489648066366,1.01872303340652,1.83136785741441,0.0863092944739104,0.225516945857176,4.00662995575919e-08,3.35433019798425e-08,3.3202447489609e-10,2.80129037200665e-18,0.00773582665958878,-3.84386931601941,-1.15671534165465,-0.570202105891516,-3.62508324371156,-2.66462523153891,-18.2079955226129,-18.3856938929872,-23.0010776867641,-41.5917167723253,-6.03715818466542,1.17526525660144,1.33022606816965
0.0233021696965817,0.342304417440757,0.615363830005606,0.0290010648584452,0.0757766775102004,1.34628067485693e-08,1.12709932599192e-08,1.11564616415251e-10,9.41270627469448e-19,0.00259934010648459,-3.84386931601941,-1.15671534165465,-0.570202105891516,-3.62508324371156,-2.66462523153891,-18.2079955226129,-18.3856938929872,-23.0010776867641,-41.5917167723253,-6.03715818466542,0.0846605132984952,0.641658407624341
0.0247312523483116,0.363297368352399,0.653103052808195,0.0307796511107364,0.0804239329651909,1.42884579140397e-08,1.19622242115965e-08,1.18406685627772e-10,9.98997162887168e-19,0.00275875323841572,-3.84386931601941,-1.15671534165465,-0.570202105891516,-3.62508324371156,-2.66462523153891,-18.2079955226129,-18.3856938929872,-23.0010776867641,-41.5917167723253,-6.03715818466542,0.144181758142077,1.67651770074465
0.0404280202856583,0.593879888111682,1.06762338985869,0.0503152991189017,0.131468489649338,2.33572509092533e-08,1.95545715306663e-08,1.93558652877679e-10,1.63305428280404e-18,0.00450971630207035,-3.84386931601941,-1.15671534165465,-0.570202105891516,-3.62508324371156,-2.66462523153891,-18.2079955226129,-18.3856938929872,-23.0010776867641,-41.5917167723253,-6.03715818466542,0.635637153022057,1.04239854197311
0.0373980653264724,0.549370429092164,0.987608322047103,0.0465443232212192,0.121615333363795,2.1606697265385e-08,1.80890169334971e-08,1.79052031083287e-10,1.51066192008532e-18,0.00417172702687384,-3.84386931601941,-1.15671534165465,-0.570202105891516,-3.62508324371156,-2.66462523153891,-18.2079955226129,-18.3856938929872,-23.0010776867641,-41.5917167723253,-6.03715818466542,0.557733010881052,0.773000276293825
0.013600640467356,0.487450148709036,1.15487988840426,0.0878168729328074,0.128196628847103,5.00587853183093e-08,4.60047595056439e-08,2.4089086782293e-10,1.2493519125375e-18,0.0090179417446952,-4.92942185783996,-1.35035071651036,-0.487787117836378,-3.06428508584983,-2.68597349456468,-17.4418512794325,-17.5263044419746,-22.7784605792858,-41.8556901906796,-5.3403226225749,0.631783463678928,1.96880598486238
0.228849551242607,8.20202166603488,19.4324484082039,1.47764011631938,2.15708525292544,8.42308168011745e-07,7.74093587221876e-07,4.05332139556488e-09,2.10220706307575e-17,0.151739318920961,-4.92942185783996,-1.35035071651036,-0.487787117836378,-3.06428508584983,-2.68597349456468,-17.4418512794325,-17.5263044419746,-22.7784605792858,-41.8556901906796,-5.3403226225749,3.45473138503184,1.04192342365814
0.020945699084183,0.75069877465738,1.77857555156687,0.135242586507553,0.19742952678464,7.70931528050941e-08,7.08497405955435e-08,3.70984560738681e-10,1.92406741969749e-18,0.0138881028872457,-4.92942185783996,-1.35035071651036,-0.487787117836378,-3.06428508584983,-2.68597349456468,-17.4418512794325,-17.5263044419746,-22.7784605792858,-41.8556901906796,-5.3403226225749,1.06359990983914,3.28056598876916
0.0377599664975783,1.45069911280719,3.1867213888646,0.224296922791518,0.217026095058857,3.78934197832536e-07,5.92925316387466e-08,2.05324242470194e-10,1.63377179029253e-18,0.0154101040052604,-4.91198451951029,-1.26343310755806,-0.476486084073115,-3.13026325127279,-3.16321637350285,-16.4213819619911,-18.2762611754438,-23.9419094102861,-42.5911190449912,-5.80821057502587,1.63547869455872,2.35834851294031
0.0172756636806165,0.967114902993441,2.30971640431469,0.220418971469424,0.147713847301647,1.90506215888559e-07,6.80576575017498e-08,1.48233704552172e-10,1.26698218363983e-18,0.0089198946336121,-5.3589641644283,-1.3339456393176,-0.463382924619418,-2.81273280088184,-3.21298601387221,-16.7740886864972,-17.8034182595222,-23.9327386757174,-42.5104015074212,-6.0199788177568,1.30050767292149,0.870499193355228
0.01680458476367,1.15538213956525,3.00264915264547,0.476509827500275,0.317698888863836,7.22511328299254e-07,4.57579123488717e-08,2.12140630369513e-10,4.34952949535511e-18,0.0197997141056387,-5.69330796246962,-1.46277328924578,-0.507709485375077,-2.34847136702076,-2.75385567041609,-15.7477371730408,-18.5071055479272,-23.8809761456418,-41.5836684318944,-5.52929221576,1.60720443526496,1.48894683335933
0.0287372244526156,1.9757986490098,5.13477743517801,0.814871064018006,0.543291274733811,1.23555389811123e-06,7.82498000483447e-08,3.62777955908067e-10,7.43805378883958e-18,0.0338591423919895,-5.69330796246962,-1.46277328924578,-0.507709485375077,-2.34847136702076,-2.75385567041609,-15.7477371730408,-18.5071055479272,-23.8809761456418,-41.5836684318944,-5.52929221576,2.14374598510508,0.42068271990271
0.0727132674012611,8.20441811455337,15.9460952124191,2.91715834154092,1.21674414989013,1.07860187676937e-05,1.04526656501835e-07,5.39597826382107e-10,3.1114598167572e-17,0.158477972847147,-5.97168335130464,-1.24577913178447,-0.581237950424233,-2.27984196367782,-3.15427337367509,-14.7877117564606,-19.4242756473433,-24.69064895522,-41.3593065057978,-5.19259160331038,3.35045193541479,0.604654888961986
0.0538783099177994,2.6653946892888,5.24118090140415,1.08539063764005,0.403501801299833,4.09004474711922e-06,6.80579167975538e-08,1.01378995739186e-10,1.40181259518309e-17,0.0246813907230471,-5.16958186584576,-1.2682024226913,-0.592007734583737,-2.16661461350291,-3.15612889748384,-14.6555092177431,-18.7514613470545,-25.2607097592297,-41.0547350412375,-5.95026030171774,2.24855457038968,1.30873862212506
0.0674938257708506,1.64497175519135,6.14409650131359,1.04724924992333,0.212508832440873,5.6823784833518e-06,2.73223642099465e-08,9.10807613135862e-11,1.49211316610442e-17,0.0137788713331336,-4.90729632259137,-1.71385395326912,-0.396085464926572,-2.16541020263244,-3.76034889429641,-14.2897178330549,-19.6271374355312,-25.3308516832755,-40.9553304006407,-6.49619609015239,2.21157716724261,1.06623946516962
0.0829461556577774,2.02157873998716,7.55075266446762,1.28701104589254,0.26116152837651,6.98332691625349e-06,3.35776650502968e-08,1.11933186762816e-10,1.8337240409947e-17,0.0169334660368325,-4.90729632259137,-1.71385395326912,-0.396085464926572,-2.16541020263244,-3.76034889429641,-14.2897178330549,-19.6271374355312,-25.3308516832755,-40.9553304006407,-6.49619609015239,2.41773271387668,0.749070169905056
0.315893946000999,7.69902450887599,28.7564509233839,4.90148090179445,0.994613253480811,2.65954543438019e-05,1.27877910990846e-07,4.26288786678174e-10,6.98359458124445e-17,0.0644897809118337,-4.90729632259137,-1.71385395326912,-0.396085464926572,-2.16541020263244,-3.76034889429641,-14.2897178330549,-19.6271374355312,-25.3308516832755,-40.9553304006407,-6.49619609015239,3.7549475869443,1.69741971028817
0.132838146312004,3.23755537931878,12.092519288617,2.06114629742225,0.418249803651901,1.11837877872626e-05,5.37745812014442e-08,1.79260834000733e-10,2.93670635512632e-17,0.0271189209569978,-4.90729632259137,-1.71385395326912,-0.396085464926572,-2.16541020263244,-3.76034889429641,-14.2897178330549,-19.6271374355312,-25.3308516832755,-40.9553304006407,-6.49619609015239,2.88867248572957,2.44992868200259
0.371504362009765,11.9908465339357,17.3445875282742,3.8686094019999,0.351939283074378,1.33500182616631e-05,7.74915245227866e-08,3.32516769884444e-10,3.90812479782192e-17,0.0309099229880887,-4.51533122738754,-1.04099298423085,-0.671856054409424,-2.17224143928929,-4.56943316363706,-14.7491293593128,-19.8982338216725,-25.3494673754705,-41.3060254674008,-7.0018145684385,3.52513655410872,4.46217411234172
0.331853595478753,10.7110600629123,15.4933947537403,3.45571161698185,0.314376702999189,1.1925167004428e-05,6.92208320055763e-08,2.97027160182397e-10,3.49100952333582e-17,0.0276108980903406,-4.51533122738754,-1.04099298423085,-0.671856054409424,-2.17224143928929,-4.56943316363706,-14.7491293593128,-19.8982338216725,-25.3494673754705,-41.3060254674008,-7.0018145684385,3.41226984258909,0.596262571495735
0.386684356951306,7.01487326376497,14.2716980612306,1.06394779315,0.175618793657485,7.32969442795968e-06,2.32348894510652e-08,1.75284959179376e-10,1.54961152880185e-17,0.0205754981989353,-4.08274112036161,-1.18456193957273,-0.47431616691115,-3.07060826337407,-4.87203416462499,-14.9561713172997,-20.7102054187846,-25.5972027146437,-41.8385368944605,-7.01624890541351,3.13259458650137,1.75913653264289
0.354069953445252,6.42321264172158,13.067969720743,0.974210460849435,0.160806448403206,6.71148061260316e-06,2.12751720579175e-08,1.60500770772349e-10,1.41891150236055e-17,0.0188400838007711,-4.08274112036161,-1.18456193957273,-0.47431616691115,-3.07060826337407,-4.87203416462499,-14.9561713172997,-20.7102054187846,-25.5972027146437,-41.8385368944605,-7.01624890541351,3.04448034359364,1.57338435049962
0.290403695008199,3.31337387745167,11.4203588920612,1.56048092462358,0.138032173275593,3.44678476069481e-06,1.93492907660613e-08,6.92946662402652e-11,1.47233820039952e-17,0.0102369810302118,-4.05385951648664,-1.61940927565069,-0.38197861387225,-2.37238218546513,-4.79764472555118,-15.395444959113,-20.5779863152907,-26.2100294231563,-41.5744710755073,-7.39912476833912,2.81737624423163,0.802715340882743
0.207072352055318,1.65044125546336,3.48995385020831,0.872398294881546,0.0972929397696453,7.4456030585659e-07,2.02370620648284e-08,1.92854385578486e-11,6.22579480003389e-18,0.00800480238100823,-3.41922302411955,-1.34349332445612,-0.594647491478896,-1.98104520334086,-4.17456485805572,-15.9550079904505,-19.5602861621327,-26.5162067878179,-41.4623665651418,-6.6722496239526,1.84453600416979,2.00121086953574
0.263360408653856,2.09907734752488,4.43862091221345,1.10954055028821,0.123739881845857,9.46952620528735e-07,2.57380615154402e-08,2.4527760124669e-11,7.918139947017e-18,0.0101807315430141,-3.41922302411955,-1.34349332445612,-0.594647491478896,-1.98104520334086,-4.17456485805572,-15.9550079904505,-19.5602861621327,-26.5162067878179,-41.4623665651418,-6.6722496239526,2.08499121431786,0.800104210962467
0.0356334190775433,0.817769247145958,0.920466333966627,0.287229953713677,0.0341126019211336,1.58058445440509e-07,1.06029609185676e-08,1.02555581606929e-11,2.20033741299646e-18,0.00298495767554119,-4.0755495963706,-0.942253329169564,-0.823953105655988,-1.98855040462664,-4.11916665819842,-16.4013792175078,-19.1032107959346,-26.0442795507745,-41.3989992087852,-6.55524796432686,0.741078253040593,1.48563416729776
0.00644764491990611,0.299561603795881,0.428037420418736,0.172689284032221,0.0090576873880482,4.51874948867252e-08,2.21569150097234e-09,3.26486076924667e-12,5.73362418370368e-19,0.00122393784405134,-4.95741175779822,-1.11880660802806,-0.761916070588622,-1.66963275961674,-4.61751286094404,-16.8258168644356,-19.8410727063666,-26.3611754117768,-41.9161403575578,-6.61905329143653,-0.0866285857486783,1.24861983596979
0.0328423896649315,1.52587790468143,2.18029558500702,0.879627961464548,0.0461371713791192,2.3017168803296e-07,1.12860749244346e-08,1.66302318004988e-11,2.92053799445601e-18,0.00623437613257642,-4.95741175779822,-1.11880660802806,-0.761916070588622,-1.66963275961674,-4.61751286094404,-16.8258168644356,-19.8410727063666,-26.3611754117768,-41.9161403575578,-6.61905329143653,1.54137652765096,2.74970269989341
0.13010436015266,6.04472970709674,8.63719007432341,3.48462563980033,0.182771327627947,9.11819770190538e-07,4.47095224086705e-08,6.58802751465018e-11,1.15696431029184e-17,0.0246973355457739,-4.95741175779822,-1.11880660802806,-0.761916070588622,-1.66963275961674,-4.61751286094404,-16.8258168644356,-19.8410727063666,-26.3611754117768,-41.9161403575578,-6.61905329143653,2.91799337762892,0.80852903067605
0.0344372562409591,1.59997640037871,2.28617340296925,0.922343770191982,0.0483776488016127,2.41349106477136e-07,1.183414051452e-08,1.74378161791267e-11,3.06236288840854e-18,0.00653712505607656,-4.95741175779822,-1.11880660802806,-0.761916070588622,-1.66963275961674,-4.61751286094404,-16.8258168644356,-19.8410727063666,-26.3611754117768,-41.9161403575578,-6.61905329143653,1.58879548740171,0.241538634077793
0.0459346441009306,1.49175443766203,1.11224024090544,0.54564894546424,0.0698060331229099,1.01416371693551e-07,3.41359516019739e-09,1.26664750643968e-11,4.03441323609125e-18,0.00378119562359721,-4.26507045785228,-0.784581882460774,-1.07815856820521,-1.79031425172712,-3.84656962320258,-17.2885660869573,-20.6800345865351,-26.2765971561588,-41.2362055859891,-6.76224980150397,1.18453478467917,0.302923593429867
0.00393484227726346,0.127786304727003,0.095276452186548,0.0467412468558436,0.00597970738026279,8.68750449159056e-09,2.92414555869706e-10,1.08503249699244e-12,3.45594922438978e-19,0.000323903857089696,-4.26507045785228,-0.784581882460774,-1.07815856820521,-1.79031425172712,-3.84656962320258,-17.2885660869573,-20.6800345865351,-26.2765971561588,-41.2362055859891,-6.76224980150397,-1.2728140220807,0.324279628510899
0.00512682958785629,0.16291264844929,0.221286003843019,0.0371137454171353,0.00687782064250448,7.54380965689078e-09,7.2778841442315e-10,1.15389869132994e-12,3.27862376174073e-19,0.000336166678972878,-4.43775773504359,-0.979031031036338,-0.672789189230697,-2.45825779169848,-4.14394335442763,-17.8670284331242,-20.205500659636,-26.6523646509701,-41.7261829275079,-7.16239336276227,-0.835510089868381,0.188223642657519
0.00236237819340354,0.0750680867251422,0.101965790168334,0.0171015442090463,0.00316921271237088,3.4760920220244e-09,3.35355691111219e-10,5.31701914230107e-13,1.51074833800934e-19,0.000154901351438615,-4.43775773504359,-0.979031031036338,-0.672789189230697,-2.45825779169848,-4.14394335442763,-17.8670284331242,-20.205500659636,-26.6523646509701,-41.7261829275079,-7.16239336276227,-1.61032872322967,0.147438678276227
0.000313343504831088,0.00995695670621273,0.0135246414623331,0.00226833189344929,0.000420361236664995,4.61065404488538e-10,4.44812468686257e-11,7.05244155213891e-14,2.00384163920667e-20,2.05459619032965e-05,-4.43775773504359,-0.979031031036338,-0.672789189230697,-2.45825779169848,-4.14394335442763,-17.8670284331242,-20.205500659636,-26.6523646509701,-41.7261829275079,-7.16239336276227,-3.63045277462476,0.128268799804861
6.87410055515211e-05,0.00218434786636789,0.00296702321736567,0.000497624533064263,9.22184556492068e-05,1.01148097984817e-10,9.75825441022967e-12,1.54715804353019e-14,4.39600908017319e-21,4.50735394058093e-06,-4.43775773504359,-0.979031031036338,-0.672789189230697,-2.45825779169848,-4.14394335442763,-17.8670284331242,-20.205500659636,-26.6523646509701,-41.7261829275079,-7.16239336276227,-5.14740692327429,0.0492191592385779
0.000105895788095414,0.00336499643739131,0.00457071087889224,0.00076659254082277,0.000142062891858565,1.55819040826024e-10,1.5032629111489e-11,2.38340302143228e-14,6.77206919341079e-21,6.94359638665815e-06,-4.43775773504359,-0.979031031036338,-0.672789189230697,-2.45825779169848,-4.14394335442763,-17.8670284331242,-20.205500659636,-26.6523646509701,-41.7261829275079,-7.16239336276227,-4.71529734357439,0.0280002586934672
2.96569924230618e-05,0.000345161897221674,0.000851594544517279,5.61982261692517e-05,2.927277588547e-05,2.30089716612052e-11,2.17504683095669e-12,2.33067317927848e-15,6.40629999152076e-22,7.64304970163171e-07,-3.79010440406738,-1.33578875958173,-0.432691807008331,-3.15091714027399,-3.8031444004224,-17.859428679718,-20.2182626960319,-27.0569110268032,-42.1638819418929,-7.44859072770958,-6.63570822411346,0.0670929482990067
4.67522881230538e-05,0.00054412491454997,0.00134248250602555,8.8592788654668e-05,4.61465961496101e-05,3.62721228496301e-11,3.42881755072871e-12,3.67415220140695e-15,1.00991084575856e-21,1.20487626220534e-06,-3.79010440406738,-1.33578875958173,-0.432691807008331,-3.15091714027399,-3.8031444004224,-17.859428679718,-20.2182626960319,-27.0569110268032,-42.1638819418929,-7.44859072770958,-6.18054295555127,0.0737060441278755
7.60010763156578e-05,0.000884535940724815,0.00218235554855274,0.000144017492231363,7.50164562308328e-05,5.89643948456566e-11,5.57392664203954e-12,5.9727455717141e-15,1.6417230972415e-21,1.95866119993467e-06,-3.79010440406738,-1.33578875958173,-0.432691807008331,-3.15091714027399,-3.8031444004224,-17.859428679718,-20.2182626960319,-27.0569110268032,-42.1638819418929,-7.44859072770958,-5.69465865166272,0.146762159673235
0.000177551543997331,0.00206642760353207,0.0050983567073096,0.000336449552399749,0.000175251302674625,1.37750935292449e-10,1.30216482370802e-11,1.3953357630839e-14,3.83534661431179e-21,4.57576835848601e-06,-3.79010440406738,-1.33578875958173,-0.432691807008331,-3.15091714027399,-3.8031444004224,-17.859428679718,-20.2182626960319,-27.0569110268032,-42.1638819418929,-7.44859072770958,-4.84614519841871,0.22864286308307
0.00713733945117134,0.0830676823508817,0.204947260068726,0.0135248312101852,0.00704487276363854,5.53740712563628e-09,5.23453198938023e-10,5.60906695896641e-13,1.54175909051263e-19,0.000183939893110333,-3.79010440406738,-1.33578875958173,-0.432691807008331,-3.15091714027399,-3.8031444004224,-17.859428679718,-20.2182626960319,-27.0569110268032,-42.1638819418929,-7.44859072770958,-1.15231079389191,0.22096669023313
0.0254938493902043,0.296709298686804,0.732050733592283,0.0483093192161132,0.0251635678025483,1.97790541193956e-08,1.86972149886419e-09,2.00350157435755e-12,5.50700640181221e-19,0.000657014558980449,-3.79010440406738,-1.33578875958173,-0.432691807008331,-3.15091714027399,-3.8031444004224,-17.859428679718,-20.2182626960319,-27.0569110268032,-42.1638819418929,-7.44859072770958,0.120786347771983,0.266561203968544
0.239594532699414,2.78851281649727,6.87990859060695,0.45401730376029,0.236490503117908,1.85886138905092e-07,1.75718873184581e-08,1.88291699744325e-11,5.17555668121999e-18,0.006174708802356,-3.79010440406738,-1.33578875958173,-0.432691807008331,-3.15091714027399,-3.8031444004224,-17.859428679718,-20.2182626960319,-27.0569110268032,-42.1638819418929,-7.44859072770958,2.36129717261633,0.744335213068476
0.101830123853291,0.641688396997015,1.92656650029496,0.235864783637735,0.0304129290974464,7.09183572729195e-08,1.97194499756639e-08,5.55881300325683e-12,2.00007695725461e-18,0.00324925932759895,-3.36272693490118,-1.52193008442884,-0.422538225178559,-2.52277421722001,-4.5711650901029,-17.540014147486,-18.8199380082385,-26.9939141474578,-41.8316236438228,-6.80760583619074,1.07827762837695,0.458501036993014
0.151527381047232,0.954858528753639,2.86680959578929,0.350976426164319,0.0452556799670659,1.05529410542793e-07,2.93433465210078e-08,8.27174066220664e-12,2.97619615647668e-18,0.00483503051576076,-3.36272693490118,-1.52193008442884,-0.422538225178559,-2.52277421722001,-4.5711650901029,-17.540014147486,-18.8199380082385,-26.9939141474578,-41.8316236438228,-6.80760583619074,1.47573799752326,0.887762365473809
0.397073528458695,2.50218173488331,7.51239936803553,0.919724520939545,0.11859132259218,2.76537052978774e-07,7.68934700735768e-08,2.16758794914688e-11,7.79904398182024e-18,0.0126700706752146,-3.36272693490118,-1.52193008442884,-0.422538225178559,-2.52277421722001,-4.5711650901029,-17.540014147486,-18.8199380082385,-26.9939141474578,-41.8316236438228,-6.80760583619074,2.43909312968035,0.712333116010495
0.330963007731663,2.22531777754886,8.41894290856424,0.766892526726358,0.0549511460447082,2.44557839827131e-07,7.16454486192462e-08,2.07300004295119e-11,4.39792360431912e-18,0.0145339663809383,-3.57483090803766,-1.66918251227775,-0.338597963996627,-2.73449084810946,-5.37039298128159,-17.6928962313664,-18.9206184461692,-27.0685214078298,-42.4344813915298,-6.70034909899069,2.46908223906823,0.428766930882915
0.17664892523027,3.20204330053514,6.43891141962142,0.563978034012675,0.108869157106123,1.69203166364317e-07,9.70844953395612e-08,2.4484856044943e-11,2.84949933974272e-18,0.0179171165636875,-4.08576290239506,-1.18838277557487,-0.489812421415247,-2.9249118880519,-4.56978042434753,-17.9443375892356,-18.4998560646667,-26.7851382231311,-42.7515602783331,-6.37417070344968,2.35217191302334,0.57020919793662
0.0430425786451629,0.78021533620338,1.56891614713771,0.137419850426439,0.0265272446501697,4.12283323306557e-08,2.36557738487897e-08,5.96602181732019e-12,6.94313872956408e-19,0.004365715204787,-4.08576290239506,-1.18838277557487,-0.489812421415247,-2.9249118880519,-4.56978042434753,-17.9443375892356,-18.4998560646667,-26.7851382231311,-42.7515602783331,-6.37417070344968,0.940197450231111,2.73622706921889
0.0365803423284722,0.663077003901834,1.33336550814236,0.116788197397916,0.0225445528794635,3.50384795186263e-08,2.01041929334058e-08,5.07030775771683e-12,5.90072434217578e-19,0.00371026461997698,-4.08576290239506,-1.18838277557487,-0.489812421415247,-2.9249118880519,-4.56978042434753,-17.9443375892356,-18.4998560646667,-26.7851382231311,-42.7515602783331,-6.37417070344968,0.777518624682647,2.13624303412623
0.0307998068501181,0.589220686934867,1.16263777129753,0.0895569940651174,0.0481139360526888,3.21434511210601e-08,2.09763451086935e-08,1.36605580183361e-11,3.33594467852588e-19,0.00346728485441075,-4.13454745479252,-1.18325507947167,-0.503609230268807,-3.06718064584906,-3.68848400767935,-17.9073576993164,-18.3341710521804,-25.6708090067534,-43.1986614603738,-6.31868404868312,0.654300594670188,3.88135303119365
0.00569951062282173,0.26375402243697,0.62426042811859,0.0386996920967044,0.0132448975797173,3.58899166437996e-09,8.79694317712123e-09,5.84625598611748e-12,2.81796116446619e-19,0.000931558010429034,-5.11248586588149,-1.27784924577103,-0.416298547334731,-3.1970345375443,-4.26925379144742,-19.3905054497391,-18.4939724444528,-25.8103305643555,-42.6582140371539,-6.92376299591079,-0.0548890975912644,1.27537880180815
0.0181132322601291,0.838218960205902,1.98392017729437,0.122988894614262,0.0420927202350341,1.14059335789775e-08,2.79569748161057e-08,1.85795938522682e-11,8.95557328512e-19,0.00296052200326122,-5.11248586588149,-1.27784924577103,-0.416298547334731,-3.1970345375443,-4.26925379144742,-19.3905054497391,-18.4939724444528,-25.8103305643555,-42.6582140371539,-6.92376299591079,1.10137332216947,1.78132079532751
0.0162883053965494,1.40189381948851,2.24914445968213,0.107034948111026,0.0648954086439612,1.52779265118307e-08,1.89805995561079e-08,2.54171140285463e-11,1.08517706399921e-18,0.00650027721282398,-5.46427841738454,-1.00914647766813,-0.536420624617453,-3.58157040837107,-4.08194893124288,-19.3438272902865,-19.1268189838104,-25.7425689165238,-42.7117590359718,-6.38288098324608,1.34697052838289,1.86098045741659
0.0208961530827337,1.79847977702922,2.88541169817803,0.137314386394318,0.0832538659103263,1.95999450775033e-08,2.43500784317636e-08,3.26074378353882e-11,1.39216606633633e-18,0.00833916017734725,-5.46427841738454,-1.00914647766813,-0.536420624617453,-3.58157040837107,-4.08194893124288,-19.3438272902865,-19.1268189838104,-25.7425689165238,-42.7117590359718,-6.38288098324608,1.59608821740439,0.509238885827343
0.0135549404942039,1.16663991985223,1.87171216229272,0.0890732533018759,0.0540052130102061,1.27141148020565e-08,1.57954367421094e-08,2.11518300893553e-11,9.03071877035186e-19,0.00540945596675298,-5.46427841738454,-1.00914647766813,-0.536420624617453,-3.58157040837107,-4.08194893124288,-19.3438272902865,-19.1268189838104,-25.7425689165238,-42.7117590359718,-6.38288098324608,1.16327423139164,2.26459272899996
0.0137757093993818,1.18564094888314,1.90219668157587,0.0905239866799013,0.0548847942783984,1.29211892046595e-08,1.60526965418004e-08,2.14963293052192e-11,9.1778018133761e-19,0.00549755961220231,-5.46427841738454,-1.00914647766813,-0.536420624617453,-3.58157040837107,-4.08194893124288,-19.3438272902865,-19.1268189838104,-25.7425689165238,-42.7117590359718,-6.38288098324608,1.17942999116303,0.634225594021939
0.013619298964588,1.17217909287647,1.88059899818964,0.089496170564928,0.0542616282193758,1.27744810560654e-08,1.58704330246977e-08,2.12522583745962e-11,9.07359636518728e-19,0.0054351399092077,-5.46427841738454,-1.00914647766813,-0.536420624617453,-3.58157040837107,-4.08194893124288,-19.3438272902865,-19.1268189838104,-25.7425689165238,-42.7117590359718,-6.38288098324608,1.16801096677031,1.43488608272608
0.0119579324782307,1.0291894231455,1.65119187833763,0.0785788730725609,0.0476424585504191,1.12161706935176e-08,1.39344592554333e-08,1.86597761980343e-11,7.96674285157752e-19,0.0047721278615759,-5.46427841738454,-1.00914647766813,-0.536420624617453,-3.58157040837107,-4.08194893124288,-19.3438272902865,-19.1268189838104,-25.7425689165238,-42.7117590359718,-6.38288098324608,1.03791800226804,2.14759576466578
0.0101620105857198,0.874618905212531,1.40320489158711,0.0667773748874229,0.0404871970134015,9.53165152305919e-09,1.1841689415606e-08,1.58573268076895e-11,6.77024438286654e-19,0.00405541793566962,-5.46427841738454,-1.00914647766813,-0.536420624617453,-3.58157040837107,-4.08194893124288,-19.3438272902865,-19.1268189838104,-25.7425689165238,-42.7117590359718,-6.38288098324608,0.8751794532699,2.10363435544676
0.0038076869173313,0.467735168467948,1.27184297588379,0.0606890295303233,0.0448069745232598,4.42502615464786e-09,7.03376453858418e-09,6.58587099011137e-12,7.47049361440554e-19,0.00165713438769517,-6.1862103203551,-1.37532996041132,-0.375009927169175,-3.41746926769961,-3.72086840819021,-19.8514665856838,-19.3880207160431,-26.3615714585051,-42.3536326281876,-7.01814237864649,0.6154769378347,3.39045787125482
0.00625131708889887,1.17735868559325,1.76940247991189,0.18132876729838,0.039537365660826,6.7151732998137e-09,4.65301940147417e-09,8.92214629865856e-12,1.05436975276323e-18,0.00184371655022525,-6.23049821943725,-0.992261588754541,-0.584893208604465,-2.86297861767705,-4.38604420434806,-19.9744313156651,-20.3412846106486,-26.5980196980645,-42.5491235924454,-7.45150699651733,1.1555351162259,1.7752688068384
0.0169243523795273,1.6001091689231,1.74357464510373,0.205944555236408,0.0523054352814258,7.94894115028629e-09,1.86473926873662e-08,7.7010767447164e-12,1.18149620836472e-18,0.00366620888863635,-5.36617285382663,-0.817099271281392,-0.7312337291933,-2.86731942453403,-4.2378261170125,-19.9373982345703,-19.0847306316923,-26.8768320886455,-42.5669211942004,-6.89576827997629,1.28717112877646,3.9456601664171
0.0108240175113765,1.41308446480066,1.9019517227801,0.391065695986465,0.10468028285124,1.29044267671928e-08,9.2197964824352e-09,7.73699367476048e-12,3.0261866447487e-18,0.00198812724715992,-5.86717867546246,-0.99541602633127,-0.698310323719861,-2.28007061786096,-3.59803540444375,-19.5068863293734,-19.8431037782862,-26.9261988230689,-41.6804192852517,-7.56175307034652,1.34119090517608,6.01126920592919
0.00568017334834946,0.76417593544259,1.36109078235471,0.296167567230282,0.129026134588391,9.26812215471151e-09,6.66498473137224e-09,5.37260594553252e-12,1.14657201025149e-18,0.0015592071089398,-6.10988187285872,-1.20806557955308,-0.630821921089438,-2.1559382245472,-2.9868486466509,-19.435793395416,-19.7655065194048,-26.8888163918392,-42.2488633890018,-7.40268619565005,0.939108345219557,11.5831612467687
0.00558189487614279,0.750954148214174,1.33754116257713,0.291043270093643,0.126793721842438,9.10776492092136e-09,6.54966703303644e-09,5.27964901064445e-12,1.12673399853391e-18,0.00153222967654068,-6.10988187285872,-1.20806557955308,-0.630821921089438,-2.1559382245472,-2.9868486466509,-19.435793395416,-19.7655065194048,-26.8888163918392,-42.2488633890018,-7.40268619565005,0.9216548961625,9.87086109293681
0.00570825090588599,0.767953319067978,1.36781876447961,0.297631547534999,0.12966392123599,9.3139352341891e-09,6.6979302914456e-09,5.39916317245246e-12,1.15223960868789e-18,0.00156691439613471,-6.10988187285872,-1.20806557955308,-0.630821921089438,-2.1559382245472,-2.9868486466509,-19.435793395416,-19.7655065194048,-26.8888163918392,-42.2488633890018,-7.40268619565005,0.944039249407719,4.74828290073141
0.00849878552443295,1.14337485494993,2.03649042539814,0.443131657929885,0.193051404889253,1.38671441127808e-08,9.972279415031e-09,8.03859721141119e-12,1.71552327822475e-18,0.00233291591548013,-6.10988187285872,-1.20806557955308,-0.630821921089438,-2.1559382245472,-2.9868486466509,-19.435793395416,-19.7655065194048,-26.8888163918392,-42.2488633890018,-7.40268619565005,1.34204986768614,0.762415747436509
0.0108112865705238,1.45448466476267,2.59061503832645,0.563706817706868,0.245580272040008,1.76403638481073e-08,1.26857149421274e-08,1.02258820189933e-11,2.18231342889779e-18,0.00296769725917684,-6.10988187285872,-1.20806557955308,-0.630821921089438,-2.1559382245472,-2.9868486466509,-19.435793395416,-19.7655065194048,-26.8888163918392,-42.2488633890018,-7.40268619565005,1.58271723514548,0.426585533809405
0.001620824990388,0.218055924926725,0.388384265573218,0.0845107648781083,0.0368173241428976,2.64463830257754e-09,1.90183875573122e-09,1.53306130746109e-12,3.27171805070883e-19,0.000444916324269329,-6.10988187285872,-1.20806557955308,-0.630821921089438,-2.1559382245472,-2.9868486466509,-19.435793395416,-19.7655065194048,-26.8888163918392,-42.2488633890018,-7.40268619565005,-0.314938133178665,0.211983222202573
0.00111906436869811,0.15055210612874,0.268151710112718,0.0583486720079971,0.0254197435524871,1.82593463826116e-09,1.31308438552547e-09,1.05846978815322e-12,2.25888860098229e-19,0.000307183075590877,-6.10988187285872,-1.20806557955308,-0.630821921089438,-2.1559382245472,-2.9868486466509,-19.435793395416,-19.7655065194048,-26.8888163918392,-42.2488633890018,-7.40268619565005,-0.685380455035963,0.252495532860962
0.000829219182935735,0.111558099717324,0.198698616614138,0.0432359741595072,0.0188358592844409,1.35300530620454e-09,9.72986712603338e-10,7.84319005631173e-13,1.67382128539087e-19,0.000227620596346474,-6.10988187285872,-1.20806557955308,-0.630821921089438,-2.1559382245472,-2.9868486466509,-19.435793395416,-19.7655065194048,-26.8888163918392,-42.2488633890018,-7.40268619565005,-0.985144170542664,0.375939746094296
0.00177495776946424,0.238792010501856,0.425317769534033,0.0925473383081633,0.0403184772729076,2.89613087805304e-09,2.08269461278805e-09,1.67884817600922e-12,3.58284293988573e-19,0.000487225759231582,-6.10988187285872,-1.20806557955308,-0.630821921089438,-2.1559382245472,-2.9868486466509,-19.435793395416,-19.7655065194048,-26.8888163918392,-42.2488633890018,-7.40268619565005,-0.224096775330201,1.06971278212531
0.00198300239127762,0.26678106712708,0.475169701808415,0.103394906813395,0.0450442473732663,3.23558935059375e-09,2.32680938584039e-09,1.87562769373563e-12,4.00279163797238e-19,0.000544333990515118,-6.10988187285872,-1.20806557955308,-0.630821921089438,-2.1559382245472,-2.9868486466509,-19.435793395416,-19.7655065194048,-26.8888163918392,-42.2488633890018,-7.40268619565005,-0.113261350697619,2.07211917445307
0.00266840999789285,0.358991633041737,0.639407994956788,0.139132461103239,0.060613401459865,4.35394279410692e-09,3.1310509032554e-09,2.5239221658549e-12,5.38632190925686e-19,0.000732478321192353,-6.10988187285872,-1.20806557955308,-0.630821921089438,-2.1559382245472,-2.9868486466509,-19.435793395416,-19.7655065194048,-26.8888163918392,-42.2488633890018,-7.40268619565005,0.183609382497204,1.83058727477945
0.00409192888954726,0.679396857923252,1.24571780257858,0.314511795744489,0.172943069999129,5.16884211132085e-09,2.63873057057693e-09,3.96704375545466e-12,1.26561746242848e-18,0.00212280516799483,-6.38200385435628,-1.26981489343966,-0.663553133359055,-2.03999874259473,-2.63805785918254,-19.9638821818951,-20.6362329253009,-27.1362649899887,-42.0942366036014,-7.03828191788701,0.883265045391526,0.189073234253949
0.00356606276570908,0.592085518487081,1.08562685038447,0.274092936230086,0.150717634435614,4.50457862112307e-09,2.29961934590554e-09,3.45722699688235e-12,1.1029691449249e-18,0.00184999707296447,-6.38200385435628,-1.26981489343966,-0.663553133359055,-2.03999874259473,-2.63805785918254,-19.9638821818951,-20.6362329253009,-27.1362649899887,-42.0942366036014,-7.03828191788701,0.745710695812491,0.332565811731867
0.00177819252736542,0.295239347624231,0.541340318354457,0.136674546419845,0.0751543057157359,2.24617696582196e-09,1.14668927759635e-09,1.7239223241882e-12,5.4998793354948e-19,0.000922488241773616,-6.38200385435628,-1.26981489343966,-0.663553133359055,-2.03999874259473,-2.63805785918254,-19.9638821818951,-20.6362329253009,-27.1362649899887,-42.0942366036014,-7.03828191788701,0.0498459897113289,0.423658164605657
0.000538105862395293,0.0893435448194931,0.163817131370503,0.0413596241896828,0.0227427412203802,6.79724481283731e-10,3.47004170315928e-10,5.21682941910797e-13,1.6643402035219e-19,0.000279157809545276,-6.38200385435628,-1.26981489343966,-0.663553133359055,-2.03999874259473,-2.63805785918254,-19.9638821818951,-20.6362329253009,-27.1362649899887,-42.0942366036014,-7.03828191788701,-1.14545139255146,0.803983888052134
0.00524632386801842,0.496829419263827,0.733160715867123,0.196554104849074,0.110519438281526,3.96033334426478e-09,1.92272380326991e-09,2.20788992783891e-12,1.99410082267881e-18,0.00128740716463552,-5.68434333939914,-1.13362420873592,-0.744506019605282,-2.06093321896884,-2.63667953758458,-19.7810533135177,-20.5036386848396,-27.2730995164181,-41.1904541167425,-7.08924070930309,0.434115676139544,1.1794204733764
0.00630548870947375,0.59713284435216,0.881176368906855,0.236235832957578,0.132831881483665,4.75987335441531e-09,2.31089683709024e-09,2.65363430889512e-12,2.39668395228196e-18,0.00154731799738681,-5.68434333939914,-1.13362420873592,-0.744506019605282,-2.06093321896884,-2.63667953758458,-19.7810533135177,-20.5036386848396,-27.2730995164181,-41.1904541167425,-7.08924070930309,0.618008538245378,0.897038386214633
0.0304268037085832,2.88143309427438,4.25207016374288,1.13994357131024,0.640973248920869,2.29685182077818e-08,1.11511109911731e-08,1.28049726121629e-11,1.15650721978187e-17,0.0074665015116926,-5.68434333939914,-1.13362420873592,-0.744506019605282,-2.06093321896884,-2.63667953758458,-19.7810533135177,-20.5036386848396,-27.2730995164181,-41.1904541167425,-7.08924070930309,2.19191198129947,0.899556074342117
0.00111751511130346,0.573546168719474,0.490471335908382,0.151998574416621,0.0721137375653171,3.165288273923e-09,5.08670227456781e-10,6.99383943056837e-13,1.96977046110486e-18,0.00081857245986727,-7.05134101757818,-0.810610150648218,-0.967081748628747,-2.13857744544727,-2.8842040263836,-19.8257150121192,-21.6539145009635,-28.243269837143,-41.0233079635666,-7.36264194586825,0.25469330842941,0.331235358580665
0.000627745940573825,0.156849332679464,0.422443351694877,0.176608328329757,0.0572387066035951,2.85438272447075e-09,6.90568932392171e-10,4.96037079028105e-13,2.58980742044718e-18,0.000720204431877054,-7.16817904136031,-1.6472736136527,-0.656503934787076,-1.5286248474232,-2.65532893535713,-19.4692142405907,-20.8883093331687,-28.1269297296589,-40.2897521707697,-7.03077946787709,-0.205195985215896,1.24862829726693
0.0460204390853432,3.60611887770116,6.27249066450391,5.03775366574688,0.764597821141684,7.09876688192942e-08,1.86455749084902e-08,1.52477104853671e-11,2.87462973491862e-17,0.0121876899082696,-5.83482211514517,-1.47352037103295,-0.919978950974025,-1.13919218042168,-3.02455776930465,-19.2169121155004,-20.5538094512418,-27.6627442181631,-40.8441751647077,-7.16348132247252,2.75615246190994,0.167090156673613
0.00569269134710271,0.520558207595658,0.910961675456333,0.262631687171373,0.0519443409079564,9.85201390024658e-09,3.22580367277718e-09,1.32103725206969e-12,1.25939508791898e-18,0.00112732988822078,-5.72985280250928,-1.21413422283859,-0.654535107074863,-1.89828331314164,-3.51886315662133,-18.996870601597,-20.1133643726968,-27.9138845466985,-41.7771808129761,-7.34918402897638,0.561280655813913,0.36879409829042
0.0014391411047397,0.131599742245259,0.230295709367589,0.0663946160734368,0.0131317915553771,2.49063883913676e-09,8.15499449777243e-10,3.33964884871804e-13,3.18381434653738e-19,0.000284994685609618,-5.72985280250928,-1.21413422283859,-0.654535107074863,-1.89828331314164,-3.51886315662133,-18.996870601597,-20.1133643726968,-27.9138845466985,-41.7771808129761,-7.34918402897638,-0.8138559958769,1.07952868403076
0.14297308024148,13.0739233601368,22.878984434703,6.59604728140032,1.30459249727351,2.47435296947379e-07,8.10167035642923e-08,3.31781144499025e-11,3.1629959184843e-17,0.0283131153157002,-5.72985280250928,-1.21413422283859,-0.654535107074863,-1.89828331314164,-3.51886315662133,-18.996870601597,-20.1133643726968,-27.9138845466985,-41.7771808129761,-7.34918402897638,3.7847538860062,0.695746682340657
0.194763805989635,17.8098357294697,31.166692905785,8.98540669924235,1.77716951754387,3.37066530903944e-07,1.10364283320083e-07,4.51965910988884e-11,4.30876303688219e-17,0.0385692893305192,-5.72985280250928,-1.21413422283859,-0.654535107074863,-1.89828331314164,-3.51886315662133,-18.996870601597,-20.1133643726968,-27.9138845466985,-41.7771808129761,-7.34918402897638,4.09388509659789,1.01755916313769
0.1277475689824,11.6816531021001,20.4425521040955,5.89361999943393,1.16566363232774,2.21085379234176e-07,7.23890603029994e-08,2.96449055810802e-11,2.82616167047084e-17,0.0252979906832118,-5.72985280250928,-1.21413422283859,-0.654535107074863,-1.89828331314164,-3.51886315662133,-18.996870601597,-20.1133643726968,-27.9138845466985,-41.7771808129761,-7.34918402897638,3.67215372293791,0.791281453471735
0.0636725757988595,5.82242737395595,10.1890780289485,2.93752725889705,0.580995838719935,1.101944692916e-07,3.60805138279067e-08,1.47757606089664e-11,1.40862949186671e-17,0.0126091497643886,-5.72985280250928,-1.21413422283859,-0.654535107074863,-1.89828331314164,-3.51886315662133,-18.996870601597,-20.1133643726968,-27.9138845466985,-41.7771808129761,-7.34918402897638,2.9758514721934,0.857573595647567
0.0176932807755879,1.6179311270256,2.83133226744361,0.816277556318677,0.161446625567551,3.06207446554739e-08,1.00260222501643e-08,4.10587569055119e-12,3.9142875556195e-18,0.003503819726526,-5.72985280250928,-1.21413422283859,-0.654535107074863,-1.89828331314164,-3.51886315662133,-18.996870601597,-20.1133643726968,-27.9138845466985,-41.7771808129761,-7.34918402897638,1.69528247383565,0.697288686484316
0.0348818175272021,3.18970681923246,5.58189387058803,1.60926880278439,0.318287592044541,6.03679578234579e-08,1.97660277418097e-08,8.09462125445882e-12,7.71691050381695e-18,0.00690768444241963,-5.72985280250928,-1.21413422283859,-0.654535107074863,-1.89828331314164,-3.51886315662133,-18.996870601597,-20.1133643726968,-27.9138845466985,-41.7771808129761,-7.34918402897638,2.37406322921499,1.73755478725516
0.00795025117007857,0.72699681867307,1.27222322177707,0.366783960506939,0.0725439922704788,1.37590430013266e-08,4.50506585729314e-09,1.84492313364744e-12,1.75883543667179e-18,0.00157439692693918,-5.72985280250928,-1.21413422283859,-0.654535107074863,-1.89828331314164,-3.51886315662133,-18.996870601597,-20.1133643726968,-27.9138845466985,-41.7771808129761,-7.34918402897638,0.895301045414882,1.39190404556772
0.00390397892957388,0.356992527814547,0.624726508041027,0.180109637153841,0.0356228012464568,6.75639207103804e-09,2.21221717489981e-09,9.05951382712334e-13,8.63677931484356e-19,0.000773109213541449,-5.72985280250928,-1.21413422283859,-0.654535107074863,-1.89828331314164,-3.51886315662133,-18.996870601597,-20.1133643726968,-27.9138845466985,-41.7771808129761,-7.34918402897638,0.184093794925581,2.67185699795186
0.00449855820334393,0.579283801999433,0.790890862485774,0.205654628422431,0.0381627224245094,7.66976308626727e-09,3.38205086468352e-09,6.28833116570797e-13,1.57059166326364e-18,0.00132939830441334,-5.88631335420001,-1.02827778400254,-0.71691031623364,-2.06387209964847,-3.74821111398387,-19.1682951318042,-19.9870985681579,-28.5772255102788,-41.4773942913413,-7.10534386320862,0.482315021398431,0.85347965778269
0.00760910933328219,0.979832556381417,1.33775640356831,0.347855575459398,0.0645505324723685,1.29730600885409e-08,5.72058727193287e-09,1.06364299850984e-12,2.65658531989899e-18,0.00224861757668086,-5.88631335420001,-1.02827778400254,-0.71691031623364,-2.06387209964847,-3.74821111398387,-19.1682951318042,-19.9870985681579,-28.5772255102788,-41.4773942913413,-7.10534386320862,1.00790420125135,1.12507713225381
0.00894426822653843,0.774800403664694,1.25187949118965,0.272169111526132,0.113632722615321,1.52812304829442e-08,6.00602572505963e-09,8.81551038974784e-13,3.16319672201036e-18,0.0035292594583362,-5.60255545561338,-1.14096290860199,-0.661167067142795,-2.18714475447509,-3.06059684512733,-18.8824536096065,-19.8163156663124,-28.642906576752,-41.1807616188929,-6.53248029736347,0.885813082144673,0.467900008365644
0.00313177989190177,0.271291542580846,0.438337817951297,0.0952983216832923,0.0397877911009878,5.35062781413506e-09,2.10297255399574e-09,3.08669613614084e-13,1.10757365915396e-18,0.00123574824960265,-5.60255545561338,-1.14096290860199,-0.661167067142795,-2.18714475447509,-3.06059684512733,-18.8824536096065,-19.8163156663124,-28.642906576752,-41.1807616188929,-6.53248029736347,-0.163598324880325,0.512751116663887
0.00705092435133166,0.610788819750688,0.986878676465851,0.21455570959354,0.0895786788481146,1.20464634335103e-08,4.73465597933402e-09,6.94942227828809e-13,2.49360375051131e-18,0.00278217746009849,-5.60255545561338,-1.14096290860199,-0.661167067142795,-2.18714475447509,-3.06059684512733,-18.8824536096065,-19.8163156663124,-28.642906576752,-41.1807616188929,-6.53248029736347,0.647958898524843,1.81988094500339
0.00912273842247669,0.604783676368577,1.77505617501102,0.288275229738501,0.100063488312199,1.58586703568651e-08,1.12553002041723e-08,8.7382003446206e-13,8.38972002245547e-19,0.00323286722320183,-5.71962832264796,-1.52552751291618,-0.448810997983677,-2.26648266468692,-3.32459347962889,-18.9821925288212,-19.3250697582866,-28.7885450189879,-42.6447526856551,-6.75702891860907,1.0226430683038,2.26689078018662
0.00975719770199747,0.646844579334878,1.89850604387185,0.308323913159364,0.107022605822844,1.69615936352509e-08,1.20380728024456e-08,9.34591614641283e-13,8.97320005600699e-19,0.00345770350746549,-5.71962832264796,-1.52552751291618,-0.448810997983677,-2.26648266468692,-3.32459347962889,-18.9821925288212,-19.3250697582866,-28.7885450189879,-42.6447526856551,-6.75702891860907,1.0898782821668,2.51318792410089
0.00567822144080302,0.376432544612128,1.10483953006306,0.17942974078053,0.0622820274421084,9.87083459733045e-09,7.00558143644057e-09,5.43887528646103e-13,5.22197238457134e-19,0.00201221772804819,-5.71962832264796,-1.52552751291618,-0.448810997983677,-2.26648266468692,-3.32459347962889,-18.9821925288212,-19.3250697582866,-28.7885450189879,-42.6447526856551,-6.75702891860907,0.548511100745317,4.1820307454931
0.0052101008051023,0.345398911295892,1.01375499090721,0.164637298253682,0.057147408691698,9.05706898167573e-09,6.42803135853873e-09,4.99048668747132e-13,4.79146556870272e-19,0.00184632764224538,-5.71962832264796,-1.52552751291618,-0.448810997983677,-2.26648266468692,-3.32459347962889,-18.9821925288212,-19.3250697582866,-28.7885450189879,-42.6447526856551,-6.75702891860907,0.462472247632076,0.947187448408119
0.00532523671913979,0.353031742376753,1.03615755313285,0.16827555143307,0.058410286202273,9.2572174921776e-09,6.57008182811933e-09,5.1007694377957e-13,4.89735023168111e-19,0.00188712889132954,-5.71962832264796,-1.52552751291618,-0.448810997983677,-2.26648266468692,-3.32459347962889,-18.9821925288212,-19.3250697582866,-28.7885450189879,-42.6447526856551,-6.75702891860907,0.484330208571797,3.02136898434543
0.00304985501626666,0.325792632119317,0.805257003539999,0.0635857105217345,0.0448090192161009,6.73804294364597e-09,4.03201792072994e-09,8.05077903203835e-13,3.51846341522082e-19,0.00225421295573297,-6.0115946817446,-1.34042765440662,-0.435527250061651,-2.97429996781266,-3.32427929463739,-19.034429775232,-19.5479323181634,-28.0667708046098,-42.7100258589522,-6.31388784539935,0.218933456601649,0.235646663227211
0.0604488861699458,6.45729112661063,15.9603944072485,1.26028462233871,0.888125923210828,1.3354968965287e-07,7.9915599602416e-08,1.59568445939701e-11,6.97368213719728e-18,0.0446790623282552,-6.0115946817446,-1.34042765440662,-0.435527250061651,-2.97429996781266,-3.32427929463739,-19.034429775232,-19.5479323181634,-28.0667708046098,-42.7100258589522,-6.31388784539935,3.20563755401159,0.838330021129745
0.00265540515606564,0.28365657728767,0.701109917603745,0.0553619180816655,0.0390136908246643,5.86658509303542e-09,3.5105410319345e-09,7.00953981025264e-13,3.06340656994326e-19,0.00196266664270835,-6.0115946817446,-1.34042765440662,-0.435527250061651,-2.97429996781266,-3.32427929463739,-19.034429775232,-19.5479323181634,-28.0667708046098,-42.7100258589522,-6.31388784539935,0.0804366469686589,1.53798998216243
0.0230388715224288,2.6033141657619,8.74713816004414,0.447609733510791,0.28559696025274,7.93286589828462e-08,1.69858045284462e-08,4.1035777089145e-12,1.26869801474849e-18,0.0128406678335724,-6.26539133858306,-1.53803360271497,-0.326092335720073,-3.298652471946,-3.74799260711396,-18.8444852892311,-20.3857067846264,-28.7139808259602,-43.7033593996894,-6.84995688528028,2.49481891516785,0.547457315563679
0.00583327895517477,0.659140692809694,2.21471337679531,0.113331611579933,0.0723111258414866,2.00854541220207e-08,4.30068530032116e-09,1.03899678710529e-12,3.21225343988731e-19,0.00325116607256773,-6.26539133858306,-1.53803360271497,-0.326092335720073,-3.298652471946,-3.74799260711396,-18.8444852892311,-20.3857067846264,-28.7139808259602,-43.7033593996894,-6.84995688528028,1.12121532984879,0.49037043557067
0.00790393543093948,0.893117835767284,3.00087680749422,0.153561272672801,0.0979796224356162,2.72152478394191e-08,5.82731242303681e-09,1.40781258385538e-12,4.35251665003254e-19,0.00440524221630792,-6.26539133858306,-1.53803360271497,-0.326092335720073,-3.298652471946,-3.74799260711396,-18.8444852892311,-20.3857067846264,-28.7139808259602,-43.7033593996894,-6.84995688528028,1.42499685085061,0.480344321604056
0.0164273523011564,1.8562349683633,6.23695132125054,0.319158114087755,0.203638527939346,5.65635268819853e-08,1.21113481984445e-08,2.92596434916027e-12,9.04616757455403e-19,0.0091557511434042,-6.26539133858306,-1.53803360271497,-0.326092335720073,-3.298652471946,-3.74799260711396,-18.8444852892311,-20.3857067846264,-28.7139808259602,-43.7033593996894,-6.84995688528028,2.15658382839963,0.37511700718303
0.00458524640499936,0.518117257089737,1.74087449393211,0.0890842643670728,0.056840129257319,1.57881625434824e-08,3.38055182408816e-09,8.16702976060175e-13,2.52499042997487e-19,0.00255557768809814,-6.26539133858306,-1.53803360271497,-0.326092335720073,-3.298652471946,-3.74799260711396,-18.8444852892311,-20.3857067846264,-28.7139808259602,-43.7033593996894,-6.84995688528028,0.880479905413717,0.348067108557351
0.0181310298021904,2.04874473465172,6.88378432551446,0.352257939809852,0.224757839927896,6.24297192154379e-08,1.33674137563388e-08,3.22941554075254e-12,9.98434384817457e-19,0.0101052923075628,-6.26539133858306,-1.53803360271497,-0.326092335720073,-3.298652471946,-3.74799260711396,-18.8444852892311,-20.3857067846264,-28.7139808259602,-43.7033593996894,-6.84995688528028,2.2552608837579,0.123433295202678
0.0156998317904477,1.77402762372117,5.96073456231601,0.305023512850672,0.194619959205298,5.40584898431336e-08,1.15749711813106e-08,2.79638174579293e-12,8.6455386519411e-19,0.00875026907753886,-6.26539133858306,-1.53803360271497,-0.326092335720073,-3.298652471946,-3.74799260711396,-18.8444852892311,-20.3857067846264,-28.7139808259602,-43.7033593996894,-6.84995688528028,2.11128605791357,0.533366933250152
0.0100597512934658,1.08595500516598,2.7525597920481,0.306825299322469,0.0942770690880117,5.47443671228999e-08,1.32912625341697e-08,1.39396339751025e-12,5.18578988711027e-19,0.00568523268195333,-6.04739272286711,-1.36572009698523,-0.435648573737764,-2.62965663688265,-3.80969717464314,-18.1687712430741,-19.584338855856,-28.7470499470326,-43.5513744819275,-6.61806310944518,1.44817988593146,0.256065041589159
0.000804352872363812,0.160166116291717,0.339450813729256,0.0334395162770421,0.00999846550171899,4.12742366658889e-09,1.48506966242203e-09,1.1681756526889e-13,4.85412574909936e-20,0.00113298828612379,-6.51848880022012,-1.22456008663283,-0.473442532161223,-2.79103326739275,-3.99833995871386,-18.6986287452893,-19.7208204661931,-29.1711792593706,-43.8648891577518,-6.1759129469267,-0.606983688876967,0.783323357632916
0.0117236829532281,2.33446890260453,4.94759682610682,0.487390920590926,0.145730615987561,6.01584306382038e-08,2.16453331415699e-08,1.70265084595987e-12,7.07503301757368e-19,0.0165136420998927,-6.51848880022012,-1.22456008663283,-0.473442532161223,-2.79103326739275,-3.99833995871386,-18.6986287452893,-19.7208204661931,-29.1711792593706,-43.8648891577518,-6.1759129469267,2.07234450117816,0.59398550229538
0.0128449998510534,2.55775022455612,5.4208119366547,0.534007643107694,0.159669085911156,6.59123106339684e-08,2.37156107077179e-08,1.86550164739215e-12,7.75172771385017e-19,0.0180930967819343,-6.51848880022012,-1.22456008663283,-0.473442532161223,-2.79103326739275,-3.99833995871386,-18.6986287452893,-19.7208204661931,-29.1711792593706,-43.8648891577518,-6.1759129469267,2.16368814020414,1.35388713320055
0.0140425796567406,1.7403255832465,3.61592138811149,0.764479886802909,0.0857585853002987,4.84460250492697e-08,1.7364135382106e-08,1.61652069491769e-12,8.73808633626479e-19,0.00562544196973581,-6.09441989237911,-1.27468651882169,-0.543412029072093,-2.0973182942677,-4.28497780917996,-18.6715742756543,-19.6976176741798,-28.9795037268796,-43.4101842872066,-7.00921449293311,1.82875873135229,0.901126587829753
0.0150779471629631,1.8686407933565,3.88252535987593,0.820845430264607,0.0920816153111639,5.20179784486992e-08,1.86444031098131e-08,1.73570769912675e-12,9.38235048717474e-19,0.00604020905427279,-6.09441989237911,-1.27468651882169,-0.543412029072093,-2.0973182942677,-4.28497780917996,-18.6715742756543,-19.6976176741798,-28.9795037268796,-43.4101842872066,-7.00921449293311,1.8998978369333,0.969506430704524
0.0193459086311926,2.39757797676814,4.98151240740169,1.05319381495368,0.118146223565378,6.67421796462983e-08,2.39218850648023e-08,2.22701686077302e-12,1.20381172124387e-18,0.00774994972553676,-6.09441989237911,-1.27468651882169,-0.543412029072093,-2.0973182942677,-4.28497780917996,-18.6715742756543,-19.6976176741798,-28.9795037268796,-43.4101842872066,-7.00921449293311,2.14914557026768,0.641930909270663
0.0258649707322636,2.31666931386704,4.75969880138958,0.91507712922913,0.243065367118379,2.54736504747819e-08,1.52226806305459e-08,8.08572036930602e-13,4.58380176063104e-19,0.00771639134290301,-5.76726947781881,-1.27227325714958,-0.552219381511684,-2.20115069375363,-3.52682864206252,-19.5980250044681,-20.1128831452265,-29.9559103911153,-44.3389918050791,-6.9768122375939,2.11240377073394,0.699844788997927
0.00906550111933225,0.557986092778535,0.827248504355279,0.367788425152968,0.0393028976126369,1.99505377176147e-09,2.17681665457089e-09,6.85202595121564e-14,7.8743127525606e-20,0.00169143315116988,-5.29277705461112,-1.17291913923173,-0.779148039138267,-1.58974533678368,-3.8259549312078,-20.6220927326883,-20.534900176531,-30.9011448330535,-44.5775938474779,-6.97167698995229,0.589497898984357,0.234526341360333
0.0229005371271763,1.40953942489437,2.08972839317068,0.929077430391587,0.0992838072750795,5.03974379017033e-09,5.4988985121573e-09,1.73090348373094e-13,1.98914532321291e-19,0.00427276188780127,-5.29277705461112,-1.17291913923173,-0.779148039138267,-1.58974533678368,-3.8259549312078,-20.6220927326883,-20.534900176531,-30.9011448330535,-44.5775938474779,-6.97167698995229,1.51618214124932,1.63033542640179
0.0151422695317111,0.932014204243054,1.38176805206497,0.614323619952301,0.0656483366108317,3.33237418920471e-09,3.63597600074623e-09,1.14450621566113e-13,1.31526061832361e-19,0.00282523120705018,-5.29277705461112,-1.17291913923173,-0.779148039138267,-1.58974533678368,-3.8259549312078,-20.6220927326883,-20.534900176531,-30.9011448330535,-44.5775938474779,-6.97167698995229,1.10251191542319,1.24289449012976
0.0338474327820481,1.80180721012304,3.49417146993313,0.87374529152444,0.16137344518583,3.10881695400397e-09,5.77558914196967e-09,3.55694163372335e-13,2.62831256123167e-19,0.00466562174231335,-5.23743044210831,-1.26274815175589,-0.600442032558712,-1.98650469286724,-3.67557238325671,-21.4405619023731,-20.8211638884217,-30.5162434435455,-44.6343130569224,-7.2190724940739,1.85153831860537,2.97992336599561
0.00396119662750891,0.210867178321013,0.408926146090997,0.102255226397084,0.0188856848008467,3.63827747677055e-10,6.75922584095696e-10,4.16272196904216e-14,3.07593870431204e-20,0.000546022064062892,-5.23743044210831,-1.26274815175589,-0.600442032558712,-1.98650469286724,-3.67557238325671,-21.4405619023731,-20.8211638884217,-30.5162434435455,-44.6343130569224,-7.2190724940739,-0.293778678590347,1.03008289015563
0.0187182141824041,0.996430467612033,1.9323370958563,0.483196217950563,0.0892422988115919,1.71922940134469e-09,3.19400042198455e-09,1.96705007919112e-13,1.45350218364362e-19,0.00258016930350539,-5.23743044210831,-1.26274815175589,-0.600442032558712,-1.98650469286724,-3.67557238325671,-21.4405619023731,-20.8211638884217,-30.5162434435455,-44.6343130569224,-7.2190724940739,1.25917223338601,0.242494325765246
0.527062408856822,28.0572194227599,54.4102249574008,13.6057083278241,2.51286049647696,4.84095961730162e-08,8.99357994248935e-08,5.53876637470615e-12,4.09273210961552e-18,0.0726517089243671,-5.23743044210831,-1.26274815175589,-0.600442032558712,-1.98650469286724,-3.67557238325671,-21.4405619023731,-20.8211638884217,-30.5162434435455,-44.6343130569224,-7.2190724940739,4.59699412753432,0.206843087311395
0.168842025451308,8.98800156540369,17.4300660276541,4.35852626399996,0.804983335506677,1.5507792116801e-08,2.8810520880093e-08,1.77431840611692e-12,1.31108796113138e-18,0.0232736417569504,-5.23743044210831,-1.26274815175589,-0.600442032558712,-1.98650469286724,-3.67557238325671,-21.4405619023731,-20.8211638884217,-30.5162434435455,-44.6343130569224,-7.2190724940739,3.45863868024492,0.167297764477936
0.00915171896678387,0.487175299986612,0.944759253101828,0.236244544987274,0.0436323909276128,8.40566528794678e-10,1.5616123395612e-09,9.61731142881654e-14,7.10647039973375e-20,0.00126149771138964,-5.23743044210831,-1.26274815175589,-0.600442032558712,-1.98650469286724,-3.67557238325671,-21.4405619023731,-20.8211638884217,-30.5162434435455,-44.6343130569224,-7.2190724940739,0.543616889991423,0.0825411130395586
0.247228702090618,13.1607753191994,25.5221565238415,6.38201767833764,1.1787052702663,2.27074468402033e-08,4.21861065969868e-08,2.59806428800682e-12,1.91977426289894e-18,0.034078673417432,-5.23743044210831,-1.26274815175589,-0.600442032558712,-1.98650469286724,-3.67557238325671,-21.4405619023731,-20.8211638884217,-30.5162434435455,-44.6343130569224,-7.2190724940739,3.83998899075042,0.624825342994444
0.11841928746271,6.30383779301306,12.2247763488128,3.0569022918955,0.564584277849398,1.08765675351425e-08,2.02065886436196e-08,1.24443852662103e-12,9.195465509438e-19,0.0163232350841186,-5.23743044210831,-1.26274815175589,-0.600442032558712,-1.98650469286724,-3.67557238325671,-21.4405619023731,-20.8211638884217,-30.5162434435455,-44.6343130569224,-7.2190724940739,3.10390677317666,1.5824356963141
0.0441806473374438,2.35187730286978,4.56090003764038,1.14048923107891,0.210638819117911,4.05790141798767e-09,7.53880711398197e-09,4.64283317825952e-13,3.43070480730632e-19,0.00608998000333966,-5.23743044210831,-1.26274815175589,-0.600442032558712,-1.98650469286724,-3.67557238325671,-21.4405619023731,-20.8211638884217,-30.5162434435455,-44.6343130569224,-7.2190724940739,2.11796201328431,0.635998007142557
0.0175262307134573,0.932977371404543,1.8092850860733,0.452426086866363,0.0835593130375416,1.60974817595853e-09,2.99060518001785e-09,1.84178753255403e-13,1.36094257522702e-19,0.00241586307605803,-5.23743044210831,-1.26274815175589,-0.600442032558712,-1.98650469286724,-3.67557238325671,-21.4405619023731,-20.8211638884217,-30.5162434435455,-44.6343130569224,-7.2190724940739,1.19337381974127,0.568676336830627
0.0106662451506476,0.7026881463213,2.10464421566836,0.459841356799664,0.0639960678975229,1.16504823417189e-09,4.11238742224608e-09,3.3251772343096e-13,3.65922089482083e-19,0.0022132639169357,-5.74785362100355,-1.56002452793317,-0.463036004081203,-1.98405616375046,-3.95611607485654,-21.7776857863086,-20.5164445340049,-29.939265670929,-43.6590489506466,-7.3204694057294,1.20718243824541,0.522550467917566
0.00128880977205997,0.264347340915908,0.523850770559731,0.154371740154852,0.0155672981620718,4.91775870541063e-10,7.01807632746657e-10,8.48733379499614e-14,1.44544592351328e-19,0.000424322630968606,-6.61305818235135,-1.28951339381844,-0.605570462744008,-1.82741372674334,-4.12160487515625,-21.392020089425,-21.0363838153962,-30.0566384300656,-43.3397209338565,-7.72403850850567,-0.0409779614853245,0.370684788120822
0.00196604106634125,0.403254024981588,0.799118807043788,0.235489509163093,0.0237474514409468,7.5018949877613e-10,1.07058672006055e-09,1.29471758722294e-13,2.20498486775163e-19,0.000647291583248039,-6.61305818235135,-1.28951339381844,-0.605570462744008,-1.82741372674334,-4.12160487515625,-21.392020089425,-21.0363838153962,-30.0566384300656,-43.3397209338565,-7.72403850850567,0.381324813147264,0.251567614833893
0.00331633041836875,0.680211421964238,1.34795862256413,0.397225183041388,0.0400573502357742,1.26542435807913e-09,1.80587240318721e-09,2.18393775756419e-13,3.71938232326743e-19,0.00109185550791895,-6.61305818235135,-1.28951339381844,-0.605570462744008,-1.82741372674334,-4.12160487515625,-21.392020089425,-21.0363838153962,-30.0566384300656,-43.3397209338565,-7.72403850850567,0.904161779335802,0.26596621103898
0.0124710325047624,2.557929302352,5.06898700562558,1.49376194301413,0.150635326949936,4.75861760170613e-09,6.79096790683449e-09,8.21267947611747e-13,1.39867057860666e-18,0.0041059134078862,-6.61305818235135,-1.28951339381844,-0.605570462744008,-1.82741372674334,-4.12160487515625,-21.392020089425,-21.0363838153962,-30.0566384300656,-43.3397209338565,-7.72403850850567,2.22871145873233,0.294452508264085
0.00403445177498442,0.827505053027306,1.63984687028996,0.483240703614246,0.0487314071193742,1.53944055733508e-09,2.19691773837715e-09,2.65684972572617e-13,4.52478092437275e-19,0.00132828694256494,-6.61305818235135,-1.28951339381844,-0.605570462744008,-1.82741372674334,-4.12160487515625,-21.392020089425,-21.0363838153962,-30.0566384300656,-43.3397209338565,-7.72403850850567,1.10017332844629,0.922644274122305
0.00674784185819011,1.38404758468157,2.74273382593782,0.808246579534847,0.081505951021037,2.57479876086046e-09,3.67446540467792e-09,4.4437268779214e-13,7.56794425203915e-19,0.00222163275969797,-6.61305818235135,-1.28951339381844,-0.605570462744008,-1.82741372674334,-4.12160487515625,-21.392020089425,-21.0363838153962,-30.0566384300656,-43.3397209338565,-7.72403850850567,1.61452563241823,1.14789201114183
0.00410952338892061,0.842902966631404,1.67036054551201,0.492232671188359,0.0496381834512953,1.5680859083378e-09,2.23779718607005e-09,2.70628742086306e-13,4.60897640510856e-19,0.00135300322376255,-6.61305818235135,-1.28951339381844,-0.605570462744008,-1.82741372674334,-4.12160487515625,-21.392020089425,-21.0363838153962,-30.0566384300656,-43.3397209338565,-7.72403850850567,1.11860996138676,1.19406067618759
0.0027027014258916,1.08469740964612,1.17318973653123,0.561630749461258,0.0316617874110126,1.31106843947778e-09,1.34128385182115e-09,2.86741108546118e-13,4.64626264943221e-19,0.0016872434558046,-6.96277482160957,-0.967970280573123,-0.889545033736832,-1.62618201800632,-4.5019161132301,-21.5016947730527,-21.478909926844,-29.9294679906188,-43.2623249453088,-7.43393051651569,1.04927134355108,1.64837120991795
0.00736697389635526,2.95664827263374,3.19785903159696,1.53088277936827,0.0863031184778137,3.57368626716942e-09,3.65604688305869e-09,7.81593646058905e-13,1.26646973750294e-18,0.00459905721609932,-6.96277482160957,-0.967970280573123,-0.889545033736832,-1.62618201800632,-4.5019161132301,-21.5016947730527,-21.478909926844,-29.9294679906188,-43.2623249453088,-7.43393051651569,2.05202656700097,2.99159443980056
0.00942382624785935,3.78214175716285,4.09069833867975,1.95830384654194,0.110398869960122,4.57145619354338e-09,4.6768118178101e-09,9.99813874803338e-13,1.62006692602841e-18,0.00588310977047526,-6.96277482160957,-0.967970280573123,-0.889545033736832,-1.62618201800632,-4.5019161132301,-21.5016947730527,-21.478909926844,-29.9294679906188,-43.2623249453088,-7.43393051651569,2.29826073217011,5.20645577378324
0.000728052026691984,0.292195112591797,0.316033120489444,0.151291741470449,0.0085290325717995,3.53174799609543e-10,3.61314208566516e-10,7.72421412195161e-14,1.25160733851556e-19,0.000454508591201887,-6.96277482160957,-0.967970280573123,-0.889545033736832,-1.62618201800632,-4.5019161132301,-21.5016947730527,-21.478909926844,-29.9294679906188,-43.2623249453088,-7.43393051651569,-0.262363225475297,7.22196653538053
0.000916771902056974,0.367935613557276,0.397952720907244,0.190508387461787,0.0107398607886337,4.4472197168076e-10,4.54971213709531e-10,9.72642367970885e-14,1.57603907178576e-19,0.000572322705494884,-6.96277482160957,-0.967970280573123,-0.889545033736832,-1.62618201800632,-4.5019161132301,-21.5016947730527,-21.478909926844,-29.9294679906188,-43.2623249453088,-7.43393051651569,-0.0318770387074998,2.2313620056986
0.00116281980316227,0.466684042969798,0.504757294104432,0.241637996443863,0.0136222791953031,5.64078714030678e-10,5.7707869971056e-10,1.2336850685907e-13,1.99902444557695e-19,0.000725925581113087,-6.96277482160957,-0.967970280573123,-0.889545033736832,-1.62618201800632,-4.5019161132301,-21.5016947730527,-21.478909926844,-29.9294679906188,-43.2623249453088,-7.43393051651569,0.205867462768304,3.00613945367867
0.00347492679158962,1.39462097197945,1.5083976380208,0.72210186430033,0.0407083047687545,1.68567152934623e-09,1.72452019567136e-09,3.68669787491716e-13,5.97380916981902e-19,0.00216932859558302,-6.96277482160957,-0.967970280573123,-0.889545033736832,-1.62618201800632,-4.5019161132301,-21.5016947730527,-21.478909926844,-29.9294679906188,-43.2623249453088,-7.43393051651569,1.30059295425382,3.17142958285121
0.000533974116846481,0.214304227545364,0.231787702280489,0.110961677292366,0.00625543569430689,2.5902846884557e-10,2.6499814347061e-10,5.66515889371625e-14,9.17964511765814e-20,0.000333349561141793,-6.96277482160957,-0.967970280573123,-0.889545033736832,-1.62618201800632,-4.5019161132301,-21.5016947730527,-21.478909926844,-29.9294679906188,-43.2623249453088,-7.43393051651569,-0.572388368894178,0.905377376732693
0.00436947618624668,1.75363784372469,1.89670400385832,0.907992337490728,0.051187831841538,2.11961346153798e-09,2.16846292875149e-09,4.63576343804573e-13,7.51164512929657e-19,0.00272777822585662,-6.96277482160957,-0.967970280573123,-0.889545033736832,-1.62618201800632,-4.5019161132301,-21.5016947730527,-21.478909926844,-29.9294679906188,-43.2623249453088,-7.43393051651569,1.529662678703,0.569738294603703
0.00396408610856769,0.791596904792749,1.07182568872445,0.484320184297515,0.0417492212192839,7.62342750624893e-10,6.4683127205996e-10,1.95162710877906e-13,6.7677263566035e-19,0.00114193542490287,-6.40369531636996,-1.10691835159148,-0.803851930640011,-1.59822442944577,-4.04928985755494,-21.8678402336691,-22.032151016773,-30.1381581457843,-42.7101669536096,-7.64824609123166,0.873215376265367,2.45818220965314
0.00256306416085591,0.511823810318756,0.693011689003634,0.313147513135283,0.0269938466824717,4.9290891491784e-10,4.18222512360296e-10,1.26186600413528e-13,4.3758173763178e-19,0.0007383426296554,-6.40369531636996,-1.10691835159148,-0.803851930640011,-1.59822442944577,-4.04928985755494,-21.8678402336691,-22.032151016773,-30.1381581457843,-42.7101669536096,-7.64824609123166,0.437143517954637,1.10484610427521
0.00449387907718831,0.897392405358345,1.21507326153722,0.549048704610759,0.04732892943994,8.64228486176157e-10,7.33279106550901e-10,2.21245855675539e-13,7.67222079468537e-19,0.00129455303767994,-6.40369531636996,-1.10691835159148,-0.803851930640011,-1.59822442944577,-4.04928985755494,-21.8678402336691,-22.032151016773,-30.1381581457843,-42.7101669536096,-7.64824609123166,0.998656303176199,1.49841323310203
0.00516721707384497,1.03185272217153,1.39713312155162,0.631315127111127,0.0544204345707217,9.93719704684768e-10,8.43149593965993e-10,2.54396111539202e-13,8.82178394292953e-19,0.00148852170795012,-6.40369531636996,-1.10691835159148,-0.803851930640011,-1.59822442944577,-4.04928985755494,-21.8678402336691,-22.032151016773,-30.1381581457843,-42.7101669536096,-7.64824609123166,1.13827429739256,1.0809272890642
0.00441142001219304,0.880925976821063,1.192777644916,0.538974102681906,0.0464604816686914,8.48370588869996e-10,7.19824024990366e-10,2.17186172252882e-13,7.53144171667713e-19,0.00127079903112116,-6.40369531636996,-1.10691835159148,-0.803851930640011,-1.59822442944577,-4.04928985755494,-21.8678402336691,-22.032151016773,-30.1381581457843,-42.7101669536096,-7.64824609123166,0.980136673245989,1.56210078982024
0.00352227551918898,1.42576222414828,1.68764678951636,0.584461888133358,0.0755364117435994,1.37016682236113e-09,9.68142617569557e-10,4.49287639966653e-13,1.24858471529725e-18,0.00164896612661264,-6.97799593984577,-0.974641331072227,-0.806012769565588,-1.8664116003431,-3.91248836016169,-21.7376812322998,-22.0849896032314,-29.7604609846734,-42.553868887722,-7.736954673318,1.3293478959271,0.581576963158352
0.000946364523761941,1.88083247402501,3.09343113838488,1.45363220200143,0.0752285257828397,1.52227076759529e-09,5.60673677748677e-10,2.53833681364381e-13,2.66477965607318e-18,0.0122502670222871,-8.8371926803224,-1.24259546469611,-0.745029073218553,-1.50024455773101,-4.46153473659708,-22.1773726396971,-23.1761920081005,-30.8764070890049,-42.3407202492023,-6.27651749335231,1.87430994886107,0.63947993398342
0.000252814218648315,0.502450356485069,0.82638703856345,0.388326992531543,0.0200967391404852,4.06663272996466e-10,1.49779788017883e-10,6.78097733056021e-14,7.11875994613607e-19,0.00327256739629411,-8.8371926803224,-1.24259546469611,-0.745029073218553,-1.50024455773101,-4.46153473659708,-22.1773726396971,-23.1761920081005,-30.8764070890049,-42.3407202492023,-6.27651749335231,0.554337027702305,0.629370246233446
0.00220922621363526,5.5379849934389,6.80879136304849,3.22090464540278,0.193369540404405,8.65078239003189e-09,2.00339266546838e-09,1.26435704629901e-12,8.67809872074139e-18,0.0440862671473688,-8.87558772596087,-1.0488440566206,-0.842260146940447,-1.59081250574621,-4.4036269753122,-21.3260908420002,-22.7888985324215,-30.1569321583761,-42.0462039822248,-5.88208171920109,2.76047477162192,0.337298030983594
0.000334679010409174,0.838957697417125,1.03147407060589,0.487939701553662,0.0292938432589629,1.31052006883302e-09,3.03496975819721e-10,1.91539355475473e-13,1.31465826096266e-18,0.00667869508810377,-8.87558772596087,-1.0488440566206,-0.842260146940447,-1.59081250574621,-4.4036269753122,-21.3260908420002,-22.7888985324215,-30.1569321583761,-42.0462039822248,-5.88208171920109,0.873249062592725,2.62110125028085
0.000519948630497881,1.303382919904,1.60247136427802,0.7580504653644,0.0455101551360982,2.03598998992091e-09,4.71505030281955e-10,2.97570574994114e-13,2.04241897788737e-18,0.0103758474734551,-8.87558772596087,-1.0488440566206,-0.842260146940447,-1.59081250574621,-4.4036269753122,-21.3260908420002,-22.7888985324215,-30.1569321583761,-42.0462039822248,-5.88208171920109,1.31380718718819,5.08325978146093
0.000590591922130245,1.70905315324723,1.71254532103217,0.706332362714914,0.0483252762367727,2.00350014573524e-09,4.19041469368365e-10,2.13581490528252e-13,2.20149902969877e-18,0.00692435289951947,-8.8655982735494,-0.895273501797572,-0.893232251765599,-1.77888239095367,-4.46101354508091,-21.459583120518,-23.0242642360703,-30.6059709538156,-42.0886061758307,-6.40392368279358,1.43121300740596,1.809325882923
0.000725598412079539,2.09973453358923,2.10402499423477,0.867796564060192,0.0593722033552881,2.46149070089383e-09,5.14832345949541e-10,2.62405198191491e-13,2.70475118315586e-18,0.00850722686901508,-8.8655982735494,-0.895273501797572,-0.893232251765599,-1.77888239095367,-4.46101354508091,-21.459583120518,-23.0242642360703,-30.6059709538156,-42.0886061758307,-6.40392368279358,1.63708442595965,1.37560314429514
0.000706791266520596,2.04531047153103,2.04948972559654,0.84530371398758,0.0578333057335887,2.39769010109509e-09,5.01488150720428e-10,2.55603787554902e-13,2.63464539411955e-18,0.00828672383129485,-8.8655982735494,-0.895273501797572,-0.893232251765599,-1.77888239095367,-4.46101354508091,-21.459583120518,-23.0242642360703,-30.6059709538156,-42.0886061758307,-6.40392368279358,1.61082309958845,1.11887477178895
0.000256838842447844,0.743239480788316,0.744758167884955,0.307172481751523,0.0210158783832601,8.71289699355634e-10,1.82234334567278e-10,9.28831240997977e-14,9.57396200744496e-19,0.00301128870337097,-8.8655982735494,-0.895273501797572,-0.893232251765599,-1.77888239095367,-4.46101354508091,-21.459583120518,-23.0242642360703,-30.6059709538156,-42.0886061758307,-6.40392368279358,0.598536531600976,1.17903884097223
0.000472564160712388,1.06861203283083,2.29282892509244,0.702488432276345,0.038749746917951,2.04012203688076e-09,3.21203947233633e-10,4.27897777489609e-13,2.34849853900962e-18,0.00773552877682606,-9.07097590722709,-1.34727823599786,-0.583852483213772,-1.76676522126584,-4.66426993119925,-21.4238950857247,-23.2725837217557,-29.8935309423417,-42.0063943463487,-6.27557031255853,1.41363887684549,0.651054896536192
9.320901025359e-05,0.270886686026075,0.4436052887673,0.0786885003930621,0.00716833920029338,3.13064717789562e-10,2.31373645653699e-11,1.61496668990517e-13,1.68187485111454e-19,0.00273428254784335,-9.06148513477326,-1.08687364865773,-0.593639071566366,-2.32307722413266,-4.71890025332795,-21.665430151029,-24.270391261883,-29.2351108482747,-43.0100265832797,-5.68270517043265,-0.219181029631685,2.23299531359387
0.000256857305696331,0.746486033188895,1.22244897736185,0.216842944102264,0.0197538874009644,8.6271659468578e-10,6.37599423811689e-11,4.45038512510527e-13,4.63476483228786e-19,0.0075348986792239,-9.06148513477326,-1.08687364865773,-0.593639071566366,-2.32307722413266,-4.71890025332795,-21.665430151029,-24.270391261883,-29.2351108482747,-43.0100265832797,-5.68270517043265,0.794495276752949,0.691471612546042
0.000221036140220667,1.14263275480829,1.89362775469062,0.274595048002963,0.0379350620989527,1.17374021860934e-09,1.72830624226569e-10,3.09985436394801e-13,6.33697606679156e-19,0.0078573364342194,-9.62819303177551,-1.07767365856496,-0.572514256156182,-2.50346651167296,-4.48288816557998,-21.7740791112636,-23.689717744097,-30.0132597702763,-43.1137237656633,-6.0573162983956,1.2110086923696,1.49703941400949
0.00147893413380879,7.64525919520168,12.6701032706406,1.83729225936091,0.253820294501557,7.85339660651222e-09,1.15639510028078e-09,2.07408635714596e-12,4.24001713066067e-18,0.0525727740349855,-9.62819303177551,-1.07767365856496,-0.572514256156182,-2.50346651167296,-4.48288816557998,-21.7740791112636,-23.689717744097,-30.0132597702763,-43.1137237656633,-6.0573162983956,3.11175940125638,2.98885283085365
0.000502482647944817,4.04418967894129,10.6024415305756,2.18136045141523,0.200450533281338,1.34720192080907e-08,9.47121232669996e-10,4.95428066368475e-13,2.79816284339645e-18,0.0346746156733596,-10.4328981212815,-1.43966746734928,-0.475864363532549,-2.05699992876258,-4.44413645067756,-20.9595996248699,-23.6145426845342,-31.170302896708,-43.254517270617,-6.19869606772486,2.83694867120115,1.26289750503147
0.000198879821075837,1.6006676509811,4.19638704578604,0.863370263736971,0.0793371997154551,5.3321498375991e-09,3.74865285519714e-10,1.96087657152553e-13,1.10749719997666e-18,0.0137240189073126,-10.4328981212815,-1.43966746734928,-0.475864363532549,-2.05699992876258,-4.44413645067756,-20.9595996248699,-23.6145426845342,-31.170302896708,-43.254517270617,-6.19869606772486,1.91008829142034,2.55799694190451
0.000145735340176915,1.17293872934933,3.07503240058944,0.632661264494809,0.0581367869634536,3.90729771503801e-09,2.74694132417285e-10,1.43689295701471e-13,8.11552827785547e-19,0.010056699333458,-10.4328981212815,-1.43966746734928,-0.475864363532549,-2.05699992876258,-4.44413645067756,-20.9595996248699,-23.6145426845342,-31.170302896708,-43.254517270617,-6.19869606772486,1.59917980151257,1.53040029652583
7.77028066458801e-05,0.625384557949053,1.63953813647917,0.337320761372642,0.0309972276521952,2.08328328935811e-09,1.46460735138553e-10,7.66119017351609e-14,4.32701720693044e-19,0.00536200596818052,-10.4328981212815,-1.43966746734928,-0.475864363532549,-2.05699992876258,-4.44413645067756,-20.9595996248699,-23.6145426845342,-31.170302896708,-43.254517270617,-6.19869606772486,0.970278941607074,1.70290273890512
3.37349064069065e-05,0.271512580322664,0.711810396202867,0.146448819614367,0.0134575392943779,9.04463684379598e-10,6.35863671527722e-11,3.32612867701067e-14,1.87858748992322e-19,0.00232793096283138,-10.4328981212815,-1.43966746734928,-0.475864363532549,-2.05699992876258,-4.44413645067756,-20.9595996248699,-23.6145426845342,-31.170302896708,-43.254517270617,-6.19869606772486,0.135920663031037,2.3544029418048
8.00501410512758e-05,0.644276883115211,1.68906716178523,0.347510929051306,0.0319336270189707,2.14621747091969e-09,1.50885186937277e-10,7.89262808492296e-14,4.45773264439022e-19,0.00552398751858202,-10.4328981212815,-1.43966746734928,-0.475864363532549,-2.05699992876258,-4.44413645067756,-20.9595996248699,-23.6145426845342,-31.170302896708,-43.254517270617,-6.19869606772486,1.00004076479809,1.74706569105231
7.10390776584267e-05,0.571752091027966,1.49893269019352,0.308392409455152,0.0283389308241542,1.90462262259944e-09,1.33900382579933e-10,7.00417278583903e-14,3.95593575909499e-19,0.00490216473279373,-10.4328981212815,-1.43966746734928,-0.475864363532549,-2.05699992876258,-4.44413645067756,-20.9595996248699,-23.6145426845342,-31.170302896708,-43.254517270617,-6.19869606772486,0.880617678505085,1.37476920489999
9.65093246867109e-05,0.776747249712897,2.03635782515331,0.418962973001014,0.0384995296438525,2.58750323271265e-09,1.81908829957179e-10,9.51543865477228e-14,5.3742911816787e-19,0.00665977970800433,-10.4328981212815,-1.43966746734928,-0.475864363532549,-2.05699992876258,-4.44413645067756,-20.9595996248699,-23.6145426845342,-31.170302896708,-43.254517270617,-6.19869606772486,1.18702719587175,0.570478038789586
0.000142089673362389,0.342454251247691,1.4682933628125,0.238000228765286,0.0369294547859444,5.28273721695342e-10,2.41411137982459e-11,2.95320405375221e-14,3.72147389718607e-19,0.00502025990475976,-9.59661792775458,-1.80918293383074,-0.353464981974347,-2.17304937474221,-4.03631154430227,-22.0989722848795,-25.1846704928379,-31.8908663316802,-43.1725626987806,-6.03183930339196,0.737565730629768,0.418212541205473
0.000113990274652907,0.274731113331652,1.17792630342087,0.190933730808272,0.0296263521072052,4.23803258906674e-10,1.93670104742288e-11,2.36918372199172e-14,2.98552190046875e-19,0.004027462318905,-9.59661792775458,-1.80918293383074,-0.353464981974347,-2.17304937474221,-4.03631154430227,-22.0989722848795,-25.1846704928379,-31.8908663316802,-43.1725626987806,-6.03183930339196,0.517220504483467,1.35168767512653
0.000494231319964947,0.409393730425712,1.03034618692001,0.241401371238683,0.0461742897119714,1.52779332499751e-09,9.23949283111311e-12,2.67834700036366e-14,4.76953237548084e-19,0.00292009263247061,-8.16105012057068,-1.44162114916126,-0.518648379656482,-1.96983751920939,-3.62387536477241,-20.8479846430935,-25.9560773494227,-31.7995347178304,-42.7354117305163,-6.38468316898992,0.548543229233633,0.979336260616216
0.000357694871052871,0.296294531930645,0.74570253155205,0.174711777398752,0.0334181706769473,1.10572481812601e-09,6.68698858877121e-12,1.93842629195955e-14,3.45190035336308e-19,0.00211338722464634,-8.16105012057068,-1.44162114916126,-0.518648379656482,-1.96983751920939,-3.62387536477241,-20.8479846430935,-25.9560773494227,-31.7995347178304,-42.7354117305163,-6.38468316898992,0.225219870084966,1.42465388236983
0.00108663540544344,0.900108318264201,2.26535753875399,0.530754054456024,0.101520514777957,3.35906336178813e-09,2.03142933947213e-11,5.88871356607832e-14,1.04864716929995e-18,0.00642022452531366,-8.16105012057068,-1.44162114916126,-0.518648379656482,-1.96983751920939,-3.62387536477241,-20.8479846430935,-25.9560773494227,-31.7995347178304,-42.7354117305163,-6.38468316898992,1.33638097988841,0.651652854781352
0.00116453030190111,0.96463211704772,2.42774852108062,0.568800884063486,0.108797960319805,3.59985607979687e-09,2.17705129994441e-11,6.31084294931094e-14,1.12381889871725e-18,0.00688045499648097,-8.16105012057068,-1.44162114916126,-0.518648379656482,-1.96983751920939,-3.62387536477241,-20.8479846430935,-25.9560773494227,-31.7995347178304,-42.7354117305163,-6.38468316898992,1.40561267297577,0.292223577098607
0.000214827102874459,0.177950820778741,0.447859691104706,0.104929726462512,0.0200705388052143,6.6408461087296e-10,4.01612240413687e-12,1.16419478761773e-14,2.07316853647225e-19,0.00126927415365583,-8.16105012057068,-1.44162114916126,-0.518648379656482,-1.96983751920939,-3.62387536477241,-20.8479846430935,-25.9560773494227,-31.7995347178304,-42.7354117305163,-6.38468316898992,-0.284626905463168,0.191471319072456
9.12760377995126e-05,0.0756079918526229,0.190287247498934,0.0445826878952127,0.00852759839949939,2.8215719168143e-10,1.70637566425539e-12,4.94644698079321e-15,8.80850726783695e-20,0.000539290965045214,-8.16105012057068,-1.44162114916126,-0.518648379656482,-1.96983751920939,-3.62387536477241,-20.8479846430935,-25.9560773494227,-31.7995347178304,-42.7354117305163,-6.38468316898992,-1.14057213988626,0.688362289473453
7.97956581254948e-05,0.0660982840061372,0.166353585378215,0.0389752338879572,0.00745502700295349,2.46668450426332e-10,1.49175372223831e-12,4.32430024057605e-15,7.70060413976478e-20,0.000471460840263882,-8.16105012057068,-1.44162114916126,-0.518648379656482,-1.96983751920939,-3.62387536477241,-20.8479846430935,-25.9560773494227,-31.7995347178304,-42.7354117305163,-6.38468316898992,-1.27499134387303,0.501983968722164
0.000955526624378872,0.352525757196265,1.10693623734668,0.262369846040342,0.0510448670465264,9.84834215418701e-10,4.41032877162896e-12,6.41281219363129e-15,1.39120046904785e-19,0.0023618431805135,-7.52772084732145,-1.61710450633037,-0.472876864429974,-1.91247306151174,-3.5495232039886,-21.313020715133,-26.7215447948502,-33.2549514174236,-43.993422662667,-6.62278587307244,0.574472916991397,0.394136777338656
0.0032440326684563,1.19683224270215,3.75807143854831,0.890751058167521,0.173298380213718,3.34353254668184e-09,1.49731574702037e-11,2.17716301378182e-14,4.72315438923182e-19,0.00801850648623951,-7.52772084732145,-1.61710450633037,-0.472876864429974,-1.91247306151174,-3.5495232039886,-21.313020715133,-26.7215447948502,-33.2549514174236,-43.993422662667,-6.62278587307244,1.79678277496603,0.253540579888299
0.000931224889022589,0.343560033542855,1.07878372876141,0.255697041325889,0.0497466521997473,9.59787105414337e-10,4.29816167977844e-12,6.24971630405263e-15,1.35581831980809e-19,0.00230177485121583,-7.52772084732145,-1.61710450633037,-0.472876864429974,-1.91247306151174,-3.5495232039886,-21.313020715133,-26.7215447948502,-33.2549514174236,-43.993422662667,-6.62278587307244,0.548711093879432,0.325068922456766
0.0736310885495403,32.3981750480869,56.1566949809779,10.2314173850712,1.62783809400705,7.75906388278265e-08,2.3383386679703e-10,1.65490201488409e-13,4.8799695289406e-18,0.0718542908840843,-7.21943863925476,-1.13264860005753,-0.582604787661126,-2.28528757341165,-4.12349788381397,-20.9825697462892,-26.7871609192656,-34.0406151029475,-44.4721433937099,-7.2438656438044,4.61075069559314,0.305429660725042
0.00301530413872782,1.32675413652206,2.29970136431557,0.418991974639896,0.0666624253250826,3.17745369507432e-09,9.57584955237248e-12,6.77707337072934e-15,1.99842112989814e-19,0.00294254159426636,-7.21943863925476,-1.13264860005753,-0.582604787661126,-2.28528757341165,-4.12349788381397,-20.9825697462892,-26.7871609192656,-34.0406151029475,-44.4721433937099,-7.2438656438044,1.41538406056415,0.315843948310814
0.0196476056276898,9.87474457086121,19.9635836364462,3.35260683199346,0.808800588604587,1.63842246905713e-08,1.17914855085484e-10,3.32710001088388e-14,1.12032036216776e-18,0.048180702378545,-7.45814552696604,-1.23836528365583,-0.534435932194681,-2.31860752583417,-3.74054861139224,-21.4552926020258,-26.3894040468565,-34.5624359728188,-44.8612627197036,-6.56114243155022,3.52834572786658,0.104256892390449
0.0412911669172176,20.7526420301149,41.9552224234694,7.04579738268714,1.69976539328281,3.4432885580426e-08,2.47808412669505e-10,6.99219256040393e-14,2.35445152715364e-18,0.101255972956701,-7.45814552696604,-1.23836528365583,-0.534435932194681,-2.31860752583417,-3.74054861139224,-21.4552926020258,-26.3894040468565,-34.5624359728188,-44.8612627197036,-6.56114243155022,4.27103884897971,0.328517312484394
0.00840130684116709,4.22243609170552,8.53641888774047,1.43357309013139,0.345842747810825,7.00588670133543e-09,5.04203360692852e-11,1.4226663855311e-14,4.79048455131553e-19,0.0206020454693288,-7.45814552696604,-1.23836528365583,-0.534435932194681,-2.31860752583417,-3.74054861139224,-21.4552926020258,-26.3894040468565,-34.5624359728188,-44.8612627197036,-6.56114243155022,2.67877751806184,0.586599364412011
0.00443369199343048,2.22834154810681,4.50499580490098,0.756551528456015,0.182514488631847,3.69727524084538e-09,2.66087460632981e-11,7.50795641928445e-15,2.52812251729035e-19,0.0108724899319312,-7.45814552696604,-1.23836528365583,-0.534435932194681,-2.31860752583417,-3.74054861139224,-21.4552926020258,-26.3894040468565,-34.5624359728188,-44.8612627197036,-6.56114243155022,2.039622892045,0.913887637873309
0.00317988043566777,1.59818492202656,3.23102011686789,0.542604990936781,0.130900895345521,2.65171627191594e-09,1.90840119588158e-11,5.3847682168505e-15,1.81319030361481e-19,0.00779783937918347,-7.45814552696604,-1.23836528365583,-0.534435932194681,-2.31860752583417,-3.74054861139224,-21.4552926020258,-26.3894040468565,-34.5624359728188,-44.8612627197036,-6.56114243155022,1.70723384522252,0.358956078158496
0.0111642863240128,1.29962533525559,3.79977528288613,0.852728700450267,0.335465102845318,8.75396562365027e-09,3.87373414112368e-11,1.0577665372488e-14,4.28138003885834e-19,0.00653487577570963,-6.33642484988942,-1.57931351405423,-0.506447604432383,-2.00070336881314,-2.93362687667807,-20.3951485584495,-25.8156066200904,-34.0214211903901,-44.1362309036134,-6.87199147449289,1.84138953333352,0.177857153672106
0.0109869354281976,1.27898006418833,3.73941373976924,0.839182630910034,0.330136053161562,8.61490401234508e-09,3.81219772042113e-11,1.04096332766603e-14,4.21336793641131e-19,0.0064310656404957,-6.33642484988942,-1.57931351405423,-0.506447604432383,-2.00070336881314,-2.93362687667807,-20.3951485584495,-25.8156066200904,-34.0214211903901,-44.1362309036134,-6.87199147449289,1.82537644949922,0.0857680257396561
0.0190988098349826,2.22327665328548,6.50029777428936,1.45876796940458,0.573882111186553,1.49754601320524e-08,6.62681962513558e-11,1.80952739462361e-14,7.32418184381134e-19,0.0111792501655093,-6.33642484988942,-1.57931351405423,-0.506447604432383,-2.00070336881314,-2.93362687667807,-20.3951485584495,-25.8156066200904,-34.0214211903901,-44.1362309036134,-6.87199147449289,2.37829559171379,0.141833486048899
0.046662146649614,5.43190188994123,15.8815052158106,3.56405689696101,1.40210680472496,3.65879928050456e-08,1.61906229676274e-10,4.42103112099487e-14,1.78944159472374e-18,0.0273131056418098,-6.33642484988942,-1.57931351405423,-0.506447604432383,-2.00070336881314,-2.93362687667807,-20.3951485584495,-25.8156066200904,-34.0214211903901,-44.1362309036134,-6.87199147449289,3.27160284264921,0.56107781942759
0.0104318841156395,1.21436700006296,3.55050150687034,0.796787786250515,0.313457840130493,8.1796858561209e-09,3.61960849822363e-11,9.88374681348605e-15,4.00051191130049e-19,0.00610617327644817,-6.33642484988942,-1.57931351405423,-0.506447604432383,-2.00070336881314,-2.93362687667807,-20.3951485584495,-25.8156066200904,-34.0214211903901,-44.1362309036134,-6.87199147449289,1.77353646748305,0.516915073174587
0.00821473102572802,0.956270043019549,2.79589138089213,0.627441531757471,0.246836699491059,6.44120644345041e-09,2.85031063437227e-11,7.78309274711562e-15,3.1502582805043e-19,0.0048083903642401,-6.33642484988942,-1.57931351405423,-0.506447604432383,-2.00070336881314,-2.93362687667807,-20.3951485584495,-25.8156066200904,-34.0214211903901,-44.1362309036134,-6.87199147449289,1.53459858001362,2.95679712654675
0.00463792734254453,0.539897285192432,1.57852290496328,0.354245102715107,0.139360701418897,3.63661906756164e-09,1.60924728813371e-11,4.3942301395326e-15,1.7785937201679e-19,0.00271475293276086,-6.33642484988942,-1.57931351405423,-0.506447604432383,-2.00070336881314,-2.93362687667807,-20.3951485584495,-25.8156066200904,-34.0214211903901,-44.1362309036134,-6.87199147449289,0.962937143931094,4.81781391304547
0.00348628613592504,0.405835685031944,1.18656074413498,0.26628269463951,0.104756121725472,2.73361217209691e-09,1.20965597249255e-11,3.30310125236062e-15,1.3369520844332e-19,0.0020406541139891,-6.33642484988942,-1.57931351405423,-0.506447604432383,-2.00070336881314,-2.93362687667807,-20.3951485584495,-25.8156066200904,-34.0214211903901,-44.1362309036134,-6.87199147449289,0.677506596083841,5.4241158224494
0.00959375439216533,1.11680101230118,3.26524327229252,0.732771399607902,0.288273671100518,7.52250468264352e-09,3.32879799495579e-11,9.08965613036046e-15,3.6790984537884e-19,0.00561558449469569,-6.33642484988942,-1.57931351405423,-0.506447604432383,-2.00070336881314,-2.93362687667807,-20.3951485584495,-25.8156066200904,-34.0214211903901,-44.1362309036134,-6.87199147449289,1.68978187350993,6.18323503005309
0.00747126229596064,0.869723463226289,2.54285110397872,0.570655356147092,0.224496909319497,5.85824936820557e-09,2.59234517936928e-11,7.07868915066959e-15,2.86514626467442e-19,0.00437321021468548,-6.33642484988942,-1.57931351405423,-0.506447604432383,-2.00070336881314,-2.93362687667807,-20.3951485584495,-25.8156066200904,-34.0214211903901,-44.1362309036134,-6.87199147449289,1.43973353783246,3.2211433688137
0.00574252894176192,0.668483043569038,1.95447509145594,0.43861462342419,0.172551832345695,4.50274200159819e-09,1.99251701116336e-11,5.44079108819852e-15,2.20219618794128e-19,0.00336131770394646,-6.33642484988942,-1.57931351405423,-0.506447604432383,-2.00070336881314,-2.93362687667807,-20.3951485584495,-25.8156066200904,-34.0214211903901,-44.1362309036134,-6.87199147449289,1.17656926639941,1.93827545697789
0.00700474611706774,0.81541670076967,2.38407188655476,0.535022829049436,0.210479004960066,5.49245199662424e-09,2.43047548191472e-11,6.63668579389726e-15,2.68624248183067e-19,0.00410014078705294,-6.33642484988942,-1.57931351405423,-0.506447604432383,-2.00070336881314,-2.93362687667807,-20.3951485584495,-25.8156066200904,-34.0214211903901,-44.1362309036134,-6.87199147449289,1.37525750693706,2.83724594557029
0.00796312916172527,0.926981278170138,2.71025845136851,0.608224169868384,0.239276552542641,6.24392432398442e-09,2.76301094478428e-11,7.54471115717102e-15,3.05377175489775e-19,0.00466111835074304,-6.33642484988942,-1.57931351405423,-0.506447604432383,-2.00070336881314,-2.93362687667807,-20.3951485584495,-25.8156066200904,-34.0214211903901,-44.1362309036134,-6.87199147449289,1.50349160428528,2.76635324086963
0.0228202502621357,1.12678815828853,6.33858219782165,0.917231969727123,0.227955790656728,8.32220608321582e-09,5.6248000130666e-11,1.28874935247866e-14,6.95435345763081e-19,0.00484915360440988,-5.9363043824526,-2.03682616681998,-0.309542299296926,-2.24259228745334,-3.63480098409097,-20.7605358776615,-25.7574480433424,-34.1387164626428,-43.9659463212671,-7.48514851845057,2.15619741463373,6.70123365707073
0.112918179916207,1.51250434309568,8.14977517568591,1.20832353576254,0.403772868007501,1.73897165369495e-08,3.48515215343983e-11,1.02142935535575e-14,2.72626453647839e-18,0.006240414632716,-4.61413784249217,-2.01927926603103,-0.335055707351116,-2.24381215714677,-3.33994881543932,-20.300432857479,-26.5129703685694,-34.6480343752032,-42.8766453517497,-7.50975469967568,2.43304604841798,2.53650451482118
0.0910427662917202,3.16654609709983,9.5390764335728,6.45983767259816,0.94295797218405,3.02546935483272e-08,7.69914968507785e-11,6.82845605475999e-15,5.15823311695981e-18,0.00590856257528787,-5.40237431124275,-1.8533069530174,-0.750551716755089,-1.14034419823286,-3.0646819531763,-20.3195628935139,-26.293274518313,-35.6236261879886,-42.8118859598629,-8.13730108384899,3.00594838763087,0.784164325034642
0.00882301398421242,0.306872051831601,0.924438131638121,0.626027090811927,0.0913826733740304,2.93200212534874e-09,7.46129627919316e-12,6.61750139145393e-16,4.99887742634452e-19,0.000572602660834352,-5.40237431124275,-1.8533069530174,-0.750551716755089,-1.14034419823286,-3.0646819531763,-20.3195628935139,-26.293274518313,-35.6236261879886,-42.8118859598629,-8.13730108384899,0.671982565471831,0.518311750337674
0.0254609580786197,0.191186784859152,0.669897338048686,0.247733727658445,0.0727732915845704,1.40671510959245e-09,3.90638161901283e-12,3.23870798117652e-16,2.19318393976475e-19,0.000447453886199266,-3.85916079427207,-1.84305613604931,-0.589182543580912,-1.58395252687009,-2.80895800338284,-20.570560298511,-26.4569613259767,-35.8547387473231,-43.1523141635571,-7.90048881160889,0.188551738450357,1.09347232412507
0.0572192353984578,0.429660251360156,1.5054819759825,0.556740026642174,0.163545774241496,3.16135640873343e-09,8.77893788302492e-12,7.27845330052281e-16,4.92881327301252e-19,0.00100557760494842,-3.85916079427207,-1.84305613604931,-0.589182543580912,-1.58395252687009,-2.80895800338284,-20.570560298511,-26.4569613259767,-35.8547387473231,-43.1523141635571,-7.90048881160889,0.998295640334983,2.91086104395275
0.123365268313851,0.926351983275036,3.24583484234664,1.20033730422102,0.352606395041807,6.81591739007447e-09,1.89274816398402e-11,1.569242122996e-15,1.06265728239782e-18,0.00216803580441073,-3.85916079427207,-1.84305613604931,-0.589182543580912,-1.58395252687009,-2.80895800338284,-20.570560298511,-26.4569613259767,-35.8547387473231,-43.1523141635571,-7.90048881160889,1.76655513101738,4.97313452880675
0.165722577949394,1.24441377103248,4.3602881509824,1.61247160714843,0.473673357067629,9.15615404896276e-09,2.54262086429715e-11,2.10803943122846e-15,1.42751932308562e-18,0.00291242816964872,-3.85916079427207,-1.84305613604931,-0.589182543580912,-1.58395252687009,-2.80895800338284,-20.570560298511,-26.4569613259767,-35.8547387473231,-43.1523141635571,-7.90048881160889,2.06172068843289,3.69328462666585
0.122259887694931,0.918051660642854,3.21675143032975,1.18958201133844,0.349446962241037,6.75484523349322e-09,1.87578871368199e-11,1.55518135976124e-15,1.05313563355312e-18,0.00214860971478213,-3.85916079427207,-1.84305613604931,-0.589182543580912,-1.58395252687009,-2.80895800338284,-20.570560298511,-26.4569613259767,-35.8547387473231,-43.1523141635571,-7.90048881160889,1.75755452131435,1.19907648047554
0.0821544230837292,0.616899017029772,2.16154589166581,0.79935803716875,0.234816292755882,4.53902276241434e-09,1.26046524747383e-11,1.04502817572155e-15,7.07670782582123e-19,0.00144379154012048,-3.85916079427207,-1.84305613604931,-0.589182543580912,-1.58395252687009,-2.80895800338284,-20.570560298511,-26.4569613259767,-35.8547387473231,-43.1523141635571,-7.90048881160889,1.36000619987863,0.866944437797209
0.0665412398681214,0.499659347917887,1.7507510644521,0.647442619584178,0.19019021343851,3.67639612164101e-09,1.02091789132408e-11,8.46423940422077e-16,5.73180232103465e-19,0.00116940361315432,-3.85916079427207,-1.84305613604931,-0.589182543580912,-1.58395252687009,-2.80895800338284,-20.570560298511,-26.4569613259767,-35.8547387473231,-43.1523141635571,-7.90048881160889,1.14922741913199,2.40372323119549
0.0607648038843125,0.456283987875308,1.5987686026369,0.591238213825739,0.173679826874451,3.35724867428548e-09,9.32292148015926e-12,7.72945993261764e-16,5.23422534103059e-19,0.0010678878445271,-3.85916079427207,-1.84305613604931,-0.589182543580912,-1.58395252687009,-2.80895800338284,-20.570560298511,-26.4569613259767,-35.8547387473231,-43.1523141635571,-7.90048881160889,1.05841625316262,3.54627315002005
0.0292632512958242,0.152779818330908,0.819171370176359,0.281949392131355,0.0559627694246674,1.04420266479574e-09,4.8703426043729e-12,1.55985213066883e-16,1.92462695925374e-19,0.000337513596170431,-3.82369239268585,-2.17102711050565,-0.491731594369328,-1.55829730522264,-3.17533826159449,-20.9722818635044,-26.3401264518811,-36.6890400797153,-43.3866542258735,-8.28617438406022,0.292269620546534,2.41847334857651
0.0510282823847907,0.391654057575395,1.32145385605538,0.40779217474929,0.129828291785966,3.00848460075736e-09,9.13435752825176e-12,1.80214809966726e-16,6.02297074573596e-19,0.00110075221070372,-3.80952595080912,-1.7715270424209,-0.555418170808023,-1.73114831737446,-2.87569324141637,-20.4559800472657,-26.2531289667661,-37.086532853227,-42.7876868573351,-7.64591221237527,0.834150707406166,5.9381858803359
0.0302944986113186,0.232517395233187,0.784521448425694,0.242098281468535,0.0770765313157413,1.78607878416425e-09,5.42289037612969e-12,1.06990027003207e-16,3.5757205683861e-19,0.000653495174834828,-3.80952595080912,-1.7715270424209,-0.555418170808023,-1.73114831737446,-2.87569324141637,-20.4559800472657,-26.2531289667661,-37.086532853227,-42.7876868573351,-7.64591221237527,0.312736803874686,3.58384114672383
0.0386676638686949,0.50424717073275,2.40183437866676,0.27984952780502,0.143480875946937,4.06101127328812e-09,1.69643539411343e-11,2.52350312815529e-16,5.8457410760854e-19,0.00237528390379278,-4.46779930907065,-1.89973643490775,-0.338814952050643,-2.4885509428626,-3.15660124322783,-20.5368815341597,-26.0149545221859,-37.1307611433994,-43.198451113863,-7.25768603210247,1.21504772190185,3.49844510087597
0.009895312631672,0.129040208246878,0.61464540881268,0.0716153573916419,0.0367177114444335,1.03923982287598e-09,4.34129112148834e-12,6.45781251872193e-17,1.49596406206746e-19,0.000607850965520488,-4.46779930907065,-1.89973643490775,-0.338814952050643,-2.4885509428626,-3.15660124322783,-20.5368815341597,-26.0149545221859,-37.1307611433994,-43.198451113863,-7.25768603210247,-0.147894796442267,1.18935468388589
0.0108486430664878,0.141472150765093,0.67386134232098,0.0785148968345031,0.0402551551937826,1.1393618694548e-09,4.75953813465129e-12,7.07996862895204e-17,1.6400876610728e-19,0.000666412311364994,-4.46779930907065,-1.89973643490775,-0.338814952050643,-2.4885509428626,-3.15660124322783,-20.5368815341597,-26.0149545221859,-37.1307611433994,-43.198451113863,-7.25768603210247,-0.0559159607425582,1.15832797624255
0.523502355854163,6.82675277999154,32.5172464484343,3.78874419691049,1.94251653871055,5.49800209274552e-08,2.29671988560901e-10,3.41644594067181e-15,7.91425940660909e-18,0.0321577927148761,-4.46779930907065,-1.89973643490775,-0.338814952050643,-2.4885509428626,-3.15660124322783,-20.5368815341597,-26.0149545221859,-37.1307611433994,-43.198451113863,-7.25768603210247,3.82058556058796,1.20003592729505
0.174576000600957,2.27656510824642,10.8437541341357,1.26345908819745,0.647784608105516,1.83345730141201e-08,7.65903281325453e-11,1.13930617870612e-15,2.63922356695032e-18,0.0107238845776687,-4.46779930907065,-1.89973643490775,-0.338814952050643,-2.4885509428626,-3.15660124322783,-20.5368815341597,-26.0149545221859,-37.1307611433994,-43.198451113863,-7.25768603210247,2.72240421044364,0.72691714622352
0.120865655306999,1.57615326682964,7.50754654075341,0.874741144962001,0.448486108554094,1.26937275140756e-08,5.30264192560920e-11,7.88785327940854e-16,1.82723561556592e-18,0.0074245562531774,-4.46779930907065,-1.89973643490775,-0.338814952050643,-2.4885509428626,-3.15660124322783,-20.5368815341597,-26.0149545221859,-37.1307611433994,-43.198451113863,-7.25768603210247,2.35472367214133,0.234565282444679
0.503349049571387,6.56394280759423,31.2654277702193,3.64288865037175,1.86773534560567,5.28634512715717e-08,2.20830290184033e-10,3.28492278576917e-15,7.60958361663582e-18,0.0309198119518221,-4.46779930907065,-1.89973643490775,-0.338814952050643,-2.4885509428626,-3.15660124322783,-20.5368815341597,-26.0149545221859,-37.1307611433994,-43.198451113863,-7.25768603210247,3.78132789505592,0.582467552277709
0.238281511404312,1.61575755627341,4.11304862400732,1.18906498015525,0.389377653330387,7.97048433248544e-09,2.15938516594228e-11,3.70545286899083e-16,1.79338590570719e-18,0.00381315147682715,-3.455763087069,-1.54165668201801,-0.607296092595288,-1.84829333649009,-2.96466617893518,-20.6689811803478,-26.5800730909579,-37.5530166085832,-42.88388687717,-7.59075987628221,2.02146060380319,0.792722833146841
0.152320895168122,1.0328692137957,2.62925664935778,0.760106989094063,0.248908748161794,5.09511334426473e-09,1.38038188338913e-11,2.36870202258487e-16,1.14641771797269e-18,0.00243754810408445,-3.455763087069,-1.54165668201801,-0.607296092595288,-1.84829333649009,-2.96466617893518,-20.6689811803478,-26.5800730909579,-37.5530166085832,-42.88388687717,-7.59075987628221,1.57399725600421,0.682573998616457
0.15760579862338,1.06870549266468,2.72048095273135,0.786479549789657,0.257544849609019,5.27189265013943e-09,1.42827541091237e-11,2.45088616081368e-16,1.18619365910142e-18,0.0025221209158672,-3.455763087069,-1.54165668201801,-0.607296092595288,-1.84829333649009,-2.96466617893518,-20.6689811803478,-26.5800730909579,-37.5530166085832,-42.88388687717,-7.59075987628221,1.60810477812934,0.288228859830691
0.084285198011562,0.571527538022479,1.45487207825125,0.420597371194894,0.137731091341547,2.81932847518204e-09,7.63820093393036e-12,1.31069685996524e-16,6.34358432942774e-19,0.00134879212985654,-3.455763087069,-1.54165668201801,-0.607296092595288,-1.84829333649009,-2.96466617893518,-20.6689811803478,-26.5800730909579,-37.5530166085832,-42.88388687717,-7.59075987628221,0.982214070626004,0.969656111288229
0.18648112906257,1.26450554895965,3.21890669055181,0.930572324815723,0.304730249513898,6.23776854837642e-09,1.68995312079675e-11,2.89991880035157e-16,1.40351899973355e-18,0.00298420464304839,-3.455763087069,-1.54165668201801,-0.607296092595288,-1.84829333649009,-2.96466617893518,-20.6689811803478,-26.5800730909579,-37.5530166085832,-42.88388687717,-7.59075987628221,1.77633785740012,0.359746898509646
0.0626514234736842,0.384468278268464,0.772409016234634,0.24814715813764,0.0888730711094679,1.63249091393424e-09,1.71916552145018e-12,7.61744979453131e-17,2.90120510024715e-19,0.00103775242492754,-3.21330651393527,-1.39903163177774,-0.701378692569211,-1.83687096629547,-2.86368373158942,-20.676296457616,-27.5323197418654,-37.5566425769348,-43.1271282014883,-7.31383567140288,0.443137637085518,0.373049634777155
0.106971532973034,0.504556063688273,0.849553262329671,0.384023184796485,0.133735474346175,2.04807141969684e-09,1.89738903334366e-12,1.99568242313065e-17,2.9067236771865e-19,0.00146943724657341,-2.91844539853776,-1.36732918977094,-0.846297513029618,-1.64030522278261,-2.69514437376277,-20.6896201291181,-27.673795239442,-39.136213393956,-43.3653430757552,-7.20612864858789,0.683252871639761,0.247059547922988
0.113149902100682,0.677256234944366,0.867783576112922,0.297982904154119,0.105122109088974,1.0471497447159e-09,1.27658069034662e-12,1.64031949687085e-17,1.45283096269547e-19,0.00107369189772583,-2.90289681263156,-1.11356063230372,-0.865667972198146,-1.93457420324418,-2.97648770132678,-21.401048933145,-28.1106909885593,-39.372910583383,-44.0994577663325,-7.5605072381889,0.723855040511467,1.62830434830004
0.140859672596866,0.843112453014439,1.08029886148233,0.370957230535328,0.130865918520982,1.30359078940542e-09,1.58920807483952e-12,2.04202445599898e-17,1.80862104115458e-19,0.00133663296543547,-2.90289681263156,-1.11356063230372,-0.865667972198146,-1.93457420324418,-2.97648770132678,-21.401048933145,-28.1106909885593,-39.372910583383,-44.0994577663325,-7.5605072381889,0.942905698648112,1.10398850510403
0.135639306374588,0.602308651856479,0.750464309487671,0.107370735816983,0.210419044690993,1.49041858123373e-09,2.0925878402686e-12,7.48999841939414e-18,3.49227991288925e-19,0.00102931455714179,-2.58955211665928,-1.09878129553783,-0.878859225883764,-2.8232636536613,-2.15045032682112,-20.9160048706375,-27.4844156560035,-40.0247591285909,-43.0903580149901,-7.47065821797115,0.591796041198329,0.426723945267595
0.0118243807426966,0.0697957214576617,0.11964794270923,0.0319599545282596,0.0172155526629641,2.07103591280902e-10,2.15463401683549e-13,3.62186783656946e-19,4.15278787355864e-20,0.000210746366841672,-3.05391112914766,-1.27850198295065,-0.739521073705112,-2.05959099554535,-2.6782614938265,-20.9141214215614,-27.7823047442542,-41.0784463118566,-43.2442413891081,-7.08117461510625,-1.38368058531008,0.225664825506953
0.0426535760191718,0.251771080091962,0.431600836520579,0.115287758378585,0.0621009167583971,7.470758060628e-10,7.77231787697219e-13,1.3065006824474e-18,1.49801716564088e-19,0.000760216232414345,-3.05391112914766,-1.27850198295065,-0.739521073705112,-2.05959099554535,-2.6782614938265,-20.9141214215614,-27.7823047442542,-41.0784463118566,-43.2442413891081,-7.08117461510625,-0.10073303371008,0.380288234829855
0.0329554746335413,0.117830484610434,0.199437402256783,0.0374221530501967,0.0217332014600785,1.44434813642715e-09,6.21828321823199e-13,8.13609607909657e-19,1.1045825265466e-19,0.000920868508072141,-2.52173019346699,-1.24764056983219,-0.721387176398417,-2.39462473373315,-2.93804647788399,-19.4647400451853,-27.21524466156,-40.7619386104387,-42.7587816186934,-6.0993256140847,-0.890867688639853,0.497428629501514
0.0204992039529644,0.0732937747905339,0.124055503074145,0.023277599739203,0.0135186439957257,8.98423929770077e-10,3.86794174094819e-13,5.06087364120577e-19,6.8708045465423e-20,0.000572805325086115,-2.52173019346699,-1.24764056983219,-0.721387176398417,-2.39462473373315,-2.93804647788399,-19.4647400451853,-27.21524466156,-40.7619386104387,-42.7587816186934,-6.0993256140847,-1.36563903168746,0.956074753182807
0.0745930254897312,0.59221686938382,0.847126517973073,0.140944363650521,0.0340289939459987,1.09364755456035e-08,2.95462939275106e-12,2.83567912489509e-18,2.1770869378591e-19,0.00363439976694134,-3.12194109777795,-1.05011520730333,-0.692138053156025,-2.48562288005171,-3.90677518418437,-18.8573950835915,-27.0738807194807,-40.9304830447132,-43.497361880264,-6.14354413718495,0.526232829540111,0.78917898276794
0.0907266673302168,0.720306791997933,1.03035056264514,0.171429062020688,0.0413890868891704,1.33019135780679e-08,3.59368287102269e-12,3.44900498311353e-18,2.64796663043644e-19,0.00442048001720613,-3.12194109777795,-1.05011520730333,-0.692138053156025,-2.48562288005171,-3.90677518418437,-18.8573950835915,-27.0738807194807,-40.9304830447132,-43.497361880264,-6.14354413718495,0.722037149573599,1.89274350935036
0.0407375724688886,0.323428061476645,0.462642153065586,0.0769741030156354,0.0185842925369656,5.97274962596315e-09,1.61361505604133e-12,1.54865261317e-18,1.18897492520015e-19,0.0019848588110569,-3.12194109777795,-1.05011520730333,-0.692138053156025,-2.48562288005171,-3.90677518418437,-18.8573950835915,-27.0738807194807,-40.9304830447132,-43.497361880264,-6.14354413718495,-0.0786633581187749,1.6172081060594
0.195905278780363,1.55535199347884,2.2248267257721,0.370165235585964,0.0893710839832326,2.87227026463892e-08,7.75980718142659e-12,7.44740551609218e-18,5.71773058795006e-19,0.00954510284128302,-3.12194109777795,-1.05011520730333,-0.692138053156025,-2.48562288005171,-3.90677518418437,-18.8573950835915,-27.0738807194807,-40.9304830447132,-43.497361880264,-6.14354413718495,1.49181708968425,2.93422004606112
0.231959983102624,1.841601330868,2.63428720721175,0.438291006379485,0.105819073685378,3.40088723591147e-08,9.18793385195779e-12,8.81803731081637e-18,6.77003038827349e-19,0.0113017980299505,-3.12194109777795,-1.05011520730333,-0.692138053156025,-2.48562288005171,-3.90677518418437,-18.8573950835915,-27.0738807194807,-40.9304830447132,-43.497361880264,-6.14354413718495,1.66075068895797,0.883069666089202
0.170163696116997,1.35098168676722,1.9324887069618,0.321526224578897,0.0776278927818954,2.49485939082767e-08,6.74018321184266e-12,6.46883053376601e-18,4.96643161585045e-19,0.0082908944026493,-3.12194109777795,-1.05011520730333,-0.692138053156025,-2.48562288005171,-3.90677518418437,-18.8573950835915,-27.0738807194807,-40.9304830447132,-43.497361880264,-6.14354413718495,1.35094671087288,2.04109770447765
0.264519325505578,2.25593919386282,2.64969619429824,1.13943611485532,0.0655381198494255,3.27835982120418e-08,1.22852743584772e-11,7.32948439054035e-18,7.09523276869147e-19,0.0168621562709589,-3.18488678801415,-1.04147944175702,-0.880600832189598,-1.72451231801281,-4.58016914514765,-19.0883833230908,-26.977665599357,-41.3096723247777,-43.6447394713411,-5.93772926383842,1.8550458219546,3.72443412544462
0.223781001851982,1.90850453725783,2.24161946515678,0.963952841030809,0.0554446677624335,2.77346331432743e-08,1.03932330793295e-11,6.2006787475307e-18,6.0025039543559e-19,0.0142652345589029,-3.18488678801415,-1.04147944175702,-0.880600832189598,-1.72451231801281,-4.58016914514765,-19.0883833230908,-26.977665599357,-41.3096723247777,-43.6447394713411,-5.93772926383842,1.68779941235207,3.32356144274625
0.135642563092304,1.15682048504803,1.35873468799904,0.584290145166177,0.0336072176943429,1.68110639189417e-08,6.29975181998895e-12,3.7584779372083e-18,3.63835631533667e-19,0.0086467258733714,-3.18488678801415,-1.04147944175702,-0.880600832189598,-1.72451231801281,-4.58016914514765,-19.0883833230908,-26.977665599357,-41.3096723247777,-43.6447394713411,-5.93772926383842,1.18715472239744,1.66044136943993
0.0767575625675977,0.606335722072691,1.5003574330258,0.750492602299989,0.0533121143437307,6.62418484767188e-09,3.49546013583785e-12,2.86314434390209e-18,2.17078425315165e-19,0.00626369142496235,-3.6635530249512,-1.5967711121576,-0.690746294259025,-1.38347514765068,-4.028041350302,-19.9289881771701,-27.4760057561119,-41.4910608947017,-44.0704779203088,-6.16943524583175,1.09644966266482,1.31433767594107
0.123034530082904,0.971894210059032,2.40491966594373,1.20296295981725,0.0854538721214667,1.06178914839546e-08,5.60286544869887e-12,4.58932784116603e-18,3.47954535766652e-19,0.0100400573608089,-3.6635530249512,-1.5967711121576,-0.690746294259025,-1.38347514765068,-4.028041350302,-19.9289881771701,-27.4760057561119,-41.4910608947017,-44.0704779203088,-6.16943524583175,1.56826279432486,2.44973442624619
0.0708585004537207,0.559736898885474,1.38505020603248,0.692814865685126,0.0492149092812482,6.11509523404838e-09,3.22682293882251e-12,2.6431026208367e-18,2.00395259882587e-19,0.00578230687415055,-3.6635530249512,-1.5967711121576,-0.690746294259025,-1.38347514765068,-4.028041350302,-19.9289881771701,-27.4760057561119,-41.4910608947017,-44.0704779203088,-6.16943524583175,1.01648268308426,2.08465636784286
0.147708125155176,0.910123771947162,1.96621516671236,0.314696388821499,0.0409841368335486,1.50138126222605e-08,1.05899709110651e-11,1.80080532717278e-18,1.56897974183957e-19,0.00659415355651534,-3.13226138495212,-1.31391898079203,-0.543633845561638,-2.3758912551655,-4.41431449884487,-19.2340395232752,-26.4908580083501,-42.0780420102617,-44.5184355099307,-6.24131615249537,1.21974430520059,0.733455712685372
0.113469279095236,0.699156449124173,1.51044512465775,0.241749547196107,0.0314839854338258,1.15336004226519e-08,8.1352082944367e-12,1.38337740087412e-18,1.20528914732709e-19,0.00506562417954341,-3.13226138495212,-1.31391898079203,-0.543633845561638,-2.3758912551655,-4.41431449884487,-19.2340395232752,-26.4908580083501,-42.0780420102617,-44.5184355099307,-6.24131615249537,0.956038237489599,1.23164311723311
0.229864342426687,1.41634051712286,3.05983679564616,0.489732561458702,0.0637797795705003,2.33645925849222e-08,1.6480181420165e-11,2.80242493047809e-18,2.4416564509221e-19,0.0102618645354587,-3.13226138495212,-1.31391898079203,-0.543633845561638,-2.3758912551655,-4.41431449884487,-19.2340395232752,-26.4908580083501,-42.0780420102617,-44.5184355099307,-6.24131615249537,1.66199542534742,1.88775062969378
0.238509648548413,1.46960975067977,3.1749186978743,0.508151633624878,0.0661785671029298,2.42433459103559e-08,1.71000088010227e-11,2.90782545128688e-18,2.53348829939177e-19,0.0106478180911609,-3.13226138495212,-1.31391898079203,-0.543633845561638,-2.3758912551655,-4.41431449884487,-19.2340395232752,-26.4908580083501,-42.0780420102617,-44.5184355099307,-6.24131615249537,1.69891587060971,1.13073699205112
0.167467633811698,1.03187468125837,2.22924366000901,0.356794587634612,0.0464667492876151,1.7022270587354e-08,1.20066338175212e-11,2.04170628244249e-18,1.77886845824035e-19,0.00747627994018933,-3.13226138495212,-1.31391898079203,-0.543633845561638,-2.3758912551655,-4.41431449884487,-19.2340395232752,-26.4908580083501,-42.0780420102617,-44.5184355099307,-6.24131615249537,1.34529620758865,2.19939713704938
0.636349110567592,2.84488606935421,4.68934148338835,1.17834632058289,0.289569805566289,7.45957158177731e-08,7.95351633787029e-11,8.77018785008101e-18,1.39084894455108e-18,0.0300063286433524,-2.72088104527312,-1.22335007416337,-0.72358093107784,-2.10476106268784,-3.50823198147225,-18.6800558551206,-25.5236949804253,-41.5440465431352,-43.385490456726,-5.77522005980801,2.26887309501861,2.06685234571493
0.580218392467694,2.59394598735612,4.27570673399198,1.07440742282016,0.264027597906116,6.80158196153682e-08,7.25195712131741e-11,7.99659214024028e-18,1.26816573696946e-18,0.0273595475819464,-2.72088104527312,-1.22335007416337,-0.72358093107784,-2.10476106268784,-3.50823198147225,-18.6800558551206,-25.5236949804253,-41.5440465431352,-43.385490456726,-5.77522005980801,2.17653033769593,2.91256384304884
0.266348807806276,1.19074891491766,1.96275989508802,0.493205902951956,0.121201666205651,3.12226097995139e-08,3.32900535143354e-11,3.67082948544174e-18,5.82150508373256e-19,0.0125593793219442,-2.72088104527312,-1.22335007416337,-0.72358093107784,-2.10476106268784,-3.50823198147225,-18.6800558551206,-25.5236949804253,-41.5440465431352,-43.385490456726,-5.77522005980801,1.3979325236022,4.62867736766131
0.468391476078545,2.50347571024306,3.44737971972858,0.676553181683838,0.221572418632596,7.32802534042741e-08,2.6328821834377e-11,7.39429280719448e-18,1.64325619080308e-18,0.0103810382779798,-2.75011985017985,-1.07398895438085,-0.754054563854204,-2.38241322627901,-3.49867480131184,-18.4206436633609,-26.3520258943543,-41.4374922183162,-42.9415209231265,-6.55944338426853,1.99166900480212,3.4900812731363
0.587190837515876,3.13843883604697,4.32174770089799,0.848149143752449,0.277770413664562,9.18665167224684e-08,3.30066701323608e-11,9.26972673082129e-18,2.06003957845082e-18,0.0130140083072501,-2.75011985017985,-1.07398895438085,-0.754054563854204,-2.38241322627901,-3.49867480131184,-18.4206436633609,-26.3520258943543,-41.4374922183162,-42.9415209231265,-6.55944338426853,2.21771444469079,4.4598866875684
0.105078122698729,0.561625352486333,0.773379123402329,0.151776754846983,0.0497071680011226,1.64395635955531e-08,5.9065617384585e-12,1.6588226868894e-18,3.68645213376376e-19,0.00232886393033087,-2.75011985017985,-1.07398895438085,-0.754054563854204,-2.38241322627901,-3.49867480131184,-18.4206436633609,-26.3520258943543,-41.4374922183162,-42.9415209231265,-6.55944338426853,0.497068670407509,4.08654719244223
0.262312360923695,1.40201659852336,1.93062931215859,0.378888753193632,0.12408676761945,4.10389967821242e-08,1.47448785224192e-11,4.14101131782982e-18,9.20269545937998e-19,0.00581367253378344,-2.75011985017985,-1.07398895438085,-0.754054563854204,-2.38241322627901,-3.49867480131184,-18.4206436633609,-26.3520258943543,-41.4374922183162,-42.9415209231265,-6.55944338426853,1.41190058209818,6.67140934712685
0.46519631783874,1.51193531902401,3.09598000318111,0.622208494525688,0.162451101730528,4.29223634930575e-08,1.23792502746094e-11,4.80943532636024e-18,1.02680775460265e-18,0.00877029848565292,-2.53456106476014,-1.35587479275017,-0.639160794383423,-2.24374533337714,-3.58664352609231,-18.7331381444635,-26.8842647010766,-41.6452172836029,-43.1893422428721,-6.50564972949433,1.76926529116921,6.34432550924679
0.36149982481111,1.17491117619374,2.40585788376047,0.483512558336698,0.126239272676949,3.33545780312857e-08,9.61980272405224e-12,3.73736842113672e-18,7.97922961058826e-19,0.00681531913415469,-2.53456106476014,-1.35587479275017,-0.639160794383423,-2.24374533337714,-3.58664352609231,-18.7331381444635,-26.8842647010766,-41.6452172836029,-43.1893422428721,-6.50564972949433,1.51706734276013,3.1369276351097
0.174497610912498,1.21501741116916,3.09620019710563,1.03435699115198,0.493028882867465,4.45921128795044e-08,2.48366156762745e-11,9.95635057480026e-18,9.83730193682679e-19,0.00339721267512998,-3.54034964921236,-1.59974701386291,-0.664329803948403,-1.76072545166807,-2.5016929414506,-18.7202142555585,-26.2132075337951,-40.9428264983259,-43.2574407075656,-7.47930540574647,1.79450542073313,1.49881379000424
0.1325245538332,0.922761288666044,2.35145081674181,0.785556306701553,0.374437405688355,3.38660789275753e-08,1.88625012916391e-11,7.56148414200337e-18,7.47107105526033e-19,0.00258005878529679,-3.54034964921236,-1.59974701386291,-0.664329803948403,-1.76072545166807,-2.5016929414506,-18.7202142555585,-26.2132075337951,-40.9428264983259,-43.2574407075656,-7.47930540574647,1.51936231043704,5.28446041478441
0.125577156510911,0.976798745239213,1.72035132742246,0.477020937809528,0.3545563067365,1.67606999299915e-08,1.23374751595448e-11,1.09085729543269e-17,1.20512262630642e-18,0.00176141697533511,-3.37122259703833,-1.31986232138503,-0.753859150539482,-2.03658257491418,-2.33327579202315,-19.2006166614677,-26.4147674052177,-40.3533703648589,-42.5563380281941,-7.63802437486463,1.29638768063592,4.8172333809004
0.14641783987796,1.13890747526999,2.00585944283975,0.556186946983154,0.413398184748314,1.95422921395643e-08,1.43849925623341e-11,1.27189509023873e-17,1.40512380304222e-18,0.00205374031247894,-3.37122259703833,-1.31986232138503,-0.753859150539482,-2.03658257491418,-2.33327579202315,-19.2006166614677,-26.4147674052177,-40.3533703648589,-42.5563380281941,-7.63802437486463,1.44993176924932,3.40898061576577
0.1933415071231,1.50390203766154,2.64869286474235,0.734432516294116,0.54588312563423,2.58051629367879e-08,1.89950633356866e-11,1.6795092309393e-17,1.85543478855555e-18,0.00271191849015877,-3.37122259703833,-1.31986232138503,-0.753859150539482,-2.03658257491418,-2.33327579202315,-19.2006166614677,-26.4147674052177,-40.3533703648589,-42.5563380281941,-7.63802437486463,1.72792541025778,1.79168196414124
0.193469973380726,1.50490130920695,2.65045279547319,0.734920511853119,0.546245839069615,2.58223092431308e-08,1.90076846539768e-11,1.68062518513226e-17,1.85666763693406e-18,0.00271372043131772,-3.37122259703833,-1.31986232138503,-0.753859150539482,-2.03658257491418,-2.33327579202315,-19.2006166614677,-26.4147674052177,-40.3533703648589,-42.5563380281941,-7.63802437486463,1.72858964215794,0.81776737705091
0.0749925942898677,0.599327397333579,1.36987442198965,0.276721595418905,0.196912035966708,3.08600026046181e-08,1.01472516032077e-11,1.36359454793856e-17,8.34302327644827e-19,0.00203896872881921,-3.51457205317417,-1.43615339705666,-0.609487067193715,-2.20894948895809,-2.54920430794964,-18.2180110456615,-26.238024365168,-39.7580284579614,-42.5518972530845,-7.11951726408671,0.924206140051185,1.45002075017858
0.191643899449173,1.53158375916126,3.50072001737976,0.707163235384169,0.503209560603698,7.88628702895761e-08,2.5931345412774e-11,3.48467177204836e-17,2.13206321108668e-18,0.00521059341587054,-3.51457205317417,-1.43615339705666,-0.609487067193715,-2.20894948895809,-2.54920430794964,-18.2180110456615,-26.238024365168,-39.7580284579614,-42.5518972530845,-7.11951726408671,1.86245573378314,1.0079089120786
0.300376495596875,1.69347326929317,5.56919101768435,0.600226576292267,0.442425906624124,1.03727606980965e-07,2.50246705896952e-11,3.60002259411957e-17,2.43462346284897e-18,0.00409017616726335,-3.35561778405664,-1.62611756936359,-0.435649374021733,-2.66334724611318,-2.96838144942937,-18.2343967156774,-26.5640581322806,-40.0159056375299,-42.7096387429136,-7.65206641539228,2.15289917821778,0.447644563772472
0.098639359794642,0.556112484036035,1.82884295080034,0.197105852438792,0.14528636170167,3.40626676707891e-08,8.21774513726309e-12,1.18219610767007e-17,7.99495643756139e-19,0.00134315555477955,-3.35561778405664,-1.62611756936359,-0.435649374021733,-2.66334724611318,-2.96838144942937,-18.2343967156774,-26.5640581322806,-40.0159056375299,-42.7096387429136,-7.65206641539228,1.03933287358757,0.308805949317053
0.0171744810538975,0.0968268989255093,0.318426930937771,0.0343188635385509,0.0252963712622409,5.9307830238873e-09,1.43082344065811e-12,2.05836744028359e-18,1.39203283708957e-19,0.000233862016907085,-3.35561778405664,-1.62611756936359,-0.435649374021733,-2.66334724611318,-2.96838144942937,-18.2343967156774,-26.5640581322806,-40.0159056375299,-42.7096387429136,-7.65206641539228,-0.70871287247605,0.353165093773213
0.680398367561475,3.83597406863165,12.615063204399,1.35960432544749,1.00216185036647,2.34958778384659e-07,5.66846782873561e-11,8.15459775358294e-17,5.51479178308432e-18,0.00926487001492863,-3.35561778405664,-1.62611756936359,-0.435649374021733,-2.66334724611318,-2.96838144942937,-18.2343967156774,-26.5640581322806,-40.0159056375299,-42.7096387429136,-7.65206641539228,2.97054096635975,0.112192732972552
0.491312919779086,2.76994141918778,9.10928631172971,0.981764805335939,0.723657034274517,1.69662787183956e-07,4.09317777993976e-11,5.88840218164515e-17,3.98220892656102e-18,0.00669012530809315,-3.35561778405664,-1.62611756936359,-0.435649374021733,-2.66334724611318,-2.96838144942937,-18.2343967156774,-26.5640581322806,-40.0159056375299,-42.7096387429136,-7.65206641539228,2.64494374103154,0.508321892375466
1.10725524646584,6.24252293259004,20.5292892862607,2.2125700093385,1.63088128885896,3.82363263160112e-07,9.22465579287751e-11,1.32704920763313e-16,8.97456905558365e-18,0.0150773082666559,-3.35561778405664,-1.62611756936359,-0.435649374021733,-2.66334724611318,-2.96838144942937,-18.2343967156774,-26.5640581322806,-40.0159056375299,-42.7096387429136,-7.65206641539228,3.45750198615138,0.104253273904091
0.00139616119214932,0.0118149894972286,0.0293401045792381,0.00425785652093957,0.00214621565449039,3.99514152343825e-10,2.50390799790764e-13,1.65117556325159e-19,1.58153489456952e-20,3.23912698456478e-05,-3.55784317153401,-1.42220061466094,-0.512614299264355,-2.44280376681099,-3.12786350582963,-18.6245862835906,-25.9995678557913,-40.2314436274605,-42.5771203895191,-7.32143597806426,-3.01618564261809,0.118951852869164
0.00280242433690592,0.0237154665904651,0.0588925000799103,0.00854652084904709,0.00430796029585462,8.01918997435454e-10,5.02593307289068e-13,3.31429824076194e-19,3.17451301692788e-20,6.50169073808649e-05,-3.55784317153401,-1.42220061466094,-0.512614299264355,-2.44280376681099,-3.12786350582963,-18.6245862835906,-25.9995678557913,-40.2314436274605,-42.5771203895191,-7.32143597806426,-2.31942723027627,0.307626088909405
0.0100949115869579,0.204052525972168,0.64682820353443,0.0456356959865584,0.0395545904744886,6.69646656046023e-09,5.30429810416789e-12,1.49093848116502e-18,1.18667396272967e-19,0.00030715599267179,-4.54071104582232,-1.53436509848894,-0.380661807971866,-3.0320523224368,-3.17506078434522,-18.7666730891629,-25.9074909214372,-40.9921131595432,-43.5229496228066,-8.03314208043836,-0.0550127395356057,1.31384114047984
0.0061626546199182,0.134369913428828,0.286221762199683,0.0284049741928857,0.0507550292217688,1.98488149280391e-09,4.18902818693797e-12,9.74453347285952e-19,2.58382272838036e-20,0.000264874474764942,-4.408383147288,-1.32629423218275,-0.570123874130175,-2.88032649932788,-2.2998800658174,-19.3568421237609,-25.5176878430007,-40.7915458063745,-44.421567377695,-7.55539002214539,-0.680864502186835,0.545489327541439
0.00456329691893311,0.148869710909292,0.334305583000122,0.0535679810708282,0.0379219103649021,2.61297696358167e-09,2.57119147667854e-12,7.96464980763203e-19,1.5699205399501e-20,0.000368780694498671,-4.84428812183489,-1.35926199266767,-0.550277998799069,-2.38138197115459,-2.72680443771527,-19.2173538801995,-26.1412299285249,-41.1286820045626,-45.0552550669705,-7.35988662812826,-0.545421786327753,0.238518324429664
0.00726111916575575,0.236881520156858,0.531947124867093,0.0852373844906788,0.0603413529832374,4.15776957910008e-09,4.0912805021908e-12,1.26733527083858e-18,2.49805794447633e-20,0.00058680393065702,-4.84428812183489,-1.35926199266767,-0.550277998799069,-2.38138197115459,-2.72680443771527,-19.2173538801995,-26.1412299285249,-41.1286820045626,-45.0552550669705,-7.35988662812826,-0.0809331851284416,0.376465168103114
0.44895129360574,14.6462635411998,32.8900193464982,5.27018399741098,3.73087507054092,2.57072771902001e-07,2.52961786197504e-10,7.83586932381578e-17,1.54453648270077e-18,0.0362817876621341,-4.84428812183489,-1.35926199266767,-0.550277998799069,-2.38138197115459,-2.72680443771527,-19.2173538801995,-26.1412299285249,-41.1286820045626,-45.0552550669705,-7.35988662812826,4.04344724721811,0.326468685493375
0.041521292034814,0.986793187453805,2.02558868637629,0.317085634534359,0.492958069424161,1.23638777041228e-08,7.58951057546748e-12,3.2452377382325e-18,5.56323130337431e-20,0.00200977294488686,-4.53375809114904,-1.36550396693804,-0.646348801280213,-2.50079257001186,-2.05954032934711,-19.5606958729254,-26.9564631783233,-41.6215522323953,-45.687731919673,-7.56194269494735,1.35220916891257,1.097191013923
0.0419779023498874,0.779531931255683,2.29152792597922,0.359653878896668,0.512311706464182,1.30821425440164e-08,7.96428803105932e-12,2.27589119661766e-18,3.02973659007237e-20,0.00188833859196067,-4.55362383758638,-1.63207353146097,-0.553793092242846,-2.40562506143214,-2.05183394140312,-19.535029605176,-26.9390654676521,-42.0071718673247,-46.3262380820119,-7.6550697922797,1.38301190390378,0.395026273379929
0.0119811536875957,0.222490676044647,0.654038118239802,0.102650874774177,0.146221820231526,3.73384927804319e-09,2.27313309076428e-12,6.49575149697669e-19,8.64734483777428e-21,0.000538961539714943,-4.55362383758638,-1.63207353146097,-0.553793092242846,-2.40562506143214,-2.05183394140312,-19.535029605176,-26.9390654676521,-42.0071718673247,-46.3262380820119,-7.6550697922797,0.129203447789756,1.41263982176962
0.114420559071441,1.0936277842139,4.73651229679329,0.32844147778453,0.681529975204233,1.0543528167229e-08,1.29862419112566e-11,7.28136300455751e-18,4.81068954871361e-20,0.00220979652679978,-4.10758575097034,-1.85021083465155,-0.384410184443271,-3.05310785369737,-2.32312629160456,-20.3074648560731,-27.0068418803465,-41.4009248502586,-46.4205726756676,-8.05456608396303,1.93971124695055,0.715855521404656
0.0907026585100701,0.622639407170899,2.78585302095913,0.691902387840935,0.259145894167675,9.16315247305362e-09,1.09127416541722e-11,4.60439826694679e-18,3.0234595779729e-20,0.00213585924204492,-3.89360722457745,-1.96722634176621,-0.468884495643101,-1.86174900466039,-2.84380269124362,-20.0015141743347,-26.7345286636088,-41.4129582955378,-46.4387387418351,-7.64232487128757,1.49343861331297,0.667717952656216
0.119747910076611,0.845420474127501,4.23597706327128,0.591418028570714,0.355593370263266,6.27135589178948e-09,3.53860663738989e-12,7.8229520265164e-18,2.60899660116401e-20,0.000764853964112709,-3.93864322940816,-1.98419790704766,-0.372662721166922,-2.34150892164251,-2.85024415349764,-20.7035499891736,-28.1835648057002,-41.2057464277501,-46.9090128906397,-8.99210237312288,1.81627673417737,1.84834092375493
0.105765614502573,2.75396585643233,2.05177535078849,0.528007860430434,0.275305537952374,6.07160565190716e-09,4.69632925814157e-12,5.54039074765255e-18,2.47156081444435e-20,0.000680083402316663,-3.98971165373452,-0.73013983422953,-1.02447639350743,-2.38182594485737,-3.03305558762159,-20.6628245809497,-27.8274217579145,-41.4776484802032,-46.8900338367789,-9.03647695349892,1.74318183664953,2.76226418944329
0.0784343237770577,2.04230316885382,1.52156835601438,0.391563360895754,0.204162797171176,4.50261917153345e-09,3.48273312956344e-12,4.1086775110849e-18,1.8328754772195e-20,0.000504340489331819,-3.98971165373452,-0.73013983422953,-1.02447639350743,-2.38182594485737,-3.03305558762159,-20.6628245809497,-27.8274217579145,-41.4776484802032,-46.8900338367789,-9.03647695349892,1.44421800957965,1.48369864163836
0.0671004583091173,1.75302702405111,3.30992554075148,1.26430276005689,0.159346330089345,5.17905201156767e-09,7.55201111976431e-12,6.32934909644555e-18,2.2629939984381e-20,0.000240165395377798,-4.58163114877585,-1.31872272228026,-0.683141050093512,-1.64554595158371,-3.71674201287523,-20.9587105507614,-27.4892739586482,-41.4814010153778,-47.1150798892592,-10.214249468556,1.88006674398822,2.19224225671078
0.109319455953543,2.85601567217741,5.39250056526849,2.05979054946638,0.259605590669923,8.43766439942115e-09,1.23036677806949e-11,1.03117179405236e-17,3.68684922531702e-20,0.000391275276252488,-4.58163114877585,-1.31872272228026,-0.683141050093512,-1.64554595158371,-3.71674201287523,-20.9587105507614,-27.4892739586482,-41.4814010153778,-47.1150798892592,-10.214249468556,2.36815025419962,3.5150836074961
0.116507900260511,3.04381673119476,5.74709151754325,2.19523478050198,0.276676297014285,8.99249409635911e-09,1.3112711604061e-11,1.09897784877341e-17,3.92928283508216e-20,0.000417004095587537,-4.58163114877585,-1.31872272228026,-0.683141050093512,-1.64554595158371,-3.71674201287523,-20.9587105507614,-27.4892739586482,-41.4814010153778,-47.1150798892592,-10.214249468556,2.43183495389519,1.13516324079223
0.108015424525349,2.82194731569459,5.32817541699248,2.03522006849781,0.256508851427896,8.3370146160736e-09,1.21569018703806e-11,1.01887132644042e-17,3.64287016213116e-20,0.000386607897944959,-4.58163114877585,-1.31872272228026,-0.683141050093512,-1.64554595158371,-3.71674201287523,-20.9587105507614,-27.4892739586482,-41.4814010153778,-47.1150798892592,-10.214249468556,2.35614990639933,0.882634200336424
0.930009529528897,6.90615179780241,10.9946731950087,3.25421158052607,0.226944923184429,1.20880253027178e-07,2.40349214045065e-11,4.33273553523852e-17,8.63137348602797e-20,0.00223822417434848,-3.17778500944774,-1.17281198407147,-0.707813662855833,-1.92527453500899,-4.58827248344911,-19.0336899891402,-27.5567378479971,-40.782972038394,-47.0015227783201,-9.20729707020528,3.10522456336568,0.444119819584555
0.0799227247812201,0.593497649118379,0.944855092258316,0.279658915604868,0.0195030868612198,1.03881507526803e-08,2.06550185515163e-12,3.72344603724755e-18,7.41758945155307e-21,0.000192347464198289,-3.17778500944774,-1.17281198407147,-0.707813662855833,-1.92527453500899,-4.58827248344911,-19.0336899891402,-27.5567378479971,-40.782972038394,-47.0015227783201,-9.20729707020528,0.651089958083834,0.35658922217291
0.146052077125002,1.08456718236054,1.72664344445485,0.511053215745894,0.0356402556873263,1.8983474338116e-08,3.77453142490114e-12,6.80428538055354e-18,1.35550226750326e-20,0.00035149886034026,-3.17778500944774,-1.17281198407147,-0.707813662855833,-1.92527453500899,-4.58827248344911,-19.0336899891402,-27.5567378479971,-40.782972038394,-47.0015227783201,-9.20729707020528,1.25399298121125,0.8126773248546
0.0386899851716921,0.365847456857939,0.769360110693122,0.107030325856014,0.00793934436137182,7.67377705481982e-09,1.35172022617213e-12,3.86225593691977e-18,3.66276173295562e-21,0.000100345165864653,-3.50601606261686,-1.25938038608837,-0.516037703788665,-2.48848463454841,-5.08976615035469,-18.9392984666485,-27.5834846621137,-40.3491217906055,-47.3099110872497,-9.46073622571875,0.25384156908763,1.4314526674927
0.0424129922668675,0.401051726686157,0.843393045524825,0.117329493994555,0.00870332075622593,8.412198801303e-09,1.48179171548387e-12,4.23390783062626e-18,4.01521697064095e-21,0.000110001043550386,-3.50601606261686,-1.25938038608837,-0.516037703788665,-2.48848463454841,-5.08976615035469,-18.9392984666485,-27.5834846621137,-40.3491217906055,-47.3099110872497,-9.46073622571875,0.345715520323579,0.501542271187915
0.133583881789543,1.26315177462702,2.65634917212674,0.369540756699671,0.0274119629136468,2.64950457443023e-08,4.66704843913011e-12,1.33351082516294e-17,1.26463199245782e-20,0.000346459082771204,-3.50601606261686,-1.25938038608837,-0.516037703788665,-2.48848463454841,-5.08976615035469,-18.9392984666485,-27.5834846621137,-40.3491217906055,-47.3099110872497,-9.46073622571875,1.49299039217119,1.89633321209711
0.0694207421259166,0.656433489112312,1.38044896138837,0.192042582025582,0.0142454223002107,1.37689196749601e-08,2.4253672062955e-12,6.92997612253857e-18,6.57202727278965e-21,0.000180047520105259,-3.50601606261686,-1.25938038608837,-0.516037703788665,-2.48848463454841,-5.08976615035469,-18.9392984666485,-27.5834846621137,-40.3491217906055,-47.3099110872497,-9.46073622571875,0.838446484387438,1.29943348387318
0.153304315562067,1.44962562598151,3.04849497013667,0.424094524123689,0.0314586771726704,3.04063993290385e-08,5.35602542066465e-12,1.53037149098788e-17,1.45132436222418e-20,0.000397605398517913,-3.50601606261686,-1.25938038608837,-0.516037703788665,-2.48848463454841,-5.08976615035469,-18.9392984666485,-27.5834846621137,-40.3491217906055,-47.3099110872497,-9.46073622571875,1.63068572020607,1.26024529334403
0.177355493486834,1.67705042956224,3.526758707597,0.490628677576718,0.0363940779745569,3.51767133129142e-08,6.19630653010169e-12,1.77046412560023e-17,1.67901567237697e-20,0.000459983800251362,-3.50601606261686,-1.25938038608837,-0.516037703788665,-2.48848463454841,-5.08976615035469,-18.9392984666485,-27.5834846621137,-40.3491217906055,-47.3099110872497,-9.46073622571875,1.77641693977262,0.328715588677528
0.195824698764658,1.85169282735833,3.89402351149662,0.541721099825394,0.0401840349913612,3.88398980635101e-08,6.84156907606995e-12,1.95483431188465e-17,1.85386272395767e-20,0.000507884967924788,-3.50601606261686,-1.25938038608837,-0.516037703788665,-2.48848463454841,-5.08976615035469,-18.9392984666485,-27.5834846621137,-40.3491217906055,-47.3099110872497,-9.46073622571875,1.87548064859836,0.695337079183511
0.1343211554102,1.27012333788632,2.67101004397464,0.371580319018284,0.0275632544981996,2.66412766970466e-08,4.69280672414474e-12,1.34087071275628e-17,1.27161172530722e-20,0.000348371253153904,-3.50601606261686,-1.25938038608837,-0.516037703788665,-2.48848463454841,-5.08976615035469,-18.9392984666485,-27.5834846621137,-40.3491217906055,-47.3099110872497,-9.46073622571875,1.49849439828929,0.669660823492587
0.533862367593812,5.04813296334,10.615987791264,1.4768540983478,0.109550757362546,1.05886336443225e-07,1.86516628803644e-11,5.32931995085347e-17,5.05404859167118e-20,0.00138460915886556,-3.50601606261686,-1.25938038608837,-0.516037703788665,-2.48848463454841,-5.08976615035469,-18.9392984666485,-27.5834846621137,-40.3491217906055,-47.3099110872497,-9.46073622571875,2.87839885078626,1.24603484310412
0.067444861763651,0.637749821946698,1.34115808217291,0.186576590811387,0.0138399635091751,1.33770232883438e-08,2.35633545458202e-12,6.73273242689125e-18,6.38497165755253e-21,0.00017492293704325,-3.50601606261686,-1.25938038608837,-0.516037703788665,-2.48848463454841,-5.08976615035469,-18.9392984666485,-27.5834846621137,-40.3491217906055,-47.3099110872497,-9.46073622571875,0.809571184938302,1.49813478729876
0.500437724071462,4.73207389082369,9.95133032690681,1.38438958920046,0.102691882801018,9.92568879854624e-08,1.74838990132743e-11,4.99565601350444e-17,4.73761914697622e-20,0.00129792002255979,-3.50601606261686,-1.25938038608837,-0.516037703788665,-2.48848463454841,-5.08976615035469,-18.9392984666485,-27.5834846621137,-40.3491217906055,-47.3099110872497,-9.46073622571875,2.81374394721862,0.42529252757776
0.0424833783265618,0.60236900100426,1.29353575764311,0.0834884424523159,0.0240158020864908,6.2591237745525e-09,4.49345890242145e-12,8.1846605830509e-18,7.99878675728095e-21,0.000136077928146379,-3.87454295803836,-1.222785643266,-0.458521213927531,-3.19894765073932,-4.44494382531647,-19.6051262140368,-26.8442989341494,-40.060170512386,-46.990897658325,-9.61818341554354,0.715900580289205,0.990694096425139
0.0379011292832117,0.537397596014328,1.15401523876071,0.0744833950519606,0.0214254622766433,5.58401588393965e-09,4.00879528648486e-12,7.30186466134844e-18,7.13603915079889e-21,0.000121400588899091,-3.87454295803836,-1.222785643266,-0.458521213927531,-3.19894765073932,-4.44494382531647,-19.6051262140368,-26.8442989341494,-40.060170512386,-46.990897658325,-9.61818341554354,0.601768587091512,1.10583001873474
0.0883996647488766,1.25341297800226,2.69159685082864,0.173723244570129,0.049972222943339,1.30240217489065e-08,9.3500158458104e-12,1.70306901222278e-17,1.66439227668317e-20,0.000283151757268338,-3.87454295803836,-1.222785643266,-0.458521213927531,-3.19894765073932,-4.44494382531647,-19.6051262140368,-26.8442989341494,-40.060170512386,-46.990897658325,-9.61818341554354,1.44865585625911,1.34495847676116
0.151185335137843,2.14364683037784,4.60329768336211,0.297109802691895,0.0854648860347373,2.22743049823162e-08,1.59908443454923e-11,2.91267008882009e-17,2.84652328564834e-20,0.000484259679480594,-3.87454295803836,-1.222785643266,-0.458521213927531,-3.19894765073932,-4.44494382531647,-19.6051262140368,-26.8442989341494,-40.060170512386,-46.990897658325,-9.61818341554354,1.98529414826876,1.90155725385902
0.124754568649257,1.76888674696065,3.79853255164175,0.245167993592094,0.0705236058920687,1.83802305130803e-08,1.31952671655649e-11,2.40346658104798e-17,2.34888380098075e-20,0.000399599652788724,-3.87454295803836,-1.222785643266,-0.458521213927531,-3.19894765073932,-4.44494382531647,-19.6051262140368,-26.8442989341494,-40.060170512386,-46.990897658325,-9.61818341554354,1.7931360354562,0.340832785583869
0.191343866675748,2.71305198310227,5.826046404507,0.376029450359736,0.108166455059803,2.81909064721479e-08,2.02384046421354e-11,3.68634667269474e-17,3.60262965691683e-20,0.000612890922671118,-3.87454295803836,-1.222785643266,-0.458521213927531,-3.19894765073932,-4.44494382531647,-19.6051262140368,-26.8442989341494,-40.060170512386,-46.990897658325,-9.61818341554354,2.22085983750463,0.0799355043108098
0.00954265680168002,0.135304697295238,0.290555230824751,0.0187532532630801,0.00539445228123882,1.40593032881395e-09,1.00932500773961e-12,1.83844623612384e-18,1.79669508078719e-21,3.05659535031064e-05,-3.87454295803836,-1.222785643266,-0.458521213927531,-3.19894765073932,-4.44494382531647,-19.6051262140368,-26.8442989341494,-40.060170512386,-46.990897658325,-9.61818341554354,-0.777440383512787,0.617619389262882
0.0761166424248992,1.0792528198874,2.31760285096683,0.149584618057116,0.0430286453660314,1.12143502943344e-08,8.05084289430789e-12,1.4664297132409e-17,1.43312706149903e-20,0.000243808176435984,-3.87454295803836,-1.222785643266,-0.458521213927531,-3.19894765073932,-4.44494382531647,-19.6051262140368,-26.8442989341494,-40.060170512386,-46.990897658325,-9.61818341554354,1.29905461153735,0.357856745893547
0.59858305616875,7.51619890739583,16.3722245737788,1.23140617072255,1.05557115318057,9.3825558795666e-08,7.09594948323836e-11,1.57762837158552e-16,1.39516220602313e-19,0.00178583243959664,-3.80068735588674,-1.27043682042756,-0.491911090678696,-3.07934062153077,-3.23341536829856,-19.4693259023776,-26.6564092631572,-39.6729361653401,-46.7036034478111,-9.61536798590101,3.28749736615705,0.483223001946885
1.39645280848486,17.5347714326292,38.195265889305,2.87278530150425,2.46257438499736,2.18888529733009e-07,1.65543586351387e-10,3.68049771463112e-16,3.25481678910683e-19,0.0041662233838023,-3.80068735588674,-1.27043682042756,-0.491911090678696,-3.07934062153077,-3.23341536829856,-19.4693259023776,-26.6564092631572,-39.6729361653401,-46.7036034478111,-9.61536798590101,4.13462266901197,0.471623253335302
1.36865081642446,17.1856715037317,37.4348359825104,2.81559099199493,2.41354696847184,2.14530675941765e-07,1.6224777753821e-10,3.60722265111392e-16,3.19001661112803e-19,0.00408327800338233,-3.80068735588674,-1.27043682042756,-0.491911090678696,-3.07934062153077,-3.23341536829856,-19.4693259023776,-26.6564092631572,-39.6729361653401,-46.7036034478111,-9.61536798590101,4.11451280495761,0.951412132316985
1.17504138455844,14.7545853156813,32.1393016945861,2.41729731052012,2.07212646023107,1.84183152827413e-07,1.39296196569763e-10,3.09694470460241e-16,2.73875665766734e-19,0.00350565723634756,-3.80068735588674,-1.27043682042756,-0.491911090678696,-3.07934062153077,-3.23341536829856,-19.4693259023776,-26.6564092631572,-39.6729361653401,-46.7036034478111,-9.61536798590101,3.96199072376342,0.979741589728202
0.586039056822752,7.3586882775724,16.0291256968067,1.2056006320575,1.03345044040947,9.18593358362261e-08,6.94724566551472e-11,1.5445673467913e-16,1.36592497048904e-19,0.00174840825806744,-3.80068735588674,-1.27043682042756,-0.491911090678696,-3.07934062153077,-3.23341536829856,-19.4693259023776,-26.6564092631572,-39.6729361653401,-46.7036034478111,-9.61536798590101,3.26631851412878,0.781675104139301
0.038954454266973,0.489137511632272,1.06546796945766,0.0801371753963523,0.0686942234471071,6.10595873289901e-09,4.61788613588208e-12,1.0266854635772e-17,9.07940540405398e-21,0.000116218004134638,-3.80068735588674,-1.27043682042756,-0.491911090678696,-3.07934062153077,-3.23341536829856,-19.4693259023776,-26.6564092631572,-39.6729361653401,-46.7036034478111,-9.61536798590101,0.55532520127015,0.433622700657099
0.173671214838129,2.18072894272579,4.75019147640096,0.357276744512899,0.306260463993609,2.72222853804199e-08,2.05879894942529e-11,4.57728686157657e-17,4.04788462886214e-20,0.000518136432506456,-3.80068735588674,-1.27043682042756,-0.491911090678696,-3.07934062153077,-3.23341536829856,-19.4693259023776,-26.6564092631572,-39.6729361653401,-46.7036034478111,-9.61536798590101,2.05009601873404,0.447223119899322
0.124041659058335,1.55754790029169,3.39274203918435,0.255178730531982,0.218741235230896,1.94430461322793e-08,1.47046151310852e-11,3.26924791091644e-17,2.89113152982076e-20,0.000370069978301076,-3.80068735588674,-1.27043682042756,-0.491911090678696,-3.07934062153077,-3.23341536829856,-19.4693259023776,-26.6564092631572,-39.6729361653401,-46.7036034478111,-9.61536798590101,1.71354954623552,0.629870530329387
0.0788579138631647,0.990191352577707,2.15689278519013,0.16222664631194,0.139061970124473,1.23606703487879e-08,9.34827284801771e-12,2.07838295709298e-17,1.838000256337e-20,0.000235267302080224,-3.80068735588674,-1.27043682042756,-0.491911090678696,-3.07934062153077,-3.23341536829856,-19.4693259023776,-26.6564092631572,-39.6729361653401,-46.7036034478111,-9.61536798590101,1.26057975132886,0.422158428160003
0.0467131462395976,0.586560703830051,1.27768087135239,0.0960983708785244,0.082376287027616,7.32210343053598e-09,5.53764632164702e-12,1.23117392104791e-17,1.08877816513978e-20,0.000139365541758297,-3.80068735588674,-1.27043682042756,-0.491911090678696,-3.07934062153077,-3.23341536829856,-19.4693259023776,-26.6564092631572,-39.6729361653401,-46.7036034478111,-9.61536798590101,0.736957706024522,1.21047485871608
0.102600131938536,2.00976495119822,4.59096870659036,0.594907808565682,0.112295189181182,2.13925622988549e-08,1.19030074889822e-11,3.58510249674206e-17,6.9209636679438e-20,0.000407147790425496,-4.27987388105424,-1.30494004522796,-0.478866771766014,-2.52230664978718,-4.18958207790609,-19.6631803522171,-27.157187838334,-39.8701173375704,-46.1201046623321,-9.80929213775433,2.00295782075858,0.836134402172073
0.0333650132271277,0.653564794832012,1.49295842730963,0.193460832132326,0.0365177939012542,6.95674664912748e-09,3.87079426516145e-12,1.16585612478614e-17,2.25066030581473e-20,0.000132402280155746,-4.27987388105424,-1.30494004522796,-0.478866771766014,-2.52230664978718,-4.18958207790609,-19.6631803522171,-27.157187838334,-39.8701173375704,-46.1201046623321,-9.80929213775433,0.879626444864809,1.7624273924951
0.0195703622947136,0.383350659292806,0.875699857047846,0.113475110856184,0.0214196365512051,4.08050347198019e-09,2.27042757699007e-12,6.8383688596966e-18,1.32013247791291e-20,7.76610089633455e-05,-4.27987388105424,-1.30494004522796,-0.478866771766014,-2.52230664978718,-4.18958207790609,-19.6631803522171,-27.157187838334,-39.8701173375704,-46.1201046623321,-9.80929213775433,0.346134896068746,1.67634887372484
0.0527833682287806,1.03393788553745,2.36185653164596,0.306054556932838,0.0577710594409543,1.10055559563416e-08,6.12358693356518e-12,1.84438149979009e-17,3.56053902544626e-20,0.000209460079041981,-4.27987388105424,-1.30494004522796,-0.478866771766014,-2.52230664978718,-4.18958207790609,-19.6631803522171,-27.157187838334,-39.8701173375704,-46.1201046623321,-9.80929213775433,1.33831474749573,3.63043911466918
0.0676885336503703,1.32590514220792,3.0288064343816,0.392479390212575,0.0740846678074321,1.41133461105211e-08,7.85278837108366e-12,2.36520486285658e-17,4.56597738501203e-20,0.000268608201492371,-4.27987388105424,-1.30494004522796,-0.478866771766014,-2.52230664978718,-4.18958207790609,-19.6631803522171,-27.157187838334,-39.8701173375704,-46.1201046623321,-9.80929213775433,1.58703539763631,1.83732225919537
0.0266774998839183,0.52256759557008,1.19371744288309,0.154684528119911,0.0291983532549472,5.5623717773219e-09,3.09495197429015e-12,9.32177860141225e-18,1.79954941538264e-20,0.000105864241366869,-4.27987388105424,-1.30494004522796,-0.478866771766014,-2.52230664978718,-4.18958207790609,-19.6631803522171,-27.157187838334,-39.8701173375704,-46.1201046623321,-9.80929213775433,0.655939111229386,3.02270024590355
0.0251666951074038,1.50683586248702,2.50727246192471,0.535739829326508,0.0721423663414153,1.11333008751307e-08,6.19978980358921e-12,1.38976056730265e-17,1.72319685810746e-20,0.000127218694667458,-5.21851683999287,-1.12627106171056,-0.61708756495704,-2.16038968749272,-4.16539686066602,-19.849608199736,-27.3427887857916,-40.3510981610251,-47.0438037144446,-10.5058860058938,1.53628305869248,2.19060117645694
0.0218744802130602,1.30971711293967,2.17928026000472,0.465656306715588,0.062704966159596,9.6768832244265e-09,5.38875600490932e-12,1.20795717914545e-17,1.49777455541987e-20,0.000110576410901722,-5.21851683999287,-1.12627106171056,-0.61708756495704,-2.16038968749272,-4.16539686066602,-19.849608199736,-27.3427887857916,-40.3510981610251,-47.0438037144446,-10.5058860058938,1.39608223128342,1.6002220969521
0.0585550148450515,3.50593496366657,5.83363749598567,1.24649873673998,0.167852684432767,2.59037030979057e-08,1.44249684925283e-11,3.23353743120339e-17,4.00933921505425e-20,0.0002959980451557,-5.21851683999287,-1.12627106171056,-0.61708756495704,-2.16038968749272,-4.16539686066602,-19.849608199736,-27.3427887857916,-40.3510981610251,-47.0438037144446,-10.5058860058938,2.38072829802801,1.18358820287144
0.0284347351635735,1.23431400896121,2.95417162642421,1.00742283633838,0.0660132582394835,1.43637443551563e-08,5.06584498504196e-12,5.92912294064915e-18,2.44513591438577e-20,0.000134137861796554,-5.22605479788652,-1.45539562844689,-0.58269270378056,-1.65851556320841,-4.38381066058516,-19.7244695442208,-27.6744111497726,-41.3325663597763,-46.8235121356649,-10.5825534533797,1.6659109858717,0.7506608382562
0.055945178558899,2.42850574242546,5.81231575336273,1.9820986599328,0.129880707459295,2.82605847426014e-08,9.96702099068394e-12,1.16655154234464e-17,4.81079090570637e-20,0.000263915474737062,-5.22605479788652,-1.45539562844689,-0.58269270378056,-1.65851556320841,-4.38381066058516,-19.7244695442208,-27.6744111497726,-41.3325663597763,-46.8235121356649,-10.5825534533797,2.34267177584543,0.180012997937211
0.0394586603156457,1.71284792779911,4.0994809359266,1.39799281634331,0.0916060838343122,1.99324560651071e-08,7.02983359354655e-12,8.22779768262047e-18,3.39309604665959e-20,0.000186142065106263,-5.22605479788652,-1.45539562844689,-0.58269270378056,-1.65851556320841,-4.38381066058516,-19.7244695442208,-27.6744111497726,-41.3325663597763,-46.8235121356649,-10.5825534533797,1.99355306848273,0.509087306734412
0.0404159207440725,1.75440132895563,4.19893365037917,1.43190788572492,0.0938284319413251,2.04160140794911e-08,7.2003761680713e-12,8.42740266341988e-18,3.47541198311907e-20,0.000190657840136801,-5.22605479788652,-1.45539562844689,-0.58269270378056,-1.65851556320841,-4.38381066058516,-19.7244695442208,-27.6744111497726,-41.3325663597763,-46.8235121356649,-10.5825534533797,2.01752330406679,0.696275206647509
0.08381572061649,3.63832887955448,8.70787163197252,2.96953252799692,0.194584151311976,4.23393281826918e-08,1.49323510667565e-11,1.74769945644121e-17,7.20741119938562e-20,0.000395391815107743,-5.22605479788652,-1.45539562844689,-0.58269270378056,-1.65851556320841,-4.38381066058516,-19.7244695442208,-27.6744111497726,-41.3325663597763,-46.8235121356649,-10.5825534533797,2.74692010565382,0.561586361796329
0.157686758500501,6.84497231731527,16.3825597511365,5.58673188224677,0.366081014996605,7.96551216061973e-08,2.80929880360066e-11,3.28803546747865e-17,1.35596675761053e-19,0.000743870639104222,-5.22605479788652,-1.45539562844689,-0.58269270378056,-1.65851556320841,-4.38381066058516,-19.7244695442208,-27.6744111497726,-41.3325663597763,-46.8235121356649,-10.5825534533797,3.37891004295929,0.308699843996682
0.00372389346767437,0.161649259210191,0.38688668485026,0.131934948500326,0.00864528330310709,1.88111665073757e-09,6.63437409897717e-13,7.76494736480143e-19,3.20221925992184e-21,1.75670743700789e-05,-5.22605479788652,-1.45539562844689,-0.58269270378056,-1.65851556320841,-4.38381066058516,-19.7244695442208,-27.6744111497726,-41.3325663597763,-46.8235121356649,-10.5825534533797,-0.366930729051753,0.198250257569913
0.280073974326982,12.1576384681823,29.0977420221082,9.92282558560644,0.650211633308632,1.41478756338795e-07,4.98971180889594e-11,5.84001580007049e-17,2.40838864639385e-19,0.00132121941157418,-5.22605479788652,-1.45539562844689,-0.58269270378056,-1.65851556320841,-4.38381066058516,-19.7244695442208,-27.6744111497726,-41.3325663597763,-46.8235121356649,-10.5825534533797,3.95335328120547,0.131784199044044
0.014156119009485,0.614498285474222,1.47072251165815,0.501541423967558,0.0328644362068522,7.15093259507107e-09,2.52201063520806e-12,2.9517901076575e-18,1.21730112129734e-20,6.67799972233409e-05,-5.22605479788652,-1.45539562844689,-0.58269270378056,-1.65851556320841,-4.38381066058516,-19.7244695442208,-27.6744111497726,-41.3325663597763,-46.8235121356649,-10.5825534533797,0.968446488351769,0.605657450221077
0.00787982041950095,0.342052516963422,0.818658650087541,0.279176542042148,0.0182935630397445,3.98047407226239e-09,1.40384457690668e-12,1.64307575747392e-18,6.77594913256466e-21,3.71722210997322e-05,-5.22605479788652,-1.45539562844689,-0.58269270378056,-1.65851556320841,-4.38381066058516,-19.7244695442208,-27.6744111497726,-41.3325663597763,-46.8235121356649,-10.5825534533797,0.382604633111057,0.931346252026002
0.00194161938060742,0.0582863193681987,0.208216755487581,0.0475241618683541,0.00426190846979528,5.67622615386327e-10,3.6257674188084e-13,2.85095031274252e-19,3.04107223443348e-21,1.01562660111306e-05,-5.10555123477204,-1.70370618531181,-0.430493961135,-1.90783533929979,-4.31935653435907,-20.1508826404981,-27.5068585542231,-41.5627826980603,-46.1033951038905,-10.3587380148967,-1.13868168705823,0.454467048698602
0.173270461971238,5.20148160056551,18.5813006265929,4.24106473388698,0.38033347669281,5.06547440634541e-08,3.23564135139944e-11,2.54419317544824e-17,2.71385831956079e-19,0.000906347001491536,-5.10555123477204,-1.70370618531181,-0.430493961135,-1.90783533929979,-4.31935653435907,-20.1508826404981,-27.5068585542231,-41.5627826980603,-46.1033951038905,-10.3587380148967,3.35264969350197,1.35479958729993
0.00468764043866341,0.140720323674222,0.502696508275237,0.114737309079593,0.0102895009642129,1.37040799672715e-09,8.75366930478276e-13,6.88303284779276e-19,7.34204310350834e-21,2.45202142784054e-05,-5.10555123477204,-1.70370618531181,-0.430493961135,-1.90783533929979,-4.31935653435907,-20.1508826404981,-27.5068585542231,-41.5627826980603,-46.1033951038905,-10.3587380148967,-0.257274693114174,1.18183816688997
0.00378343555462358,0.11357660273086,0.405730743959524,0.0926054846342575,0.00830474612904326,1.10606826760722e-09,7.0651629779385e-13,5.55535594948626e-19,5.92582713731191e-21,1.97904791806855e-05,-5.10555123477204,-1.70370618531181,-0.430493961135,-1.90783533929979,-4.31935653435907,-20.1508826404981,-27.5068585542231,-41.5627826980603,-46.1033951038905,-10.3587380148967,-0.471571570472562,1.03848032911396
0.00943028722270002,0.389785177328418,1.11259014925485,0.128833754129167,0.0168827271838798,3.68213697242797e-09,8.48192525014254e-13,4.78616475406445e-19,1.99565482926182e-20,4.29138893107474e-05,-5.16917839005373,-1.44750918463444,-0.398658900838511,-2.55458209907684,-4.58681390549001,-19.9251222199285,-28.3010184163241,-42.6887370194778,-45.8660792938294,-10.5616646899239,0.505349665651842,0.335442104364619
0.00456688513295793,0.188764571995598,0.538803462897354,0.062391414223245,0.00817594140656198,1.78317968475211e-09,4.10761384133599e-13,2.31783657730056e-19,9.66452681137113e-21,2.07822729533515e-05,-5.16917839005373,-1.44750918463444,-0.398658900838511,-2.55458209907684,-4.58681390549001,-19.9251222199285,-28.3010184163241,-42.6887370194778,-45.8660792938294,-10.5616646899239,-0.219745506572847,0.279923902805522
0.00408735621312589,0.168944044726724,0.482228393666834,0.0558402340209332,0.00731745685151925,1.5959434825703e-09,3.67630900859385e-13,2.07446070120528e-19,8.64973883934636e-21,1.86001070764268e-05,-5.16917839005373,-1.44750918463444,-0.398658900838511,-2.55458209907684,-4.58681390549001,-19.9251222199285,-28.3010184163241,-42.6887370194778,-45.8660792938294,-10.5616646899239,-0.330678530540673,0.885558996913784
0.0209430554640275,0.548275994016823,0.891798943165867,0.218186224781749,0.0298983246740213,5.06003392583825e-09,4.28796745384305e-13,8.19315316045992e-19,5.3255439082143e-20,1.12543477601243e-05,-4.40192316044555,-1.13695147154948,-0.650489563295575,-2.05838133018085,-4.04592782257325,-19.6378676404072,-29.0137683666869,-42.1817929332875,-44.9151620025627,-11.9307310278554,0.535974991448775,0.580722976275086
0.0279872808428101,0.732689375257415,1.19175673867525,0.291573460209182,0.0399546671123811,6.76198326456364e-09,5.73023117766486e-13,1.09489314433517e-18,7.11679789302564e-20,1.50397630377414e-05,-4.40192316044555,-1.13695147154948,-0.650489563295575,-2.05838133018085,-4.04592782257325,-19.6378676404072,-29.0137683666869,-42.1817929332875,-44.9151620025627,-11.9307310278554,0.825918032819352,1.13956472684919
0.0678586145490277,1.77649576530882,2.88956121247292,0.706955818973177,0.0968750187001575,1.6395262494923e-08,1.38936522967673e-12,2.65470348016678e-18,1.72555543269301e-19,3.64657605938517e-05,-4.40192316044555,-1.13695147154948,-0.650489563295575,-2.05838133018085,-4.04592782257325,-19.6378676404072,-29.0137683666869,-42.1817929332875,-44.9151620025627,-11.9307310278554,1.71159422429849,1.37149287279751
0.0963001012428489,2.5210759635113,4.10065898276637,1.00326122768319,0.137478110490862,2.32669860511731e-08,1.9716879451539e-12,3.7673656559124e-18,2.44878508016733e-19,5.17496040911394e-05,-4.40192316044555,-1.13695147154948,-0.650489563295575,-2.05838133018085,-4.04592782257325,-19.6378676404072,-29.0137683666869,-42.1817929332875,-44.9151620025627,-11.9307310278554,2.06163725159455,0.780770293207455
0.0182410482219732,0.477539147188405,0.776741844308948,0.190036523297675,0.0260409367234782,4.40720424030649e-09,3.73474735977045e-13,7.13609827117467e-19,4.638458958619e-20,9.80234715760065e-06,-4.40192316044555,-1.13695147154948,-0.650489563295575,-2.05838133018085,-4.04592782257325,-19.6378676404072,-29.0137683666869,-42.1817929332875,-44.9151620025627,-11.9307310278554,0.39784233276829,0.603828894155747
0.0141465615222594,0.370348065680257,0.602390068471686,0.147379872888469,0.0201956438562662,3.4179387701829e-09,2.89642528500334e-13,5.53429013473334e-19,3.59728477377386e-20,7.60205803088118e-06,-4.40192316044555,-1.13695147154948,-0.650489563295575,-2.05838133018085,-4.04592782257325,-19.6378676404072,-29.0137683666869,-42.1817929332875,-44.9151620025627,-11.9307310278554,0.14363947406243,0.524128217204201
0.00116421091004983,0.0372787875756591,0.0439476505062666,0.0247457829602763,0.000986190020051989,4.49360202981693e-10,1.31018495833803e-14,3.65936737711446e-20,5.88466366748225e-21,5.79097907415275e-07,-4.53122780467238,-1.06484686459244,-0.900272167399543,-1.47461624271476,-4.69717755661061,-19.2987123687783,-29.7415390378856,-42.5299276279772,-44.3574534173927,-12.1373103290198,-2.22448394721331,0.54947699809885
0.0204456746350956,0.654683747578135,0.771801187801586,0.434581245227163,0.0173193019446093,7.89158770529903e-09,2.30092461243377e-13,6.42651895089722e-19,1.03345465708753e-19,1.01700192762931e-05,-4.53122780467238,-1.06484686459244,-0.900272167399543,-1.47461624271476,-4.69717755661061,-19.2987123687783,-29.7415390378856,-42.5299276279772,-44.3574534173927,-12.1373103290198,0.641243876521536,1.75015521153062
0.307742688316281,4.59892803148941,16.9858681286782,5.91176590997849,0.176840578593771,8.25432384354253e-08,6.61853192957522e-12,2.10190417606034e-17,3.1249929831382e-18,0.000160250222970366,-4.5100279052628,-1.80571339284056,-0.499154920748008,-1.55459204542477,-5.0640432707261,-19.6414802111974,-29.0726841660223,-41.73263952906,-43.6386362686484,-12.0703107033193,3.33153663254562,1.83198234991388
0.324279784098165,4.84605953530136,17.8986336917506,6.22944507119032,0.186343418782531,8.69788448429139e-08,6.97419040859114e-12,2.21485370176322e-17,3.29291998917891e-18,0.000168861551157652,-4.5100279052628,-1.80571339284056,-0.499154920748008,-1.55459204542477,-5.0640432707261,-19.6414802111974,-29.0726841660223,-41.73263952906,-43.6386362686484,-12.0703107033193,3.38387930061163,0.553114694807838
0.028549906881017,0.426651784222343,1.57581307949256,0.548446389273085,0.0164058554218142,7.65770190636338e-09,6.140144914969e-13,1.94997869251305e-18,2.89911871377211e-19,1.4866734831289e-05,-4.5100279052628,-1.80571339284056,-0.499154920748008,-1.55459204542477,-5.0640432707261,-19.6414802111974,-29.0726841660223,-41.73263952906,-43.6386362686484,-12.0703107033193,0.953926300766749,1.32617484664536
0.276384493446077,4.00413134328873,8.89591419672384,2.76611903445323,0.138690889696167,4.78729571077029e-08,6.32977786446588e-12,1.18222524809501e-17,2.69227402110187e-18,4.41503342530528e-05,-4.06361841152055,-1.39032945706468,-0.592064028689545,-1.7602108538112,-4.7531637583346,-19.6323711827344,-28.5634120938885,-41.7542042358447,-43.2338015973898,-12.8055661810912,2.77765612099881,2.46925116587892
0.0980161667148504,1.42001311433385,3.1548202944215,0.98096814714023,0.0491849206038858,1.69775217360991e-08,2.24477341219762e-12,4.19260811512905e-18,9.54779973377432e-19,1.56573419467467e-05,-4.06361841152055,-1.39032945706468,-0.592064028689545,-1.7602108538112,-4.7531637583346,-19.6323711827344,-28.5634120938885,-41.7542042358447,-43.2338015973898,-12.8055661810912,1.74099556408157,1.86407875519034
0.166156310746011,2.4071961615789,5.34802899110214,1.66293024662304,0.083377928619187,2.87801744531295e-08,3.80532396983628e-12,7.10727954542714e-18,1.6185362401704e-18,2.65422150361041e-05,-4.06361841152055,-1.39032945706468,-0.592064028689545,-1.7602108538112,-4.7531637583346,-19.6323711827344,-28.5634120938885,-41.7542042358447,-43.2338015973898,-12.8055661810912,2.26879210883866,4.60719392975568
0.174130928607571,2.52272875507605,5.60470589566928,1.7427420406362,0.0873796250690004,3.01614695253557e-08,3.98795925081135e-12,7.44839110571387e-18,1.69621735834457e-18,2.7816099977109e-05,-4.06361841152055,-1.39032945706468,-0.592064028689545,-1.7602108538112,-4.7531637583346,-19.6323711827344,-28.5634120938885,-41.7542042358447,-43.2338015973898,-12.8055661810912,2.31567061205629,5.51533652978277
0.322994504425732,4.67939573148814,10.3961382259864,3.23260265283341,0.162079987293199,5.59463443972613e-08,7.39724374174056e-12,1.38159798101168e-17,3.14630427482259e-18,5.15959312857666e-05,-4.06361841152055,-1.39032945706468,-0.592064028689545,-1.7602108538112,-4.7531637583346,-19.6323711827344,-28.5634120938885,-41.7542042358447,-43.2338015973898,-12.8055661810912,2.9334984414545,1.46562419125306
0.0848482255823504,1.22924204336017,2.73098727469717,0.84918038959632,0.0425771929113425,1.4696683642858e-08,1.94320026219254e-12,3.62935392245824e-18,8.26510455140713e-19,1.35538628579756e-05,-4.06361841152055,-1.39032945706468,-0.592064028689545,-1.7602108538112,-4.7531637583346,-19.6323711827344,-28.5634120938885,-41.7542042358447,-43.2338015973898,-12.8055661810912,1.59672721159397,2.5263019885178
0.258632756692259,3.74695235090926,8.32454376622029,2.58845560508679,0.129782994273592,4.47981531575728e-08,5.923226292201e-12,1.1062927993305e-17,2.51935353958047e-18,4.13146284524805e-05,-4.06361841152055,-1.39032945706468,-0.592064028689545,-1.7602108538112,-4.7531637583346,-19.6323711827344,-28.5634120938885,-41.7542042358447,-43.2338015973898,-12.8055661810912,2.7112722601979,1.59112209068411
0.0687787184673311,0.996434419791365,2.21376232225335,0.688353098054334,0.0345134473264415,1.19132611169871e-08,1.57517523603683e-12,2.94198623409969e-18,6.69976649650217e-19,1.09868805299735e-05,-4.06361841152055,-1.39032945706468,-0.592064028689545,-1.7602108538112,-4.7531637583346,-19.6323711827344,-28.5634120938885,-41.7542042358447,-43.2338015973898,-12.8055661810912,1.38675750502424,2.15313649018417
0.104624771764009,0.786646020991525,1.15684789285383,0.22389189651943,0.0162375561359306,7.34752734935935e-09,6.91042337252023e-13,3.23141834920213e-18,5.99595403644509e-19,6.46077238879588e-06,-3.085164277983,-1.06776626081835,-0.682090373622676,-2.32438129478333,-4.94821778615429,-19.5566913417161,-28.8283646498212,-41.1013998619831,-42.7858211987199,-12.7775510288291,0.827789346341069,2.69093110204408
0.228131987830631,1.71526415266777,2.52248110045776,0.488191300692689,0.0354056300085097,1.60211199660259e-08,1.506802446633e-12,7.04603583918591e-18,1.30740444180912e-18,1.40875704971839e-05,-3.085164277983,-1.06776626081835,-0.682090373622676,-2.32438129478333,-4.94821778615429,-19.5566913417161,-28.8283646498212,-41.1013998619831,-42.7858211987199,-12.7775510288291,1.60733335445481,1.81256360159476
0.246452798167821,1.85301348592891,2.72505636515472,0.527396939118535,0.0382489832726571,1.73077431313176e-08,1.62781064939706e-12,7.61188847329618e-18,1.41239940126289e-18,1.52189142848088e-05,-3.085164277983,-1.06776626081835,-0.682090373622676,-2.32438129478333,-4.94821778615429,-19.5566913417161,-28.8283646498212,-41.1013998619831,-42.7858211987199,-12.7775510288291,1.68457948598441,1.03617243722278
0.19729418034982,1.48340282440032,2.18150398764862,0.422199900329561,0.030619663725036,1.38554604377966e-08,1.30311998981165e-12,6.09358590536503e-18,1.13067566799946e-18,1.2183279078012e-05,-3.085164277983,-1.06776626081835,-0.682090373622676,-2.32438129478333,-4.94821778615429,-19.5566913417161,-28.8283646498212,-41.1013998619831,-42.7858211987199,-12.7775510288291,1.46210491514139,1.52964926688885
0.228691554390302,1.71947138581365,2.52866829097252,0.489388745773441,0.0354924736237574,1.60604168794781e-08,1.51049836086749e-12,7.06331849240498e-18,1.31061126875416e-18,1.41221247630376e-05,-3.085164277983,-1.06776626081835,-0.682090373622676,-2.32438129478333,-4.94821778615429,-19.5566913417161,-28.8283646498212,-41.1013998619831,-42.7858211987199,-12.7775510288291,1.60978317057772,0.873396218295524
0.0610854348350698,1.02039417537113,1.99647995636937,0.476591339544701,0.0267459779630974,1.36075791431092e-08,5.96488492400875e-13,4.27165142618638e-18,1.06546911222242e-18,2.35014717812202e-05,-4.07121338262168,-1.25554255990747,-0.584345950908231,-2.01682744480612,-4.89710273245926,-19.388370468493,-29.4234480044213,-41.2702627295525,-42.6588480497494,-11.9341790687819,1.27573155899474,0.98300913210941
0.0776583548550334,1.29723449095407,2.53813939986365,0.605894014950182,0.0340023551147853,1.72994137254932e-08,7.58320132039347e-13,5.43058133526364e-18,1.35453858399226e-18,2.98775909532161e-05,-4.07121338262168,-1.25554255990747,-0.584345950908231,-2.01682744480612,-4.89710273245926,-19.388370468493,-29.4234480044213,-41.2702627295525,-42.6588480497494,-11.9341790687819,1.51577724377628,2.09103716221603
0.0772430367059325,1.29029685972639,2.52456538893232,0.602653683870413,0.0338205099647341,1.72068961785735e-08,7.54264623597886e-13,5.40153849765891e-18,1.34729448953983e-18,2.97178051092146e-05,-4.07121338262168,-1.25554255990747,-0.584345950908231,-2.01682744480612,-4.89710273245926,-19.388370468493,-29.4234480044213,-41.2702627295525,-42.6588480497494,-11.9341790687819,1.51041487562554,2.42098685625152
0.0764524006333126,1.27708977614717,2.49872471060973,0.596485105289288,0.0334743335802618,1.70307716578817e-08,7.46544201859574e-13,5.34625000349791e-18,1.33350399567399e-18,2.94136227554332e-05,-4.07121338262168,-1.25554255990747,-0.584345950908231,-2.01682744480612,-4.89710273245926,-19.388370468493,-29.4234480044213,-41.2702627295525,-42.6588480497494,-11.9341790687819,1.50012643687297,1.15617828008409
0.219260547964432,4.29324262558941,5.78856452269684,1.45559366014118,0.222317760052578,7.30416771004373e-08,2.41793302852735e-12,1.86316226140667e-17,3.99743329095234e-18,0.000167437625129331,-4.00066189660623,-1.02612505281623,-0.727283019715377,-2.10775352576985,-3.98681492594992,-18.9154029965473,-29.2312754181929,-41.0048387532564,-42.5440465530188,-11.1780670203611,2.48316735702103,2.34665453874786
0.0917356989829455,1.79623565122946,2.4218584580187,0.609001040487484,0.0930147958859172,3.05596668707685e-08,1.01163104135765e-12,7.79522326089014e-18,1.67247295734523e-18,7.00536768692889e-05,-4.00066189660623,-1.02612505281623,-0.727283019715377,-2.10775352576985,-3.98681492594992,-18.9154029965473,-29.2312754181929,-41.0048387532564,-42.5440465530188,-11.1780670203611,1.61181822301419,3.05840201381676
0.062387661617935,1.22158487085609,1.64705875292338,0.414169742642578,0.0632575505013672,2.0783034053567e-08,6.87990561909311e-13,5.30137946762781e-18,1.13741627397857e-18,4.76421408030681e-05,-4.00066189660623,-1.02612505281623,-0.727283019715377,-2.10775352576985,-3.98681492594992,-18.9154029965473,-29.2312754181929,-41.0048387532564,-42.5440465530188,-11.1780670203611,1.22627414296641,2.99402028800872
0.0248150332302657,0.485892055860757,0.655126616802766,0.164738277731691,0.025161036285825,8.26656533183393e-09,2.73652004469114e-13,2.10865264450965e-18,4.52413536642461e-19,1.89499217718599e-05,-4.00066189660623,-1.02612505281623,-0.727283019715377,-2.10775352576985,-3.98681492594992,-18.9154029965473,-29.2312754181929,-41.0048387532564,-42.5440465530188,-11.1780670203611,0.304356265782715,1.52705511336258
0.052144376513007,1.02101569118919,1.37663200581941,0.34616817557466,0.0528714403632272,1.73707160144675e-08,5.75030991180493e-13,4.43095829895378e-18,9.50666540534514e-19,3.9819888476261e-05,-4.00066189660623,-1.02612505281623,-0.727283019715377,-2.10775352576985,-3.98681492594992,-18.9154029965473,-29.2312754181929,-41.0048387532564,-42.5440465530188,-11.1780670203611,1.04692296033236,1.70406434039759
0.0236930605786989,0.463923211683494,0.625506098444175,0.157289895915473,0.0240234196509481,7.89280559761784e-09,2.61279260003622e-13,2.01331323565857e-18,4.31958370993426e-19,1.80931308991632e-05,-4.00066189660623,-1.02612505281623,-0.727283019715377,-2.10775352576985,-3.98681492594992,-18.9154029965473,-29.2312754181929,-41.0048387532564,-42.5440465530188,-11.1780670203611,0.258088820303589,1.15947726276197
0.012750371887281,0.2496593235162,0.336614822151582,0.0846452344294022,0.0129281539434878,4.24749712133504e-09,1.40606897129822e-13,1.08346038262826e-18,2.32457510151384e-19,9.73678123192701e-06,-4.00066189660623,-1.02612505281623,-0.727283019715377,-2.10775352576985,-3.98681492594992,-18.9154029965473,-29.2312754181929,-41.0048387532564,-42.5440465530188,-11.1780670203611,-0.361532943566959,1.20768320661771
0.0396918232942756,0.777187821686869,1.04787971340684,0.263500054537689,0.0402452576585621,1.32224304258255e-08,4.37708340130886e-13,3.3728050000273e-18,7.23638690535758e-19,3.03105355301978e-05,-4.00066189660623,-1.02612505281623,-0.727283019715377,-2.10775352576985,-3.98681492594992,-18.9154029965473,-29.2312754181929,-41.0048387532564,-42.5440465530188,-11.1780670203611,0.77405182174326,1.87133178535407
0.0596857222449228,1.16867940566563,1.57572649300568,0.396232517464793,0.0605179372203524,1.98829442514539e-08,6.58194465385168e-13,5.07178269250607e-18,1.08815605594077e-18,4.5578813332346e-05,-4.00066189660623,-1.02612505281623,-0.727283019715377,-2.10775352576985,-3.98681492594992,-18.9154029965473,-29.2312754181929,-41.0048387532564,-42.5440465530188,-11.1780670203611,1.18199945104322,1.84743492527973
0.0604509538948448,1.18366306400451,1.59592890890542,0.401312621243183,0.0612938387124876,2.01378638145013e-08,6.66633187708899e-13,5.13680810380806e-18,1.10210732305694e-18,4.61631800655602e-05,-4.00066189660623,-1.02612505281623,-0.727283019715377,-2.10775352576985,-3.98681492594992,-18.9154029965473,-29.2312754181929,-41.0048387532564,-42.5440465530188,-11.1780670203611,1.19473897445857,2.33673110611265
0.256306440352668,5.0186216588023,6.76659062169652,1.70152831001415,0.259880193839059,8.53826756742344e-08,2.82646291504079e-12,2.177959014761e-17,4.67283287788486e-18,0.000195727603877761,-4.00066189660623,-1.02612505281623,-0.727283019715377,-2.10775352576985,-3.98681492594992,-18.9154029965473,-29.2312754181929,-41.0048387532564,-42.5440465530188,-11.1780670203611,2.63928037885893,3.0402018359246
0.0723109827115282,1.41588897846662,1.90903832454709,0.480047181176219,0.0733192352790957,2.4088763341445e-08,7.97421675019425e-13,6.14461175638423e-18,1.31833260600732e-18,5.52200536229183e-05,-4.00066189660623,-1.02612505281623,-0.727283019715377,-2.10775352576985,-3.98681492594992,-18.9154029965473,-29.2312754181929,-41.0048387532564,-42.5440465530188,-11.1780670203611,1.37388263997622,6.31577072973663
0.0802017001260988,1.68754581947761,3.26375090452401,1.0194396188205,0.149602184308498,5.57376401749388e-08,1.74207579248531e-12,9.56670313686871e-18,2.03504685304199e-18,9.11636677051161e-05,-4.34786169885574,-1.30137583742221,-0.641774014927449,-1.80539805009003,-3.72442674565689,-18.5272612851846,-28.9005948626565,-41.0128941606876,-42.5606639647566,-11.1275052537861,1.82465113310117,3.58107766158174
0.0826430515714896,1.73891496026973,3.36309995791849,1.05047150945353,0.154156096611116,5.74343020685123e-08,1.79510483360636e-12,9.8579149751975e-18,2.09699397596209e-18,9.39387030418868e-05,-4.34786169885574,-1.30137583742221,-0.641774014927449,-1.80539805009003,-3.72442674565689,-18.5272612851846,-28.9005948626565,-41.0128941606876,-42.5606639647566,-11.1275052537861,1.85463717008612,2.84474453523177
0.108038573060198,2.27326904571109,4.39655256676986,1.37327265588174,0.201526981273048,7.50833847758245e-08,2.34672559916945e-12,1.28871701494202e-17,2.74138276080957e-18,0.000122805284156187,-4.34786169885574,-1.30137583742221,-0.641774014927449,-1.80539805009003,-3.72442674565689,-18.5272612851846,-28.9005948626565,-41.0128941606876,-42.5606639647566,-11.1275052537861,2.1225947411969,2.05457866662863
0.118395592884415,2.49119392110804,4.81802409126763,1.50492019359123,0.220846182564206,8.22811853628353e-08,2.57169232044456e-12,1.41225870281792e-17,3.00418293296337e-18,0.000134577901347414,-4.34786169885574,-1.30137583742221,-0.641774014927449,-1.80539805009003,-3.72442674565689,-18.5272612851846,-28.9005948626565,-41.0128941606876,-42.5606639647566,-11.1275052537861,2.21413791937073,2.21033115409621
0.0285260980400528,0.600225399434323,1.16084918567039,0.3625937413629,0.053210425338621,1.98247342095194e-08,6.19620591228182e-13,3.40267988301149e-18,7.23824382210149e-19,3.24250448376802e-05,-4.34786169885574,-1.30137583742221,-0.641774014927449,-1.80539805009003,-3.72442674565689,-18.5272612851846,-28.9005948626565,-41.0128941606876,-42.5606639647566,-11.1275052537861,0.790925808835389,1.86623192946123
0.0174795932857406,0.367792883805982,0.711319564390172,0.222182196740665,0.0326051110170917,1.21477634443293e-08,3.79677441721319e-13,2.08501914117737e-18,4.43529142807098e-19,1.98687039229395e-05,-4.34786169885574,-1.30137583742221,-0.641774014927449,-1.80539805009003,-3.72442674565689,-18.5272612851846,-28.9005948626565,-41.0128941606876,-42.5606639647566,-11.1275052537861,0.301140522424156,1.67875992446211
0.0422920678825271,0.889878920771121,1.72104549640179,0.53757226459672,0.0788884241132244,2.93916470372091e-08,9.1863373914091e-13,5.04472670579676e-18,1.073123631016e-18,4.80725473019028e-05,-4.34786169885574,-1.30137583742221,-0.641774014927449,-1.80539805009003,-3.72442674565689,-18.5272612851846,-28.9005948626565,-41.0128941606876,-42.5606639647566,-11.1275052537861,1.18470596783403,1.91440328773905
0.164802463770352,3.46765353275554,6.70651855699552,2.09479550411743,0.307410048922936,1.145324900985e-07,3.57970444797144e-12,1.96581399725523e-17,4.18171603272892e-18,0.000187327662886485,-4.34786169885574,-1.30137583742221,-0.641774014927449,-1.80539805009003,-3.72442674565689,-18.5272612851846,-28.9005948626565,-41.0128941606876,-42.5606639647566,-11.1275052537861,2.54485398730003,1.85457591303613
0.0730138185732606,1.53630364572916,2.9712451985003,0.928074832053742,0.13619445380946,5.07422902636243e-08,1.58594650304677e-12,8.70931072634793e-18,1.852660747621e-18,8.29933465728159e-05,-4.34786169885574,-1.30137583742221,-0.641774014927449,-1.80539805009003,-3.72442674565689,-18.5272612851846,-28.9005948626565,-41.0128941606876,-42.5606639647566,-11.1275052537861,1.73075513863197,2.94068231875692
0.0769300175953067,1.6187054561335,3.13061212065286,0.9778534331555,0.143499435212146,5.34639244883485e-08,1.67101097804087e-12,9.17644687695205e-18,1.95203081687353e-18,8.7444811638414e-05,-4.34786169885574,-1.30137583742221,-0.641774014927449,-1.80539805009003,-3.72442674565689,-18.5272612851846,-28.9005948626565,-41.0128941606876,-42.5606639647566,-11.1275052537861,1.78300256606282,2.90136978911309
0.0729269953444062,1.31696104111241,4.18727171874447,0.870134849123215,0.15872802189139,2.81235407085003e-08,2.46248536807714e-12,5.4609513039315e-18,3.63665018505521e-18,0.000201427602854294,-4.50630864937229,-1.61268540658181,-0.455962866627359,-2.02711932771827,-3.7285753429382,-19.2746711110538,-28.6178622111456,-41.6369209151891,-42.0434809421576,-10.3980927795496,1.88801224736586,5.03267939160878
0.030569261671424,0.552038740753142,1.75520469827599,0.364739830108919,0.0665350109773529,1.17887192662331e-08,1.03221528904765e-12,2.28910088227831e-18,1.52439724945986e-18,8.44336595854677e-05,-4.50630864937229,-1.61268540658181,-0.455962866627359,-2.02711932771827,-3.7285753429382,-19.2746711110538,-28.6178622111456,-41.6369209151891,-42.0434809421576,-10.3980927795496,1.0185483539379,3.47594246274376
0.0418423978461114,0.312702146866074,1.1534442735364,0.251614933948399,0.0421438444548441,5.33070524369474e-09,4.79224495550799e-13,5.21016169099567e-19,1.03122331228892e-18,5.32297541825258e-05,-3.76263177781982,-1.75129077581414,-0.446034140146714,-1.96864202685131,-3.75545327107969,-19.6385689184811,-28.9553938586721,-42.6872925037128,-42.0045725214032,-10.429679655665,0.588786626849702,4.41110271468844
0.0394076466747713,0.294506442089239,1.08632694898925,0.236973809474352,0.0396915525229002,5.02051888955966e-09,4.51339085967714e-13,4.90698959921742e-19,9.71217856178524e-19,5.01323885195277e-05,-3.76263177781982,-1.75129077581414,-0.446034140146714,-1.96864202685131,-3.75545327107969,-19.6385689184811,-28.9553938586721,-42.6872925037128,-42.0045725214032,-10.429679655665,0.528836374350746,4.7230095853192
0.0459145951353028,0.343135030743228,1.26570009265086,0.276102671379536,0.0462453792133515,5.84950159763911e-09,5.25863712998933e-13,5.71722647232948e-19,1.13158430957924e-18,5.84101948801077e-05,-3.76263177781982,-1.75129077581414,-0.446034140146714,-1.96864202685131,-3.75545327107969,-19.6385689184811,-28.9553938586721,-42.6872925037128,-42.0045725214032,-10.429679655665,0.681659542164257,3.06632443086785
0.142423078922475,1.05877566618226,1.80817869337085,1.10188810285351,0.072921642645218,2.2492779757344e-08,2.10762704784715e-12,2.99672462874413e-18,1.66367926690097e-18,5.79951090636546e-05,-3.38027955168072,-1.37421312097215,-0.839006237714001,-1.33430116411431,-4.04969613237849,-19.0413978085381,-28.3167847528048,-41.7803381017098,-42.3688264279579,-11.1864782070914,1.43132632962915,7.07945737931557
0.0817868740990546,0.608005056233382,1.03835195996439,0.632762500439841,0.0418754688582957,1.29165452682918e-08,1.21031106274473e-12,1.7208779769046e-18,9.55372737148187e-19,3.33038628236084e-05,-3.38027955168072,-1.37421312097215,-0.839006237714001,-1.33430116411431,-4.04969613237849,-19.0413978085381,-28.3167847528048,-41.7803381017098,-42.3688264279579,-11.1864782070914,0.876641040094922,5.52897846143206
0.0660639047594533,0.491120226451257,0.838735869851172,0.511118220679061,0.0338251952637456,1.04334274396173e-08,9.77637006662473e-13,1.39005091001736e-18,7.71708837292089e-19,2.69014220917168e-05,-3.38027955168072,-1.37421312097215,-0.839006237714001,-1.33430116411431,-4.04969613237849,-19.0413978085381,-28.3167847528048,-41.7803381017098,-42.3688264279579,-11.1864782070914,0.663146800200644,3.40546043570893
0.16439135862524,1.22208824271933,2.08708416002048,1.27185062738095,0.0841695601466168,2.59622151939348e-08,2.43272141349713e-12,3.45895929839518e-18,1.92029618423966e-18,6.69406590892668e-05,-3.38027955168072,-1.37421312097215,-0.839006237714001,-1.33430116411431,-4.04969613237849,-19.0413978085381,-28.3167847528048,-41.7803381017098,-42.3688264279579,-11.1864782070914,1.57477419083236,2.53571037192409
0.113539682486445,0.844055990589438,1.44148010475066,0.87842522630534,0.0581331355491536,1.79312446494467e-08,1.68020034128504e-12,2.388988957556e-18,1.32628515794156e-18,4.62337025619166e-05,-3.38027955168072,-1.37421312097215,-0.839006237714001,-1.33430116411431,-4.04969613237849,-19.0413978085381,-28.3167847528048,-41.7803381017098,-42.3688264279579,-11.1864782070914,1.20467667394654,2.29097054529073
0.343857701045705,0.681582573140946,1.88324158935486,0.328189868752587,0.104252486557793,2.16464898177535e-08,2.36958444865624e-12,6.42339773376353e-18,2.59488737107169e-18,5.64355183364375e-05,-2.27385160727817,-1.58966211170657,-0.573329698650977,-2.32048721026718,-3.46726380705214,-18.8547467691099,-27.9746307546125,-40.7929086945087,-41.6993128008392,-10.988736080274,1.20632424033778,4.27807248968527
0.283095671195503,0.5611422266586,1.5504597981676,0.270196453043023,0.0858303523990458,1.78214056144377e-08,1.95086251640355e-12,5.28833900554042e-18,2.13635285688318e-18,4.64629726021355e-05,-2.27385160727817,-1.58966211170657,-0.573329698650977,-2.32048721026718,-3.46726380705214,-18.8547467691099,-27.9746307546125,-40.7929086945087,-41.6993128008392,-10.988736080274,1.01188122957111,3.18274718370757
0.095784220500871,0.189860094093416,0.52459150137574,0.0914198247099062,0.0290403359582994,6.02979705694586e-09,6.60066064058737e-13,1.78928708888745e-18,7.22825934593861e-19,1.57205498553012e-05,-2.27385160727817,-1.58966211170657,-0.573329698650977,-2.32048721026718,-3.46726380705214,-18.8547467691099,-27.9746307546125,-40.7929086945087,-41.6993128008392,-10.988736080274,-0.0718057132283537,2.17763923100458
0.165730457368013,0.328505050889355,0.907673403821073,0.158178970215021,0.0502469836401282,1.04330443872522e-08,1.14207799695529e-12,3.09591043340275e-18,1.25066813835596e-18,2.72004501782424e-05,-2.27385160727817,-1.58966211170657,-0.573329698650977,-2.32048721026718,-3.46726380705214,-18.8547467691099,-27.9746307546125,-40.7929086945087,-41.6993128008392,-10.988736080274,0.476459046145371,17.2832245876596
0.240852001173199,0.477408318052924,1.31909945337657,0.229877610457599,0.0730227065974278,1.51620870352071e-08,1.65975388851881e-12,4.49921055658629e-18,1.81756527261436e-18,3.95297458432407e-05,-2.27385160727817,-1.58966211170657,-0.573329698650977,-2.32048721026718,-3.46726380705214,-18.8547467691099,-27.9746307546125,-40.7929086945087,-41.6993128008392,-10.988736080274,0.850278970132432,9.14013305845011
0.281210381385291,1.02987920929018,2.7537556903966,0.209850093284104,0.162460614836739,1.71849046157858e-08,3.28456719540835e-12,3.90280533472082e-18,9.5013182443997e-19,6.54390122177907e-05,-2.75868058153384,-1.46058685713134,-0.477062694412559,-3.05139022463722,-3.30734805678633,-19.3692628570565,-27.9318146044124,-41.5748644427085,-42.9877145953007,-11.1244203402172,1.49002837996212,2.32090591340194
0.122769129430564,0.302311770369442,1.22022706922849,0.158683621198623,0.118395616521997,1.1708299024869e-08,2.2435974738202e-12,8.24812848609998e-19,8.14005403510489e-19,1.37078892105977e-05,-2.75102457118556,-1.8498713292107,-0.454537923566049,-2.49441775014474,-2.78729846714689,-18.9165428155362,-27.4765154105374,-42.2927053297554,-42.3058948359862,-11.8511139233938,0.653574887311035,1.55282188909197
0.219027089071147,0.539341342266449,2.17695428988189,0.283100579075624,0.211224494022851,2.08882694312987e-08,4.00270512642307e-12,1.47151289658451e-18,1.45223180164296e-18,2.44556517182528e-05,-2.75102457118556,-1.8498713292107,-0.454537923566049,-2.49441775014474,-2.78729846714689,-18.9165428155362,-27.4765154105374,-42.2927053297554,-42.3058948359862,-11.8511139233938,1.2324647087592,1.41419675683103
0.0750983206073196,0.184925203590461,0.746417312590613,0.0970673451475815,0.0724230269393495,7.16200886993567e-09,1.37241669126616e-12,5.04541003371564e-19,4.97930050106737e-19,8.38516542034544e-06,-2.75102457118556,-1.8498713292107,-0.454537923566049,-2.49441775014474,-2.78729846714689,-18.9165428155362,-27.4765154105374,-42.2927053297554,-42.3058948359862,-11.8511139233938,0.162067488637189,1.62586881727173
0.0245075595032947,0.060348425823658,0.243585562961588,0.0316769232360082,0.0236345051097165,2.33724745272087e-09,4.47873979771021e-13,1.64651733380779e-19,1.62494317220191e-19,2.73641193068245e-06,-2.75102457118556,-1.8498713292107,-0.454537923566049,-2.49441775014474,-2.78729846714689,-18.9165428155362,-27.4765154105374,-42.2927053297554,-42.3058948359862,-11.8511139233938,-0.957749086683125,2.5262889169038
0.140849219378969,0.346832929932054,1.39992871956565,0.182052803320522,0.135831623490062,1.34325688025755e-08,2.57400988549757e-12,9.46282232343824e-19,9.33883185345548e-19,1.57266366846567e-05,-2.75102457118556,-1.8498713292107,-0.454537923566049,-2.49441775014474,-2.78729846714689,-18.9165428155362,-27.4765154105374,-42.2927053297554,-42.3058948359862,-11.8511139233938,0.790959244295107,0.805500263241176
0.0842804425887833,0.207535639657245,0.837680269709461,0.108935575972906,0.0812780460961843,8.03769341979316e-09,1.54021934473022e-12,5.66230226248223e-19,5.58810964904061e-19,9.41040288373631e-06,-2.75102457118556,-1.8498713292107,-0.454537923566049,-2.49441775014474,-2.78729846714689,-18.9165428155362,-27.4765154105374,-42.2927053297554,-42.3058948359862,-11.8511139233938,0.277419132535013,0.515812339022864
0.178552286601259,0.439674518474677,1.7746670876796,0.230785406254811,0.172191561116548,1.70282510986121e-08,3.2630308695801e-12,1.19958674318618e-18,1.18386867103086e-18,1.99364039997794e-05,-2.75102457118556,-1.8498713292107,-0.454537923566049,-2.49441775014474,-2.78729846714689,-18.9165428155362,-27.4765154105374,-42.2927053297554,-42.3058948359862,-11.8511139233938,1.02815077266571,0.367064909637422
1.03458514791553,2.54760516031165,10.2829498650334,1.3372394059567,0.997729209289855,9.86667604035944e-08,1.89069730728033e-11,6.95076300483525e-18,6.85968781159474e-18,0.000115517464792131,-2.75102457118556,-1.8498713292107,-0.454537923566049,-2.49441775014474,-2.78729846714689,-18.9165428155362,-27.4765154105374,-42.2927053297554,-42.3058948359862,-11.8511139233938,2.78502509428175,0.481849416686628
0.174500503789848,0.55097067188485,1.84084927467985,0.236103932034468,0.235161492035127,2.46794095573273e-08,3.79413440461396e-12,1.19760521980998e-18,8.67810296114088e-19,1.92336660625138e-05,-2.85689706997633,-1.70714311799542,-0.500842392220569,-2.55455260060352,-2.55855222038275,-18.628365981809,-27.4086342391532,-42.3772771809006,-42.6993832346451,-11.9699177933375,1.11106941968034,0.847844773390711
0.478424873987165,1.88208491268162,4.91338514956834,0.963321708495487,0.625234760104027,1.7444653140957e-07,1.12537651621605e-11,7.3018169204819e-18,1.71561402577653e-18,5.91224240546879e-05,-2.91908618296273,-1.54944994091851,-0.589866955303107,-2.219197953308,-2.65145818299108,-17.7434776519032,-27.3921484615761,-41.6402385628762,-43.0885907242162,-11.9177303792724,2.18183009938569,0.377280156679108
0.438621321549164,1.72550094393776,4.50460585300069,0.883176155403292,0.573217053849629,1.59933089408278e-07,1.03174847634765e-11,6.69432707517992e-18,1.57287994870135e-18,5.42036110203439e-05,-2.91908618296273,-1.54944994091851,-0.589866955303107,-2.219197953308,-2.65145818299108,-17.7434776519032,-27.3921484615761,-41.6402385628762,-43.0885907242162,-11.9177303792724,2.09496735152601,0.329693777510981
0.153986207475329,0.60576933518334,1.58142602148217,0.31005548527114,0.201238553271269,5.61474982584332e-08,3.62214573564491e-12,2.35016855602362e-18,5.52188884158848e-19,1.90291900608282e-05,-2.91908618296273,-1.54944994091851,-0.589866955303107,-2.219197953308,-2.65145818299108,-17.7434776519032,-27.3921484615761,-41.6402385628762,-43.0885907242162,-11.9177303792724,1.04819394053481,0.377107886965741
0.372413727038091,1.46504560077018,3.82465915844802,0.749865333730809,0.486692937479572,1.35792026007511e-07,8.76011439857542e-12,5.68385341431772e-18,1.33546194656134e-18,4.60218594201344e-05,-2.91908618296273,-1.54944994091851,-0.589866955303107,-2.219197953308,-2.65145818299108,-17.7434776519032,-27.3921484615761,-41.6402385628762,-43.0885907242162,-11.9177303792724,1.93133630970869,0.619977122697757
0.8441245224816,3.32071786934268,8.66909125895245,1.69966805948665,1.10315333087357,3.07790424434799e-07,1.9855947422758e-11,1.28831987139013e-17,3.02699953328555e-18,0.000104314576199182,-2.91908618296273,-1.54944994091851,-0.589866955303107,-2.219197953308,-2.65145818299108,-17.7434776519032,-27.3921484615761,-41.6402385628762,-43.0885907242162,-11.9177303792724,2.74963092617913,1.62133288811446
0.527431140930545,2.0748716189252,5.41667558726796,1.06199718162766,0.689279134094414,1.92315529763183e-07,1.24065167217914e-11,8.04976045066388e-18,1.89134869905622e-18,6.51784831208007e-05,-2.91908618296273,-1.54944994091851,-0.589866955303107,-2.219197953308,-2.65145818299108,-17.7434776519032,-27.3921484615761,-41.6402385628762,-43.0885907242162,-11.9177303792724,2.27934922228963,1.75128940293052
0.0924350320709533,0.363631969663539,0.949300378327485,0.186120492183721,0.120799728953142,3.37042900615212e-08,2.17430614552701e-12,1.4107621027227e-18,3.31468629907161e-19,1.14228658682872e-05,-2.91908618296273,-1.54944994091851,-0.589866955303107,-2.219197953308,-2.65145818299108,-17.7434776519032,-27.3921484615761,-41.6402385628762,-43.0885907242162,-11.9177303792724,0.537836945741757,0.606826726509027
0.626139436229652,2.46318210075845,6.43040187666412,1.26074906272814,0.818277145458827,2.28307219728581e-07,1.47283859122364e-11,9.55626636203146e-18,2.24531302048526e-18,7.7376581525997e-05,-2.91908618296273,-1.54944994091851,-0.589866955303107,-2.219197953308,-2.65145818299108,-17.7434776519032,-27.3921484615761,-41.6402385628762,-43.0885907242162,-11.9177303792724,2.45090399185838,1.03392068156787
0.273545089603426,2.25341199956541,2.76648510129641,2.07394670475094,0.686167471230991,2.15464246132516e-07,1.53831199488559e-11,6.14489233922932e-18,4.17638220279014e-18,2.40337706519084e-05,-3.38240559878844,-1.27367127769155,-1.06853919157515,-1.3566633768829,-2.46275034341023,-17.4365876419041,-26.9838671044096,-41.7170272406073,-42.1032030933625,-12.7221673956911,2.08611678951867,1.17904557384063
0.28626816200792,2.35822223055581,2.89515928185208,2.17040968321589,0.718082350166443,2.25485874406297e-07,1.60986164295278e-11,6.43070229569096e-18,4.37063322455762e-18,2.51516244017254e-05,-3.38240559878844,-1.27367127769155,-1.06853919157515,-1.3566633768829,-2.46275034341023,-17.4365876419041,-26.9838671044096,-41.7170272406073,-42.1032030933625,-12.7221673956911,2.13157932072461,0.368074841540285
0.0281341542159139,0.374633157243552,0.690139967863044,0.37478390107564,0.0940385038800333,9.64093934870008e-08,5.90919675513112e-12,1.63971102944662e-18,5.87350799169634e-19,4.88977735099472e-06,-4.01656815991644,-1.42760515089169,-0.816658021720297,-1.42720285464703,-2.80984813656994,-16.6004593689992,-26.3003083783181,-41.3978088208722,-42.4244618697031,-12.6741609587412,0.445797171733211,0.530826128399374
0.0656886711087291,0.874707448595573,1.61136450095597,0.875059410909127,0.219564601285875,2.25100242643065e-07,1.37970126695692e-11,3.8284583819388e-18,1.37136852154878e-18,1.14168342769202e-05,-4.01656815991644,-1.42760515089169,-0.816658021720297,-1.42720285464703,-2.80984813656994,-16.6004593689992,-26.3003083783181,-41.3978088208722,-42.4244618697031,-12.6741609587412,1.29373935789939,2.89141708446633
0.0611374407534381,0.694191539211013,0.767958073312037,0.605283525423159,0.0926589418521491,1.59336161845157e-07,7.02082291734322e-12,1.69815560924415e-18,9.56977879196804e-19,1.28942178072017e-05,-3.59269757955714,-1.16307412082426,-1.06208689673556,-1.30012505103355,-3.17689657611138,-16.4503163984837,-26.4802074374376,-41.7150557049075,-42.2885734337953,-12.0567983364518,0.798066757369278,1.24865820416943
0.947632575991667,7.86354446884318,14.6296240756186,5.56778872262048,0.7924812750272,3.65813319912435e-06,6.71094761947167e-11,1.76842619160982e-17,7.71632375346639e-18,8.32127636761942e-05,-3.44833568137261,-1.33230979642172,-0.711498732194377,-1.67754927406932,-3.62713365268561,-15.9131048470071,-26.8192431084135,-41.9684038385803,-42.7977408724616,-12.7886570637834,3.39454725144984,0.351711122107606
0.542389271711671,4.50079731911379,8.3734469970987,3.18679301114817,0.453586498076359,2.09377795990288e-06,3.8410942004725e-11,1.01218068948225e-17,4.4165337146144e-18,4.76278585507842e-05,-3.44833568137261,-1.33230979642172,-0.711498732194377,-1.67754927406932,-3.62713365268561,-15.9131048470071,-26.8192431084135,-41.9684038385803,-42.7977408724616,-12.7886570637834,2.8365643595284,0.479617865277325
0.0204402606193279,0.169615209952683,0.31555830439399,0.120096180151492,0.0170936755530401,7.89052612422802e-08,1.44753907600856e-12,3.81446281589923e-19,1.66439686160969e-19,1.79488402940984e-06,-3.44833568137261,-1.33230979642172,-0.711498732194377,-1.67754927406932,-3.62713365268561,-15.9131048470071,-26.8192431084135,-41.9684038385803,-42.7977408724616,-12.7886570637834,-0.441913081898955,0.534938629227258
0.0564688711315781,0.468584017158612,0.87177074486389,0.331781274547778,0.0472234958225973,2.17986018460088e-07,3.99901444816993e-12,1.05379482776033e-18,4.59811220807861e-19,4.95859993375195e-06,-3.44833568137261,-1.33230979642172,-0.711498732194377,-1.67754927406932,-3.62713365268561,-15.9131048470071,-26.8192431084135,-41.9684038385803,-42.7977408724616,-12.7886570637834,0.574269935288864,0.643381618397573
0.0619028493913865,0.350513411330265,0.526455616710925,0.216688627864534,0.0906179993263205,1.83681662526243e-07,3.51008350058053e-12,8.37942871128255e-19,7.80735369423793e-19,1.92869986317852e-06,-3.00227243551063,-1.2684396771457,-0.86167161703675,-1.74937721785293,-2.62118578493478,-15.7301450399768,-26.5954646567252,-41.8434203949254,-41.9141340633486,-13.378747795401,0.220083367330622,1.41585595185022
0.0618701314292912,0.350328151933992,0.526177365304378,0.216574099851968,0.090570104337701,1.83584579924533e-07,3.50822829068223e-12,8.37499987103282e-19,7.80322721694738e-19,1.92768047344708e-06,-3.00227243551063,-1.2684396771457,-0.86167161703675,-1.74937721785293,-2.62118578493478,-15.7301450399768,-26.5954646567252,-41.8434203949254,-41.9141340633486,-13.378747795401,0.21955469035055,0.853976636554404
0.0278485497848102,0.157687251582845,0.236839266618753,0.0974828154150744,0.0407667803736038,8.26338039962751e-08,1.57909912186302e-12,3.76969622446636e-19,3.51233392613199e-19,8.67674019657605e-07,-3.00227243551063,-1.2684396771457,-0.86167161703675,-1.74937721785293,-2.62118578493478,-15.7301450399768,-26.5954646567252,-41.8434203949254,-41.9141340633486,-13.378747795401,-0.578701950812727,2.53408958930417
0.0509283525762881,0.28837235717665,0.433122506107964,0.178272808887738,0.074552713886719,1.51117510145452e-07,2.88779550291025e-12,6.89387490223429e-19,6.42322066814683e-19,1.58676874508239e-06,-3.00227243551063,-1.2684396771457,-0.86167161703675,-1.74937721785293,-2.62118578493478,-15.7301450399768,-26.5954646567252,-41.8434203949254,-41.9141340633486,-13.378747795401,0.0249369500785139,1.37029852354808
0.0144279539119553,0.0816956148855237,0.122703194590783,0.0505045174303293,0.0211207130322448,4.28114470893598e-08,8.1810972308065e-13,1.95302821184386e-19,1.81969231436497e-19,4.49530078332811e-07,-3.00227243551063,-1.2684396771457,-0.86167161703675,-1.74937721785293,-2.62118578493478,-15.7301450399768,-26.5954646567252,-41.8434203949254,-41.9141340633486,-13.378747795401,-1.23631527478275,0.963443443212906
0.807315216266407,4.57127278072831,6.86584921757712,2.82597696530701,1.18180811453789,2.3955117181921e-06,4.57772759775193e-11,1.09281565691212e-17,1.0182076427986e-17,2.51534260936883e-05,-3.00227243551063,-1.2684396771457,-0.86167161703675,-1.74937721785293,-2.62118578493478,-15.7301450399768,-26.5954646567252,-41.8434203949254,-41.9141340633486,-13.378747795401,2.78823135109373,0.293971781060613
0.366742317632845,2.07661039994942,3.11897683065714,1.28376787771546,0.536864706858076,1.08821870533962e-06,2.07954265553862e-11,4.96437746602754e-18,4.62545265130005e-18,1.14265476435187e-05,-3.00227243551063,-1.2684396771457,-0.86167161703675,-1.74937721785293,-2.62118578493478,-15.7301450399768,-26.5954646567252,-41.8434203949254,-41.9141340633486,-13.378747795401,1.99917662618248,0.456091787536858
0.23673776291707,1.3404837044917,2.01334714315449,0.828691756753884,0.346554361413914,7.02461781693065e-07,1.34237652022393e-11,3.20458141609895e-18,2.98580027583252e-18,7.37601088538704e-06,-3.00227243551063,-1.2684396771457,-0.86167161703675,-1.74937721785293,-2.62118578493478,-15.7301450399768,-26.5954646567252,-41.8434203949254,-41.9141340633486,-13.378747795401,1.56147019947453,0.762542568548339
0.0655988577443452,0.371441373594325,0.557888488960847,0.22962636799205,0.0960284915044898,1.94648669144791e-07,3.71965863428243e-12,8.87973586700182e-19,8.2735041986511e-19,2.04385596463013e-06,-3.00227243551063,-1.2684396771457,-0.86167161703675,-1.74937721785293,-2.62118578493478,-15.7301450399768,-26.5954646567252,-41.8434203949254,-41.9141340633486,-13.378747795401,0.278075439893177,0.294884221684231
0.0925201562272076,0.523878236540756,0.786841904430382,0.323863374623197,0.135437892392636,2.74531080234343e-07,5.24617973222799e-12,1.25239154753753e-18,1.16688906991165e-18,2.88263972355205e-06,-3.00227243551063,-1.2684396771457,-0.86167161703675,-1.74937721785293,-2.62118578493478,-15.7301450399768,-26.5954646567252,-41.8434203949254,-41.9141340633486,-13.378747795401,0.621943682467993,2.20391611101589
0.251889033920517,1.426274968345,2.14220182106507,0.881728218829854,0.368733919852371,7.47419496477776e-07,1.42828892471725e-11,3.40967536008852e-18,3.1768921767776e-18,7.84807727003065e-06,-3.00227243551063,-1.2684396771457,-0.86167161703675,-1.74937721785293,-2.62118578493478,-15.7301450399768,-26.5954646567252,-41.8434203949254,-41.9141340633486,-13.378747795401,1.62350580547584,0.691163718185777
0.195546373372246,1.10724509578884,1.66303308492929,0.684502825742524,0.28625533888552,5.80236343159181e-07,1.10880856942877e-11,2.64699753166867e-18,2.46628340303034e-18,6.09261556254932e-06,-3.00227243551063,-1.2684396771457,-0.86167161703675,-1.74937721785293,-2.62118578493478,-15.7301450399768,-26.5954646567252,-41.8434203949254,-41.9141340633486,-13.378747795401,1.37031471177561,0.790100793622357
0.219632396374895,1.24362773683108,1.86787377027159,0.768815055736315,0.321514252452291,6.51705763262926e-07,1.24538378812616e-11,2.97303601725266e-18,2.77006279690006e-18,6.84306097380993e-06,-3.00227243551063,-1.2684396771457,-0.86167161703675,-1.74937721785293,-2.62118578493478,-15.7301450399768,-26.5954646567252,-41.8434203949254,-41.9141340633486,-13.378747795401,1.48647237975905,0.450312632667782
0.113922836403933,0.645066946173861,0.968861977859704,0.398782662599678,0.166768728968081,3.38038332582655e-07,6.45977806082089e-12,1.54210718184918e-18,1.43682542306375e-18,3.54948053515203e-06,-3.00227243551063,-1.2684396771457,-0.86167161703675,-1.74937721785293,-2.62118578493478,-15.7301450399768,-26.5954646567252,-41.8434203949254,-41.9141340633486,-13.378747795401,0.830038502090882,1.99646768719691
0.0152312210277137,0.0862439660474185,0.129534616552258,0.0533163241699818,0.0222965952358964,4.51949470530254e-08,8.6365745920756e-13,2.061761809712e-19,1.92100252133178e-19,4.74557378230813e-07,-3.00227243551063,-1.2684396771457,-0.86167161703675,-1.74937721785293,-2.62118578493478,-15.7301450399768,-26.5954646567252,-41.8434203949254,-41.9141340633486,-13.378747795401,-1.18213550724271,1.43288582992293
0.0373219390149497,0.211328562258564,0.317406139041102,0.130644062977795,0.054634632779671,1.10743784403612e-07,2.11626966503219e-12,5.05205382978897e-19,4.70714323022801e-19,1.16283530369616e-06,-3.00227243551063,-1.2684396771457,-0.86167161703675,-1.74937721785293,-2.62118578493478,-15.7301450399768,-26.5954646567252,-41.8434203949254,-41.9141340633486,-13.378747795401,-0.285901512385739,1.39581527670566
0.0247090587961709,0.139910465746849,0.210139321772394,0.0864931436760546,0.0361709597435265,7.33181274167787e-08,1.40108024829277e-12,3.34472158779515e-19,3.11637288703335e-19,7.69857264859217e-07,-3.00227243551063,-1.2684396771457,-0.86167161703675,-1.74937721785293,-2.62118578493478,-15.7301450399768,-26.5954646567252,-41.8434203949254,-41.9141340633486,-13.378747795401,-0.698312914193562,1.40751398679238
0.0568583487717731,0.321949861541807,0.483554430242007,0.199030540583048,0.0832334837790708,1.68713332804183e-07,3.22404467413456e-12,7.69658399990564e-19,7.17112772184185e-19,1.77152894535311e-06,-3.00227243551063,-1.2684396771457,-0.86167161703675,-1.74937721785293,-2.62118578493478,-15.7301450399768,-26.5954646567252,-41.8434203949254,-41.9141340633486,-13.378747795401,0.135080222086498,0.947263009149354
0.00475915122875751,0.0346957442215832,0.0459518102726293,0.00764367555427811,0.0121457162543512,1.76521268077874e-08,5.22254571064511e-13,7.29908072223276e-20,1.5445523498692e-19,3.3963868005235e-07,-3.09576026127657,-1.10921256581379,-0.828236355733104,-2.62195101935199,-2.15885306437373,-15.6004838831536,-26.0286955632274,-41.8120277694693,-41.062456961057,-12.6434578114885,-2.25192567864819,0.757239102199471
0.0111145901315695,0.0810289393626486,0.107316517680246,0.0178511496695343,0.0283652801797389,4.12250304704582e-08,1.21968082599386e-12,1.70463779496322e-19,3.60716974106966e-19,7.9319705135629e-07,-3.09576026127657,-1.10921256581379,-0.828236355733104,-2.62195101935199,-2.15885306437373,-15.6004838831536,-26.0286955632274,-41.8120277694693,-41.062456961057,-12.6434578114885,-1.40373634622173,0.608654807938744
0.00977277282551047,0.071246659328805,0.0943606498574342,0.0156960561144786,0.0249408602608902,3.62481074644581e-08,1.07243393512216e-12,1.49884410695784e-19,3.17169144387976e-19,6.97437736975298e-07,-3.09576026127657,-1.10921256581379,-0.828236355733104,-2.62195101935199,-2.15885306437373,-15.6004838831536,-26.0286955632274,-41.8120277694693,-41.062456961057,-12.6434578114885,-1.53239478173206,0.908047724673806
0.00900395546696249,0.0656417333360964,0.0869373620281201,0.0144612581081181,0.0229787798311028,3.33964936256055e-08,9.88066290448625e-13,1.38093106551494e-19,2.92217664582291e-19,6.42570786902198e-07,-3.09576026127657,-1.10921256581379,-0.828236355733104,-2.62195101935199,-2.15885306437373,-15.6004838831536,-26.0286955632274,-41.8120277694693,-41.062456961057,-12.6434578114885,-1.61433104059041,0.365618214266171
0.0399607481766252,0.235776951997102,0.391986556007206,0.0471140943267801,0.050719509933619,1.23738231950785e-07,4.80364865740481e-12,8.22191161315079e-19,9.18129118707058e-19,7.53289224060781e-06,-2.95271712198949,-1.17772855927032,-0.669387255430981,-2.78804259986831,-2.7143041508431,-15.6379570551179,-25.7945048695643,-41.3751735482626,-41.2648084397099,-11.5290910139513,-0.267140480248796,0.608116430486824
0.0583194768135572,0.344097373362228,0.572072643966673,0.0687592063976828,0.0740210185879077,1.8058593190769e-07,7.01053632073546e-12,1.19992143682321e-18,1.3399351186725e-18,1.09936463757735e-05,-2.95271712198949,-1.17772855927032,-0.669387255430981,-2.78804259986831,-2.7143041508431,-15.6379570551179,-25.7945048695643,-41.3751735482626,-41.2648084397099,-11.5290910139513,0.110897959706568,0.324642499621524
0.93057909829922,5.49061550147711,9.12831997595017,1.09716142505673,1.18112192523497,2.88153294340111e-06,1.11864147698036e-10,1.91466362477598e-17,2.13807750453592e-17,0.000175420941516566,-2.95271712198949,-1.17772855927032,-0.669387255430981,-2.78804259986831,-2.7143041508431,-15.6379570551179,-25.7945048695643,-41.3751735482626,-41.2648084397099,-11.5290910139513,2.88076892170921,0.665246320153061
0.238182995276461,1.40617151077379,3.64978040645216,0.563462359119994,0.358528266834968,1.41145256421493e-06,7.14764233062469e-11,1.27691217608894e-17,7.99144831993421e-18,7.94439241040678e-05,-3.26187582920404,-1.48628904531483,-0.532492812998159,-2.40081456226765,-2.85290759070029,-15.2980510126335,-25.1888132807415,-40.7266615959989,-41.1953194801333,-11.2676189585338,1.82715981616687,0.537574524624826
0.122179228767481,0.721314930571471,1.87220483441061,0.289035732365694,0.183911983651031,7.24023919245366e-07,3.66648100317945e-11,6.55009584950718e-18,4.09932283927929e-18,4.07518486617025e-05,-3.26187582920404,-1.48628904531483,-0.532492812998159,-2.40081456226765,-2.85290759070029,-15.2980510126335,-25.1888132807415,-40.7266615959989,-41.1953194801333,-11.2676189585338,1.15960960515876,0.280090508444018
0.0296800783803799,0.275330213805502,0.32654941219342,0.0291199183644257,0.0386448010913564,2.18439797049124e-07,5.13717702481965e-12,1.20717772365743e-18,2.10344947324177e-18,1.0178877711291e-05,-3.1596535686314,-0.93215847299102,-0.7615483514792,-3.17870720787036,-2.89571737430308,-14.9791297375483,-25.6368917530908,-40.9006208472863,-40.3453274192534,-11.137570146183,-0.357625651206664,0.157931755671369
0.00830604062824368,0.0770518161287366,0.0913856307940426,0.00814927851356178,0.0108148396315352,6.11308974950258e-08,1.43765122638082e-12,3.37831561281781e-19,5.88655345187818e-19,2.84858317206456e-06,-3.1596535686314,-0.93215847299102,-0.7615483514792,-3.17870720787036,-2.89571737430308,-14.9791297375483,-25.6368917530908,-40.9006208472863,-40.3453274192534,-11.137570146183,-1.63111867372099,0.507118501181612
0.102191372793814,0.947988484390193,1.12434112502608,0.100262687826041,0.133057777821779,7.52109291867926e-07,1.76877960267853e-11,4.1564293465011e-18,7.24237943438509e-18,3.50468578110227e-05,-3.1596535686314,-0.93215847299102,-0.7615483514792,-3.17870720787036,-2.89571737430308,-14.9791297375483,-25.6368917530908,-40.9006208472863,-40.3453274192534,-11.137570146183,0.878745548922398,0.226919432313308
0.0204092452889523,0.189328403954985,0.224548835990419,0.0200240561725304,0.0265737581453844,1.50208208405259e-07,3.53253467354802e-12,8.30105161911241e-19,1.44641856069652e-18,6.99941588137172e-06,-3.1596535686314,-0.93215847299102,-0.7615483514792,-3.17870720787036,-2.89571737430308,-14.9791297375483,-25.6368917530908,-40.9006208472863,-40.3453274192534,-11.137570146183,-0.732113711726027,0.276066084022121
1.25638074264371,11.6549415422663,13.8230899441508,1.23266873461515,1.6358644095284,9.24672606730521e-06,2.17460688709021e-10,5.11007695301192e-17,8.90406479873722e-17,0.000430879789948441,-3.1596535686314,-0.93215847299102,-0.7615483514792,-3.17870720787036,-2.89571737430308,-14.9791297375483,-25.6368917530908,-40.9006208472863,-40.3453274192534,-11.137570146183,3.38788872978759,0.32121328869392
1.09243537485342,10.1340859505923,12.0193122452636,1.07181755137047,1.42240014414112,8.0401189819638e-06,1.89084201088468e-10,4.44326201621552e-17,7.74217164906521e-17,0.000374654202243352,-3.1596535686314,-0.93215847299102,-0.7615483514792,-3.17870720787036,-2.89571737430308,-14.9791297375483,-25.6368917530908,-40.9006208472863,-40.3453274192534,-11.137570146183,3.24806306141713,0.293961128654317
0.194187419949465,1.80139901141125,2.13651012059904,0.190522469107256,0.252840781692528,1.42918290375186e-06,3.36109338893406e-11,7.8981842491517e-18,1.37622084742504e-17,6.65971961193796e-05,-3.1596535686314,-0.93215847299102,-0.7615483514792,-3.17870720787036,-2.89571737430308,-14.9791297375483,-25.6368917530908,-40.9006208472863,-40.3453274192534,-11.137570146183,1.52072206456924,0.686156612154032
0.169095662292268,1.56863281342579,1.86044283368535,0.165904274868237,0.220170181188458,1.24451228462482e-06,2.92679264586694e-11,6.8776272781431e-18,1.19839367409241e-17,5.79918976602357e-05,-3.1596535686314,-0.93215847299102,-0.7615483514792,-3.17870720787036,-2.89571737430308,-14.9791297375483,-25.6368917530908,-40.9006208472863,-40.3453274192534,-11.137570146183,1.38236289349367,0.313023468506021
0.552962700222078,3.38708110711228,10.1293456984627,0.608056757678671,0.852517610734595,6.74434717253982e-06,1.20015444719887e-10,3.46955946906608e-17,2.05630626636634e-17,0.000104779054785996,-3.33524322172622,-1.52280997197946,-0.427341766424901,-3.24026554204967,-2.90233990440655,-14.6495843519839,-25.5861791675513,-40.6426974412809,-41.1658137742811,-11.9064351570859,2.74277849212191,0.905228963336173
0.431849910465688,2.45787218681373,7.44074013976944,0.506888716400573,0.474349972123068,5.52156152914699e-06,9.84896872053685e-11,2.00775637875955e-17,1.73329903740476e-17,0.000198527542324625,-3.26553288931095,-1.52655969779116,-0.418885383678857,-3.10531950249004,-3.17166560063969,-14.5327055606926,-25.4669249803822,-40.8727844204765,-41.0197757390156,-10.9504384239249,2.42585570872774,0.850299079182353
0.125997597608633,1.0403505702389,2.2948752113808,0.0737561964942269,0.169734130028966,1.77210815404848e-06,2.5733650373789e-11,7.22334213173734e-18,9.48416788868842e-18,3.33336995860851e-05,-3.38110789811725,-1.2700577161862,-0.478936991398501,-3.91660572633768,-3.08313746647695,-14.5529561319345,-25.6928370867235,-40.7788293882669,-40.5065232628451,-11.6185571324288,1.30961545930667,1.11285840999866
0.0561894852196912,0.328283734302729,0.560524989001153,0.0474944018663098,0.212217728741885,6.66470495474614e-07,7.03167998388601e-12,2.95388245165009e-18,4.24899158885715e-18,1.47322868336467e-05,-3.06527757295345,-1.30012893855803,-0.765133391685334,-3.23339536796448,-1.73639444660073,-14.4075219037939,-25.8668474027612,-40.5496632211485,-40.1861019299517,-11.3117210270933,0.186251937631331,0.64198935320527
0.0541944273859628,0.316627727253625,0.540623048879527,0.0458080707292447,0.204682748833684,6.42806865566869e-07,6.78201390879609e-12,2.84900221823922e-18,4.09812734937083e-18,1.42092038379352e-05,-3.06527757295345,-1.30012893855803,-0.765133391685334,-3.23339536796448,-1.73639444660073,-14.4075219037939,-25.8668474027612,-40.5496632211485,-40.1861019299517,-11.3117210270933,0.150100381373862,0.899483193568465
0.553073975294903,3.23130189297121,5.51725616824762,0.467488134866347,2.08886239844386,6.56007943314868e-06,6.92129352401781e-11,2.90751108272378e-17,4.18228901698547e-17,0.000145010128005485,-3.06527757295345,-1.30012893855803,-0.765133391685334,-3.23339536796448,-1.73639444660073,-14.4075219037939,-25.8668474027612,-40.5496632211485,-40.1861019299517,-11.3117210270933,2.47301405742398,0.302090044031554
0.744544688220605,4.34995817542506,7.42729536574344,0.629329571031263,2.81201335202195,8.83113745073931e-06,9.31740157575742e-11,3.91407303413665e-17,5.63017102827802e-17,0.000195211717360422,-3.06527757295345,-1.30012893855803,-0.765133391685334,-3.23339536796448,-1.73639444660073,-14.4075219037939,-25.8668474027612,-40.5496632211485,-40.1861019299517,-11.3117210270933,2.77029516876759,1.44277528432445
0.288213602936761,1.68387087867049,2.87510956871156,0.24361377627319,1.08853170604098,3.41853750752057e-06,3.60677058159608e-11,1.51513953315841e-17,2.1794418829154e-17,7.55665486384476e-05,-3.06527757295345,-1.30012893855803,-0.765133391685334,-3.23339536796448,-1.73639444660073,-14.4075219037939,-25.8668474027612,-40.5496632211485,-40.1861019299517,-11.3117210270933,1.82122417606464,0.84996845590487
0.10756507211007,0.628442553171162,1.07302835442735,0.0909198356525239,0.406254216530114,1.27584274219045e-06,1.34609377815864e-11,5.65469816415158e-18,8.13396109367326e-18,2.82024206025667e-05,-3.06527757295345,-1.30012893855803,-0.765133391685334,-3.23339536796448,-1.73639444660073,-14.4075219037939,-25.8668474027612,-40.5496632211485,-40.1861019299517,-11.3117210270933,0.835618280359727,0.567463385110627
0.139967699046129,0.817752978959865,1.396264668765,0.11830829417298,0.528633196632095,1.66017434345571e-06,1.75158762164338e-11,7.35810496205276e-18,1.05842147090942e-17,3.66980455814975e-05,-3.06527757295345,-1.30012893855803,-0.765133391685334,-3.23339536796448,-1.73639444660073,-14.4075219037939,-25.8668474027612,-40.5496632211485,-40.1861019299517,-11.3117210270933,1.09893396886133,1.25606567202427
0.885916681999381,5.17591566305933,8.83756874604039,0.748824851312237,3.34595032101433,1.05079683092459e-05,1.10865628610932e-10,4.65726591078461e-17,6.69921163279218e-17,0.000232277954120741,-3.06527757295345,-1.30012893855803,-0.765133391685334,-3.23339536796448,-1.73639444660073,-14.4075219037939,-25.8668474027612,-40.5496632211485,-40.1861019299517,-11.3117210270933,2.94414520177909,0.361587682931554
1.28319839894056,7.49701052801005,12.8007004449365,1.08462891580524,4.84641296647717,1.52201763264142e-05,1.60582366289821e-10,6.74577675484323e-17,9.70341547464946e-17,0.000336441004998629,-3.06527757295345,-1.30012893855803,-0.765133391685334,-3.23339536796448,-1.73639444660073,-14.4075219037939,-25.8668474027612,-40.5496632211485,-40.1861019299517,-11.3117210270933,3.31463328337436,1.02413446111026
0.0235855704656241,0.280097883139927,0.307601219573682,0.0335446329930446,0.0886409457318632,4.11280487804686e-07,1.76200424111574e-11,5.71122645052115e-19,3.51870481520971e-18,1.70384534254818e-05,-3.43717572669412,-0.962671706061473,-0.869006628356007,-3.08493395056354,-2.11321693848382,-14.3940459549366,-24.4520396402352,-41.6967385281508,-39.878494254019,-10.670093353899,-0.309944448198593,0.681736165091162
0.0336961270962689,0.400168988214002,0.439462331633191,0.0479243959088786,0.126639149036809,5.87586363852465e-07,2.51733232144358e-11,8.15948940615294e-19,5.02708742365891e-18,2.43424212692113e-05,-3.43717572669412,-0.962671706061473,-0.869006628356007,-3.08493395056354,-2.11321693848382,-14.3940459549366,-24.4520396402352,-41.6967385281508,-39.878494254019,-10.670093353899,0.0468033555067727,0.309277222626315
0.171724889340071,1.98364362816481,2.84282152435404,0.14901379440439,0.671098065629244,2.44172861513397e-06,1.37127255662413e-10,2.72778291969553e-18,3.53996239723782e-17,6.65801358846158e-05,-3.52288187586179,-1.07608494274967,-0.716223259102467,-3.66473671000412,-2.15986031678777,-14.6838246332426,-24.4711320603656,-42.2040628245469,-39.6408507886361,-11.3781245974745,1.76102031257742,0.234320276875606
0.109157383719123,1.26090836053929,1.80704708077798,0.0947210156765955,0.426585274531658,1.55209130373828e-06,8.71653056363307e-11,1.73392248503954e-18,2.25018653516983e-17,4.23218408744229e-05,-3.52288187586179,-1.07608494274967,-0.716223259102467,-3.66473671000412,-2.15986031678777,-14.6838246332426,-24.4711320603656,-42.2040628245469,-39.6408507886361,-11.3781245974745,1.30791732503722,0.443803527296545
0.24025618199501,1.44827895367667,3.55546965146426,0.0982802128409251,0.265797328399774,3.19922665527265e-06,2.55594150164693e-10,6.0480098069101e-18,1.7526727097074e-17,4.34321994025107e-05,-3.15026664515258,-1.35384122222256,-0.455729980552725,-4.04414971087161,-3.04923832911933,-14.3768185927915,-23.8116474255654,-41.3710195587027,-40.3070218405517,-11.7685266154276,1.72421714519869,0.447285424910733
0.180952836149476,1.09079475927421,2.67785957444877,0.0740213346573069,0.200189564387115,2.40954938994498e-06,1.92504875385377e-10,4.5551565771696e-18,1.32005384847882e-17,3.27116646774029e-05,-3.15026664515258,-1.35384122222256,-0.455729980552725,-4.04414971087161,-3.04923832911933,-14.3768185927915,-23.8116474255654,-41.3710195587027,-40.3070218405517,-11.7685266154276,1.44074778972123,1.07122500250166
0.0392619348670554,0.390211965536144,1.45947122639879,0.0422032786188066,0.0311191069839501,1.18013568196881e-06,7.58346909073336e-11,2.23131492963886e-18,1.80360350842807e-18,2.17673459495186e-05,-3.91161220090868,-1.61517757910721,-0.296038196560062,-3.8393697615494,-4.14404566895229,-14.3239935343577,-23.9765776572713,-41.3180530006323,-41.5308574540738,-11.4092119963353,0.674112392980116,1.70793598735784
0.0356549576369707,0.354363358498275,1.32539022658537,0.0383260813913034,0.0282602078825239,1.07171711962119e-06,6.8867790160351e-11,2.02632497762535e-18,1.63790722246995e-18,1.97675891503402e-05,-3.91161220090868,-1.61517757910721,-0.296038196560062,-3.8393697615494,-4.14404566895229,-14.3239935343577,-23.9765776572713,-41.3180530006323,-41.5308574540738,-11.4092119963353,0.577745123268973,0.378494158103728
0.0616072560859208,0.612295052955925,2.29010663634486,0.0662226200093862,0.0488300640204584,1.85179159971027e-06,1.18994828928948e-10,3.50123321084582e-18,2.83009646869009e-18,3.41558932529347e-05,-3.91161220090868,-1.61517757910721,-0.296038196560062,-3.8393697615494,-4.14404566895229,-14.3239935343577,-23.9765776572713,-41.3180530006323,-41.5308574540738,-11.4092119963353,1.1246365791315,1.13149045082979
0.170372362276785,1.69327707822277,6.33319680648758,0.183135963585553,0.135037557032074,5.12105439084871e-06,3.290753620819e-10,9.68251811412934e-18,7.82651673642881e-18,9.44567343018879e-05,-3.91161220090868,-1.61517757910721,-0.296038196560062,-3.8393697615494,-4.14404566895229,-14.3239935343577,-23.9765776572713,-41.3180530006323,-41.5308574540738,-11.4092119963353,2.14184332995566,0.783385440808247
0.447603915698354,4.44859389425778,16.6386358185656,0.481136572332742,0.354771974081692,1.34540835568403e-05,8.64549969603741e-10,2.54380051070941e-17,2.05619003615917e-17,0.000248157644659043,-3.91161220090868,-1.61517757910721,-0.296038196560062,-3.8393697615494,-4.14404566895229,-14.3239935343577,-23.9765776572713,-41.3180530006323,-41.5308574540738,-11.4092119963353,3.10776564653506,2.0587169078033
0.0540949103041347,0.53763222181365,2.01085263247571,0.0581474799740547,0.0428757601157878,1.62598542529749e-06,1.04484682593068e-10,3.07429527830968e-18,2.48499648178333e-18,2.99909474834954e-05,-3.91161220090868,-1.61517757910721,-0.296038196560062,-3.8393697615494,-4.14404566895229,-14.3239935343577,-23.9765776572713,-41.3180530006323,-41.5308574540738,-11.4092119963353,0.994597023947217,1.02490488940754
0.0530260644960007,0.38678398956926,1.52942305682415,0.0693317947271421,0.0835087628628042,1.77584234240446e-06,4.50708168476909e-11,1.63942075742923e-18,2.08623408037821e-18,1.86935353318544e-05,-3.68937510539908,-1.70229231029983,-0.327512824780771,-3.42125508165749,-3.23520711019377,-13.9936390905302,-24.575189557439,-41.7045920931617,-41.4635745106903,-11.639736200079,0.752403402026876,0.613096871465311
0.0336792971400269,0.245664335785105,0.971407063171237,0.0440358178201756,0.0530402635946054,1.12791930708326e-06,2.86265527601355e-11,1.04127167180493e-18,1.32506340352691e-18,1.18731257358653e-05,-3.68937510539908,-1.70229231029983,-0.327512824780771,-3.42125508165749,-3.23520711019377,-13.9936390905302,-24.575189557439,-41.7045920931617,-41.4635745106903,-11.639736200079,0.298503146809267,0.892784328058821
0.0983291805968483,1.39249363166905,3.50130206693564,0.213828634122374,0.330296207128252,1.27708380999917e-06,1.11833034439368e-10,1.06161932044778e-17,8.28082341354493e-18,6.67822279258852e-05,-4.03076406252279,-1.38023349960095,-0.458194700664231,-3.25390997898316,-2.81909504886499,-15.2822609717865,-24.6253437399639,-40.7954807967638,-41.0439188834619,-11.3254031809348,1.71132961910211,2.55428137069217
0.197280425620382,2.79379665997284,7.02475458249398,0.429010022187036,0.66268198237328,2.56224689415964e-06,2.24373563358307e-10,2.12995481212698e-17,1.66140341818707e-17,0.00013398694333794,-4.03076406252279,-1.38023349960095,-0.458194700664231,-3.25390997898316,-2.81909504886499,-15.2822609717865,-24.6253437399639,-40.7954807967638,-41.0439188834619,-11.3254031809348,2.4076349803975,1.97765143982774
0.0344977322256919,0.488541368286758,1.22839405772775,0.0750194694734957,0.115880860996795,4.48051077408552e-07,3.92354136651836e-11,3.72457685705585e-18,2.90523756014977e-18,2.34298242133034e-05,-4.03076406252279,-1.38023349960095,-0.458194700664231,-3.25390997898316,-2.81909504886499,-15.2822609717865,-24.6253437399639,-40.7954807967638,-41.0439188834619,-11.3254031809348,0.66390237282885,7.03623776679826
0.0314564034441245,0.445471437932023,1.12009852750471,0.0684057341069215,0.105664775038545,4.08550781318941e-07,3.57764096919381e-11,3.39621722111179e-18,2.64911108345361e-18,2.13642449960725e-05,-4.03076406252279,-1.38023349960095,-0.458194700664231,-3.25390997898316,-2.81909504886499,-15.2822609717865,-24.6253437399639,-40.7954807967638,-41.0439188834619,-11.3254031809348,0.571611353088363,8.37269031337067
0.0297954117793878,0.421949221013688,1.06095399366842,0.0647937078823211,0.100085360630695,3.86978084885358e-07,3.3887308848033e-11,3.21688685024081e-18,2.50923013881879e-18,2.02361493151756e-05,-4.03076406252279,-1.38023349960095,-0.458194700664231,-3.25390997898316,-2.81909504886499,-15.2822609717865,-24.6253437399639,-40.7954807967638,-41.0439188834619,-11.3254031809348,0.517363198063223,3.33257390866756
0.0568040656099188,0.804433629311235,2.02267720653345,0.123527275303624,0.190809760709243,7.37762199300615e-07,6.46051455640195e-11,6.13289901994832e-18,4.7837725650918e-18,3.85796162812743e-05,-4.03076406252279,-1.38023349960095,-0.458194700664231,-3.25390997898316,-2.81909504886499,-15.2822609717865,-24.6253437399639,-40.7954807967638,-41.0439188834619,-11.3254031809348,1.16261668434562,1.66397766346893
0.0403466507137346,0.57137112133986,1.43666214526004,0.0877386464644951,0.135527883179595,5.24015903533865e-07,4.58875824185078e-11,4.35606029187553e-18,3.39780610252662e-18,2.7402234084081e-05,-4.03076406252279,-1.38023349960095,-0.458194700664231,-3.25390997898316,-2.81909504886499,-15.2822609717865,-24.6253437399639,-40.7954807967638,-41.0439188834619,-11.3254031809348,0.820517168956038,0.78810792899244
0.0702788019473109,0.995256785004646,2.50248515269095,0.152829710742367,0.236072563442662,9.12769938773657e-07,7.99304095775513e-11,7.58771033301783e-18,5.91855179824241e-18,4.77312527320491e-05,-4.03076406252279,-1.38023349960095,-0.458194700664231,-3.25390997898316,-2.81909504886499,-15.2822609717865,-24.6253437399639,-40.7954807967638,-41.0439188834619,-11.3254031809348,1.37547899986324,0.995285046691904
0.0992942766994358,1.40616088861804,3.53566717562739,0.215927351717298,0.333538048260905,1.28961832518812e-06,1.12930670207538e-10,1.07203906220071e-17,8.36209929069678e-18,6.7437692229586e-05,-4.03076406252279,-1.38023349960095,-0.458194700664231,-3.25390997898316,-2.81909504886499,-15.2822609717865,-24.6253437399639,-40.7954807967638,-41.0439188834619,-11.3254031809348,1.72109671646987,1.62283153748928
0.392635165183099,5.56032262008205,13.9809394023494,0.853832408344157,1.31889541901979,5.09948328307089e-06,4.4655698017111e-10,4.23911879175105e-17,3.30658960960923e-17,0.000266666018508607,-4.03076406252279,-1.38023349960095,-0.458194700664231,-3.25390997898316,-2.81909504886499,-15.2822609717865,-24.6253437399639,-40.7954807967638,-41.0439188834619,-11.3254031809348,3.09588963137466,1.76781346868544
0.055592049916336,0.787269608167637,1.97951979357281,0.120891601348847,0.186738495351997,7.22020731606647e-07,6.32266799653156e-11,6.00204271979578e-18,4.68170227555939e-18,3.7756451603126e-05,-4.03076406252279,-1.38023349960095,-0.458194700664231,-3.25390997898316,-2.81909504886499,-15.2822609717865,-24.6253437399639,-40.7954807967638,-41.0439188834619,-11.3254031809348,1.1410489874573,2.03147191134604
0.0301495544437477,0.426964430149269,1.07356429343078,0.065563833716228,0.1012749564161,3.91577633669745e-07,3.42900870318785e-11,3.25512216272865e-18,2.5390543766388e-18,2.04766723825499e-05,-4.03076406252279,-1.38023349960095,-0.458194700664231,-3.25390997898316,-2.81909504886499,-15.2822609717865,-24.6253437399639,-40.7954807967638,-41.0439188834619,-11.3254031809348,0.529178928619506,0.991191270786341
0.0565368265081005,1.41545974123767,1.95013609719461,0.195629103559207,0.221892183198546,5.27384419968634e-07,1.37370262868251e-10,8.20609310061595e-18,7.22135040002749e-18,3.27920145118417e-05,-4.21825398005388,-0.997936539707372,-0.677491759927196,-2.97692566474778,-2.85095459984984,-15.8007270281688,-24.0537321105155,-40.6870456580056,-40.8148806259628,-11.6707164557207,1.34539092350054,0.54068385486094
0.0412850027943898,0.456246199809742,0.872383289508099,0.0458075756067007,0.124420401456108,8.27673345365572e-08,9.15160215925244e-11,5.56040433050158e-18,1.84362277301896e-18,1.71570966291536e-05,-3.61914209170332,-1.21660882158018,-0.56841251773566,-3.51519191355619,-2.51597523155601,-16.7391184820989,-23.5463931778792,-40.1627469652371,-41.266685257908,-11.4049847906006,0.431886118275924,0.474376615069558
0.226957324936732,2.50813636944793,4.79577968523645,0.251819404574357,0.683980127666838,4.54999432411648e-07,5.03093860812673e-10,3.05673829962474e-17,1.01350045884866e-17,9.43182388536224e-05,-3.61914209170332,-1.21660882158018,-0.56841251773566,-3.51519191355619,-2.51597523155601,-16.7391184820989,-23.5463931778792,-40.1627469652371,-41.266685257908,-11.4049847906006,2.13614881665572,0.578380228783925
0.352369886800864,3.89408770494572,7.44584183515441,0.390970307342418,1.06193532298282,7.06423987584642e-07,7.81094537636931e-10,4.74583725781441e-17,1.57354270040273e-17,0.000146436812107177,-3.61914209170332,-1.21660882158018,-0.56841251773566,-3.51519191355619,-2.51597523155601,-16.7391184820989,-23.5463931778792,-40.1627469652371,-41.266685257908,-11.4049847906006,2.57606825137508,0.585335421978469
0.0550182297063304,0.511623761856426,1.97218234238761,0.174260159470126,0.174557738886979,1.92177419487843e-07,2.10503413397577e-10,9.46427727372235e-18,3.43079086273992e-18,2.60393675259362e-05,-3.96054011613948,-1.73061518087281,-0.381308699059115,-2.80765534373054,-2.80594912687385,-16.5252962484452,-23.3419686639508,-40.259456666594,-41.2741902837439,-11.6163504461561,1.06044941667866,0.570907879133811
0.0542691748286087,0.946021083348424,1.86700909594206,0.292265734337913,0.432191593311762,2.15641707501689e-07,2.15862259761012e-10,7.99509753815969e-18,4.84818979934381e-18,2.16046012399245e-05,-4.19244638029757,-1.33413790768905,-0.654309747844269,-2.50873932580314,-2.11753377036804,-16.6282950524448,-23.5350280822925,-40.6463506121345,-41.1465737602106,-12.021251729941,1.2786474843481,1.11829538773128
0.0928796466179227,0.912357501593447,1.44324962686628,0.634761816020008,0.361016715030107,3.27729121633014e-07,1.10399964266517e-10,1.3499664057432e-17,1.15172066863775e-17,3.26682152199455e-05,-3.61317094416652,-1.32844356620765,-0.869822941428454,-1.69122564118644,-2.25555121754889,-16.1677986162932,-24.1636315036086,-40.0805870712429,-40.239409721018,-11.5658281622434,1.23672019785019,1.52397281775761
0.0607771318162347,0.597014245392009,0.944411138606302,0.415365518377372,0.236236476733266,2.14454261518098e-07,7.22418035065925e-11,8.8336992201164e-18,7.53644974352986e-18,2.13769162020113e-05,-3.61317094416652,-1.32844356620765,-0.869822941428454,-1.69122564118644,-2.25555121754889,-16.1677986162932,-24.1636315036086,-40.0805870712429,-40.239409721018,-11.5658281622434,0.812629261961588,1.54772304029688
0.0944281040173853,0.927568010846451,1.46731098632844,0.645344345849777,0.367035461053309,3.33192908392449e-07,1.12240514352502e-10,1.3724725795511e-17,1.17092175796578e-17,3.32128484245985e-05,-3.61317094416652,-1.32844356620765,-0.869822941428454,-1.69122564118644,-2.25555121754889,-16.1677986162932,-24.1636315036086,-40.0805870712429,-40.239409721018,-11.5658281622434,1.25325440607698,1.5202454938032
0.0601036388830709,0.888538305306864,1.23458811984212,0.348491614033954,0.240648758192853,4.34303098158868e-07,1.68831489558978e-10,1.06793255322364e-17,8.60379434873228e-18,5.12790243973546e-05,-3.83140625254368,-1.13789888039396,-0.808983952155416,-2.07386247251042,-2.44413820387627,-15.6692445241564,-23.521841362054,-40.0979433551764,-40.3140497250031,-10.8979501309545,1.01972136040908,0.452442298730582
0.0403204926550537,0.596075427022944,0.828222752285501,0.233785405095691,0.16143908534456,2.91351991406864e-07,1.13260510697997e-10,7.16421958279715e-18,5.77185064482615e-18,3.44005049443725e-05,-3.83140625254368,-1.13789888039396,-0.808983952155416,-2.07386247251042,-2.44413820387627,-15.6692445241564,-23.521841362054,-40.0979433551764,-40.3140497250031,-10.8979501309545,0.620510815877334,0.567748119103131
0.0224791344535327,0.332318847964677,0.461743629111317,0.130338029333601,0.0900041310646253,1.6243205766779e-07,6.31440262904857e-11,3.9941341152275e-18,3.21787255430508e-18,1.91786737957191e-05,-3.83140625254368,-1.13789888039396,-0.808983952155416,-2.07386247251042,-2.44413820387627,-15.6692445241564,-23.521841362054,-40.0979433551764,-40.3140497250031,-10.8979501309545,0.0362384948890466,0.597172452754799
0.0386282070323179,0.455251748603189,0.602907235838623,0.0883954858483574,0.0987749901565227,3.74584842877277e-07,1.60509278281061e-10,4.02875331633592e-18,6.88887186638962e-18,1.10466362255079e-05,-3.50372864812997,-1.03686085029016,-0.755948062717954,-2.6758905065881,-2.56486697322211,-15.0474036407905,-22.8026254973065,-40.3030308274601,-39.7665804680768,-11.6633407212069,0.249956130881868,0.671281176777292
0.0312412784241108,0.368193289926097,0.487612402071544,0.0714914876197237,0.0798861041165328,3.02952434732216e-07,1.29814853902909e-10,3.25832891887548e-18,5.57150280948435e-18,8.93417180047281e-06,-3.50372864812997,-1.03686085029016,-0.755948062717954,-2.6758905065881,-2.56486697322211,-15.0474036407905,-22.8026254973065,-40.3030308274601,-39.7665804680768,-11.6633407212069,0.037713615948807,0.162995033670533
0.00982413179731324,0.115782054691102,0.15333458634197,0.0224812117874188,0.0251209827255026,9.526641665308e-08,4.0821576398964e-11,1.02461404759049e-18,1.75201466362633e-18,2.80943948823638e-06,-3.50372864812997,-1.03686085029016,-0.755948062717954,-2.6758905065881,-2.56486697322211,-15.0474036407905,-22.8026254973065,-40.3030308274601,-39.7665804680768,-11.6633407212069,-1.11918484368709,0.375864289108781
0.00629161661427089,0.074149687113133,0.0981992557586952,0.0143975232121122,0.0160880977111697,6.1010965870846e-08,2.6143145632746e-11,6.5618813937316e-19,1.12203345736182e-18,1.79923442861494e-06,-3.50372864812997,-1.03686085029016,-0.755948062717954,-2.6758905065881,-2.56486697322211,-15.0474036407905,-22.8026254973065,-40.3030308274601,-39.7665804680768,-11.6633407212069,-1.56480857976451,0.607655946859491
0.00403776980945749,0.0539497516012642,0.125553131692558,0.00661393414143339,0.00515728548077966,5.95636448991278e-08,3.27524466487321e-11,7.63991131227065e-19,6.22159408205673e-19,6.42424356086009e-07,-3.87890871044358,-1.28654813517766,-0.441872193551126,-3.38542256557024,-3.63419085117747,-15.0030663775548,-22.5088893934555,-40.0825767157666,-40.2879365533312,-12.6248627044758,-1.63315405635071,0.279773113045555
0.0102733425661468,0.137264952117908,0.319446227248774,0.0168279060846236,0.0131217387210549,1.51548443178657e-07,8.33324137284293e-11,1.94383111939911e-18,1.58296709145657e-18,1.63452742339331e-06,-3.87890871044358,-1.28654813517766,-0.441872193551126,-3.38542256557024,-3.63419085117747,-15.0030663775548,-22.5088893934555,-40.0825767157666,-40.2879365533312,-12.6248627044758,-0.699294128598668,0.254341653314474
0.0109267790408059,0.145995696355108,0.339764620725151,0.0178982459041158,0.0139563475775275,1.61187689588784e-07,8.86327761276129e-11,2.06746859627817e-18,1.68365179354673e-18,1.73849162300983e-06,-3.87890871044358,-1.28654813517766,-0.441872193551126,-3.38542256557024,-3.63419085117747,-15.0030663775548,-22.5088893934555,-40.0825767157666,-40.2879365533312,-12.6248627044758,-0.637629999550405,0.229285895008789
0.0146241930643498,0.238111725006565,0.595879184974695,0.0277571033324472,0.0249406986897845,1.8783204510969e-07,9.84175321191981e-11,4.29068527032176e-18,3.15202640620807e-18,3.716706926437e-06,-4.12117959939055,-1.33111681957601,-0.41381887915613,-3.48036503251884,-3.58735586121263,-15.3838191874087,-22.9379036927149,-39.8861867539546,-40.1945876612451,-12.3987740534767,-0.103898463083062,0.174397842668795
0.0934253176304048,1.87354379122137,4.10774176502473,0.24076604074842,0.134743602426823,2.03515995910566e-06,5.00077926315363e-10,7.23144322393847e-17,2.0126833845182e-17,1.1854817879968e-05,-4.23470937617257,-1.23628475940426,-0.45124304379329,-3.28804607468494,-3.86849802007206,-14.9690526105757,-23.2803736494194,-39.029624421013,-40.3085942043976,-13.206892673262,1.86411647239998,0.45920105929778
0.0201059198277922,0.403202496021223,0.884020827497645,0.0518148916730818,0.0289979647531852,4.37983664517877e-07,1.07621006266433e-10,1.55626784459997e-17,4.33146515251264e-18,2.55125723854263e-06,-4.23470937617257,-1.23628475940426,-0.45124304379329,-3.28804607468494,-3.86849802007206,-14.9690526105757,-23.2803736494194,-39.029624421013,-40.3085942043976,-13.206892673262,0.32796838768895,0.418641794582339
0.113175115875988,2.26960465373049,4.97610457247201,0.29166317280828,0.163227947252285,2.46538593648831e-06,6.05792719717187e-10,8.76014602441673e-17,2.43815788955252e-17,1.43608865485673e-05,-4.23470937617257,-1.23628475940426,-0.45124304379329,-3.28804607468494,-3.86849802007206,-14.9690526105757,-23.2803736494194,-39.029624421013,-40.3085942043976,-13.206892673262,2.05589041437752,0.482493957073804
0.143685154209053,4.87153352844631,8.46055223521675,0.499396450707399,0.44102521414254,4.34835700058813e-06,1.48763637036248e-09,2.12729188340462e-16,1.16387221994766e-16,1.32391600285766e-05,-4.60848408205538,-1.08494449938863,-0.532938832301459,-3.36270828809501,-3.48700651006287,-15.0140657650444,-22.9944305849758,-38.7548650131803,-39.3579622011182,-13.9006847312379,2.66835327981955,0.210609274397074
0.457207078365796,15.5012508004923,26.9215312473871,1.58908269564144,1.40334504809305,1.38364997474812e-05,4.73366843156629e-09,6.76905635934805e-16,3.70344883716491e-16,4.21270917653466e-05,-4.60848408205538,-1.08494449938863,-0.532938832301459,-3.36270828809501,-3.48700651006287,-15.0140657650444,-22.9944305849758,-38.7548650131803,-39.3579622011182,-13.9006847312379,3.82586521686398,0.259314229687525
0.0226489052577713,0.767893537458341,1.33362592021895,0.0787192174473548,0.0695182348266106,6.85425897166782e-07,2.34494199458721e-10,3.3532227172723e-17,1.83459674639688e-17,2.08687169408914e-06,-4.60848408205538,-1.08494449938863,-0.532938832301459,-3.36270828809501,-3.48700651006287,-15.0140657650444,-22.9944305849758,-38.7548650131803,-39.3579622011182,-13.9006847312379,0.82084032084398,1.10438211545783
0.189606933000363,6.42847576300922,11.16454493604,0.659003568539377,0.581976883344059,5.73809200408141e-06,1.96308499063051e-09,2.80717442124931e-16,1.53584580984286e-16,1.74703958967617e-05,-4.60848408205538,-1.08494449938863,-0.532938832301459,-3.36270828809501,-3.48700651006287,-15.0140657650444,-22.9944305849758,-38.7548650131803,-39.3579622011182,-13.9006847312379,2.94568195868324,0.473599849677814
0.14179519623893,4.80745597172522,8.34926663847845,0.492827655848521,0.435224203432129,4.29116102919193e-06,1.46806879408581e-09,2.0993106192862e-16,1.14856326482001e-16,1.30650191707304e-05,-4.60848408205538,-1.08494449938863,-0.532938832301459,-3.36270828809501,-3.48700651006287,-15.0140657650444,-22.9944305849758,-38.7548650131803,-39.3579622011182,-13.9006847312379,2.65511253958001,0.322645260261691
0.0308779494854573,1.44842419676338,1.58384815547375,0.135094728597799,0.086487185426287,8.44866271118313e-07,8.59830859213964e-10,4.03006332882544e-17,1.74024059063922e-17,7.40473215325821e-06,-4.6670006017973,-0.818811438467098,-0.729430215740081,-3.1910666963923,-3.63704666447373,-15.1733751242391,-22.0635730644507,-38.9394521338089,-39.7792108498425,-13.0026789250584,1.18928764309397,0.912901572312891
0.030433056139523,1.53439300880599,1.82475441200939,0.153309438099381,0.0827951059428771,1.42344647485014e-06,1.08290352354916e-09,6.4620700005956e-17,6.92010965401343e-18,2.07728927431936e-05,-4.78027525233564,-0.859914495182585,-0.686603954797199,-3.16334629280797,-3.77943569032238,-14.7504788960385,-21.9316693195056,-38.5660462449179,-40.8001494224476,-12.0699110187191,1.28804936401449,1.14061378593179
0.0164502792961935,0.829400551468267,0.986352457896338,0.0828698591398458,0.0447540533186688,7.6942952975586e-07,5.85352497348461e-10,3.49300628415351e-17,3.74059496512301e-18,1.12285761196234e-05,-4.78027525233564,-0.859914495182585,-0.686603954797199,-3.16334629280797,-3.77943569032238,-14.7504788960385,-21.9316693195056,-38.5660462449179,-40.8001494224476,-12.0699110187191,0.672862428912756,0.829492434992309
0.0168831418434611,0.556655355024103,1.04456771673329,0.0471568023227846,0.0155599111698572,5.16936885867524e-07,2.7571171713304e-10,2.22201287920876e-17,1.46383361165408e-18,9.7654136355156e-06,-4.60072930760197,-1.10509861139696,-0.475686497000397,-3.57356663910727,-4.68234709776133,-14.9946346761508,-22.5309549278612,-38.8648227221096,-41.5847625466895,-12.05595326418,0.519289628635071,0.82524105218094
0.0188882916196054,0.622767300944193,1.16862725155184,0.0527574454079362,0.0174079056183045,5.78331612665928e-07,3.08457001927516e-10,2.48591332313359e-17,1.63768784245636e-18,1.09252165410864e-05,-4.60072930760197,-1.10509861139696,-0.475686497000397,-3.57356663910727,-4.68234709776133,-14.9946346761508,-22.5309549278612,-38.8648227221096,-41.5847625466895,-12.05595326418,0.631516267695409,0.975612970902696
0.0696730268975183,2.29719467400335,4.31070207779041,0.194605790030061,0.0642123438582811,2.1332852550378e-06,1.13780184173547e-09,9.16976025760891e-17,6.04092055518487e-18,4.02997222437118e-05,-4.60072930760197,-1.10509861139696,-0.475686497000397,-3.57356663910727,-4.68234709776133,-14.9946346761508,-22.5309549278612,-38.8648227221096,-41.5847625466895,-12.05595326418,1.93678728292907,0.983614752007426
0.158033678945716,5.21054045952733,9.777616080814,0.441408538024686,0.145647654271972,4.83875801162133e-06,2.58078368297607e-09,2.07990238559848e-16,1.3702130394864e-17,9.14085931135446e-05,-4.60072930760197,-1.10509861139696,-0.475686497000397,-3.57356663910727,-4.68234709776133,-14.9946346761508,-22.5309549278612,-38.8648227221096,-41.5847625466895,-12.05595326418,2.75578219681617,0.692231861974782
0.0106198674700194,0.350148458838077,0.657056063262579,0.0296626656117229,0.00978752627924862,3.25164668352522e-07,1.73428732817191e-10,1.39769496179483e-17,9.20783530581248e-19,6.14265991251278e-06,-4.60072930760197,-1.10509861139696,-0.475686497000397,-3.57356663910727,-4.68234709776133,-14.9946346761508,-22.5309549278612,-38.8648227221096,-41.5847625466895,-12.05595326418,0.0557005650732113,1.40379356234289
0.0074044063497623,0.244131245450976,0.458114011375925,0.020681466150718,0.00682407967285129,2.26711994463654e-07,1.20918346121366e-10,9.74503823080719e-18,6.41990631223942e-19,4.28279827305199e-06,-4.60072930760197,-1.10509861139696,-0.475686497000397,-3.57356663910727,-4.68234709776133,-14.9946346761508,-22.5309549278612,-38.8648227221096,-41.5847625466895,-12.05595326418,-0.304950695711061,0.447433859148123
0.00349952819045688,0.115383210384512,0.216517411595705,0.00977463558800241,0.00322524967715116,1.07150388331366e-07,5.71493703892584e-11,4.60577585762626e-18,3.0342261159796e-19,2.0241694718803e-06,-4.60072930760197,-1.10509861139696,-0.475686497000397,-3.57356663910727,-4.68234709776133,-14.9946346761508,-22.5309549278612,-38.8648227221096,-41.5847625466895,-12.05595326418,-1.05439781469811,0.526657198050579
0.0428140493500403,1.41162528052778,2.6489248380626,0.119585186250138,0.0394584616350022,1.31090300298343e-06,6.99178812401565e-10,5.63481429872098e-17,3.71214345473731e-18,2.47641644660145e-05,-4.60072930760197,-1.10509861139696,-0.475686497000397,-3.57356663910727,-4.68234709776133,-14.9946346761508,-22.5309549278612,-38.8648227221096,-41.5847625466895,-12.05595326418,1.44984033318548,1.21949393785908
0.0107059394361504,0.352986344185989,0.662381375219905,0.0299030757634593,0.00986685228146024,3.27800064924132e-07,1.74834339060331e-10,1.40902300837854e-17,9.28246302511496e-19,6.19244497974048e-06,-4.60072930760197,-1.10509861139696,-0.475686497000397,-3.57356663910727,-4.68234709776133,-14.9946346761508,-22.5309549278612,-38.8648227221096,-41.5847625466895,-12.05595326418,0.0637727035743081,2.83005134967066
0.0172177184040662,0.567686704274923,1.06526812174227,0.0480913179998179,0.0158682650065305,5.27181126360619e-07,2.81175550754304e-10,2.26604694784591e-17,1.49284269181383e-18,9.95893676867118e-06,-4.60072930760197,-1.10509861139696,-0.475686497000397,-3.57356663910727,-4.68234709776133,-14.9946346761508,-22.5309549278612,-38.8648227221096,-41.5847625466895,-12.05595326418,0.538913021980663,2.02890332829895
0.0118907308947606,0.392050193565282,0.735684965286284,0.0332123517930892,0.0109587846967483,3.64076630784629e-07,1.94182686099452e-10,1.56495499690401e-17,1.03097229841883e-18,6.87774270290306e-06,-4.60072930760197,-1.10509861139696,-0.475686497000397,-3.57356663910727,-4.68234709776133,-14.9946346761508,-22.5309549278612,-38.8648227221096,-41.5847625466895,-12.05595326418,0.168733208817641,0.814245134862497
0.062100328267864,2.02537104472107,4.82145030529296,0.261495249187804,0.0624441600219568,5.14828221688165e-06,2.02801979630408e-09,9.98521594305262e-17,1.21606018653385e-17,4.64799491956053e-05,-4.75764582450759,-1.27288890483328,-0.405567044550353,-3.31998098375194,-4.75212438181144,-14.1554892696168,-21.9948478103418,-38.8214828080874,-40.9269721236427,-11.9551313590269,1.97864182056788,1.37233208975083
0.119114536260415,2.78646797949138,3.80379421457407,0.267077440080475,0.0651061877468571,6.05294888225156e-06,3.16159346859684e-09,9.62130538221312e-17,1.21675648674333e-17,3.1515034549541e-05,-4.0795048821911,-0.927060286346695,-0.615836076902987,-3.27205174788782,-4.68357080741735,-13.9668001091251,-21.5240247972386,-38.8318017538178,-40.8995930029846,-12.3168809617187,1.9518351230077,1.6060129643112
0.131494084417783,3.07606499782393,4.19912172990848,0.294834741036545,0.0718726598489087,6.68203055888338e-06,3.49017719840249e-09,1.06212455830922e-16,1.34321372694531e-17,3.47903853181008e-05,-4.0795048821911,-0.927060286346695,-0.615836076902987,-3.27205174788782,-4.68357080741735,-13.9668001091251,-21.5240247972386,-38.8318017538178,-40.8995930029846,-12.3168809617187,2.05071146839881,1.89541580564119
0.117595249968189,1.37496424005255,2.15818267701279,0.155581223270774,0.04402519684322,1.61989281609519e-06,1.5827753194298e-09,6.12231037492841e-17,3.0394550005442e-18,2.03810289652378e-05,-3.4886760364801,-1.02974167717394,-0.578902886394796,-3.2087567483062,-4.47116255416052,-14.6813199745328,-21.6122554002395,-38.6801764440909,-41.6830228514031,-12.1490754431926,1.34816940071977,2.09284565704753
0.286778716568647,3.35311571000291,5.26314505391874,0.379414844934996,0.107363940727164,3.95042132147527e-06,3.85990314103159e-09,1.49304356445675e-16,7.41229772767193e-18,4.97030733008385e-05,-3.4886760364801,-1.02974167717394,-0.578902886394796,-3.2087567483062,-4.47116255416052,-14.6813199745328,-21.6122554002395,-38.6801764440909,-41.6830228514031,-12.1490754431926,2.23963165345803,1.74477184944827
0.135354494547359,1.58261145567827,2.48411160711808,0.179077112745387,0.0506738857876827,1.86452916595504e-06,1.82180618180928e-09,7.04690220467793e-17,3.49847375135808e-18,2.34589736804089e-05,-3.4886760364801,-1.02974167717394,-0.578902886394796,-3.2087567483062,-4.47116255416052,-14.6813199745328,-21.6122554002395,-38.6801764440909,-41.6830228514031,-12.1490754431926,1.48881797985849,1.27367981802416
0.0498413502335706,0.353765664460668,1.12089679547922,0.0572669102983011,0.0103750849080232,7.57733888161879e-07,7.19279152816354e-10,5.77248191167584e-17,1.48110399775942e-18,6.6436830220261e-06,-3.46399763217481,-1.50420786851286,-0.350958243509809,-3.32511962244195,-5.03343534766169,-14.5580209026391,-21.5178589007432,-37.8559317708597,-41.5188312384317,-12.3869313949264,0.465087318668685,0.986900636002828
0.176523475360307,1.25293444621979,3.96988839449522,0.202822635856165,0.0367455142475045,2.68367166438682e-06,2.54747624641677e-09,2.04444414874056e-16,5.24563688241409e-18,2.35299808441064e-05,-3.46399763217481,-1.50420786851286,-0.350958243509809,-3.32511962244195,-5.03343534766169,-14.5580209026391,-21.5178589007432,-37.8559317708597,-41.5188312384317,-12.3869313949264,1.72969622559592,1.70623535254807
0.192881621866709,1.61112824902395,6.02741482953323,0.470451450452548,0.0551140450778883,1.26028874587413e-05,7.19200473931143e-09,2.25600497153834e-16,1.24630965194433e-17,8.31530297104599e-05,-3.76878843330406,-1.64617508748319,-0.326791596182633,-2.87717230925892,-5.02146049055222,-13.4046944037107,-20.8734056776496,-38.1508757474174,-41.0468694714416,-11.517937713145,2.12310979684213,4.0672737003546
0.0436257611527784,0.364669668495291,2.15370208706889,0.104239466766239,0.0182055234339558,5.07440303246157e-06,2.24002499305793e-09,2.74168887408834e-17,4.86820484896295e-18,2.33801829463437e-05,-4.11959112554303,-1.99624702755608,-0.220295412229462,-3.2485481361809,-4.99351392011901,-13.1787853435863,-20.904262488086,-39.1228561475363,-40.8512900934886,-11.6511054516026,0.987483674559431,1.21999025160208
0.161300519821928,1.34831818488133,7.96303048946708,0.385411732221068,0.0673125308517474,1.87619384806972e-05,8.28219809229264e-09,1.01370343781906e-16,1.79995477898349e-17,8.64451544941545e-05,-4.11959112554303,-1.99624702755608,-0.220295412229462,-3.2485481361809,-4.99351392011901,-13.1787853435863,-20.904262488086,-39.1228561475363,-40.8512900934886,-11.6511054516026,2.29510505438945,0.936029854518874
0.0155544245028961,0.130020122909532,0.76788566273323,0.03716576795897,0.00649103722906934,1.809238779566e-06,7.98663420842136e-10,9.77527760560839e-18,1.73572042726422e-18,8.33602167373627e-06,-4.11959112554303,-1.99624702755608,-0.220295412229462,-3.2485481361809,-4.99351392011901,-13.1787853435863,-20.904262488086,-39.1228561475363,-40.8512900934886,-11.6511054516026,-0.0438190213376707,0.411437030255477
0.00986803982923445,0.082487381724366,0.487162112795541,0.0235787108957271,0.00411804460509442,1.14781748010211e-06,5.06688141728125e-10,6.20163277246331e-18,1.10117595835641e-18,5.28853985426943e-06,-4.11959112554303,-1.99624702755608,-0.220295412229462,-3.2485481361809,-4.99351392011901,-13.1787853435863,-20.904262488086,-39.1228561475363,-40.8512900934886,-11.6511054516026,-0.498862918578844,0.542913002761419
0.0877762843630813,1.34328873182502,6.70980792828249,0.39967102864088,0.0323511882375216,2.38552028062827e-05,1.7630926639645e-08,7.54431597905581e-17,9.81103412259238e-18,3.7266931453547e-05,-4.58157655700195,-1.85349174779087,-0.245042306537981,-3.06572613106651,-5.57971716044383,-12.7921208498214,-20.0022239139444,-39.271764784043,-41.3116366231391,-12.3460168131578,2.14861263241478,1.29929957877941
0.069103951231174,1.05753575338699,5.2824546312375,0.314650448832726,0.0254692363712825,1.87805713501867e-05,1.3880363056002e-08,5.93944078713494e-17,7.72396813620613e-18,2.93392712210155e-05,-4.58157655700195,-1.85349174779087,-0.245042306537981,-3.06572613106651,-5.57971716044383,-12.7921208498214,-20.0022239139444,-39.271764784043,-41.3116366231391,-12.3460168131578,1.90943318850704,0.431179816495349
0.0796348838911589,1.21869640492758,6.087461769178,0.362600857297888,0.0293505602080332,2.16425919536575e-05,1.59956280449735e-08,6.84456777123525e-17,8.90104393087594e-18,3.38103598348626e-05,-4.58157655700195,-1.85349174779087,-0.245042306537981,-3.06572613106651,-5.57971716044383,-12.7921208498214,-20.0022239139444,-39.271764784043,-41.3116366231391,-12.3460168131578,2.0512735147098,0.308827467003779
0.045626950832991,0.584965629417274,1.97116801484862,0.189326061830424,0.0115891360435439,1.78440911916532e-05,8.20638824898407e-09,6.66904675876434e-17,4.21831121820326e-18,2.9751987363417e-05,-4.11784829635954,-1.5667937729585,-0.35196531835736,-2.69487614184117,-5.48827875402456,-11.9644297165667,-19.648944517577,-38.2770612322618,-41.0376883975496,-11.4532062124215,1.03059158634932,0.487491701536756
0.0783773473375341,1.00484589656616,3.38604525044699,0.325221699833625,0.0199076581810504,3.06523339324174e-05,1.40968206385646e-08,1.14559966133872e-16,7.24615687638446e-18,5.11075538687623e-05,-4.11784829635954,-1.5667937729585,-0.35196531835736,-2.69487614184117,-5.48827875402456,-11.9644297165667,-19.648944517577,-38.2770612322618,-41.0376883975496,-11.4532062124215,1.57162796596217,0.814562535890741
0.104490526561509,1.33963294768318,4.51418251828058,0.433576636862913,0.0265403430532831,4.08648496247803e-05,1.8793494056686e-08,1.52728200058187e-16,9.66037730646845e-18,6.81351869695169e-05,-4.11784829635954,-1.5667937729585,-0.35196531835736,-2.69487614184117,-5.48827875402456,-11.9644297165667,-19.648944517577,-38.2770612322618,-41.0376883975496,-11.4532062124215,1.85918942975907,0.758797693413269
0.103383418461541,1.32543913953455,4.46635341649327,0.428982763883002,0.0262591402520616,4.04318744306422e-05,1.85943714167537e-08,1.51109999509849e-16,9.55802274556538e-18,6.74132744682686e-05,-4.11784829635954,-1.5667937729585,-0.35196531835736,-2.69487614184117,-5.48827875402456,-11.9644297165667,-19.648944517577,-38.2770612322618,-41.0376883975496,-11.4532062124215,1.84853760355101,0.920638123580981
0.198529761383806,2.54527389417327,8.57685005223551,0.823786319110156,0.0504260830795126,7.76423386115971e-05,3.5707235989911e-08,2.901803073629e-16,1.83545098741726e-17,0.000129455395202134,-4.11784829635954,-1.5667937729585,-0.35196531835736,-2.69487614184117,-5.48827875402456,-11.9644297165667,-19.648944517577,-38.2770612322618,-41.0376883975496,-11.4532062124215,2.50103203767062,0.596236812877045
0.0084707176482747,0.212711070350862,0.588051786422601,0.0670871165001788,0.0027930999255667,1.15259913795721e-05,4.68935034537452e-09,1.95057630959075e-17,1.74651945302381e-18,7.5723987590488e-06,-4.64232084056331,-1.41900130625235,-0.402121057719925,-2.57294405281356,-5.7517840104194,-11.2420867477671,-19.0491525780984,-38.3470025035132,-40.7600875453055,-11.6621814585944,-0.128819205094428,0.977402850012447
0.154379740764296,3.87668214925691,10.7173070940917,1.22266991817762,0.0509045467387981,0.000210062433327862,8.54639147155768e-08,3.55494631646624e-16,3.18305049929899e-17,0.000138007782330454,-4.64232084056331,-1.41900130625235,-0.402121057719925,-2.57294405281356,-5.7517840104194,-11.2420867477671,-19.0491525780984,-38.3470025035132,-40.7600875453055,-11.6621814585944,2.77398097789624,1.10624010687751
0.028402647028161,0.713228524549911,1.97176060135147,0.224945721155018,0.00936537311173532,3.8647099147531e-05,1.57235748116554e-08,6.54035852960856e-17,5.85614792179454e-18,2.53905487162063e-05,-4.64232084056331,-1.41900130625235,-0.402121057719925,-2.57294405281356,-5.7517840104194,-11.2420867477671,-19.0491525780984,-38.3470025035132,-40.7600875453055,-11.6621814585944,1.08104790762194,1.03268222807373
0.0716927262037504,1.80030041849844,4.9770323446218,0.567798204916681,0.0236396674447241,9.75513266424074e-05,3.96887636141281e-08,1.65088885156614e-16,1.47818338604006e-17,6.40897186614028e-05,-4.64232084056331,-1.41900130625235,-0.402121057719925,-2.57294405281356,-5.7517840104194,-11.2420867477671,-19.0491525780984,-38.3470025035132,-40.7600875453055,-11.6621814585944,2.00695485639415,0.541403376583565
0.160152395053311,6.04474271148984,7.49994515897831,1.19699783830387,0.0319347867739448,0.000140482832116442,1.85227547281866e-07,2.76277064598164e-16,1.36398774196371e-17,9.39654278771621e-05,-4.53527044441196,-0.904452075476876,-0.688745288056685,-2.52382437579005,-6.1477003653035,-11.5740662644345,-18.2053217788089,-38.5287684508997,-41.537175004784,-11.9762246283219,2.70364099643599,0.381592637919953
0.0210111822426228,0.793039596308263,0.983954779399425,0.15704004748887,0.00418968211223628,1.84306353119215e-05,2.43009150815249e-08,3.62461501234281e-17,1.78948276193829e-18,1.2327787723536e-05,-4.53527044441196,-0.904452075476876,-0.688745288056685,-2.52382437579005,-6.1477003653035,-11.5740662644345,-18.2053217788089,-38.5287684508997,-41.537175004784,-11.9762246283219,0.672569949175904,0.75574747503019
0.117935081068223,4.45130540494758,5.52290610475666,0.881460667833676,0.0235165491332671,0.000103450555259139,1.36400244264117e-07,2.03448459199308e-16,1.00443084145576e-17,6.91954706678878e-05,-4.53527044441196,-0.904452075476876,-0.688745288056685,-2.52382437579005,-6.1477003653035,-11.5740662644345,-18.2053217788089,-38.5287684508997,-41.537175004784,-11.9762246283219,2.39764947806292,0.893171050785101
0.112093871383965,5.69740090548421,6.20906401206465,1.27027441591497,0.0527869001490526,0.000193107794352086,1.18349718402671e-07,2.70936783069424e-16,1.02199445072438e-17,6.93409760171729e-05,-4.77932678174464,-0.850898071018114,-0.764897998482769,-2.35167520772031,-5.53240038266371,-11.1431701653881,-18.5405300407233,-38.4355543134055,-41.713098679325,-12.1673827023626,2.59090816037345,1.85159049429891
0.0941854409668634,4.78716820128311,5.21708657884258,1.06733182229078,0.0443535173371084,0.000162256353006926,9.94418363683544e-08,2.27651164800321e-16,8.58717758774207e-18,5.82628677430473e-05,-4.77932678174464,-0.850898071018114,-0.764897998482769,-2.35167520772031,-5.53240038266371,-11.1431701653881,-18.5405300407233,-38.4355543134055,-41.713098679325,-12.1673827023626,2.41683711790815,1.67235441802241
0.135141277504877,6.86883258931422,7.48569776688079,1.53145310469726,0.0636403135478269,0.000232812317949998,1.42683377242756e-07,3.26643575915439e-16,1.23212477157377e-17,8.35980412372146e-05,-4.77932678174464,-0.850898071018114,-0.764897998482769,-2.35167520772031,-5.53240038266371,-11.1431701653881,-18.5405300407233,-38.4355543134055,-41.713098679325,-12.1673827023626,2.77789223403762,1.86032749108295
0.0209026699921474,1.06242107146398,1.15783329099,0.236874028771715,0.00984342087663786,3.60097162174607e-05,2.20692271298293e-08,5.05228528135602e-17,1.90576099063642e-18,1.29303370534467e-05,-4.77932678174464,-0.850898071018114,-0.764897998482769,-2.35167520772031,-5.53240038266371,-11.1431701653881,-18.5405300407233,-38.4355543134055,-41.713098679325,-12.1673827023626,0.911448404394275,1.59249071492771
0.0586924604259829,2.93956294433662,3.23553794015492,0.777999973575463,0.0362395206152441,4.38255784532042e-05,5.1516722831006e-08,9.80636369553857e-17,2.88237095466991e-18,2.99991464203621e-05,-4.78820303262873,-0.874498117832755,-0.778563828086493,-2.20378781851213,-5.27036405569471,-11.9880519578274,-18.7341183965638,-38.8136740790192,-42.3406775000223,-12.3671006591052,1.95275902974369,1.20736239191357
0.137619127265004,6.89253924616635,7.58652652019015,1.82421518195978,0.0849726040342347,0.000102760010652815,1.207938189011e-07,2.29934680473167e-16,6.75843834722023e-18,7.0340488694825e-05,-4.78820303262873,-0.874498117832755,-0.778563828086493,-2.20378781851213,-5.27036405569471,-11.9880519578274,-18.7341183965638,-38.8136740790192,-42.3406775000223,-12.3671006591052,2.80493767577173,1.14294389529234
0.0187991319411977,0.941538849095099,1.03633932188667,0.249192554671276,0.0116074794715904,1.40372856370554e-05,1.65007509081943e-08,3.14096774334901e-17,9.23220316324098e-19,9.60869432950255e-06,-4.78820303262873,-0.874498117832755,-0.778563828086493,-2.20378781851213,-5.27036405569471,-11.9880519578274,-18.7341183965638,-38.8136740790192,-42.3406775000223,-12.3671006591052,0.814258449075926,2.62768713722063
0.022443869458584,1.59277465905347,2.67197866674907,0.291441328908388,0.0134276189704291,4.28040020396986e-05,2.8478860900414e-08,1.0353616432082e-16,2.06347103268491e-18,1.2879834809493e-05,-5.3210799725592,-1.05886463117588,-0.541522923490571,-2.75725876162328,-5.83478377114894,-11.5832211492795,-18.8984459428087,-38.3309529036224,-42.2464843368654,-12.7841898578522,1.524342195132,2.3013347949671
0.0290128616510067,2.05895649632169,3.45402772618527,0.37674194151805,0.0173576865705077,5.53321071296916e-05,3.6814206784025e-08,1.33839684679103e-16,2.66741881129816e-18,1.6649574000829e-05,-5.3210799725592,-1.05886463117588,-0.541522923490571,-2.75725876162328,-5.83478377114894,-11.5832211492795,-18.8984459428087,-38.3309529036224,-42.2464843368654,-12.7841898578522,1.7810639304513,1.66409565915854
0.0349431232539695,2.05077485017989,4.02421028037377,0.704561123701844,0.0236809931866839,2.3942294586696e-05,2.87513346058293e-08,2.77478898519159e-16,2.01714524811613e-18,3.17658874647287e-05,-5.27656194621503,-1.20431065957693,-0.530199669023707,-2.27270854659742,-5.66561088485058,-12.56239237204,-19.2871100067181,-37.74331514198,-42.667376762567,-12.2796459222003,1.92252835700994,2.17022719557277
0.0742261483606715,4.3562539380762,8.54822355559275,1.49662805230536,0.0503031426477647,5.08581988270073e-05,6.10735569487813e-08,5.89420405804712e-16,4.2848179701476e-18,6.74770671936858e-05,-5.27656194621503,-1.20431065957693,-0.530199669023707,-2.27270854659742,-5.66561088485058,-12.56239237204,-19.2871100067181,-37.74331514198,-42.667376762567,-12.2796459222003,2.67592315910923,1.8569497383224
0.0352751702746346,3.88156369190648,11.5728758278064,1.68376163646151,0.0378609210020391,8.07719156042519e-05,4.94328972632708e-08,4.15656260154134e-16,5.12486243687908e-18,2.80796744433471e-05,-6.1901505904307,-1.48933655041337,-0.396910566903271,-2.32454427648111,-6.11941044321549,-12.2694558682506,-19.6682243341248,-38.2622476891485,-42.6580026270516,-13.3260392090102,2.84557463623843,3.18211428877765
0.0313884142927306,3.45387784996152,10.2977311863671,1.49823820562713,0.0336892569097219,7.18721505938923e-05,4.39861876472715e-08,3.69857630608421e-16,4.56018508513577e-18,2.49857462847331e-05,-6.1901505904307,-1.48933655041337,-0.396910566903271,-2.32454427648111,-6.11941044321549,-12.2694558682506,-19.6682243341248,-38.2622476891485,-42.6580026270516,-13.3260392090102,2.72883416470692,0.977964428319623
0.00913024808169026,1.004662463032,2.9953994978289,0.435806867313149,0.00979951616558072,2.09061394107702e-05,1.27946828292112e-08,1.07584024183825e-16,1.32646462281964e-18,7.26784284029973e-06,-6.1901505904307,-1.48933655041337,-0.396910566903271,-2.32454427648111,-6.11941044321549,-12.2694558682506,-19.6682243341248,-38.2622476891485,-42.6580026270516,-13.3260392090102,1.49398817783199,2.13272981736455
0.022248892867445,2.44819497870691,7.29928934308387,1.06198870118237,0.0238797876432332,5.09447773883475e-05,3.11785096081813e-08,2.62164336269754e-16,3.23237320842944e-18,1.77105216949725e-05,-6.1901505904307,-1.48933655041337,-0.396910566903271,-2.32454427648111,-6.11941044321549,-12.2694558682506,-19.6682243341248,-38.2622476891485,-42.6580026270516,-13.3260392090102,2.38468756005629,3.11907756117774
0.0121784533683866,1.34007694506573,3.99543722992076,0.581304424995786,0.0130711618772556,2.78858188352666e-05,1.70662885394456e-08,1.43501798634975e-16,1.76931529234339e-18,9.69426945767797e-06,-6.1901505904307,-1.48933655041337,-0.396910566903271,-2.32454427648111,-6.11941044321549,-12.2694558682506,-19.6682243341248,-38.2622476891485,-42.6580026270516,-13.3260392090102,1.78206358441847,0.595924048109801
0.00762194668859189,0.838693939611085,2.50056461546444,0.363812316977933,0.0081806528278061,1.7452480877569e-05,1.06810230728842e-08,8.98113270895357e-17,1.10733493208245e-18,6.06720761300209e-06,-6.1901505904307,-1.48933655041337,-0.396910566903271,-2.32454427648111,-6.11941044321549,-12.2694558682506,-19.6682243341248,-38.2622476891485,-42.6580026270516,-13.3260392090102,1.31342711946379,0.654004287054148
0.0122705676613019,0.809093414292991,1.78895093705027,0.365693946151464,0.00963785906509357,1.01202218486668e-05,6.03120906860965e-09,3.9106263622238e-17,7.71399677856519e-19,2.67247122428916e-06,-5.49437242531469,-1.3056615678979,-0.512191288789729,-2.09977917625257,-5.73587695185827,-12.5947956406902,-20.0201390055661,-38.8740696929392,-42.7999009928598,-13.9263276295932,1.09382066815001,0.63073709184693
0.627192746887127,24.272079096794,58.1370705972075,7.190653397703,0.426808106871037,0.00154244887779797,4.46125961379345e-07,1.27822868749063e-15,2.41635886013947e-17,4.89305177068457e-05,-4.97356683283831,-1.31773877718323,-0.444261950014754,-2.53428341504966,-5.35848622374289,-10.9814494037175,-19.1297299587345,-38.8003665718162,-42.7687502355816,-14.4321747307095,4.50706545855115,0.679105456763888
0.068131424813106,2.63665570153443,6.31538147388798,0.781114679266012,0.046363808553643,0.000167554934694844,4.8462290971553e-08,1.38852915866701e-16,2.6248704695353e-18,5.31528131464547e-06,-4.97356683283831,-1.31773877718323,-0.444261950014754,-2.53428341504966,-5.35848622374289,-10.9814494037175,-19.1297299587345,-38.8003665718162,-42.7687502355816,-14.4321747307095,2.28725011157596,1.50324580604148
0.0125490843345224,0.411971628734114,0.668687747809424,0.192450923828627,0.00468592349673135,4.89081756546542e-05,8.65769122424612e-09,1.02394032264361e-17,5.17373962617195e-19,2.76356499575486e-07,-4.63305556411402,-1.1417487809548,-0.65738605914783,-1.90286208556254,-5.61814025160664,-10.1805139708119,-18.8197657388531,-39.3752363213033,-42.3604689945521,-15.3565221262377,0.254947986655233,0.33912050692661
0.0413424572185769,0.753205470094308,1.74581317695104,0.657488753359134,0.0137280914493023,7.13338845730846e-05,3.43947971063222e-08,2.52880048495034e-17,2.62851157822198e-18,1.24306242348614e-06,-4.35265028551069,-1.45020221801828,-0.60956454717364,-1.58611261849902,-5.45509607300724,-10.7149241022456,-18.3521455291806,-39.3829865054739,-41.6468989260124,-14.764717524941,1.1667849982653,0.735155029821916
0.402274043529064,7.32890666031573,16.9872661952673,6.39755537486087,0.133578292844339,0.000694099289651221,3.34671304977605e-07,2.46059587358568e-16,2.55761764581131e-17,1.20953562293369e-05,-4.35265028551069,-1.45020221801828,-0.60956454717364,-1.58611261849902,-5.45509607300724,-10.7149241022456,-18.3521455291806,-39.3829865054739,-41.6468989260124,-14.764717524941,3.44202856321651,0.29344519607303
0.025720907757634,0.468601281157905,1.08614491511749,0.409051825038429,0.00854083181338353,4.43798552030327e-05,2.13984717704861e-08,1.5732747491758e-17,1.63530927747907e-18,7.73362206373676e-07,-4.35265028551069,-1.45020221801828,-0.60956454717364,-1.58611261849902,-5.45509607300724,-10.7149241022456,-18.3521455291806,-39.3829865054739,-41.6468989260124,-14.764717524941,0.692199199117852,0.458490195018611
0.0806779434304124,1.46984655475293,3.4068757932181,1.28305969258657,0.0267897522273222,0.000139204863267607,6.71198976048645e-08,4.93484026343622e-17,5.12942197152925e-18,2.42578033889632e-06,-4.35265028551069,-1.45020221801828,-0.60956454717364,-1.58611261849902,-5.45509607300724,-10.7149241022456,-18.3521455291806,-39.3829865054739,-41.6468989260124,-14.764717524941,1.83536022883867,0.630799751980662
0.0935451506427933,1.70427023223206,3.95023343118259,1.48769300658031,0.0310624106320895,0.000161406443333668,7.78247519161361e-08,5.72189072022436e-17,5.94750598038029e-18,2.81266449762827e-06,-4.35265028551069,-1.45020221801828,-0.60956454717364,-1.58611261849902,-5.45509607300724,-10.7149241022456,-18.3521455291806,-39.3829865054739,-41.6468989260124,-14.764717524941,1.98333922084246,1.40096376696217
0.0999371793593336,1.82072463088678,4.22015662180928,1.58934847834036,0.033184934561988,0.000172435498434163,8.31425909028426e-08,6.11287293090296e-17,6.35390469540885e-18,3.00485652591935e-06,-4.35265028551069,-1.45020221801828,-0.60956454717364,-1.58611261849902,-5.45509607300724,-10.7149241022456,-18.3521455291806,-39.3829865054739,-41.6468989260124,-14.764717524941,2.04943678870566,1.77364836187887
0.106846525547862,1.94660387692339,4.5119251433627,1.69923109581528,0.0354792378693489,0.000184357153232816,8.88908114073797e-08,6.53549797952707e-17,6.7931939316164e-18,3.21260297341298e-06,-4.35265028551069,-1.45020221801828,-0.60956454717364,-1.58611261849902,-5.45509607300724,-10.7149241022456,-18.3521455291806,-39.3829865054739,-41.6468989260124,-14.764717524941,2.11628847066499,1.16220828659359
0.299802698993844,5.46201285611377,12.6600966077496,4.76790486286319,0.0995518685978295,0.000517291244002702,2.49420419045329e-07,1.83380781310791e-16,1.90611521062039e-17,9.01430380900331e-06,-4.35265028551069,-1.45020221801828,-0.60956454717364,-1.58611261849902,-5.45509607300724,-10.7149241022456,-18.3521455291806,-39.3829865054739,-41.6468989260124,-14.764717524941,3.14801959480444,0.934726382625391
0.089881494639255,0.662073403105545,2.32223980181557,0.554932738971536,0.018056925098695,0.000116330974240809,4.86009324814137e-08,3.10452913597412e-17,8.86700692112131e-18,1.32060077174164e-06,-3.70325093620764,-1.70636658204743,-0.45145558191386,-1.88289609730177,-5.30821373948469,-10.3530589370474,-18.1336108530432,-39.3050722577217,-40.5581821066266,-14.8314115284786,1.29398773367957,4.47501740725896
0.0619926739382208,0.456642390812722,1.60168514573674,0.382745797483452,0.0124541439198697,8.02352940832871e-05,3.35208239750155e-08,2.14124234616472e-17,6.11571348557604e-18,9.10839026139059e-07,-3.70325093620764,-1.70636658204743,-0.45145558191386,-1.88289609730177,-5.30821373948469,-10.3530589370474,-18.1336108530432,-39.3050722577217,-40.5581821066266,-14.8314115284786,0.922511873002119,4.2141036856245
0.118813485757435,0.875188481967031,3.06974652263804,0.733560265578108,0.0238692761134825,0.000153776799179666,6.42451065411697e-08,4.10384729093621e-17,1.17212114102251e-17,1.74568949497705e-06,-3.70325093620764,-1.70636658204743,-0.45145558191386,-1.88289609730177,-5.30821373948469,-10.3530589370474,-18.1336108530432,-39.3050722577217,-40.5581821066266,-14.8314115284786,1.57305057418827,3.70099552197023
0.0985923728142103,1.16471572942304,2.22543263410213,0.469781271260093,0.0221765129466979,7.08124436717478e-05,3.72521934100535e-08,3.93711831625194e-17,1.00478985266284e-17,9.40582212105884e-07,-3.69823672119311,-1.22899829783841,-0.581524006992229,-2.1369634189008,-5.19019687153094,-10.9369511606348,-18.4870303563651,-39.1549728630027,-40.5206435090827,-15.258242124837,1.38147534600207,4.4315818342083
0.0316133924751368,0.671516436754335,1.32966020892158,0.135825106454826,0.0143163363861139,6.44434130557929e-05,9.84413311676379e-09,1.51208219897231e-17,1.41156976020763e-17,3.84259724921831e-07,-4.23487282679788,-1.1789151767798,-0.495774963551062,-2.77708559391005,-5.02705238027032,-10.4304214273245,-19.2170885730094,-39.5111573313492,-39.5799425817913,-15.5526455371376,0.780698391129787,1.32782553673676
0.113415461500822,2.40911653628375,4.77025761637966,0.487282949594473,0.0513609508852653,0.000231195669308794,3.5316579876436e-08,5.42471044695686e-17,5.06411439140747e-17,1.37856112951066e-06,-4.23487282679788,-1.1789151767798,-0.495774963551062,-2.77708559391005,-5.02705238027032,-10.4304214273245,-19.2170885730094,-39.5111573313492,-39.5799425817913,-15.5526455371376,2.05817527461971,0.955544171992026
0.0896738225289306,1.90480809113187,3.77168358923804,0.385278375320916,0.0406093907625551,0.000182798704380389,2.79236417527197e-08,4.28913761363761e-17,4.00402633990062e-17,1.0899823043274e-06,-4.23487282679788,-1.1789151767798,-0.495774963551062,-2.77708559391005,-5.02705238027032,-10.4304214273245,-19.2170885730094,-39.5111573313492,-39.5799425817913,-15.5526455371376,1.82329644072057,1.55320951099823
0.289943302779732,1.93394493048215,4.82817141833259,0.445928031083755,0.134863725937012,0.000291613023544489,4.43520329686264e-08,2.93191823214521e-17,6.4685588786761e-17,1.96772580003801e-06,-3.27056983628759,-1.37293803130467,-0.458032145870878,-2.84009765878168,-4.03599040138825,-10.1725828499818,-18.9636072435548,-40.1007896388605,-39.3094931897108,-15.1711320518062,2.03249995351576,3.77333570851286
0.282577982232237,1.88481765560584,4.70552319775516,0.43460028921644,0.131437833487582,0.00028420528770911,4.32253749750971e-08,2.85743981725593e-17,6.30424051310246e-17,1.91774040245196e-06,-3.27056983628759,-1.37293803130467,-0.458032145870878,-2.84009765878168,-4.03599040138825,-10.1725828499818,-18.9636072435548,-40.1007896388605,-39.3094931897108,-15.1711320518062,2.00676911309896,1.90771628264559
0.107227629467137,0.715216831799451,1.78556762955167,0.164914330586847,0.0498756739496667,0.000107845130191453,1.64023907835769e-08,1.08429006226518e-17,2.39222023057374e-17,7.27709765863063e-07,-3.27056983628759,-1.37293803130467,-0.458032145870878,-2.84009765878168,-4.03599040138825,-10.1725828499818,-18.9636072435548,-40.1007896388605,-39.3094931897108,-15.1711320518062,1.03776851030011,6.44466564022889
0.20357354716372,1.35785177909985,3.38993166085008,0.313092767438115,0.0946898473236003,0.000204745883188024,3.11402284128794e-08,2.05854382146296e-17,4.54167233160706e-17,1.38156983492605e-06,-3.27056983628759,-1.37293803130467,-0.458032145870878,-2.84009765878168,-4.03599040138825,-10.1725828499818,-18.9636072435548,-40.1007896388605,-39.3094931897108,-15.1711320518062,1.67884190801877,2.76423514537723
0.383146351050916,2.6972298252849,4.81253668839854,0.529828792829901,0.172367578920358,0.000543839876104054,4.34007805620417e-08,1.28213756007017e-17,1.26916629431288e-16,4.58717952979127e-06,-3.11059540311142,-1.1590319022616,-0.580032834799815,-2.78645851496658,-3.90938315369204,-9.66811285778139,-19.1040455686493,-41.0466750849579,-38.7542584221182,-14.4435023622379,2.15125715794799,6.15531515885425
0.192641160678983,1.35613319227932,2.41968284682968,0.266391245360791,0.0866642482058542,0.000273435841601625,2.1821365958238e-08,6.44642620357916e-18,6.38120831271042e-17,2.30637610520902e-06,-3.11059540311142,-1.1590319022616,-0.580032834799815,-2.78645851496658,-3.90938315369204,-9.66811285778139,-19.1040455686493,-41.0466750849579,-38.7542584221182,-14.4435023622379,1.46366931135089,5.48697855402085
0.256389186256346,1.80489924582172,3.22039440538309,0.354544347548252,0.115342827029806,0.0003639201127862,2.90424031983367e-08,8.57965121665493e-18,8.49285168788207e-17,3.06959265990415e-06,-3.11059540311142,-1.1590319022616,-0.580032834799815,-2.78645851496658,-3.90938315369204,-9.66811285778139,-19.1040455686493,-41.0466750849579,-38.7542584221182,-14.4435023622379,1.74953667299913,4.04052358860295
0.206834927401091,1.45605284656026,2.59796465196591,0.286018905307067,0.093049654719422,0.000293582546155718,2.34291603510735e-08,6.92139774861342e-18,6.85137461505492e-17,2.47630948961867e-06,-3.11059540311142,-1.1590319022616,-0.580032834799815,-2.78645851496658,-3.90938315369204,-9.66811285778139,-19.1040455686493,-41.0466750849579,-38.7542584221182,-14.4435023622379,1.53476114709189,3.12860851444352
0.132587314885816,1.43401233784298,4.68694341460787,0.647807357604536,0.137303980580848,0.0011849763399189,4.31818012336301e-08,3.41097002493999e-17,1.11189793583682e-16,3.53430251771309e-06,-3.97209973332782,-1.59110951707403,-0.406805216980508,-2.38574777748603,-3.93714383778972,-8.68961833391764,-18.9094325612047,-39.8685357282741,-38.6868789436183,-14.5045804486712,1.95158586301011,1.51917286143771
0.233225141007586,2.52247155007305,8.24447677900321,1.13951295003737,0.241521900186673,0.0020844096149488,7.59581087402528e-08,6.0000005711284e-17,1.95586246764944e-16,6.21694619705497e-06,-3.97209973332782,-1.59110951707403,-0.406805216980508,-2.38574777748603,-3.93714383778972,-8.68961833391764,-18.9094325612047,-39.8685357282741,-38.6868789436183,-14.5045804486712,2.51634871179145,1.48707183208155
0.239444034267161,2.58973265774114,8.46431380364027,1.16989779351338,0.247962024568725,0.00213998990465769,7.79835137562559e-08,6.15998916818973e-17,2.00801507805915e-16,6.38271959795408e-06,-3.97209973332782,-1.59110951707403,-0.406805216980508,-2.38574777748603,-3.93714383778972,-8.68961833391764,-18.9094325612047,-39.8685357282741,-38.6868789436183,-14.5045804486712,2.54266416650846,1.83532837032932
0.227559729422746,2.46119668287616,8.04420525573209,1.11183235848396,0.235654947055468,0.00203377597258475,7.41129648275493e-08,5.85425096369819e-17,1.90835144103069e-16,6.06592663349094e-06,-3.97209973332782,-1.59110951707403,-0.406805216980508,-2.38574777748603,-3.93714383778972,-8.68961833391764,-18.9094325612047,-39.8685357282741,-38.6868789436183,-14.5045804486712,2.49175720519044,1.15860536156526
0.0250864054774088,0.271324711551153,0.886800996383268,0.122569478521468,0.0259788301277522,0.000224205437525769,8.17028518847848e-09,6.45378309309783e-18,2.10378515410151e-17,6.68713640633975e-07,-3.97209973332782,-1.59110951707403,-0.406805216980508,-2.38574777748603,-3.93714383778972,-8.68961833391764,-18.9094325612047,-39.8685357282741,-38.6868789436183,-14.5045804486712,0.286670539311466,1.8591248765898
0.0559792008090236,0.605449055906006,1.97885707854344,0.273508353254891,0.0579706068218732,0.000500304486469077,1.82316289053329e-08,1.44013306358995e-17,4.69450323230028e-17,1.49220482011635e-06,-3.97209973332782,-1.59110951707403,-0.406805216980508,-2.38574777748603,-3.93714383778972,-8.68961833391764,-18.9094325612047,-39.8685357282741,-38.6868789436183,-14.5045804486712,1.08932466196494,1.18914718871409
0.0495553988397951,0.535971736091008,1.75177655909594,0.242122347866333,0.0513182843006898,0.000442892860383914,1.61394880392304e-08,1.27487294061319e-17,4.15579316369677e-17,1.32096928757173e-06,-3.97209973332782,-1.59110951707403,-0.406805216980508,-2.38574777748603,-3.93714383778972,-8.68961833391764,-18.9094325612047,-39.8685357282741,-38.6868789436183,-14.5045804486712,0.967435666598865,1.65294488029813
0.0210927970441677,0.387171483076995,1.68939446695272,0.243074134422852,0.0390648339524352,0.000144704699731778,9.92133916973377e-09,1.17491640336663e-17,3.70155952436805e-17,1.68285706052312e-06,-4.72590067453959,-1.81596458081431,-0.342706844293714,-2.28146580768393,-4.10960960953245,-9.70789245115711,-19.2956549332563,-39.849826587349,-38.7022693624238,-14.1620945831656,0.867077005444358,0.703535515923674
0.0791911020690617,1.45360221171133,6.34268700292421,0.912601043338225,0.146665577180701,0.000543281416036793,3.72488191683148e-08,4.41112312543437e-17,1.38971885755659e-16,6.3181428697422e-06,-4.72590067453959,-1.81596458081431,-0.342706844293714,-2.28146580768393,-4.10960960953245,-9.70789245115711,-19.2956549332563,-39.849826587349,-38.7022693624238,-14.1620945831656,2.19000934045351,1.62011897118988
0.0423107867845902,3.02004991121613,3.45148523057732,1.23819793181857,0.144754007480696,0.000508283379256524,1.81778522382069e-08,1.27863622736592e-17,1.01822179867179e-16,3.89599697361041e-06,-5.22923542215439,-0.961248845300726,-0.827717563423044,-1.85286516165499,-3.99924168082439,-9.65099363617844,-19.8895840973322,-40.9646747217739,-38.889825920064,-14.522083152422,2.06652220344369,1.25648873425648
0.0710383376632584,5.07055863662174,5.79492351436963,2.07889121094083,0.243036937929707,0.000853390094305634,3.05199809179835e-08,2.14678570102072e-17,1.70955894340591e-16,6.54124325211483e-06,-5.22923542215439,-0.961248845300726,-0.827717563423044,-1.85286516165499,-3.99924168082439,-9.65099363617844,-19.8895840973322,-40.9646747217739,-38.889825920064,-14.522083152422,2.58469984157194,1.40696846007896
0.101385617422021,7.23668000911493,8.27049052305775,2.96698481281413,0.346861297981992,0.00121795476159859,4.35579886982414e-08,3.06388354415737e-17,2.43987535037988e-16,9.33563492106175e-06,-5.22923542215439,-0.961248845300726,-0.827717563423044,-1.85286516165499,-3.99924168082439,-9.65099363617844,-19.8895840973322,-40.9646747217739,-38.889825920064,-14.522083152422,2.94041138424957,1.52823816769358
0.0191278403985797,1.36530272981182,1.56034580412442,0.559763933066424,0.0654403229663879,0.000229784508739281,8.21783480821542e-09,5.7804525851561e-18,4.60317227247644e-17,1.76130046184135e-06,-5.22923542215439,-0.961248845300726,-0.827717563423044,-1.85286516165499,-3.99924168082439,-9.65099363617844,-19.8895840973322,-40.9646747217739,-38.889825920064,-14.522083152422,1.27262502943,1.09804019440463
0.26860814997842,19.1726526765913,21.9116006323208,7.86064455539796,0.918964384881473,0.00322681444951525,1.15401287268526e-07,8.11736527795396e-17,6.4641358479427e-16,2.47335636827287e-05,-5.22923542215439,-0.961248845300726,-0.827717563423044,-1.85286516165499,-3.99924168082439,-9.65099363617844,-19.8895840973322,-40.9646747217739,-38.889825920064,-14.522083152422,3.91473376923748,0.829549130157939
0.29548343698832,17.8398661307491,54.8527388206635,14.8071603448484,1.32066861563312,0.0075318376916325,1.00560230344475e-07,1.32055075194852e-16,4.7716671707048e-16,1.50091279122913e-05,-5.70916514219636,-1.6085870244466,-0.485370529293868,-1.79491177683102,-4.21188451233695,-9.37863886528048,-20.6025316297383,-41.0533352496892,-39.7686883800798,-15.5968746621423,4.49002264768853,1.39848318300594
0.18746253554493,11.3180846031128,34.8000334831352,9.39405555437392,0.837867224723612,0.00477839775175661,6.37980793356706e-08,8.37792448873608e-17,3.02727230911485e-16,9.52218914005498e-06,-5.70916514219636,-1.60858702444659,-0.485370529293868,-1.79491177683102,-4.21188451233695,-9.37863886528048,-20.6025316297383,-41.0533352496892,-39.7686883800798,-15.5968746621423,4.03498887823289,1.21139964010925
0.0655148804682643,11.3773245186925,25.8657130463699,3.33026290127558,0.934090069566453,0.00225508931734384,3.48939842933538e-08,5.45355907934275e-17,5.7056363526508e-16,3.76542506857198e-06,-6.45298095653131,-1.29588067985852,-0.474584706032467,-2.52445172690186,-3.79568538828734,-9.82206867534358,-20.8984543695232,-41.1751811203915,-38.8274099449498,-16.2171527801759,3.72750297710989,1.49639560993624
0.0106135650883121,1.84315339426569,4.19030649237365,0.539510441158499,0.15132479340311,0.000365329785821409,5.6529077186892e-09,8.834894277125e-18,9.24326540264896e-17,6.10007738162782e-07,-6.45298095653131,-1.29588067985852,-0.474584706032467,-2.52445172690186,-3.79568538828734,-9.82206867534358,-20.8984543695232,-41.1751811203915,-38.8274099449498,-16.2171527801759,1.90735858582915,1.35355689559582
0.013612163296304,4.20204347302797,3.72483604059013,0.541489242269625,0.284413690643549,0.000346235061025913,5.28312399169728e-09,9.04063985780149e-18,6.19853227740525e-17,7.65433539916151e-07,-6.46775672570705,-0.735394251623981,-0.855942364873816,-2.78439727906417,-3.42829064330893,-10.1393578462327,-21.2297134488865,-41.415766921051,-39.490599246111,-16.2537886445874,2.17096519978765,0.870059396834807
0.0143827499113735,4.4399217871336,3.93569957004737,0.572143029857551,0.300514392521841,0.000365835479995817,5.58220243684489e-09,9.55243184225236e-18,6.54943212352603e-17,8.08764847934234e-07,-6.46775672570705,-0.735394251623981,-0.855942364873816,-2.78439727906417,-3.42829064330893,-10.1393578462327,-21.2297134488865,-41.415766921051,-39.490599246111,-16.2537886445874,2.22603101240251,0.453067049588754
0.0438850965732034,13.5472282843317,12.0087296781864,1.74574071535017,0.916938917712096,0.00111624866374302,1.70325907452781e-08,2.91466789375714e-17,1.99838322303925e-16,2.46772861068379e-06,-6.46775672570705,-0.735394251623981,-0.855942364873816,-2.78439727906417,-3.42829064330893,-10.1393578462327,-21.2297134488865,-41.415766921051,-39.490599246111,-16.2537886445874,3.34157622336366,0.438856062569785
0.174477605670421,38.8148856775883,32.4297655876258,3.92954573261804,1.44064706610899,0.00150388220906393,2.81044127664884e-08,4.12275693349867e-17,1.06974343818952e-15,2.52591750936288e-06,-6.08704408715876,-0.682281382778585,-0.862008515280521,-2.97256137778108,-3.97599284319229,-10.8407905822797,-21.7284244422992,-42.0685096900246,-38.8124427598977,-17.2299913985118,4.34108520731663,0.759271915234502
0.0190264626962111,4.23269204987452,3.53640642206747,0.428509750620607,0.157099918676701,0.000163995594966496,3.06473463483091e-09,4.49579077494508e-18,1.1665355873622e-16,2.75446668819956e-07,-6.08704408715876,-0.682281382778585,-0.862008515280521,-2.97256137778108,-3.97599284319229,-10.8407905822797,-21.7284244422992,-42.0685096900246,-38.8124427598977,-17.2299913985118,2.12511959181851,1.45208206128051
0.00334106915863421,0.743265686934445,0.620997114272768,0.0752468146513458,0.027586929924667,2.87978187665718e-05,5.38170995382694e-10,7.89466131549104e-19,2.04845016943755e-17,4.83687580154427e-08,-6.08704408715876,-0.682281382778585,-0.862008515280521,-2.97256137778108,-3.97599284319229,-10.8407905822797,-21.7284244422992,-42.0685096900246,-38.8124427598977,-17.2299913985118,0.38557967131731,0.71224450670404
0.00337192988339485,0.750131069451067,0.626733128737239,0.0759418530135626,0.0278417443600989,2.90638179172823e-05,5.43141963110119e-10,7.96758257463536e-19,2.06737125543229e-17,4.88155296496877e-08,-6.08704408715876,-0.682281382778585,-0.862008515280521,-2.97256137778108,-3.97599284319229,-10.8407905822797,-21.7284244422992,-42.0685096900246,-38.8124427598977,-17.2299913985118,0.394774054326271,1.06616408153909
0.00424032969981929,0.790297939330734,0.667862378194127,0.190980748176053,0.0589525283382024,3.87617432270302e-05,5.04878529377415e-10,4.54173629330376e-19,2.1916419866783e-17,1.37647499919262e-07,-6.00099427819553,-0.773225291052041,-0.941553172163636,-2.19346267573093,-3.36890278820705,-10.695956821881,-21.9445832762984,-42.773687409313,-38.8971755772232,-16.3364497929399,0.537880024825497,0.636132861047536
0.00403375971291918,0.751798141783931,0.635327096156855,0.18167701628686,0.0560806235881849,3.68734436471709e-05,4.80283094922379e-10,4.3204831188981e-19,2.08487494530952e-17,1.30941926469073e-07,-6.00099427819553,-0.773225291052041,-0.941553172163636,-2.19346267573093,-3.36890278820705,-10.695956821881,-21.9445832762984,-42.773687409313,-38.8971755772232,-16.3364497929399,0.487937871507555,0.74657828647161
0.0033123559752597,0.617345415779613,0.521704229545345,0.149185621676417,0.0460510793549929,3.0278940761377e-05,3.94388533899824e-10,3.54780133012289e-19,1.71201273111222e-17,1.07524072681555e-07,-6.00099427819553,-0.773225291052041,-0.941553172163636,-2.19346267573093,-3.36890278820705,-10.695956821881,-21.9445832762984,-42.773687409313,-38.8971755772232,-16.3364497929399,0.290898710413603,0.637545927583563
0.0278710521050666,2.24591889191807,4.98621403592159,0.675801399568646,0.217791178025343,0.000250893096002229,2.74727308200127e-09,1.39216154168557e-18,1.59698978972127e-16,8.56193530294196e-07,-5.67865668878231,-1.28937525760415,-0.491813089471402,-2.49034603475596,-3.62270857527017,-10.388973622933,-21.8111470248123,-43.2141640696848,-38.4717310131365,-16.0692594005986,2.0984900010324,1.13091186768698
0.0297103922704609,2.3941375099505,5.31527745681255,0.720400672440384,0.232164229315278,0.000267450696589296,2.92857839139476e-09,1.48403674721017e-18,1.70238256258416e-16,9.1269771763826e-07,-5.67865668878231,-1.28937525760415,-0.491813089471402,-2.49034603475596,-3.62270857527017,-10.388973622933,-21.8111470248123,-43.2141640696848,-38.4717310131365,-16.0692594005986,2.16239830250159,0.971058720162361
0.0488735745017017,3.93835452910596,8.74362769827925,1.18505860222508,0.381909994818603,0.000439956208800544,4.81750940522622e-09,2.4412394110377e-18,2.80041812458924e-16,1.50138710705871e-06,-5.67865668878231,-1.28937525760415,-0.491813089471402,-2.49034603475596,-3.62270857527017,-10.388973622933,-21.8111470248123,-43.2141640696848,-38.4717310131365,-16.0692594005986,2.66013826147477,0.579718382577083
0.00219825771256044,0.177141089160628,0.393274836544444,0.0533021011607543,0.0171777202746789,1.97885491095187e-05,2.16684114336721e-10,1.09803169058839e-19,1.25958471495838e-17,6.75300675524701e-08,-5.67865668878231,-1.28937525760415,-0.491813089471402,-2.49034603475596,-3.62270857527017,-10.388973622933,-21.8111470248123,-43.2141640696848,-38.4717310131365,-16.0692594005986,-0.441433492428866,0.723996608916478
0.00589570799901531,0.475090855067287,1.05475967916695,0.142955770100201,0.0460704958520589,5.3072716000167e-05,5.81144903463832e-10,2.94491141069807e-19,3.37819521204722e-17,1.81115051783173e-07,-5.67865668878231,-1.28937525760415,-0.491813089471402,-2.49034603475596,-3.62270857527017,-10.388973622933,-21.8111470248123,-43.2141640696848,-38.4717310131365,-16.0692594005986,0.545126038192019,0.999461785062281
0.0060105523252924,0.484345297312344,1.07530567037927,0.145740449922763,0.0469679173421097,5.41065359101341e-05,5.92465205439237e-10,3.00227625423576e-19,3.4440001252527e-17,1.84643048099163e-07,-5.67865668878231,-1.28937525760415,-0.491813089471402,-2.49034603475596,-3.62270857527017,-10.388973622933,-21.8111470248123,-43.2141640696848,-38.4717310131365,-16.0692594005986,0.564418055171635,1.02781158432216
0.0106007709449433,0.854236562164668,1.89650942052731,0.257041456996057,0.0828370017526658,9.54273355867972e-05,1.04492692115522e-09,5.29509455406784e-19,6.07415999167494e-17,3.25653709267087e-07,-5.67865668878231,-1.28937525760415,-0.491813089471402,-2.49034603475596,-3.62270857527017,-10.388973622933,-21.8111470248123,-43.2141640696848,-38.4717310131365,-16.0692594005986,1.13182813892848,5.24140080365965
0.012267667188232,0.955534392280619,1.26668143625289,0.322123586798634,0.0853086690152125,0.000136763672144077,6.69405309200713e-10,8.26157861989195e-19,4.33474582556282e-17,2.96022890156915e-07,-5.37234435680798,-1.0170407171998,-0.735155757068575,-2.10437619240475,-3.4330353951918,-9.8688123378085,-22.0961875911644,-42.6090572766692,-38.6488398007379,-16.0043852492656,0.971556195264479,3.67758948135376
0.00816530576293752,0.635999522994756,0.843097638087488,0.214404054112921,0.0567810779384892,9.10293035492331e-05,4.45553253531433e-10,5.49887068836333e-19,2.88518791121841e-17,1.97031544292166e-07,-5.37234435680798,-1.0170407171998,-0.735155757068575,-2.10437619240475,-3.4330353951918,-9.8688123378085,-22.0961875911644,-42.6090572766692,-38.6488398007379,-16.0043852492656,0.564483251549262,4.30444433844449
0.00766928198306136,0.353131672084258,0.382212600584182,0.155804576570707,0.0224435324375486,2.1686529208928e-05,5.41955838764919e-10,4.22217761391805e-19,1.47569568893966e-17,1.58785946979578e-07,-4.78854481949335,-0.958926820688673,-0.87979081698462,-1.77716530915204,-3.71476533153999,-10.6568318017864,-21.2538491339286,-42.2267782875038,-38.6728295866088,-15.5737213249668,-0.0819874621733565,3.98079036271733
0.00463207809635174,0.213283784192874,0.230848027132902,0.0941025467623304,0.0135554013059291,1.30981879602854e-05,3.27329439115347e-10,2.55010266769846e-19,8.91287827558736e-18,9.59032290945932e-08,-4.78854481949335,-0.958926820688673,-0.87979081698462,-1.77716530915204,-3.71476533153999,-10.6568318017864,-21.2538491339286,-42.2267782875038,-38.6728295866088,-15.5737213249668,-0.58620485918066,9.92449810621035
0.00473343664512565,0.217950833062328,0.235899414551422,0.0961616868237365,0.013852018887895,1.3384800857479e-05,3.34492020624032e-10,2.6059036926911e-19,9.10790875405092e-18,9.80017714597181e-08,-4.78854481949335,-0.958926820688673,-0.87979081698462,-1.77716530915204,-3.71476533153999,-10.6568318017864,-21.2538491339286,-42.2267782875038,-38.6728295866088,-15.5737213249668,-0.564558957352877,1.93124770938495
0.0275270635371553,1.26748214447124,1.37186122041407,0.559223469434808,0.0805557214835901,7.7838638447904e-05,1.94522157888621e-09,1.51545022989341e-18,5.29665868078218e-17,5.69924389397594e-07,-4.78854481949335,-0.958926820688673,-0.87979081698462,-1.77716530915204,-3.71476533153999,-10.6568318017864,-21.2538491339286,-42.2267782875038,-38.6728295866088,-15.5737213249668,1.19595918987047,7.45092866117409
0.0212194687728125,0.831954595336663,0.788782896405344,0.0971149732976347,0.0740710581405576,6.10200821831301e-05,1.15125546612793e-09,9.23789470975304e-19,5.57951303540006e-17,6.03526563965176e-07,-4.44793196662861,-0.779073198812724,-0.832359945234873,-2.92695549690419,-3.19782618762571,-10.2994033181038,-21.1775085666264,-42.1208985387088,-38.0199408642053,-14.9155715671152,0.595095786249976,6.23046526190171
0.0321721522494273,1.26137794458245,1.1959226551143,0.147242032309202,0.112303723777829,9.2516329946182e-05,1.74548979198332e-09,1.40061449345587e-18,8.4594456522185e-17,9.15044043295706e-07,-4.44793196662861,-0.779073198812724,-0.832359945234873,-2.92695549690419,-3.19782618762571,-10.2994033181038,-21.1775085666264,-42.1208985387088,-38.0199408642053,-14.9155715671152,1.01127792903527,1.85553140893183
0.0564017653184667,2.21792711685444,3.57523948352216,0.281462820843639,0.344027214718899,0.000756835429400681,1.39474396613801e-08,3.65945690566556e-18,3.11097074333409e-16,6.57736772702799e-06,-4.74333034377025,-1.07150249423604,-0.594043360474951,-3.135830438056,-2.93511003495814,-9.05444024935029,-19.9560454051177,-42.0172924466952,-37.5745021970728,-13.7999514569252,1.86807552277511,0.674095541221967
0.125111152192787,1.30780846641745,2.30059546138406,0.146803147203758,0.151351758657049,0.000397465810473998,2.00348036590105e-08,1.63286515443815e-18,2.00146834944246e-16,6.39663741700918e-06,-3.47283357037878,-1.12592804121136,-0.561112865440346,-3.31294357543537,-3.28242947490135,-9.22468249007678,-19.1200757439275,-42.3504762897949,-37.5417612531195,-13.3540189603853,1.39428085112154,3.30178568829654
0.14664407941037,1.53289587092406,2.69655180707216,0.172069491799318,0.17740096647182,0.000465873799837136,2.34830012133201e-08,1.91389818714865e-18,2.34594181596789e-16,7.49756507632352e-06,-3.47283357037878,-1.12592804121136,-0.561112865440346,-3.31294357543537,-3.28242947490135,-9.22468249007678,-19.1200757439275,-42.3504762897949,-37.5417612531195,-13.3540189603853,1.5530867137608,2.52771539502805
0.0376676010852402,0.39374593507862,0.692647382580215,0.0441984770343098,0.0455679415361658,0.000119666259414558,6.03194022932374e-09,4.91611756309215e-19,6.02588258921648e-17,1.92585538769192e-06,-3.47283357037878,-1.12592804121136,-0.561112865440346,-3.31294357543537,-3.28242947490135,-9.22468249007678,-19.1200757439275,-42.3504762897949,-37.5417612531195,-13.3540189603853,0.193878628705922,4.62006801120603
0.116757583359754,1.22048716968919,2.14698659273563,0.137001221687295,0.141246126091264,0.000370927344890565,1.86970962805031e-08,1.52384008973695e-18,1.86783195227746e-16,5.96953919253913e-06,-3.47283357037878,-1.12592804121136,-0.561112865440346,-3.31294357543537,-3.28242947490135,-9.22468249007678,-19.1200757439275,-42.3504762897949,-37.5417612531195,-13.3540189603853,1.32517813966711,3.6904775830759
0.0699155447851799,0.730839256146812,1.2856358701351,0.0820376268065527,0.0845795156965448,0.000222114801004724,1.1195998022026e-08,9.12489852682069e-19,1.11847543219758e-16,3.57461650672295e-06,-3.47283357037878,-1.12592804121136,-0.561112865440346,-3.31294357543537,-3.28242947490135,-9.22468249007678,-19.1200757439275,-42.3504762897949,-37.5417612531195,-13.3540189603853,0.812366301966372,2.40689737594953
0.172876410468012,1.80710695482636,3.17892272856876,0.202850031265686,0.209135223327916,0.000549211332436801,2.76837426584007e-08,2.25626462333738e-18,2.76559409655007e-16,8.8387621433933e-06,-3.47283357037878,-1.12592804121136,-0.561112865440346,-3.31294357543537,-3.28242947490135,-9.22468249007678,-19.1200757439275,-42.3504762897949,-37.5417612531195,-13.3540189603853,1.71765524023772,4.8078474661616
0.0839571505233368,0.87761858432501,1.54383870709699,0.098513791225368,0.101566184635251,0.00026672359971895,1.34445650689325e-08,1.09575128318081e-18,1.34310632215186e-16,4.29253061018497e-06,-3.47283357037878,-1.12592804121136,-0.561112865440346,-3.31294357543537,-3.28242947490135,-9.22468249007678,-19.1200757439275,-42.3504762897949,-37.5417612531195,-13.3540189603853,0.995384847270734,2.65031090982268
0.132785848174183,1.388033388063,2.44172093607472,0.155808495681125,0.16063613270032,0.000421847563858275,2.12637990318046e-08,1.73303003518049e-18,2.12424446355488e-16,6.78902647760326e-06,-3.47283357037878,-1.12592804121136,-0.561112865440346,-3.31294357543537,-3.28242947490135,-9.22468249007678,-19.1200757439275,-42.3504762897949,-37.5417612531195,-13.3540189603853,1.45381595780709,1.85850664498914
0.104990546174067,1.05758730903638,4.39899107410699,0.196887077537539,0.27205930560882,0.000229269431184675,4.37527462933542e-08,1.16313937433097e-18,3.18710154076716e-16,1.43514077183054e-05,-4.05075783897582,-1.74088267939343,-0.315497656368904,-3.42199779472165,-3.09860807078607,-10.1774855602775,-18.7415843233536,-43.0922818368434,-37.4791224617126,-12.9485353913936,1.79687286966023,1.29654484755958
0.129232409993453,1.30177965260477,5.41469912066192,0.242347453689395,0.334876624669446,0.000282206752984224,5.38550665118733e-08,1.43170323405934e-18,3.9229895263553e-16,1.76650857988713e-05,-4.05075783897582,-1.74088267939343,-0.315497656368904,-3.42199779472165,-3.09860807078607,-10.1774855602775,-18.7415843233536,-43.0922818368434,-37.4791224617126,-12.9485353913936,2.00461497122676,0.350939008321562
0.0242645257137901,0.418435566303427,0.685180169240216,0.0213239186579017,0.0643798977667881,2.89547784358983e-05,8.99287164377509e-09,2.50190772271136e-19,4.58602365015712e-17,5.16907771905978e-06,-3.91234599674107,-1.0648385186601,-0.571679608836418,-4.04153204892987,-2.93655999539937,-10.6433814636523,-18.720439767341,-43.0256693912538,-37.8145393937638,-12.3664224305763,0.193606154321239,0.661503816546408
0.375960758467582,6.48334753099429,10.6163565343499,0.330398241724936,0.997518578354538,0.000448632732014803,1.39337849990359e-07,3.8765197232431e-18,7.10570216867442e-16,8.0091010339886e-05,-3.91234599674107,-1.0648385186601,-0.571679608836418,-4.04153204892987,-2.93655999539937,-10.6433814636523,-18.720439767341,-43.0256693912538,-37.8145393937638,-12.3664224305763,2.93407548992464,1.51110626337272
0.0161421315485072,0.278366947514878,0.455820507549346,0.0141858738211352,0.0428291404121828,1.92623522908803e-05,5.98256560976822e-09,1.66441017881839e-19,3.05088168293887e-17,3.4387621464243e-06,-3.91234599674107,-1.0648385186601,-0.571679608836418,-4.04153204892987,-2.93655999539937,-10.6433814636523,-18.720439767341,-43.0256693912538,-37.8145393937638,-12.3664224305763,-0.213976561916808,0.963878639075956
0.024593213227575,0.424103698769303,0.694461626828906,0.0216127726783961,0.0652519885211795,2.93470001610844e-05,9.11468917514759e-09,2.53579859034245e-19,4.6481459734825e-17,5.2390980987729e-06,-3.91234599674107,-1.0648385186601,-0.571679608836418,-4.04153204892987,-2.93655999539937,-10.6433814636523,-18.720439767341,-43.0256693912538,-37.8145393937638,-12.3664224305763,0.20706123757604,3.70794038114609
0.0404152441673486,0.696950592809021,1.14124315328078,0.0355173387408924,0.107231821400694,4.82273774522304e-05,1.49786197157045e-08,4.16720329464706e-19,7.63852826816222e-17,8.60966913592189e-06,-3.91234599674107,-1.0648385186601,-0.571679608836418,-4.04153204892987,-2.93655999539937,-10.6433814636523,-18.720439767341,-43.0256693912538,-37.8145393937638,-12.3664224305763,0.703797762429611,2.88363344315649
0.0210793364831373,0.36350778921713,0.595236993681648,0.0185247410903854,0.0559287885443745,2.51539026414232e-05,7.81238296452940e-09,2.17348384876198e-19,3.98401917192008e-17,4.49053609507083e-06,-3.91234599674107,-1.0648385186601,-0.571679608836418,-4.04153204892987,-2.93655999539937,-10.6433814636523,-18.720439767341,-43.0256693912538,-37.8145393937638,-12.3664224305763,0.0528839648047059,1.52532561106439
0.015156107673548,0.261363216909388,0.427977226642541,0.0133193457400843,0.0402129707406936,1.80857332558037e-05,5.61712734611543e-09,1.56274156280517e-19,2.86452202095657e-17,3.22870924439637e-06,-3.91234599674107,-1.0648385186601,-0.571679608836418,-4.04153204892987,-2.93655999539937,-10.6433814636523,-18.720439767341,-43.0256693912538,-37.8145393937638,-12.3664224305763,-0.27700568475867,0.711631169416731
0.0228036770229513,0.393243602675333,0.64392881468955,0.0200401095687653,0.0605038982736062,2.72115525154522e-05,8.45145472416788e-09,2.35128006716048e-19,4.30992154437064e-17,4.85787277288434e-06,-3.91234599674107,-1.0648385186601,-0.571679608836418,-4.04153204892987,-2.93655999539937,-10.6433814636523,-18.720439767341,-43.0256693912538,-37.8145393937638,-12.3664224305763,0.131512513652709,0.94070963834293
0.00518814357206117,0.0894682145963036,0.146502475782048,0.00455939476506122,0.0137654515364745,6.19099459822891e-06,1.9228197477813e-09,5.34947875041225e-20,9.80565184027527e-18,1.10523146662551e-06,-3.91234599674107,-1.0648385186601,-0.571679608836418,-4.04153204892987,-2.93655999539937,-10.6433814636523,-18.720439767341,-43.0256693912538,-37.8145393937638,-12.3664224305763,-1.34903334229523,1.40492828805204
0.00423951005721281,0.0346435134583654,0.126107329255021,0.00660811336187526,0.00801334907180757,3.07393616677844e-06,1.84266183905964e-09,2.57160486101146e-20,7.86261733986044e-18,3.09766151938558e-06,-3.74638460032072,-1.64572180401103,-0.353698946500282,-3.30253411902474,-3.10972352531087,-10.9756287099493,-18.3951316904167,-43.3902487276916,-37.6674891593506,-10.9679401110841,-1.71692296863841,1.58623869708945
0.0530595354747105,0.4335804624842,1.57829471328741,0.0827037607208413,0.100290970798249,3.84718099231034e-05,2.30618113645325e-08,3.21848887037388e-19,9.84044896788547e-17,3.8768744279036e-05,-3.74638460032072,-1.64572180401103,-0.353698946500282,-3.30253411902474,-3.10972352531087,-10.9756287099493,-18.3951316904167,-43.3902487276916,-37.6674891593506,-10.9679401110841,0.810043915292752,2.32909812550616
0.0135510022431215,0.110733156012974,0.403084478759868,0.0211219121504911,0.0256135519863278,9.82540796674325e-06,5.88981141156378e-09,8.21977605188146e-20,2.51317590408788e-17,9.90124274530478e-06,-3.74638460032072,-1.64572180401103,-0.353698946500282,-3.30253411902474,-3.10972352531087,-10.9756287099493,-18.3951316904167,-43.3902487276916,-37.6674891593506,-10.9679401110841,-0.554910167789049,2.37767060323878
0.0198034383671345,0.161825464342635,0.58906776699277,0.0308675681668198,0.0374316518456863,1.43588538774038e-05,8.60737200026328e-09,1.2012382959918e-19,3.6727559504047e-17,1.44696788434384e-05,-3.74638460032072,-1.64572180401103,-0.353698946500282,-3.30253411902474,-3.10972352531087,-10.9756287099493,-18.3951316904167,-43.3902487276916,-37.6674891593506,-10.9679401110841,-0.175515101131412,1.5495139846458
0.00918548744075252,0.142158794044116,0.33409675420275,0.028657608750701,0.013486751653375,1.05966860313556e-05,2.23997006070411e-09,2.89429713528731e-20,2.12760723313464e-17,1.24421914840637e-05,-4.05072962591769,-1.31140971167129,-0.456923778124665,-2.91293542855065,-3.66664656780594,-10.8155683776901,-19.2774024703368,-44.3495586974825,-37.749547730761,-10.6550164552655,-0.639400866589094,1.42506944073661
0.117941646232773,1.82531872197031,4.28980186907426,0.367963657340266,0.173169872866463,0.0001360614342147,2.87612125296122e-08,3.71627712763619e-19,2.73184739766075e-16,0.000159757721714726,-4.05072962591769,-1.31140971167129,-0.456923778124665,-2.91293542855065,-3.66664656780594,-10.8155683776901,-19.2774024703368,-44.3495586974825,-37.749547730761,-10.6550164552655,1.91316432563309,1.43696275593829
0.0687956199940017,1.06471239952655,2.50225080504588,0.21463400546422,0.101010365283679,7.93649319223458e-05,1.67764781224845e-08,2.16771256999989e-19,1.59349255715959e-16,9.31870282063249e-05,-4.05072962591769,-1.31140971167129,-0.456923778124665,-2.91293542855065,-3.66664656780594,-10.8155683776901,-19.2774024703368,-44.3495586974825,-37.749547730761,-10.6550164552655,1.3741144269704,2.66470389060139
0.0994983029223309,1.53988112706144,3.61897615879919,0.31042265910205,0.146090113355575,0.000114784575507979,2.42636246660232e-08,3.1351374107421e-19,2.30464970256199e-16,0.000134775312174135,-4.05072962591769,-1.31140971167129,-0.456923778124665,-2.91293542855065,-3.66664656780594,-10.8155683776901,-19.2774024703368,-44.3495586974825,-37.749547730761,-10.6550164552655,1.74311493489767,0.459653241984446
0.155630234973613,2.40860451482352,5.66062026603082,0.485547491346639,0.228506798619448,0.000179540252777958,3.79519398540137e-08,4.90382406109213e-19,3.60481700900541e-16,0.000210808756393321,-4.05072962591769,-1.31140971167129,-0.456923778124665,-2.91293542855065,-3.66664656780594,-10.8155683776901,-19.2774024703368,-44.3495586974825,-37.749547730761,-10.6550164552655,2.19045725197342,0.403208804377745
0.225039846642666,3.48281932961561,8.18520332367247,0.702097076502553,0.330418667856191,0.000259613506065757,5.48781457920886e-08,7.09088317483999e-19,5.21253127336723e-16,0.000304827466319303,-4.05072962591769,-1.31140971167129,-0.456923778124665,-2.91293542855065,-3.66664656780594,-10.8155683776901,-19.2774024703368,-44.3495586974825,-37.749547730761,-10.6550164552655,2.55925182964992,0.546098704654773
0.198968326128204,3.07932458432981,7.23692372096274,0.620757088912509,0.292138704525731,0.000229536526587665,4.85203530493398e-08,6.2693837429992e-19,4.60864437043287e-16,0.000269512318090757,-4.05072962591769,-1.31140971167129,-0.456923778124665,-2.91293542855065,-3.66664656780594,-10.8155683776901,-19.2774024703368,-44.3495586974825,-37.749547730761,-10.6550164552655,2.43611999380702,0.436287081943601
0.182676826547575,2.82718990465268,6.64436538738587,0.569929582592863,0.268218426987688,0.000210742106895796,4.45475131167871e-08,5.75604745170394e-19,4.23128919391196e-16,0.000247444686007846,-4.05072962591769,-1.31140971167129,-0.456923778124665,-2.91293542855065,-3.66664656780594,-10.8155683776901,-19.2774024703368,-44.3495586974825,-37.749547730761,-10.6550164552655,2.35069296345473,0.495862482098767
0.135933983943451,2.10377634846889,4.94422349540929,0.424097572709361,0.199587435563352,0.000156817997752558,3.3148818310356e-08,4.28320590337104e-19,3.14859858371542e-16,0.00018412922213712,-4.05072962591769,-1.31140971167129,-0.456923778124665,-2.91293542855065,-3.66664656780594,-10.8155683776901,-19.2774024703368,-44.3495586974825,-37.749547730761,-10.6550164552655,2.05514370264046,1.11840537769485
0.0104757329531747,0.162127222203194,0.381025873708422,0.032683018542597,0.0153811770619512,1.20851564785356e-05,2.55460892308623e-09,3.30084647896753e-20,2.42646297731321e-17,1.41898920639793e-05,-4.05072962591769,-1.31140971167129,-0.456923778124665,-2.91293542855065,-3.66664656780594,-10.8155683776901,-19.2774024703368,-44.3495586974825,-37.749547730761,-10.6550164552655,-0.507964218040692,0.216329750680685
0.074134356876044,0.950116405318326,1.15506202889906,0.240581739785092,0.0803231013743983,3.55992184317556e-05,9.42342140854803e-09,2.84363514595358e-19,1.51256811757216e-16,3.75203358148889e-05,-3.51828322819151,-0.967577799583492,-0.772252982397324,-2.34110240241779,-3.43810504065866,-11.159593904115,-19.3964746370531,-43.620440581825,-37.3439595711882,-11.1070345131796,0.916407029603547,0.40942711319476
0.153328450336996,1.96507911049663,2.38895808093843,0.497583399857437,0.166128326716188,7.36281155642308e-05,1.94899998102235e-08,5.88135095016616e-19,3.12837037062676e-16,7.76014683210885e-05,-3.51828322819151,-0.967577799583492,-0.772252982397324,-2.34110240241779,-3.43810504065866,-11.159593904115,-19.3964746370531,-43.620440581825,-37.3439595711882,-11.1070345131796,1.64311030388903,0.582765767125402
0.0246732925804036,0.31621640817708,0.384426122899981,0.0800700768895219,0.0267330218361463,1.18480819017428e-05,3.13628988392395e-09,9.46414657179064e-20,5.03410797439697e-17,1.24874654921961e-05,-3.51828322819151,-0.967577799583492,-0.772252982397324,-2.34110240241779,-3.43810504065866,-11.159593904115,-19.3964746370531,-43.620440581825,-37.3439595711882,-11.1070345131796,-0.183750664201484,0.633264852613851
0.076215338288025,0.976786557485311,1.18748508769544,0.247334966624193,0.0825778033500595,3.65985029060433e-05,9.68794066270764e-09,2.92345713579129e-19,1.55502651701961e-16,3.8573546831916e-05,-3.51828322819151,-0.967577799583492,-0.772252982397324,-2.34110240241779,-3.43810504065866,-11.159593904115,-19.3964746370531,-43.620440581825,-37.3439595711882,-11.1070345131796,0.944090681514981,0.891187482114527
0.107046200868618,1.37191925388026,1.66785020025172,0.34738766649608,0.115982429826577,5.14034416375027e-05,1.36069361558735e-08,4.10606298965783e-19,2.18407061670241e-16,5.41774363944943e-05,-3.51828322819151,-0.967577799583492,-0.772252982397324,-2.34110240241779,-3.43810504065866,-11.159593904115,-19.3964746370531,-43.620440581825,-37.3439595711882,-11.1070345131796,1.28378847429833,0.344494934479697
0.0657718164679609,0.594065993812136,1.69565007957778,0.206445609204207,0.0374048866534217,6.91844292003393e-06,1.92184012487782e-08,2.78132394218286e-19,3.27721026066492e-17,2.49519151442365e-05,-3.67683306744324,-1.47603407897794,-0.427203018802124,-2.53298750884055,-4.24122313779548,-12.8365890390904,-18.7226668323904,-43.6814589282355,-38.912223264575,-11.5538291933056,0.955269213881059,0.500779792208525
0.123752903628931,1.11776434998219,3.19044892106023,0.388437555056873,0.0703791316988617,1.30173902124519e-05,3.61603660254801e-08,5.23319762569518e-19,6.16623209361062e-17,4.69482540702848e-05,-3.67683306744324,-1.47603407897794,-0.427203018802124,-2.53298750884055,-4.24122313779548,-12.8365890390904,-18.7226668323904,-43.6814589282355,-38.912223264575,-11.5538291933056,1.58736465330276,0.52103058192864
0.0555867444909318,0.50207210902975,1.43307077075228,0.174476545523098,0.0316125658188087,5.84708982544763e-06,1.62423423452266e-08,2.35062298143979e-19,2.76971899493424e-17,2.10879949219242e-05,-3.67683306744324,-1.47603407897794,-0.427203018802124,-2.53298750884055,-4.24122313779548,-12.8365890390904,-18.7226668323904,-43.6814589282355,-38.912223264575,-11.5538291933056,0.787022552857355,0.411801324451925
0.096867775333304,2.10971177828346,3.12269902710131,0.645776716948896,0.0492194720540387,2.14993995323254e-05,6.68691559851667e-08,8.04663377001283e-19,8.84360720228214e-17,2.7633725634337e-05,-4.13021364017898,-1.04925392869703,-0.657107568234271,-2.23310674322933,-4.80727122921019,-12.5432908208345,-18.3163332915711,-43.4596681970124,-38.7600570018088,-12.2922788568179,1.79580526888473,0.656544391962792
0.00759112916403477,0.165329435436401,0.244713080005894,0.0506068654164703,0.003857127599578,1.68481952060439e-06,5.24026074127118e-09,6.30581595104005e-20,6.93037125272256e-18,2.16554142852943e-06,-4.13021364017898,-1.04925392869703,-0.657107568234271,-2.23310674322933,-4.80727122921019,-12.5432908208345,-18.3163332915711,-43.4596681970124,-38.7600570018088,-12.2922788568179,-0.750561288495716,0.241553796112746
0.0374608248179086,0.225313170344212,0.330683845178999,0.0919608811579486,0.00390451423641351,9.28098186915588e-06,8.78799618967697e-09,7.53768721673922e-20,2.1348468755508e-17,2.33164403969035e-06,-2.91243144211834,-1.11823585487238,-0.734564389109125,-2.0143638757037,-5.17359377725336,-11.2155150904377,-18.1778509945471,-43.6597583386349,-38.0135235363843,-12.5969088213097,-0.372028121459496,0.993408143997241
0.0427353257589219,0.257037365814545,0.377244278940209,0.104909014482876,0.00445427159264549,1.05877482802091e-05,1.00253499958834e-08,8.59899695860985e-20,2.43543427341901e-17,2.65994056656169e-06,-2.91243144211834,-1.11823585487238,-0.734564389109125,-2.0143638757037,-5.17359377725336,-11.2155150904377,-18.1778509945471,-43.6597583386349,-38.0135235363843,-12.5969088213097,-0.240297957508478,0.727390553053676
0.0456194982616968,0.274384609330367,0.402704189607237,0.111989238852092,0.00475488677269281,1.13023068313324e-05,1.07019527425651e-08,9.17933629472189e-20,2.59979975885686e-17,2.83945779978392e-06,-2.91243144211834,-1.11823585487238,-0.734564389109125,-2.0143638757037,-5.17359377725336,-11.2155150904377,-18.1778509945471,-43.6597583386349,-38.0135235363843,-12.5969088213097,-0.17498861827723,0.71852076560873
0.0543668658042802,0.326996828168733,0.479921206270271,0.133462755010333,0.00566661846218916,1.34694817389908e-05,1.27540120073461e-08,1.09394395713142e-19,3.09830160333978e-17,3.38391317397245e-06,-2.91243144211834,-1.11823585487238,-0.734564389109125,-2.0143638757037,-5.17359377725336,-11.2155150904377,-18.1778509945471,-43.6597583386349,-38.0135235363843,-12.5969088213097,0.000431046950645664,0.745070956759716
0.0226087789194501,0.135983542292892,0.199578038770558,0.0555012667618556,0.00235649640892896,5.60136271038158e-06,5.30383044055113e-09,4.5492298868377e-20,1.28844683134506e-17,1.40722007239444e-06,-2.91243144211834,-1.11823585487238,-0.734564389109125,-2.0143638757037,-5.17359377725336,-11.2155150904377,-18.1778509945471,-43.6597583386349,-38.0135235363843,-12.5969088213097,-0.876985558248582,0.565086638289147
0.00336795433362051,0.0202570144189614,0.0297304742979517,0.0082678384612452,0.000351039404688313,8.34416307126629e-07,7.90093917972505e-10,6.77683592139069e-21,1.91935623977243e-18,2.09628877263305e-07,-2.91243144211834,-1.11823585487238,-0.734564389109125,-2.0143638757037,-5.17359377725336,-11.2155150904377,-18.1778509945471,-43.6597583386349,-38.0135235363843,-12.5969088213097,-2.78101829947692,0.534136655562913
0.0389720156759786,0.234402431055421,0.344023818502464,0.0956706351097492,0.0040620245487986,9.65538192635579e-06,9.14250892577253e-09,7.84176178178938e-20,2.2209678058131e-17,2.42570387884715e-06,-2.91243144211834,-1.11823585487238,-0.734564389109125,-2.0143638757037,-5.17359377725336,-11.2155150904377,-18.1778509945471,-43.6597583386349,-38.0135235363843,-12.5969088213097,-0.332479995063834,0.796399427768916
0.00324051127838061,0.0194904910187419,0.0286054761231133,0.00795498428053001,0.000337756108713519,8.02842077493921e-07,7.60196843113823e-10,6.52040112770596e-21,1.84672799156593e-18,2.01696541507367e-07,-2.91243144211834,-1.11823585487238,-0.734564389109125,-2.0143638757037,-5.17359377725336,-11.2155150904377,-18.1778509945471,-43.6597583386349,-38.0135235363843,-12.5969088213097,-2.81959271753966,0.660902202351772
0.0323508539738158,0.194578563275479,0.285575793882985,0.0794166453116103,0.00337190573125106,8.01497806420846e-06,7.58923976812106e-09,6.50948343060648e-20,1.8436358479321e-17,2.01358822753096e-06,-2.91243144211834,-1.11823585487238,-0.734564389109125,-2.0143638757037,-5.17359377725336,-11.2155150904377,-18.1778509945471,-43.6597583386349,-38.0135235363843,-12.5969088213097,-0.518683418311193,0.546258275657156
0.0212817817441957,0.128002139265923,0.187864027384321,0.0522436815345231,0.00221818446871817,5.2725969455106e-06,4.99252800189599e-09,4.2822178898199e-20,1.21282287519281e-17,1.32462485273743e-06,-2.91243144211834,-1.11823585487238,-0.734564389109125,-2.0143638757037,-5.17359377725336,-11.2155150904377,-18.1778509945471,-43.6597583386349,-38.0135235363843,-12.5969088213097,-0.937472447314777,1.23251054836317
0.0396215431747274,0.238309101575364,0.349757494999974,0.0972651307304837,0.00412972432257919,9.81630344820451e-06,9.2948826444998e-09,7.97245658490806e-20,2.25798358851485e-17,2.46613189740879e-06,-2.91243144211834,-1.11823585487238,-0.734564389109125,-2.0143638757037,-5.17359377725336,-11.2155150904377,-18.1778509945471,-43.6597583386349,-38.0135235363843,-12.5969088213097,-0.315950846964541,1.30084442160812
0.0569410322400082,0.342479498490244,0.502644551504525,0.139781959534725,0.00593492193772803,1.41072357696165e-05,1.33578899235087e-08,1.14574009758125e-19,3.24500021980577e-17,3.54413494848519e-06,-2.91243144211834,-1.11823585487238,-0.734564389109125,-2.0143638757037,-5.17359377725336,-11.2155150904377,-18.1778509945471,-43.6597583386349,-38.0135235363843,-12.5969088213097,0.0466923733782889,1.18446830469549
0.0423555601844478,0.254753214678304,0.373891914408885,0.103976745184699,0.00441468890595235,1.04936607253205e-05,9.93626016837237e-09,8.52258235401992e-20,2.41379189490628e-17,2.63630312284532e-06,-2.91243144211834,-1.11823585487238,-0.734564389109125,-2.0143638757037,-5.17359377725336,-11.2155150904377,-18.1778509945471,-43.6597583386349,-38.0135235363843,-12.5969088213097,-0.249224133133437,1.2266199333038
0.192362274500618,1.09153294301931,1.32247196244549,0.256153594276056,0.0264643092752538,6.64328395274902e-05,5.89272607248581e-08,3.93411415748692e-19,2.81849447460182e-16,1.49881221444249e-05,-2.70930829996694,-0.973350383539551,-0.781430777405094,-2.42291149828775,-4.69289173508005,-10.6802525140562,-17.7078954842306,-43.4403644906809,-36.8660920812824,-12.1691859890962,1.06093346151139,1.73730956322933
0.150306925635393,0.653687848933966,0.984041969253668,0.085524950201709,0.0224906157539848,1.73297557109681e-05,1.20008529479762e-08,2.69596349437876e-19,1.10478068196721e-16,1.32914206191639e-05,-2.53486605370042,-1.06491548583531,-0.655876880319632,-3.09873727954529,-4.43444728353424,-11.6028756998057,-18.8780782598471,-43.3971512637499,-37.3815047996528,-11.8681819462703,0.639790149160748,1.73971290271048
0.25735219346488,1.11922987615737,1.68485489393378,0.146433928026546,0.0385079348286588,2.96716244150097e-05,2.05475949731214e-08,4.61596906361212e-19,1.89158104724711e-16,2.27572763939277e-05,-2.53486605370042,-1.06491548583531,-0.655876880319632,-3.09873727954529,-4.43444728353424,-11.6028756998057,-18.8780782598471,-43.3971512637499,-37.3815047996528,-11.8681819462703,1.17755632405595,0.969300290180108
0.0213885973288704,0.0930194408575665,0.140028660330202,0.012170155923975,0.003200402922266,2.46601522280294e-06,1.70771513170254e-09,3.83634202820951e-20,1.57209716341557e-17,1.89136223996456e-06,-2.53486605370042,-1.06491548583531,-0.655876880319632,-3.09873727954529,-4.43444728353424,-11.6028756998057,-18.8780782598471,-43.3971512637499,-37.3815047996528,-11.8681819462703,-1.31003128036049,2.66360218920574
0.281513585392203,1.22430825660761,1.84303671816818,0.160181809786837,0.0421232345204175,3.24573311811313e-05,2.24766964454087e-08,5.04933718909321e-19,2.06917126099078e-16,2.48938327867417e-05,-2.53486605370042,-1.06491548583531,-0.655876880319632,-3.09873727954529,-4.43444728353424,-11.6028756998057,-18.8780782598471,-43.3971512637499,-37.3815047996528,-11.8681819462703,1.26729148185182,3.13435973286396
0.223663407754181,0.972716668124331,1.46429833014018,0.127264939584504,0.0334670391318389,2.57874492574273e-05,1.78578043224185e-08,4.01171389664587e-19,1.64396291857619e-16,1.97782265654722e-05,-2.53486605370042,-1.06491548583531,-0.655876880319632,-3.09873727954529,-4.43444728353424,-11.6028756998057,-18.8780782598471,-43.3971512637499,-37.3815047996528,-11.8681819462703,1.03725305251711,2.10049438488666
0.25639156553462,1.11505208592779,1.67856577454545,0.145887328756082,0.0383641948541319,2.95608680590389e-05,2.047089621503e-08,4.5987388673273e-19,1.8845202735973e-16,2.2672329477306e-05,-2.53486605370042,-1.06491548583531,-0.655876880319632,-3.09873727954529,-4.43444728353424,-11.6028756998057,-18.8780782598471,-43.3971512637499,-37.3815047996528,-11.8681819462703,1.17381660349291,0.676725693718765
0.315553932983979,1.37235041434697,2.06589491672882,0.179550837663154,0.0472167348670073,3.63820399434734e-05,2.51945566106672e-08,5.65989810673189e-19,2.31937342744364e-16,2.79039707158639e-05,-2.53486605370042,-1.06491548583531,-0.655876880319632,-3.09873727954529,-4.43444728353424,-11.6028756998057,-18.8780782598471,-43.3971512637499,-37.3815047996528,-11.8681819462703,1.38144038657192,0.987141890246116
0.138474208902608,0.602227125381799,0.906574548333919,0.0787921100145762,0.0207200713546644,1.59654932891974e-05,1.10561014477714e-08,2.48372728359833e-19,1.01780826332244e-16,1.22450708618389e-05,-2.53486605370042,-1.06491548583531,-0.655876880319632,-3.09873727954529,-4.43444728353424,-11.6028756998057,-18.8780782598471,-43.3971512637499,-37.3815047996528,-11.8681819462703,0.557794865695392,1.83588968116148
0.101428782010287,0.441115817198809,0.664042444927115,0.0577131858281266,0.0151769171842532,1.1694311535339e-05,8.09830879350488e-09,1.81926609451353e-19,7.45518268614255e-17,8.96919818490901e-06,-2.53486605370042,-1.06491548583531,-0.655876880319632,-3.09873727954529,-4.43444728353424,-11.6028756998057,-18.8780782598471,-43.3971512637499,-37.3815047996528,-11.8681819462703,0.24646767185394,2.27020579403369
0.112930601800081,0.491137463276879,0.739343522027213,0.0642577449733075,0.0168979490546763,1.30204229327088e-05,9.01664071565641e-09,2.02556720899062e-19,8.30058540178693e-17,9.98628721168353e-06,-2.53486605370042,-1.06491548583531,-0.655876880319632,-3.09873727954529,-4.43444728353424,-11.6028756998057,-18.8780782598471,-43.3971512637499,-37.3815047996528,-11.8681819462703,0.353884261405229,2.20552102192211
0.0945971914425697,0.411405092133207,0.619316815639087,0.0538259967273407,0.0141546976305129,1.09066579049062e-05,7.55285878541388e-09,1.69673202829368e-19,6.95304951733351e-17,8.36509066724404e-06,-2.53486605370042,-1.06491548583531,-0.655876880319632,-3.09873727954529,-4.43444728353424,-11.6028756998057,-18.8780782598471,-43.3971512637499,-37.3815047996528,-11.8681819462703,0.176738561567634,1.89400183432301
0.159357830473632,1.41601150580359,1.87185128961664,0.163674097333617,0.0493623507984256,2.15041568490269e-05,2.79127878873873e-08,4.22868975306999e-19,1.57943387399452e-16,3.95195159496432e-05,-3.13415316243628,-0.949705942395946,-0.670622127609388,-3.10742810286457,-4.30611733814515,-12.0448143629055,-18.6917309691119,-43.6047746360607,-37.6818450758737,-11.4362659965994,1.29755006320197,4.06986993486507
0.193013221544104,1.24474585712103,1.92324964029924,0.203846076287853,0.0811347861802461,2.76807804628301e-05,1.82790707830628e-08,5.99438404550804e-19,2.13636087552444e-16,2.40163681027109e-05,-2.93863858982709,-1.07471062456065,-0.639625726483985,-2.88403210075147,-3.8052854831652,-11.7884142345141,-19.1111511074621,-43.2519357312019,-37.3758996346748,-11.9304169586092,1.29364200281331,7.5114621197753
0.196442836827365,1.26686350989739,1.95742349796106,0.207468178510057,0.0825764547895872,2.81726349947035e-05,1.86038681208819e-08,6.10089711736781e-19,2.17432146625831e-16,2.44431103871749e-05,-2.93863858982709,-1.07471062456065,-0.639625726483985,-2.88403210075147,-3.8052854831652,-11.7884142345141,-19.1111511074621,-43.2519357312019,-37.3758996346748,-11.9304169586092,1.31125479310173,3.10445179255897
0.109271981068679,0.704697039127789,1.08882332828739,0.115404864033944,0.0459334275060184,1.56711218770548e-05,1.03484634916757e-08,3.39364430425547e-19,1.20947354424024e-16,1.3596561415137e-05,-2.93863858982709,-1.07471062456065,-0.639625726483985,-2.88403210075147,-3.8052854831652,-11.7884142345141,-19.1111511074621,-43.2519357312019,-37.3758996346748,-11.9304169586092,0.724723324296008,3.60579803147148
0.141690411247872,0.913764098560804,1.41185163527284,0.149642776538452,0.0595607965527917,2.03203756512829e-05,1.34186095427112e-08,4.40045885867797e-19,1.56829593644059e-16,1.76303418280381e-05,-2.93863858982709,-1.07471062456065,-0.639625726483985,-2.88403210075147,-3.8052854831652,-11.7884142345141,-19.1111511074621,-43.2519357312019,-37.3758996346748,-11.9304169586092,0.984527785864981,3.69436855011022
0.269545686000878,1.73830514443682,2.68584524675655,0.284673920429029,0.113305873165232,3.86566003054271e-05,2.55269801429299e-08,8.37124185987427e-19,2.98345809231049e-16,3.35391967643813e-05,-2.93863858982709,-1.07471062456065,-0.639625726483985,-2.88403210075147,-3.8052854831652,-11.7884142345141,-19.1111511074621,-43.2519357312019,-37.3758996346748,-11.9304169586092,1.62762120816595,3.16759063895774
0.116056488431514,0.748450453349553,1.15642647609661,0.122570151439625,0.0487853541762137,1.66441145941169e-05,1.09909816016858e-08,3.60434978011386e-19,1.28456765423807e-16,1.44407482792176e-05,-2.93863858982709,-1.07471062456065,-0.639625726483985,-2.88403210075147,-3.8052854831652,-11.7884142345141,-19.1111511074621,-43.2519357312019,-37.3758996346748,-11.9304169586092,0.784960352657463,1.1885399191865
0.198125794232768,1.2777169335195,1.97419306016351,0.209245591792456,0.0832839005704796,2.84139944937811e-05,1.87632504538233e-08,6.15316448506166e-19,2.19294922827023e-16,2.46525184485812e-05,-2.93863858982709,-1.07471062456065,-0.639625726483985,-2.88403210075147,-3.8052854831652,-11.7884142345141,-19.1111511074621,-43.2519357312019,-37.3758996346748,-11.9304169586092,1.31978546421429,1.03386621072509
0.323423785779006,2.08576601241189,3.22270502863741,0.341575925119455,0.135954000948009,4.63834691685118e-05,3.06294368120772e-08,1.00445263070669e-18,3.57980617402619e-16,4.02431741737757e-05,-2.93863858982709,-1.07471062456065,-0.639625726483985,-2.88403210075147,-3.8052854831652,-11.7884142345141,-19.1111511074621,-43.2519357312019,-37.3758996346748,-11.9304169586092,1.80984680438356,0.712358632220061
0.818028557782229,5.27548139013603,8.15111585062934,0.863940358392577,0.343865418099508,0.000117316672604842,7.74703504280476e-08,2.5405396046505e-18,9.05432380189728e-16,0.000101786161616595,-2.93863858982709,-1.07471062456065,-0.639625726483985,-2.88403210075147,-3.8052854831652,-11.7884142345141,-19.1111511074621,-43.2519357312019,-37.3758996346748,-11.9304169586092,2.73778055855251,0.419055881510496
0.0246905278105442,0.159229673265072,0.24602484923333,0.0260762821085057,0.0103788780818219,3.5409650922743e-06,2.33828492115495e-09,7.66810194652283e-20,2.73286343746363e-17,3.07220821353295e-06,-2.93863858982709,-1.07471062456065,-0.639625726483985,-2.88403210075147,-3.8052854831652,-11.7884142345141,-19.1111511074621,-43.2519357312019,-37.3758996346748,-11.9304169586092,-0.762697008523656,1.29934271137188
0.259319519606499,1.67235640708193,2.58394823326551,0.273873811098257,0.109007215191369,3.71900258154795e-05,2.45585241072923e-08,8.05364927118639e-19,2.87027008572327e-16,3.22667690289018e-05,-2.93863858982709,-1.07471062456065,-0.639625726483985,-2.88403210075147,-3.8052854831652,-11.7884142345141,-19.1111511074621,-43.2519357312019,-37.3758996346748,-11.9304169586092,1.58894427863768,1.19862049140687
0.0195516608721404,0.126089024760779,0.194819424486962,0.0206489965910749,0.00821871067504733,2.80398010020138e-06,1.85161508703501e-09,6.0721313834121e-20,2.16406953910246e-17,2.43278611054839e-06,-2.93863858982709,-1.07471062456065,-0.639625726483985,-2.88403210075147,-3.8052854831652,-11.7884142345141,-19.1111511074621,-43.2519357312019,-37.3758996346748,-11.9304169586092,-0.996056451235458,0.801869175448541
0.0451072740111061,0.600611023641084,1.00546553216992,0.10996186542299,0.0447621499330247,1.66176948172221e-05,9.08546724292531e-09,4.59182684501142e-19,1.00535473423754e-16,9.22874391345376e-06,-3.68978950294781,-1.10088551296696,-0.585627093397314,-2.79869939501561,-3.69747010797574,-11.5961202212278,-19.1076674500158,-42.8159165602948,-37.4270987830285,-12.1842653498397,0.591077743746372,1.87765950035141
0.168387523590184,2.24210850974915,3.75344896647253,0.410492689125383,0.167099159570998,6.20346172406805e-05,3.39164660963385e-08,1.71415003042752e-18,3.75303535270709e-16,3.44513244815424e-05,-3.68978950294781,-1.10088551296696,-0.585627093397314,-2.79869939501561,-3.69747010797574,-11.5961202212278,-19.1076674500158,-42.8159165602948,-37.4270987830285,-12.1842653498397,1.90830223508498,1.17436448116614
0.123590226590941,1.64562488273049,2.75489298953569,0.301286481214623,0.122644614958512,4.55311191577198e-05,2.48934341490298e-08,1.25812284755137e-18,2.75458941229968e-16,2.52860004604289e-05,-3.68978950294781,-1.10088551296696,-0.585627093397314,-2.79869939501561,-3.69747010797574,-11.5961202212278,-19.1076674500158,-42.8159165602948,-37.4270987830285,-12.1842653498397,1.59900569297402,0.71828035665611
0.11602697791071,3.17766495429962,5.1297192072494,2.14690127838526,0.626081044526274,0.000165125016778532,1.22149164376943e-07,1.92889510440121e-18,2.6249591452315e-16,0.000110116006738164,-4.56954885449014,-1.25946967180278,-0.780565385514685,-1.65159077112079,-2.88389175993267,-11.1244240012811,-18.3336391879947,-43.2052006274446,-38.2919124634739,-11.5295924489386,2.41561630777036,1.04361966317322
0.114815413708696,3.14448348931664,5.07615421512599,2.12448314097456,0.619543449608549,0.000163400766412036,1.20873671749884e-07,1.90875340718549e-18,2.59754908431826e-16,0.000108966165431986,-4.56954885449014,-1.25946967180278,-0.780565385514685,-1.65159077112079,-2.88389175993267,-11.1244240012811,-18.3336391879947,-43.2052006274446,-38.2919124634739,-11.5295924489386,2.40511931613582,0.900471930839677
0.11532188096999,2.32628538553295,5.66960187059603,1.73211618861255,0.449247061175005,0.000170378119437411,6.2975951639828e-08,3.39644355933109e-18,2.30531644503696e-16,5.38152402775423e-05,-4.49147239101677,-1.48717155528129,-0.596325397097567,-1.78210040416102,-3.1316265905106,-11.0089346544172,-18.911957198977,-42.5552470972303,-38.3375878300748,-12.1613981499233,2.33144429554581,0.587792030687859
0.246554116855054,4.97351616153532,12.1214089673783,3.70320336072946,0.960474382537656,0.000364262414174874,1.34640364942582e-07,7.26147661810017e-18,4.92868530583046e-16,0.000115055086930336,-4.49147239101677,-1.48717155528129,-0.596325397097567,-1.78210040416102,-3.1316265905106,-11.0089346544172,-18.911957198977,-42.5552470972303,-38.3375878300748,-12.1613981499233,3.09129862241591,0.841400802237203
0.188215765672747,3.79670866732867,9.25330430060852,2.82697066620609,0.733211935879618,0.000278072538655003,1.02782462939055e-07,5.54330383537643e-18,3.76248545524086e-16,8.78313514183515e-05,-4.49147239101677,-1.48717155528129,-0.596325397097567,-1.78210040416102,-3.1316265905106,-11.0089346544172,-18.911957198977,-42.5552470972303,-38.3375878300748,-12.1613981499233,2.82130610652083,1.16400995751565
0.177437020298821,5.83454950156128,7.3430210133327,2.33866767666395,1.30018269479382,0.000127026250566645,1.57892932960947e-07,3.74755472241746e-18,1.79259081796277e-16,0.000105511909319533,-4.562005220266,-1.0690686155065,-0.839115331871994,-1.98328427374908,-2.57036088296938,-11.8039824675091,-18.4942143451281,-42.9582937926449,-39.090565202186,-11.9895523988934,2.83286567201961,1.02896080566072
0.0775815762765962,2.55106598630117,3.21062168360987,1.0225460528877,0.568484652975926,5.55402515826157e-05,6.90362281862924e-08,1.63855999192453e-18,7.83782443158106e-17,4.61334406268602e-05,-4.562005220266,-1.0690686155065,-0.839115331871994,-1.98328427374908,-2.57036088296938,-11.8039824675091,-18.4942143451281,-42.9582937926449,-39.090565202186,-11.9895523988934,2.00557992116863,0.787079716303067
0.0196534991748116,0.646253603792591,0.813336795123794,0.25903840797184,0.144012447211979,1.40698390137899e-05,1.74887327482763e-08,4.1509130124342e-19,1.98553166088307e-17,1.16868408816377e-05,-4.562005220266,-1.0690686155065,-0.839115331871994,-1.98328427374908,-2.57036088296938,-11.8039824675091,-18.4942143451281,-42.9582937926449,-39.090565202186,-11.9895523988934,0.632505338799684,0.815653584085067
0.0534232655593237,1.75668350897684,2.21085859615043,0.70413301652054,0.391462870953482,3.82454411463772e-05,4.75388736426454e-08,1.12832491661909e-18,5.39718572516328e-17,3.17678393255015e-05,-4.562005220266,-1.0690686155065,-0.839115331871994,-1.98328427374908,-2.57036088296938,-11.8039824675091,-18.4942143451281,-42.9582937926449,-39.090565202186,-11.9895523988934,1.63249627699856,3.54795552557658
0.0344755035775331,2.10284741967969,2.75995961207858,0.401711369916121,0.289447103197205,9.60339412619939e-06,8.3692737059012e-08,1.83133099653501e-18,1.46509397480386e-17,1.12653832967169e-05,-5.08821035652381,-0.977411767708292,-0.705488061832267,-2.63272554167066,-2.96048682461236,-13.2740980753132,-18.0168177448539,-42.5621927590473,-40.4827313020126,-13.1144800673563,1.72070410814939,1.27405759538455
0.143235600184946,8.73671392726147,11.4668222505649,1.66899285580123,1.20256777265072,3.98992843827572e-05,3.47718762013403e-07,7.60864286829246e-18,6.08703551889922e-17,4.68043616589916e-05,-5.08821035652381,-0.977411767708292,-0.705488061832267,-2.63272554167066,-2.96048682461236,-13.2740980753132,-18.0168177448539,-42.5621927590473,-40.4827313020126,-13.1144800673563,3.14494590581468,0.996716412784831
0.0124187472786655,0.75748656178047,0.994191160823646,0.144704252709041,0.104264479184878,3.45932944539818e-06,3.01477525414014e-08,6.59681062479847e-19,5.27755360314495e-18,4.05801028677063e-06,-5.08821035652381,-0.977411767708292,-0.705488061832267,-2.63272554167066,-2.96048682461236,-13.2740980753132,-18.0168177448539,-42.5621927590473,-40.4827313020126,-13.1144800673563,0.699662285728518,0.575602255049074
0.0266267577638075,1.62410996353212,2.1316229903194,0.310257145734467,0.223551133486279,7.41707074803461e-06,6.46391206802439e-08,1.41440738408437e-18,1.13154844223186e-17,8.70068892492125e-06,-5.08821035652381,-0.977411767708292,-0.705488061832267,-2.63272554167066,-2.96048682461236,-13.2740980753132,-18.0168177448539,-42.5621927590473,-40.4827313020126,-13.1144800673563,1.46237171869001,1.75697118353359
0.0286921715450411,1.75009072058387,2.29697107887205,0.334323514993934,0.240891794937015,7.99240629114748e-06,6.96531194496046e-08,1.52412169963417e-18,1.21932164268873e-17,9.37559358177682e-06,-5.08821035652381,-0.977411767708292,-0.705488061832267,-2.63272554167066,-2.96048682461236,-13.2740980753132,-18.0168177448539,-42.5621927590473,-40.4827313020126,-13.1144800673563,1.53707939463369,0.841927117629033
0.0827892318362376,2.18357706921666,3.4820035368217,1.28112151759777,0.865511401053572,1.44095449053336e-05,2.78778672615042e-07,3.67304330921734e-18,4.79529291114945e-17,2.72745906358931e-05,-4.55769258830035,-1.28527092246109,-0.81862745487538,-1.81849943203695,-2.21067004362339,-13.2138550422812,-17.1590829700279,-42.2117464278519,-39.6425470996061,-12.5757903470895,2.06623531196517,1.60571305216389
0.00391797918989277,0.10333722546962,0.164784925452455,0.0606287476564658,0.0409601053510263,6.81928021588565e-07,1.3193129271355e-08,1.73825833745559e-19,2.26936008688756e-18,1.29076301535992e-06,-4.55769258830035,-1.28527092246109,-0.81862745487538,-1.81849943203695,-2.21067004362339,-13.2138550422812,-17.1590829700279,-42.2117464278519,-39.6425470996061,-12.5757903470895,-0.984486682584268,1.20612706445447
0.0133287369529107,0.13081517900564,0.218436891231693,0.0829603501253355,0.0489890015212076,1.30802186324313e-06,1.44761092817902e-08,3.17401073926475e-19,3.01351544370219e-18,2.15342470083685e-06,-3.61369278898185,-1.32982968672959,-0.817118020961341,-1.7852523821396,-2.31201935229831,-12.8428544775326,-17.3466260695843,-41.8899806487584,-39.6392842426073,-12.3443109864901,-0.704140112518698,2.26080153964986
0.023020841481579,0.225938549910056,0.377275136011714,0.143285674872185,0.0846117709686119,2.2591610948991e-06,2.50025353657634e-08,5.48201966529822e-19,5.20481884944161e-18,3.71930580186415e-06,-3.61369278898185,-1.32982968672959,-0.817118020961341,-1.7852523821396,-2.31201935229831,-12.8428544775326,-17.3466260695843,-41.8899806487584,-39.6392842426073,-12.3443109864901,-0.157662533005442,1.9391615594965
0.0129654921336601,0.217103733100982,0.341228629161751,0.107293609499266,0.0221517530993256,1.40064111447902e-06,2.05771303529325e-08,5.69403296114169e-19,4.93694987390854e-18,2.5048102187803e-06,-3.98985573610783,-1.17177184096712,-0.719594393638653,-1.87657802246949,-3.45423047295413,-13.1229723212791,-17.3434773889236,-41.6540898233255,-39.4941758018432,-12.541689421291,-0.355608165972381,0.355801029689295
0.0866413636783911,1.45078669607187,2.2802461682059,0.716985097454142,0.148028171750608,9.35972618173395e-06,1.3750582052629e-07,3.80501392077707e-18,3.2990962863401e-17,1.67382904461669e-05,-3.98985573610783,-1.17177184096712,-0.719594393638653,-1.87657802246949,-3.45423047295413,-13.1229723212791,-17.3434773889236,-41.6540898233255,-39.4941758018432,-12.541689421291,1.54387779928818,0.839533167074321
0.0386730866098301,0.752915023220593,1.49732983709354,0.239291484953328,0.0482166234754559,1.70652048827487e-06,4.23391266935474e-08,2.36528023276309e-18,5.0976175237447e-18,1.37891756964325e-05,-4.19902057686802,-1.23021212807409,-0.542725806327269,-2.37648208740124,-3.978460651557,-14.2274632822057,-17.9239634170455,-41.532044386869,-40.7641676150741,-12.1380358629588,0.946409219555029,0.65269895585372
0.0513798949937243,1.00030016281241,1.98930720418063,0.317915440622451,0.0640591498711965,2.26723158605899e-06,5.62504851393865e-08,3.14243988891254e-18,6.77254070073625e-18,1.83198824154012e-05,-4.19902057686802,-1.23021212807409,-0.542725806327269,-2.37648208740124,-3.978460651557,-14.2274632822057,-17.9239634170455,-41.532044386869,-40.7641676150741,-12.1380358629588,1.23051224584666,0.749185220122029
0.11328306864548,2.20547496299486,4.38605070321121,0.700944147275703,0.141238456659287,4.99882203788259e-06,1.24021809895973e-07,6.92849282182174e-18,1.49321868641328e-17,4.03919178405195e-05,-4.19902057686802,-1.23021212807409,-0.542725806327269,-2.37648208740124,-3.978460651557,-14.2274632822057,-17.9239634170455,-41.532044386869,-40.7641676150741,-12.1380358629588,2.02115501649582,5.41700088851759
0.137069615393956,1.36838822130818,2.11456879925776,0.8957146462607,0.220253053853288,1.4236456132973e-05,2.60411496331334e-07,1.87052110448883e-17,1.64477496681365e-17,2.31737001009198e-05,-3.54246599637049,-1.24156608927171,-0.806348741425077,-1.66533304760465,-3.06817780458479,-12.7149042057375,-16.7162024345667,-40.0729291790682,-40.2015426600467,-12.2276921943787,1.55519965571799,7.19353015860732
0.11254783003794,1.12358325742047,1.73627196033473,0.735471092408765,0.180849732445591,1.16895508942026e-05,2.13823820434509e-07,1.53588445364289e-17,1.35052435131997e-17,1.90279198844495e-05,-3.54246599637049,-1.24156608927171,-0.806348741425077,-1.66533304760465,-3.06817780458479,-12.7149042057375,-16.7162024345667,-40.0729291790682,-40.2015426600467,-12.2276921943787,1.35808900457246,2.83412750681201
0.114816873216291,1.14623548380902,1.77127642062537,0.750298705384887,0.184495789873567,1.19252204375918e-05,2.18134658599602e-07,1.56684896127578e-17,1.37775186930524e-17,1.94115360927538e-05,-3.54246599637049,-1.24156608927171,-0.806348741425077,-1.66533304760465,-3.06817780458479,-12.7149042057375,-16.7162024345667,-40.0729291790682,-40.2015426600467,-12.2276921943787,1.37804916970941,1.56325229475019
0.0590673478127265,0.785978204964697,1.00635806791472,0.225912143419032,0.1068993624735,4.01257825622334e-06,9.34770870273985e-08,6.0245140953266e-18,1.59482411950712e-17,2.59305765386124e-06,-3.6103366189954,-1.02208583725775,-0.774921680598352,-2.26886872249244,-3.01712704600194,-13.2073361878575,-16.9668091104818,-40.4319544671147,-39.4584427419114,-13.6439324384988,0.781259621267815,2.28007019563707
0.131994456269633,1.75638097266566,2.24885136891726,0.504833070038025,0.238881949973381,8.96668133549478e-06,2.08887951342759e-07,1.34626403884354e-17,3.56386312057645e-17,5.79455905456248e-06,-3.6103366189954,-1.02208583725775,-0.774921680598352,-2.26886872249244,-3.01712704600194,-13.2073361878575,-16.9668091104818,-40.4319544671147,-39.4584427419114,-13.6439324384988,1.58534126376037,1.86584464371423
0.0187634029165245,0.754207716961669,0.85226469023849,0.298019847557653,0.108781653912205,3.36887927289091e-06,2.52795336590211e-08,8.10287089074162e-18,1.44575181230784e-17,2.21794305673121e-06,-4.68488861307032,-0.99112911558264,-0.868899784462065,-1.91963684550766,-2.92745423426461,-13.3099720822389,-18.2023123682258,-40.06335489741,-39.4843587626573,-13.7279719959713,0.709041653355533,3.61738750230523
0.0357162114444197,1.43563736342797,1.62228919874461,0.567281955056713,0.207066307198483,6.41267498100401e-06,4.81196920088929e-08,1.54238466939112e-17,2.75199427599907e-17,4.2218633548678e-06,-4.68488861307032,-0.99112911558264,-0.868899784462065,-1.91963684550766,-2.92745423426461,-13.3099720822389,-18.2023123682258,-40.06335489741,-39.4843587626573,-13.7279719959713,1.35273802188522,5.73835791028981
0.0169241612106948,1.18489418440251,1.69677644119733,0.417206789128652,0.20268302094834,2.12848786768695e-06,3.38799520254089e-08,1.03014384343878e-17,2.12863897743612e-17,1.19601139141088e-05,-5.3370474190565,-1.08838092371663,-0.729304158536085,-2.13220768136245,-2.85414639192475,-14.3181331500839,-18.4584767816324,-40.3722825330376,-39.646498181594,-12.5919676833499,1.25803439845375,4.50453887368434
0.0164613500459837,1.1524918543422,1.65037608662562,0.405797777030608,0.197140414503951,2.07028185458804e-06,3.29534647471306e-08,1.00197334411142e-17,2.07042883206274e-17,1.16330504820275e-05,-5.3370474190565,-1.08838092371663,-0.729304158536085,-2.13220768136245,-2.85414639192475,-14.3181331500839,-18.4584767816324,-40.3722825330376,-39.646498181594,-12.5919676833499,1.23030735176444,1.72661891427203
0.0547466242316515,3.83292004018262,5.48876727625637,1.34958908905255,0.655643198375039,6.88527626410519e-06,1.09595564555916e-07,3.33233045934667e-17,6.88576507702486e-17,3.86888220971147e-05,-5.3370474190565,-1.08838092371663,-0.729304158536085,-2.13220768136245,-2.85414639192475,-14.3181331500839,-18.4584767816324,-40.3722825330376,-39.646498181594,-12.5919676833499,2.43200784900067,1.38238445243157
0.0343428433976991,2.40441076583843,3.44313238780314,0.846604286329288,0.411288403670059,4.31916977177472e-06,6.87498702148325e-08,2.09038830650972e-17,4.31947640667301e-17,2.42697002266393e-05,-5.3370474190565,-1.08838092371663,-0.729304158536085,-2.13220768136245,-2.85414639192475,-14.3181331500839,-18.4584767816324,-40.3722825330376,-39.646498181594,-12.5919676833499,1.96568579344663,0.525083923283756
0.0173206084271347,0.477556680846407,0.50366176304428,0.147525861029954,0.12962782642628,1.04005704895811e-06,1.75394476191394e-08,3.69451314545236e-18,1.38608416733038e-17,4.09950896982638e-06,-4.299351646837,-0.982565821722382,-0.929343740233057,-2.15724518851357,-2.28658120699115,-14.0197283905076,-18.1023067420953,-40.3831762874981,-39.0609573541449,-12.6481367538428,0.243493398959606,1.11996018352712
0.00325988040917829,0.313992490941357,0.574893456341783,0.0803793318132449,0.100203294259475,4.31512055853154e-07,1.14823440619624e-08,8.86204137486641e-19,1.10100367469006e-17,1.54518440395412e-06,-5.79627198160086,-1.22859342058265,-0.623777761695667,-2.59120541586736,-2.37076142705405,-14.7261776004318,-18.3526624933395,-41.6375468383482,-39.117931598594,-13.45057451245,0.0702072130233138,0.762858184406204
0.00327337656287422,0.315292443818519,0.577273559128292,0.0807121083816962,0.100618143545466,4.33298548698426e-07,1.15298818427391e-08,8.89873090253068e-19,1.10556191393453e-17,1.55158158531869e-06,-5.79627198160086,-1.22859342058265,-0.623777761695667,-2.59120541586736,-2.37076142705405,-14.7261776004318,-18.3526624933395,-41.6375468383482,-39.117931598594,-13.45057451245,0.0743387428104989,0.487793855251698
0.00316675177715935,0.30502231796714,0.558469835096348,0.0780830459761054,0.0973406752223155,4.19184570664389e-07,1.11543151588619e-08,8.60886957512401e-19,1.06955007725653e-17,1.50104140123779e-06,-5.79627198160086,-1.22859342058265,-0.623777761695667,-2.59120541586736,-2.37076142705405,-14.7261776004318,-18.3526624933395,-41.6375468383482,-39.117931598594,-13.45057451245,0.0412230891936125,0.430248144190407
0.0929442138957518,5.37663821967087,13.7663195366298,1.64966973818912,1.63759493113094,2.04314560754164e-05,2.31774807030579e-07,1.84857179445172e-17,2.48221818989e-16,3.9264740294328e-05,-5.49030288504637,-1.4324837560206,-0.492322072927787,-2.61397195944703,-2.62131840859522,-13.9129819488913,-18.3920466646777,-41.6440803116072,-39.0467559647378,-13.2597307039885,3.11454706865184,1.08148354931752
0.0345990818016234,2.0014881807358,5.12460104605727,0.614100177137299,0.609605252497734,7.60574101872003e-06,8.62796635947772e-08,6.88142747693219e-18,9.24021696474936e-17,1.46165522781946e-05,-5.49030288504637,-1.4324837560206,-0.492322072927787,-2.61397195944703,-2.62131840859522,-13.9129819488913,-18.3920466646777,-41.6440803116072,-39.0467559647378,-13.2597307039885,2.12637475025045,3.4342164568886
0.0308557372401668,1.78494313080833,4.57016010553227,0.547659438291777,0.543650828630169,6.78286053184718e-06,7.6944892477624e-08,6.13691193549306e-18,8.24049922310534e-17,1.30351579570522e-05,-5.49030288504637,-1.4324837560206,-0.492322072927787,-2.61397195944703,-2.62131840859522,-13.9129819488913,-18.3920466646777,-41.6440803116072,-39.0467559647378,-13.2597307039885,2.01187031125354,2.98684349538274
0.0266321398674438,1.54061640936062,3.94458710222311,0.472694677388091,0.469234774539198,5.85440850041871e-06,6.64125158507615e-08,5.29687868898098e-18,7.11252258142831e-17,1.12508784737292e-05,-5.49030288504637,-1.4324837560206,-0.492322072927787,-2.61397195944703,-2.62131840859522,-13.9129819488913,-18.3920466646777,-41.6440803116072,-39.0467559647378,-13.2597307039885,1.86466635817973,2.42032092995015
0.0363789457449997,0.894305692145139,2.58377185792557,0.289256577285385,0.45242710783047,2.31268003706965e-06,1.50628258390983e-08,6.0461283808705e-18,3.56969083712305e-17,1.28104214350755e-05,-4.76213133080594,-1.56007387025532,-0.499115953775854,-2.68880741958634,-2.24149486200755,-14.4254697622442,-19.4594022389802,-41.0954797892653,-39.3198338346248,-12.7136177892057,1.44836624552191,2.94209385385327
0.125104796918989,3.07545833745585,8.88542113992421,0.994734306277796,1.55586700732129,7.95315423388721e-06,5.18000653684558e-08,2.07922370410887e-17,1.22759315339213e-16,4.40541950642443e-05,-4.76213133080594,-1.56007387025532,-0.499115953775854,-2.68880741958634,-2.24149486200755,-14.4254697622442,-19.4594022389802,-41.0954797892653,-39.3198338346248,-12.7136177892057,2.6835278132377,0.900105421728985
0.0910278471405915,2.2377427430738,6.46514583952006,0.723781378550912,1.13206869441819,5.78681653875055e-06,3.76903887649152e-08,1.5128697073964e-17,8.93212448042069e-17,3.20543946592759e-05,-4.76213133080594,-1.56007387025532,-0.499115953775854,-2.68880741958634,-2.24149486200755,-14.4254697622442,-19.4594022389802,-41.0954797892653,-39.3198338346248,-12.7136177892057,2.36554152406234,1.21014074443535
0.0464548540033106,1.14200231788307,3.29940139769699,0.36937222319415,0.577736237567945,2.95322503932672e-06,1.92347898187453e-08,7.72072981958852e-18,4.55839121446504e-17,1.63585350069995e-05,-4.76213133080594,-1.56007387025532,-0.499115953775854,-2.68880741958634,-2.24149486200755,-14.4254697622442,-19.4594022389802,-41.0954797892653,-39.3198338346248,-12.7136177892057,1.69285701115701,2.90896857737456
0.0363822893414616,0.894387887967113,2.58400933293386,0.289283162917502,0.452468690499951,2.31289259597236e-06,1.50642102665508e-08,6.04668408178618e-18,3.57001892814956e-17,1.28115988435712e-05,-4.76213133080594,-1.56007387025532,-0.499115953775854,-2.68880741958634,-2.24149486200755,-14.4254697622442,-19.4594022389802,-41.0954797892653,-39.3198338346248,-12.7136177892057,1.4484581515062,2.5427913320003
0.0508680384843849,0.957960329714645,1.56097136884846,0.351794087567043,0.442969915557659,1.15380240074052e-06,2.67508587659162e-08,4.11136527019545e-18,6.73314616366636e-17,2.00016223316007e-05,-4.19182508430145,-1.25625351538379,-0.767996304211231,-2.25801385708489,-2.02755802597955,-14.8857522384322,-18.6500038647524,-41.2460811220472,-38.4502086670528,-12.0330017751515,1.21330460403145,0.994457864728688
0.010418744064734,0.196208538737521,0.319716695767659,0.0720541359772068,0.0907286837881284,2.3632072855102e-07,5.47908587195639e-09,8.42085989219966e-19,1.37907669962977e-17,4.09671357814175e-06,-4.19182508430145,-1.25625351538379,-0.767996304211231,-2.25801385708489,-2.02755802597955,-14.8857522384322,-18.6500038647524,-41.2460811220472,-38.4502086670528,-12.0330017751515,-0.372323696835479,0.421179057343119
0.0672021703668334,0.558794628014369,1.42553312460506,0.174232173313126,0.270913983571066,5.91433916464841e-07,2.63662304022353e-08,3.30426619656174e-18,3.42485228053211e-17,1.42932556870577e-05,-3.61501598635674,-1.4969395165849,-0.560420385223569,-2.66233279131584,-2.22092016379015,-15.2556821332299,-18.3661480485448,-41.1662835050206,-38.827854491394,-12.0706890137343,0.914966251507666,0.546777675380454
0.050423820792048,0.206291428088704,0.440632881114283,0.0584205996260443,0.0904004564164586,1.95258426350139e-07,9.74035778075729e-09,2.6158584370676e-18,7.75682843025754e-18,1.67801726251434e-05,-2.82027569774358,-1.41144952742232,-0.652527336303737,-2.67307083496604,-2.23649007968711,-15.28192600938,-18.2799721037743,-40.3179234729779,-39.2309422476274,-10.8282966863699,-0.16701588305501,0.355354040669272
0.16502605054772,0.557254406464993,0.499515877037101,0.141305420755895,0.186046126269337,4.159214009846e-07,1.2007600115072e-08,1.24663500967164e-18,1.23076931666999e-17,2.51469542356914e-05,-2.23937346991632,-1.02245493370846,-1.13183743001872,-2.39455316105471,-2.11948217979828,-15.1304910689575,-18.6754475791928,-41.6638052792485,-39.3740286808063,-11.028495307181,0.437721534480095,0.617047397757075
0.420946154826015,1.4214367906324,1.27415815270031,0.360439902220563,0.474563871664045,1.06092652568019e-06,3.06288193915563e-08,3.1798992465194e-18,3.13942925744478e-17,6.4144501161888e-05,-2.23937346991632,-1.02245493370846,-1.13183743001872,-2.39455316105471,-2.11948217979828,-15.1304910689575,-18.6754475791928,-41.6638052792485,-39.3740286808063,-11.028495307181,1.37412311816139,0.255500921437578
1.13226522622235,3.82339506099391,3.42724349057555,0.969514895785204,1.27648670345672,2.85369090282121e-06,8.23857082900255e-08,8.55332516628575e-18,8.44446858021305e-17,0.000172536528214644,-2.23937346991632,-1.02245493370846,-1.13183743001872,-2.39455316105471,-2.11948217979828,-15.1304910689575,-18.6754475791928,-41.6638052792485,-39.3740286808063,-11.028495307181,2.36359372103663,0.315804949792233
0.170260994117719,0.574931587505774,0.51536148092769,0.145787900348279,0.191947867050288,4.29115227392506e-07,1.23885042741722e-08,1.28618066871369e-18,1.26981168542976e-17,2.59446639666353e-05,-2.23937346991632,-1.02245493370846,-1.13183743001872,-2.39455316105471,-2.11948217979828,-15.1304910689575,-18.6754475791928,-41.6638052792485,-39.3740286808063,-11.028495307181,0.468950710194376,0.984313158409468
0.0907459785459242,0.306427962408706,0.274678191173517,0.077702269658506,0.102304682969478,2.28710524218872e-07,6.6028449375953e-09,6.85510641906492e-19,6.76786274862832e-18,1.38280287384537e-05,-2.23937346991632,-1.02245493370846,-1.13183743001872,-2.39455316105471,-2.11948217979828,-15.1304910689575,-18.6754475791928,-41.6638052792485,-39.3740286808063,-11.028495307181,-0.160317650446262,0.999010284507633
0.14877923703721,0.502392714085531,0.450338542471891,0.127393903080803,0.167729886452541,3.74973941996161e-07,1.08254519685772e-08,1.12390380177697e-18,1.10960008613925e-17,2.26712367688514e-05,-2.23937346991632,-1.02245493370846,-1.13183743001872,-2.39455316105471,-2.11948217979828,-15.1304910689575,-18.6754475791928,-41.6638052792485,-39.3740286808063,-11.028495307181,0.334081767556867,1.76415327264376
0.290496372843363,0.980938362711717,0.879300873864086,0.248740802173065,0.32749814155658,7.32149002978277e-07,2.11370524132692e-08,2.19445928304781e-18,2.16653080597205e-17,4.42663383707046e-05,-2.23937346991632,-1.02245493370846,-1.13183743001872,-2.39455316105471,-2.11948217979828,-15.1304910689575,-18.6754475791928,-41.6638052792485,-39.3740286808063,-11.028495307181,1.00320928123895,3.86491234380275
0.215521176115275,0.727764644903902,0.652359121181043,0.184542442673121,0.242973032513214,5.43186177056287e-07,1.56817186773424e-08,1.62808382421548e-18,1.60736350276168e-17,3.28414885686548e-05,-2.23937346991632,-1.02245493370846,-1.13183743001872,-2.39455316105471,-2.11948217979828,-15.1304910689575,-18.6754475791928,-41.6638052792485,-39.3740286808063,-11.028495307181,0.704677360686378,1.58678143570396
0.114880066049105,0.828098228584736,1.2291825379445,0.189572971580397,0.392226293007721,1.14755998720306e-06,7.60627236970302e-09,2.99517567571399e-19,1.76382156676319e-17,1.72634328121655e-05,-3.1769131979166,-1.20167009725103,-0.806697254033694,-2.67602785345305,-1.94896292684584,-14.6909192191226,-19.7073392174078,-43.665160479882,-39.5895103802332,-11.9799666029526,1.01304659917419,2.74918442872212
0.0283281695754404,0.204199978736459,0.303102988809026,0.0467466242886223,0.0967187199868057,2.82975759272136e-07,1.87562369117922e-09,7.38577608526031e-20,4.34939134024602e-18,4.25697398144086e-06,-3.1769131979166,-1.20167009725103,-0.806697254033695,-2.67602785345305,-1.94896292684584,-14.6909192191226,-19.7073392174078,-43.665160479882,-39.5895103802332,-11.9799666029526,-0.386985380131502,2.14272295718646
0.0274276173129852,0.311452030681086,0.208349204420835,0.0572271635414192,0.133122404667971,1.93325702407284e-07,2.53983568947769e-09,4.03283295603352e-19,3.27141140357872e-18,5.4177283930507e-06,-3.29182958952209,-0.862134694659584,-1.2641644870388,-2.55635135367514,-1.71211098560366,-15.1545142406035,-19.4867911946337,-42.0502724185793,-39.9569349076594,-11.8214586934829,-0.304375252556685,1.25969179320128
0.0189999570882549,0.215752434871143,0.144329924768702,0.0396430225477419,0.0922179986439902,1.33922681211398e-07,1.7594225761801e-09,2.79366786528924e-19,2.26620765401288e-18,3.75302768042668e-06,-3.29182958952209,-0.862134694659585,-1.2641644870388,-2.55635135367514,-1.71211098560366,-15.1545142406035,-19.4867911946337,-42.0502724185793,-39.9569349076594,-11.8214586934829,-0.671488968809054,0.895152221970352
0.0242907193645603,0.275831246530298,0.184520295608028,0.0506820900172139,0.117897188662983,1.71215032262703e-07,2.24935455607326e-09,3.57159765142205e-19,2.897259919575e-18,4.79810252882231e-06,-3.29182958952209,-0.862134694659585,-1.2641644870388,-2.55635135367514,-1.71211098560366,-15.1545142406035,-19.4867911946337,-42.0502724185793,-39.9569349076594,-11.8214586934829,-0.425831331217132,0.581343362512116
0.232170580360551,2.63639374476272,1.76364410936793,0.48441917575936,1.1268607694961,1.63647246548319e-06,2.14993201676072e-08,3.413731339529e-18,2.76919965558733e-17,4.58602411903607e-05,-3.29182958952209,-0.862134694659585,-1.2641644870388,-2.55635135367514,-1.71211098560366,-15.1545142406035,-19.4867911946337,-42.0502724185793,-39.9569349076594,-11.8214586934829,1.83154667220971,2.49747894087173
0.0900517140506451,1.02257476059022,0.684062445712399,0.187891062805575,0.437074084201215,6.34736538473527e-07,8.338914555884e-09,1.32407972601694e-18,1.07408602393479e-17,1.77877546739754e-05,-3.29182958952209,-0.862134694659585,-1.2641644870388,-2.55635135367514,-1.71211098560366,-15.1545142406035,-19.4867911946337,-42.0502724185793,-39.9569349076594,-11.8214586934829,0.884458416413251,2.82739181619565
0.100137230942206,0.817310890777179,0.997772672013904,0.780033748330433,0.578100190950339,9.15448440143805e-07,2.94705265736627e-08,1.73900697395988e-18,2.73193456245445e-17,2.99015106419013e-05,-3.48703851903238,-1.38756052394162,-1.18805460687488,-1.43424288784859,-1.73383287929139,-15.0896765879165,-18.5256999669352,-42.0790422229054,-39.324761386431,-11.6034263504078,1.18582479470439,1.36523909738324
0.0910484393900524,0.743129008077964,0.907211471678697,0.709235264334883,0.525629875141023,8.3235926371138e-07,2.6795682557706e-08,1.58116885775329e-18,2.48397500197286e-17,2.71875490637586e-05,-3.48703851903238,-1.38756052394162,-1.18805460687488,-1.43424288784859,-1.73383287929139,-15.0896765879165,-18.5256999669352,-42.0790422229054,-39.324761386431,-11.6034263504078,1.09067490593476,1.77372553523358
0.124845431734632,1.01897695852389,1.24396649316663,0.972501927221264,0.7207425973934,1.1413293004528e-06,3.67421844893967e-08,2.1680954666987e-18,3.40602138396691e-17,3.72795110318198e-05,-3.48703851903238,-1.38756052394162,-1.18805460687488,-1.43424288784859,-1.73383287929139,-15.0896765879165,-18.5256999669352,-42.0790422229054,-39.324761386431,-11.6034263504078,1.40635966607561,2.75389346542065
0.0599801028632069,0.48955209604635,0.597644921258417,0.46722386889882,0.346269899738421,5.48334431551018e-07,1.76522278346337e-08,1.04162873485236e-18,1.63637155261603e-17,1.79103782598265e-05,-3.48703851903238,-1.38756052394162,-1.18805460687488,-1.43424288784859,-1.73383287929139,-15.0896765879165,-18.5256999669352,-42.0790422229054,-39.324761386431,-11.6034263504078,0.673296128328066,1.28959079966555
0.539376446385793,2.25431872040181,2.77984014606039,1.90983041226109,2.10876001406502,4.42038493107492e-06,9.70442553699146e-08,3.04758131591676e-18,8.19566305131055e-17,0.000371063061456193,-2.87832321626365,-1.44813387295992,-1.23858825607937,-1.61396723198709,-1.51488157702909,-14.5902654578997,-18.4090804022738,-42.5931650897595,-39.3013231434366,-10.1601202135419,2.26098168071152,1.37749813166406
0.487082387061543,2.03575619752861,2.51032684698311,1.72466699708555,1.90430981603533,3.99181621367803e-06,8.7635542621338e-08,2.75210975945945e-18,7.40107053122812e-17,0.000335087456887527,-2.87832321626365,-1.44813387295992,-1.23858825607937,-1.61396723198709,-1.51488157702909,-14.5902654578997,-18.4090804022738,-42.5931650897595,-39.3013231434366,-10.1601202135419,2.159001218667,1.60725483725535
0.64878263053564,0.963248460453363,1.68359106268932,0.775735326280854,1.08429732455915,5.37987451259431e-06,2.26519776049313e-07,4.47552412255072e-18,3.36456036160305e-17,0.000437624087535846,-2.07283764688337,-1.67762399242728,-1.11925104921892,-1.89412399002493,-1.55924794860961,-13.7730256075258,-16.9406136830253,-41.5880883053332,-39.570829375345,-9.37433036239482,1.64018009866657,2.53066789448118
0.922676168567328,1.36989857163055,2.39434485148572,1.10322389192851,1.54205007027709,7.65107105064654e-06,3.22148573702341e-07,6.36493527318454e-18,4.78496112140733e-17,0.000622373808045661,-2.07283764688337,-1.67762399242728,-1.11925104921892,-1.89412399002493,-1.55924794860961,-13.7730256075258,-16.9406136830253,-41.5880883053332,-39.570829375345,-9.37433036239482,1.9923606942204,0.70865485725889
0.210808015018283,0.312986948725712,0.547046843308732,0.252058573420522,0.35231918353183,1.74807495402755e-06,7.36027478292958e-08,1.45422567133528e-18,1.09324180065233e-17,0.000142196570739653,-2.07283764688337,-1.67762399242728,-1.11925104921892,-1.89412399002493,-1.55924794860961,-13.7730256075258,-16.9406136830253,-41.5880883053332,-39.570829375345,-9.37433036239482,0.516030205753994,1.36035135791994
0.0742843963491958,0.836269046638843,0.751144690745093,0.15281706676982,0.201543127203212,1.80262576180799e-06,3.13364423733262e-08,1.19096127022021e-18,4.58713837456683e-18,8.42780624338146e-05,-3.30104135240698,-0.879991885883822,-0.987343976001854,-2.5797007093017,-2.30293888404603,-13.9274531937884,-17.9796711179208,-41.9729578970897,-40.624462286386,-10.082575953259,0.701186994334486,0.966977863002633
0.0380758407990295,0.777018503878877,1.27648861716741,0.112250144132857,0.227669345427724,2.88173155768805e-06,2.1435465662592e-08,4.97508295272225e-19,9.81119406436946e-18,8.95298553067714e-05,-4.15672267084063,-1.14083848748398,-0.644434332663203,-3.0755728414281,-2.36840831509655,-13.6456665822795,-18.5467663858307,-43.0332220956032,-40.0515550617247,-10.2094857825638,0.888547373101859,3.88641431582005
0.0238543478458092,0.486798696632574,0.799714539617033,0.0703242246972426,0.142633849855761,1.80539222595679e-06,1.34292255514789e-08,3.11686772571591e-19,6.14667020039051e-18,5.60900630493004e-05,-4.15672267084063,-1.14083848748398,-0.644434332663203,-3.0755728414281,-2.36840831509655,-13.6456665822795,-18.5467663858307,-43.0332220956032,-40.0515550617247,-10.2094857825638,0.420933892192926,2.03625158260743
0.0410810378443387,0.838345940463465,1.37723753669698,0.121109667505278,0.245638515111938,3.10917686108262e-06,2.31272943056955e-08,5.36774938571329e-19,1.05855583540203e-17,9.65961432990704e-05,-4.15672267084063,-1.14083848748398,-0.644434332663203,-3.0755728414281,-2.36840831509655,-13.6456665822795,-18.5467663858307,-43.0332220956032,-40.0515550617247,-10.2094857825638,0.9645140405807,2.28825575913376
0.103341787633294,0.668354205544522,1.75024392580648,0.0681117160889431,0.373422734727869,3.98218474148382e-06,2.97435380193441e-08,1.22345564585324e-18,1.34613008968109e-17,0.000115129762299551,-3.35611601386885,-1.48933955431318,-0.526647391759931,-3.77300859435933,-2.07144672016505,-13.520082515411,-18.4170564941391,-42.3312548786633,-39.9331152614092,-10.1558532540645,1.08640255615713,1.54757539202162
0.0492321337800214,0.318404630047322,0.833818004085052,0.0324484915083601,0.177898974399984,1.8971169012982e-06,1.41698520646427e-08,5.82855526404342e-19,6.41297757453735e-18,5.48479370195013e-05,-3.35611601386885,-1.48933955431318,-0.526647391759931,-3.77300859435933,-2.07144672016505,-13.520082515411,-18.4170564941391,-42.3312548786633,-39.9331152614092,-10.1558532540645,0.344907270801457,0.80756372622086
0.177417933525023,1.14743536691314,3.00483151678389,0.11693469015868,0.641094870177541,6.83664376172762e-06,5.10639226586678e-08,2.10043756178331e-18,2.31104594024005e-17,0.000197655614269951,-3.35611601386885,-1.48933955431318,-0.526647391759931,-3.77300859435933,-2.07144672016505,-13.520082515411,-18.4170564941391,-42.3312548786633,-39.9331152614092,-10.1558532540645,1.62686889054926,0.770743556871235
0.00871708051128305,0.0563769754057285,0.147636474702551,0.00574535554790118,0.0314989329865009,3.35905017682642e-07,2.50892520385915e-09,1.03200860088959e-19,1.13548687700756e-18,9.71141907058263e-06,-3.35611601386885,-1.48933955431318,-0.526647391759931,-3.77300859435933,-2.07144672016505,-13.520082515411,-18.4170564941391,-42.3312548786633,-39.9331152614092,-10.1558532540645,-1.38635488700363,0.817792210604416
0.0701896919303759,0.453945851546578,1.18876482368677,0.0462614444613297,0.253628539921864,2.70469794084096e-06,2.02017965656382e-08,8.30970479992472e-19,9.14290902613386e-18,7.81960785940525e-05,-3.35611601386885,-1.48933955431318,-0.526647391759931,-3.77300859435933,-2.07144672016505,-13.520082515411,-18.4170564941391,-42.3312548786633,-39.9331152614092,-10.1558532540645,0.699562196538001,0.591599687077011
0.0978647480020269,0.632931918439515,1.657482269892,0.0645018446427813,0.353631601207147,3.77113184460993e-06,2.81671521232135e-08,1.1586133858837e-18,1.27478617335378e-17,0.000109027968578985,-3.35611601386885,-1.48933955431318,-0.526647391759931,-3.77300859435933,-2.07144672016505,-13.520082515411,-18.4170564941391,-42.3312548786633,-39.9331152614092,-10.1558532540645,1.03194713788286,0.490641097163915
0.0229216447858662,0.148243784450423,0.388211491931179,0.0151074661828623,0.0828267390803422,8.83265387665709e-07,6.59724230408672e-09,2.71367627440534e-19,2.98577336989043e-18,2.55362673333641e-05,-3.35611601386885,-1.48933955431318,-0.526647391759931,-3.77300859435933,-2.07144672016505,-13.520082515411,-18.4170564941391,-42.3312548786633,-39.9331152614092,-10.1558532540645,-0.419557613805473,0.768195936833237
0.0339946590550297,0.352350200361093,0.511024173588087,0.0705612941483391,0.237466963812669,2.47577240302985e-06,1.6879447416544e-08,4.28950132053029e-19,6.22207669905643e-18,1.88213958410761e-05,-3.56837874999102,-1.2299566072359,-0.858165280131606,-2.83810042301609,-1.62455366158771,-13.0957850252677,-18.08399598097,-42.4797731796731,-39.8052548450879,-11.0673431552626,0.186826896668872,0.881600462668783
0.298103522714863,3.08980407148367,4.481236481662,0.618761032987251,2.08237824436971,2.17103655485623e-05,1.4801803801611e-07,3.7615186911279e-18,5.45621881245598e-17,0.00016504723267126,-3.56837874999102,-1.2299566072359,-0.858165280131606,-2.83810042301609,-1.62455366158771,-13.0957850252677,-18.08399598097,-42.4797731796731,-39.8052548450879,-11.0673431552626,2.35806428884839,0.892219472292845
0.157045655949111,1.62775770893697,2.36078633461451,0.325973109664253,1.09702983159311,1.14373643337659e-05,7.79782461503309e-08,1.9816276065213e-18,2.87442246438541e-17,8.69494955356031e-05,-3.56837874999102,-1.2299566072359,-0.858165280131606,-2.83810042301609,-1.62455366158771,-13.0957850252677,-18.08399598097,-42.4797731796731,-39.8052548450879,-11.0673431552626,1.71716003630605,2.65961967166004
0.102996184249212,2.29196382940077,3.33798123494708,0.405059778846872,1.10479379699172,1.40123564189452e-05,1.66974498150528e-07,9.55577151281274e-19,9.81374268909999e-18,0.000145137717849503,-4.25309249133043,-1.15062013627834,-0.774662950189281,-2.88374977444422,-1.88037044526874,-13.1556001700269,-17.5854538956434,-43.4720006018144,-41.1427771090953,-10.8178566417928,1.98002915376755,3.29048890179981
0.11609738310751,2.58350350267983,3.76257517755853,0.456583713940726,1.24532447137846,1.57947396135863e-05,1.8821379085327e-07,1.07712734631657e-18,1.10620587840242e-17,0.000163599354241633,-4.25309249133043,-1.15062013627834,-0.774662950189281,-2.88374977444422,-1.88037044526874,-13.1556001700269,-17.5854538956434,-43.4720006018144,-41.1427771090953,-10.8178566417928,2.09976656081112,1.60567499542355
0.0133845649910645,0.297845391607491,0.433777494805056,0.0526383474762918,0.143570215589553,1.8209344019341e-06,2.16986778552743e-08,1.24179207011724e-19,1.27531595257956e-18,1.88609435521522e-05,-4.25309249133043,-1.15062013627834,-0.774662950189281,-2.88374977444422,-1.88037044526874,-13.1556001700269,-17.5854538956434,-43.4720006018144,-41.1427771090953,-10.8178566417928,-0.0605606109412072,1.02011443557627
0.0341673578446449,0.298730026192577,1.20539892271505,0.0515876596935417,0.186310616237131,3.79355989123762e-06,3.14080351931495e-08,3.51824738020278e-19,2.11446945761661e-18,1.53847293114251e-05,-3.95096855559454,-1.78269905182181,-0.387673447566832,-3.53895680423975,-2.25482403428264,-13.0566897103529,-17.850686094815,-43.0656378205409,-41.2722117562422,-11.6566191595801,0.574484015917504,0.387675961253358
0.0571483218747329,0.817555088074411,1.65647120163812,0.0480400607220218,0.279906845608223,7.93404412428086e-06,1.12093104661075e-07,2.92735891994484e-19,6.30401954336921e-18,4.48793399094385e-05,-3.91263817970101,-1.25196991946416,-0.545843369466175,-4.08625294478919,-2.32383135243108,-12.7948806014776,-17.0544689463729,-43.7255490698736,-40.6558771481951,-11.062065931765,1.05053292700684,0.823205373172992
0.0626245854653585,0.895897671290877,1.81520329792495,0.0526435211000906,0.306729044705007,8.69432746312421e-06,1.22834476720278e-07,3.20787440218642e-19,6.90810504522557e-18,4.91799227971757e-05,-3.91263817970101,-1.25196991946416,-0.545843369466175,-4.08625294478919,-2.32383135243108,-12.7948806014776,-17.0544689463729,-43.7255490698735,-40.6558771481951,-11.062065931765,1.14204084078636,0.361065890465366
0.05438171289076,0.7779764061926,1.57627972868132,0.0457143920195273,0.26635626759768,7.54994889570027e-06,1.06666562284616e-07,2.78564246666063e-19,5.99883547966122e-18,4.27066849492389e-05,-3.91263817970101,-1.25196991946416,-0.545843369466175,-4.08625294478919,-2.32383135243108,-12.7948806014776,-17.0544689463729,-43.7255490698735,-40.6558771481951,-11.062065931765,1.00091083796997,0.615519353966107
0.463739844970874,3.17411650200082,8.61689881449482,0.339541757221183,1.96593483480693,4.41171573560771e-05,6.91295225257825e-07,1.73795230867794e-18,2.16873108469126e-17,0.000470961080302547,-3.4467609452551,-1.52330005578309,-0.524604128673641,-3.75848772563149,-2.00236150722218,-12.7069911777986,-16.8630282432402,-43.5721534700904,-41.0481337202979,-10.339064481734,2.67832938231792,0.554668749356734
0.0445722149665448,0.401628090378779,1.1663592185264,0.0476247796213177,0.198325135264307,9.85493520029829e-06,6.84371373767188e-08,4.27506062342335e-19,1.12236137166619e-18,4.18758637494279e-05,-3.73044725734091,-1.53203142732591,-0.465915542316918,-3.66420473335736,-2.23765015819821,-12.1473408531309,-17.1171528759921,-42.9161211441184,-41.950899500952,-10.7006036016172,0.61980266043747,0.964477515307854
0.0555671153931314,0.500700143799263,1.45407216882413,0.0593726748104517,0.247247207365886,1.22859122410191e-05,8.53189439349622e-08,5.32961593119618e-19,1.39922110442525e-18,5.22056387571957e-05,-3.73044725734091,-1.53203142732591,-0.465915542316918,-3.66420473335736,-2.23765015819821,-12.1473408531309,-17.1171528759921,-42.9161211441184,-41.950899500952,-10.7006036016172,0.840283554876079,1.45113508262154
0.143774151284218,1.66471047578498,1.74941695341574,0.0902630512738172,0.509392752096999,1.98525088185106e-05,2.74505559300946e-07,1.20883928670178e-18,7.29440337927058e-18,0.000186546053598052,-3.36448904794212,-0.915326223564579,-0.865694880513788,-3.83000452323146,-2.09951338831092,-12.2521576134348,-16.5332717671987,-42.6818484853232,-40.8844017236059,-10.0118098566408,1.42497744345921,1.21090671527101
0.0260181727936008,0.301255298142353,0.316584255065756,0.0163345055000691,0.0921825552471364,3.59262078901377e-06,4.96760579763549e-08,2.18758303632237e-19,1.32003594424223e-18,3.37584149384661e-05,-3.36448904794212,-0.915326223564579,-0.865694880513788,-3.83000452323146,-2.09951338831092,-12.2521576134348,-16.5332717671987,-42.6818484853232,-40.8844017236059,-10.0118098566408,-0.284470983572812,2.22595486446865
0.0323184153829526,0.374203597574477,0.393244427273316,0.0202898696235961,0.114504355673726,4.46256591090573e-06,6.17050047673732e-08,2.71730139596718e-19,1.63967970790558e-18,4.19329399226588e-05,-3.36448904794212,-0.915326223564579,-0.865694880513788,-3.83000452323146,-2.09951338831092,-12.2521576134348,-16.5332717671987,-42.6818484853232,-40.8844017236059,-10.0118098566408,-0.0676290275818885,1.37536025857283
0.0950208162339951,1.10021270714838,1.15619550080696,0.0596551517167643,0.336659369264877,1.31205893088414e-05,1.81421639930129e-07,7.98925917434589e-19,4.8208955284884e-18,0.000123288909166131,-3.36448904794212,-0.915326223564579,-0.865694880513788,-3.83000452323146,-2.09951338831092,-12.2521576134348,-16.5332717671987,-42.6818484853232,-40.8844017236059,-10.0118098566408,1.0108297548102,1.7289262258117
0.377526781319806,4.37125020136669,4.59367518924692,0.237015617307625,1.33757983899799,5.2129354883544e-05,7.20805508720501e-07,3.17420900047106e-18,1.91538785298093e-17,0.000489838615312452,-3.36448904794212,-0.915326223564579,-0.865694880513788,-3.83000452323146,-2.09951338831092,-12.2521576134348,-16.5332717671987,-42.6818484853232,-40.8844017236059,-10.0118098566408,2.39037527902618,1.75587286426709
0.3944525581716,4.56722783562364,4.79962487289851,0.247641812977544,1.39754797635024,5.44664866364287e-05,7.53121608657826e-07,3.31651931031214e-18,2.0012610386417e-17,0.000511799703919693,-3.36448904794212,-0.915326223564579,-0.865694880513788,-3.83000452323146,-2.09951338831092,-12.2521576134348,-16.5332717671987,-42.6818484853232,-40.8844017236059,-10.0118098566408,2.43423264389417,2.98212854555667
0.100760305151991,1.16666823647752,1.22603252733362,0.0632584682925405,0.356994415790651,1.3913104885115e-05,1.92379949205218e-07,8.47182990265072e-19,5.11208936955622e-18,0.00013073585980196,-3.36448904794212,-0.915326223564579,-0.865694880513788,-3.83000452323146,-2.09951338831092,-12.2521576134348,-16.5332717671987,-42.6818484853232,-40.8844017236059,-10.0118098566408,1.06947824894309,2.40797532050186
0.087311147157339,0.825480976175933,0.653263574830664,0.0650636374102801,0.141717695612214,9.8001968991022e-06,1.48118548709568e-07,6.12089516335402e-19,1.84827752227756e-18,6.67237680555363e-05,-3.01090148953489,-0.764413414290312,-0.998398947533643,-3.30501380413842,-2.52654261245125,-12.1057324339334,-16.29787723221,-42.5100327657259,-41.4049018907447,-10.1875736790449,0.572624353188922,5.64368803225214
0.376241195265828,3.55716262192679,2.81504339617713,0.280372226280256,0.610689893827334,4.22310084703627e-05,6.38272449989717e-07,2.6376161433398e-18,7.96459749763145e-18,0.000287526061255567,-3.01090148953489,-0.764413414290312,-0.998398947533643,-3.30501380413842,-2.52654261245125,-12.1057324339334,-16.29787723221,-42.5100327657259,-41.4049018907447,-10.1875736790449,2.03337662505518,2.58638666305862
0.189777648603075,1.1330822272213,1.41642440589821,0.091444083499609,0.0843815648821082,6.02926956213662e-06,1.63654674552967e-07,4.95484909802608e-19,3.86085058005861e-18,0.000211887244105178,-2.73188450106991,-0.945040784248354,-0.721846666393398,-3.46200994123483,-3.54238866524288,-13.0888670269734,-16.6954896105118,-43.2187323924907,-41.1656264956,-9.5294386306492,1.06998233843688,1.70224042920028
0.018427548024355,0.336108656144631,0.704100350283711,0.038256229366757,0.0323645484407996,3.51048355315883e-06,6.22371029099639e-08,1.49916408152064e-19,7.50122615879452e-19,0.000199249537973096,-4.11564833798657,-1.21206056911921,-0.47257416917237,-3.38518865191472,-3.55243141837267,-12.6814965447491,-16.7140542844427,-43.4659488723092,-41.8557900510746,-8.64269233833339,0.12173977920662,3.07280975895949
0.0330628253986304,0.603048316487413,1.26330138517491,0.0686395732243556,0.0580686813454189,6.29853221000718e-06,1.11666211050385e-07,2.68980985455605e-19,1.34587483063983e-18,0.00035749480484628,-4.11564833798657,-1.21206056911921,-0.47257416917237,-3.38518865191472,-3.55243141837267,-12.6814965447491,-16.7140542844427,-43.4659488723092,-41.8557900510746,-8.64269233833339,0.706302610499074,0.739327866552455
0.0351032239943172,0.640264099568768,1.34126321515048,0.0728755115365518,0.0616522606203916,6.68723209034828e-06,1.18557442439893e-07,2.85580547603515e-19,1.42893249680413e-18,0.00037955680012282,-4.11564833798657,-1.21206056911921,-0.47257416917237,-3.38518865191472,-3.55243141837267,-12.6814965447491,-16.7140542844427,-43.4659488723092,-41.8557900510746,-8.64269233833339,0.766186036948097,3.02927823344048
0.0461637557321971,0.842002304442826,1.76387637348672,0.0958375593642601,0.0810780200724089,8.79428478687097e-06,1.55913223637671e-07,3.75562958079577e-19,1.87916901168232e-18,0.000499149804878344,-4.11564833798657,-1.21206056911921,-0.47257416917237,-3.38518865191472,-3.55243141837267,-12.6814965447491,-16.7140542844427,-43.4659488723092,-41.8557900510746,-8.64269233833339,1.04008804124362,3.47670705804901
0.0616438606188295,1.12435116841254,2.35535752218328,0.127974794463676,0.108265934807994,1.17432747194368e-05,2.08195647735171e-07,5.01500587945143e-19,2.50931127240534e-18,0.000666529846018925,-4.11564833798657,-1.21206056911921,-0.47257416917237,-3.38518865191472,-3.55243141837267,-12.6814965447491,-16.7140542844427,-43.4659488723092,-41.8557900510746,-8.64269233833339,1.32926669920872,4.47525690027973
0.117971915195723,1.41310755599558,2.17798639822904,0.563966340723052,0.23299448910233,1.43190727161974e-05,4.24202670496001e-07,4.3597833395432e-19,1.80962802933262e-18,0.0013379518905274,-3.64302460875042,-1.1599246993916,-0.727315139672557,-2.07847662792395,-2.9624563967074,-12.6596340720738,-16.1787704185555,-43.7824103226159,-42.3591262774808,-8.12233119327001,1.50571591908992,3.08132366538677
0.128062727184413,1.53397871964238,2.36428201970803,0.612205604303239,0.252923839066955,1.55438648236393e-05,4.60487148763339e-07,4.73270052002438e-19,1.96441585474991e-18,0.00145239456067331,-3.64302460875042,-1.1599246993916,-0.727315139672557,-2.07847662792395,-2.9624563967074,-12.6596340720738,-16.1787704185555,-43.7824103226159,-42.3591262774808,-8.12233119327001,1.58778952977784,2.06652433064233
0.0837235793976247,1.0028693902739,1.54569684519021,0.400241706907767,0.165354038503185,1.0162113749412e-05,3.01052720090485e-07,3.09409799763869e-19,1.28427631053234e-18,0.000949532108137164,-3.64302460875042,-1.1599246993916,-0.727315139672557,-2.07847662792395,-2.9624563967074,-12.6596340720738,-16.1787704185555,-43.7824103226159,-42.3591262774808,-8.12233119327001,1.16278998082326,2.28775618166687
0.24150481743348,2.89282649822537,4.45863921598841,1.15451705542784,0.476971925566446,2.93131211475608e-05,8.68401503213417e-07,8.92507914039599e-19,3.70455871739827e-18,0.00273897246239092,-3.64302460875042,-1.1599246993916,-0.727315139672557,-2.07847662792395,-2.9624563967074,-12.6596340720738,-16.1787704185555,-43.7824103226159,-42.3591262774808,-8.12233119327001,2.22215875062668,1.76703084690144
0.111274604938376,1.33288490542827,2.05434128641561,0.531949758197829,0.21976730380843,1.35061735408405e-05,4.0012052440561e-07,4.11227678994377e-19,1.70689476148049e-18,0.00126199585552197,-3.64302460875042,-1.1599246993916,-0.727315139672557,-2.07847662792395,-2.9624563967074,-12.6596340720738,-16.1787704185555,-43.7824103226159,-42.3591262774808,-8.12233119327001,1.44727039434601,1.65237107428489
0.0318952941896592,0.382052636386659,0.588847920264249,0.152475886490309,0.0629931942883099,3.8713539239278e-06,1.14688898192945e-07,1.17872607210963e-19,4.89257280206551e-19,0.000361733291259898,-3.64302460875042,-1.1599246993916,-0.727315139672557,-2.07847662792395,-2.9624563967074,-12.6596340720738,-16.1787704185555,-43.7824103226159,-42.3591262774808,-8.12233119327001,0.197727811111757,3.21550924785717
0.132335244592003,1.010719326012,2.75158495342014,0.427434578988663,0.263750280110071,2.09243793618517e-05,9.69375070974004e-07,2.02688910853902e-19,2.62485754233734e-18,0.000927525419255544,-3.54559374592976,-1.51251462029459,-0.510999809270394,-2.37313093554446,-2.85592943378686,-12.2977725037783,-15.3697911314225,-44.5657915097201,-42.0046819505308,-8.50616725927592,1.52317690162314,0.95507447432588
0.164086927335689,1.25322493728273,3.41178286783557,0.529990532148167,0.327032856444383,2.5944842785291e-05,1.2019608028257e-06,2.51320807919102e-19,3.2546492821616e-18,0.00115007001000084,-3.54559374592976,-1.51251462029459,-0.510999809270394,-2.37313093554446,-2.85592943378686,-12.2977725037783,-15.3697911314225,-44.5657915097201,-42.0046819505308,-8.50616725927592,1.73823479907754,0.896159348949346
0.128474077548164,0.981229403170958,2.67130150985812,0.414963250470879,0.256054795112828,2.03138653279385e-05,9.41091456214358e-07,1.96775023399705e-19,2.54827164514501e-18,0.000900462858618779,-3.54559374592976,-1.51251462029459,-0.510999809270394,-2.37313093554446,-2.85592943378686,-12.2977725037783,-15.3697911314225,-44.5657915097201,-42.0046819505308,-8.50616725927592,1.49356561978974,1.97066787187853
0.078194447956008,1.46071841143886,2.77035324465533,0.350471211653555,0.687793721447422,3.81565534593617e-05,2.25454027119691e-06,2.17559034454874e-19,3.35737999221976e-18,0.000531831895256564,-4.22529860292809,-1.29781359364524,-0.657767133756794,-2.72521868193507,-2.05100828045415,-11.8505550045857,-14.679306447632,-44.6485586873654,-41.912112739284,-9.21592507588841,1.67674197097173,0.925182390402562
0.100569719322906,0.982697141896072,2.21876967980563,0.473056225955926,0.611301191611436,4.91219433692649e-05,1.9597981374877e-06,3.55887102647527e-19,5.30230350539789e-18,0.000397318701099318,-3.77551375527134,-1.49606398991625,-0.68165684390487,-2.22715071449071,-1.97077518052092,-11.3998143990802,-14.6212787689822,-43.9582830875917,-41.2570000119749,-9.30938151365618,1.47860968787868,0.560198116704481
0.0201956393235299,0.197337699415023,0.445556301608697,0.0949955213505327,0.122756814545636,9.86429173548053e-06,3.93551623670612e-07,7.14665170923723e-20,1.06476790329985e-18,7.97864927725582e-05,-3.77551375527134,-1.49606398991625,-0.68165684390487,-2.22715071449071,-1.97077518052092,-11.3998143990802,-14.6212787689822,-43.9582830875917,-41.2570000119749,-9.30938151365618,-0.126774817680789,0.535595474178388
0.00296705315495886,0.028991973676193,0.065459142403065,0.0139563178374684,0.018034883078248,1.4492176972626e-06,5.78188473236693e-08,1.04995415899408e-20,1.5643094611538e-19,1.17218752678013e-05,-3.77551375527134,-1.49606398991625,-0.68165684390487,-2.22715071449071,-1.97077518052092,-11.3998143990802,-14.6212787689822,-43.9582830875917,-41.2570000119749,-9.30938151365618,-2.04467226717369,0.324155707821887
0.326146806257451,3.75397302489161,7.19892550380022,2.39083709919808,1.77835143661854,0.000111362497570401,6.67261056690955e-06,9.4916414692977e-19,1.9838281144749e-17,0.00077333961591202,-3.85796005636461,-1.41473763088497,-0.763620604024013,-1.86590882799553,-2.16186560737549,-11.8402723170605,-14.6550517685938,-44.2362575842345,-41.1964705949645,-9.90234464130685,2.73755238332598,0.218931219368064
0.0204200616968095,0.340679050081285,0.586016891593259,0.168982901481869,0.270015896964177,6.35021373362906e-06,6.09100380740252e-07,8.01406815146791e-20,1.18531769188581e-18,6.76385062666348e-05,-4.21779598826592,-1.40337299042211,-0.860965207983086,-2.10451628724806,-1.63583298747887,-12.2935806301939,-14.6378412974246,-44.2970618870587,-41.6030793842252,-9.92789166116494,0.326558543406991,0.236706055229737
0.043392167410133,0.723935245335812,1.24527258745519,0.359084828411509,0.573777649569857,1.34940599842953e-05,1.29432447771626e-06,1.70297128396554e-19,2.51877317924744e-18,0.000143730289891912,-4.21779598826592,-1.40337299042211,-0.860965207983086,-2.10451628724806,-1.63583298747887,-12.2935806301939,-14.6378412974246,-44.2970618870587,-41.6030793842252,-9.92789166116494,1.08031965968177,0.603173282458086
0.00892617096425751,0.111549504621929,0.311644141950357,0.0903958756318939,0.0660308127556146,2.5995758608398e-06,4.52165797260752e-07,6.92194422626008e-20,5.39835718279701e-19,1.8697837866295e-05,-4.18870538260232,-1.66322442213159,-0.635830935947218,-1.87349425932268,-2.18757140912424,-12.3300998798472,-14.0791545394297,-43.5869427953174,-41.5329597081674,-10.3570402860686,-0.530062376843111,0.48417539577175
0.0205144324570327,0.150668582350481,0.40736471350773,0.0146212699193902,0.126302431726299,2.44900917574604e-06,4.60174949285631e-07,6.28273452987179e-20,3.55536524942965e-19,1.04155861673339e-05,-3.55740667667296,-1.56345273160528,-0.568826451236654,-3.8960580250634,-1.73985605465983,-12.5906070916915,-14.2624391536564,-43.884676597904,-42.1514390248757,-11.1429872621881,-0.329219941577982,0.40415455739495
0.265506536813366,1.95001707165151,5.27228791388416,0.189234713085124,1.63465995508251,3.16961215592185e-05,5.95578051544922e-06,8.13138306525342e-19,4.60150538631667e-18,0.000134802959719317,-3.55740667667296,-1.56345273160528,-0.568826451236654,-3.8960580250634,-1.73985605465983,-12.5906070916915,-14.2624391536564,-43.884676597904,-42.1514390248757,-11.1429872621881,2.2312908588357,0.492410866574051
0.734085077676961,1.50290368759401,5.85170155808551,0.614093548682953,1.68415117359891,9.37302331694308e-05,9.65445126243251e-06,1.64912121102914e-18,7.51494087066461e-18,0.000237370602839226,-2.64971192384656,-1.93318254779639,-0.57384909282272,-2.82818957942559,-1.8193198940669,-11.6156713379412,-13.8886730546512,-43.2868707036416,-41.7702200952974,-10.6864694895177,2.34058157640357,0.417070883460066
0.421389972903215,0.862718182741858,3.35907708245837,0.352510726220516,0.966760446423436,5.38043635765873e-05,5.54198563570602e-06,9.4665204832769e-19,4.31383340454192e-18,0.000136258854647987,-2.64971192384656,-1.93318254779639,-0.57384909282272,-2.82818957942559,-1.8193198940669,-11.6156713379412,-13.8886730546512,-43.2868707036416,-41.7702200952974,-10.6864694895177,1.7855153512272,0.346100274651913
0.357689012631712,0.732302225509376,2.85128987930216,0.299222149818131,0.820616558932728,4.56708296839503e-05,4.70421105750922e-06,8.03547920562153e-19,3.66171696136372e-18,0.000115660785294862,-2.64971192384656,-1.93318254779639,-0.57384909282272,-2.82818957942559,-1.8193198940669,-11.6156713379412,-13.8886730546512,-43.2868707036416,-41.7702200952974,-10.6864694895177,1.62162057394449,0.446242412987939
0.464582109150852,1.03333016857849,9.32791114090056,0.896307161860991,1.22843414468974,6.49600224048457e-05,9.17060340249086e-06,1.97083992730415e-18,9.76280797764231e-18,0.000129757014224982,-3.32777210618254,-2.52836837857331,-0.328144035224128,-2.67062724890333,-2.35541483345956,-12.2028936559344,-14.160662610788,-43.3292270016961,-41.7291067509446,-11.5110021165676,2.56115513872563,0.465793998089422
2.70842423060125,6.02411589181647,54.3799256520812,5.22529814951935,7.16153450088039,0.000378704421104938,5.34628518303005e-05,1.14896172465689e-17,5.69152904611051e-17,0.000756458405296232,-3.32777210618254,-2.52836837857331,-0.328144035224128,-2.67062724890333,-2.35541483345956,-12.2028936559344,-14.160662610788,-43.3292270016961,-41.7291067509446,-11.5110021165676,4.32413910723519,0.647665747820102
0.136961342060079,0.304631374932529,2.74991912798794,0.264236244505665,0.362149092216767,1.91505692397027e-05,2.70354394791824e-06,5.81014369930286e-19,2.87812908968169e-18,3.8253076173004e-05,-3.32777210618254,-2.52836837857331,-0.328144035224128,-2.67062724890333,-2.35541483345956,-12.2028936559344,-14.160662610788,-43.3292270016961,-41.7291067509446,-11.5110021165676,1.3397155384658,0.246915678602546
0.539127199427154,1.19913442402583,10.8246325264027,1.04012522325459,1.42554404713898,7.53832622135648e-05,1.06420837825174e-05,2.28707345719525e-18,1.1329311266746e-17,0.000150577334570646,-3.32777210618254,-2.52836837857331,-0.328144035224128,-2.67062724890333,-2.35541483345956,-12.2028936559344,-14.160662610788,-43.3292270016961,-41.7291067509446,-11.5110021165676,2.70996836178384,0.31435278049673
0.032245447492313,0.0781735481214798,0.628147536614219,0.196039305028375,0.0754976984756244,5.8970057261154e-06,6.64504021862292e-07,1.59780685427065e-19,7.38125056921472e-19,1.42304648819993e-05,-3.44445182875048,-2.55889736798621,-0.475053629208157,-1.63951352401383,-2.593726526975,-12.0511392599412,-14.2342983263641,-43.2905582140292,-41.7602471088237,-11.1701988972631,0.0100734200166345,0.214970202509378
0.00748811725635793,0.0181536539326591,0.145869968453096,0.0455247303749572,0.0175322615356913,1.36941719754682e-06,1.54312761025024e-07,3.71046644046212e-20,1.71409219158813e-19,3.30463361298668e-06,-3.44445182875048,-2.55889736798621,-0.475053629208157,-1.63951352401383,-2.593726526975,-12.0511392599412,-14.2342983263641,-43.2905582140292,-41.7602471088237,-11.1701988972631,-1.44998605194313,0.162580702633658
1.52411468301475,3.69495422706448,29.6900479945736,9.26600207092742,3.56847740469257,0.000278728121702672,3.14084751617763e-05,7.55220062551795e-18,3.4888250114169e-17,0.000672617754117116,-3.44445182875048,-2.55889736798621,-0.475053629208157,-1.63951352401383,-2.593726526975,-12.0511392599412,-14.2342983263641,-43.2905582140292,-41.7602471088237,-11.1701988972631,3.86586553450571,0.667994115047192
0.496742933525456,3.14850007448187,10.3632989264228,1.97873680904544,2.11798824264029,0.000131095175202663,8.76082586804007e-06,3.48037738716819e-18,2.15668257238255e-17,0.000317916818704996,-3.59591079635396,-1.74930200068532,-0.557957557953374,-2.2137695074042,-2.14576147728581,-11.8358151435807,-14.5414485535745,-43.0956191146858,-41.2716035592308,-10.9499489590888,2.89622817328828,0.494109545062509
0.185971610442214,0.968424843355162,2.03913993823945,0.34805899961328,0.791666664100806,2.57028018190007e-05,6.89568414655824e-06,6.57750322568854e-19,2.55961033184046e-18,9.39019586792673e-05,-3.14851106139916,-1.49843421267469,-0.753821692393573,-2.52173308690884,-1.69996466687225,-12.0352603642605,-13.3509646405148,-43.3318113549918,-41.9730264535616,-10.7396091252131,1.46634981244966,0.565272391163997
0.158874331583937,0.846113149985503,1.20032020636147,0.48778196066647,0.262409200321333,1.51791371662047e-05,8.82323818276299e-06,1.49803684690273e-19,1.60597700927202e-18,0.000104136279336836,-2.92335256355073,-1.25081298817868,-0.901122447053802,-1.80159758177489,-2.42156096721388,-12.1792994346704,-12.7218324213097,-44.4286720915832,-42.0565101808797,-10.2535209452676,1.08371080688722,0.894757098516245
0.499369542164821,2.65948018232678,3.77281431132398,1.53318318916472,0.824797567472814,4.77106572318759e-05,2.77329658467183e-05,4.70858927887052e-19,5.04786390508709e-18,0.000327318362989994,-2.92335256355073,-1.25081298817868,-0.901122447053802,-1.80159758177489,-2.42156096721388,-12.1792994346704,-12.7218324213097,-44.4286720915832,-42.0565101808797,-10.2535209452676,2.22894367169738,0.701898904905976
0.548911859559022,2.92332649286715,4.14711420008111,1.6852898792359,0.906625511356935,5.2444018648795e-05,3.04843458974607e-05,5.17572714939717e-19,5.54866111963971e-18,0.000359791529370751,-2.92335256355073,-1.25081298817868,-0.901122447053802,-1.80159758177489,-2.42156096721388,-12.1792994346704,-12.7218324213097,-44.4286720915832,-42.0565101808797,-10.2535209452676,2.3235351659377,0.369825178757853
0.626112816725041,3.33447374616103,4.7303794003999,1.92231516756496,1.03413661546046,5.98199358690427e-05,3.4771775000841e-05,5.90366021006124e-19,6.32904496809616e-18,0.000410393916555394,-2.92335256355073,-1.25081298817868,-0.901122447053802,-1.80159758177489,-2.42156096721388,-12.1792994346704,-12.7218324213097,-44.4286720915832,-42.0565101808797,-10.2535209452676,2.45512785784191,1.06199719778727
0.0542952021791631,0.289158633033431,0.410208670175892,0.166699176070127,0.0896781779855477,5.18746051125891e-06,3.01533605984003e-06,5.11953143490946e-20,5.48841625605477e-19,3.55885074977774e-05,-2.92335256355073,-1.25081298817868,-0.901122447053802,-1.80159758177489,-2.42156096721388,-12.1792994346704,-12.7218324213097,-44.4286720915832,-42.0565101808797,-10.2535209452676,0.0100331499465722,0.727576760705787
0.279671083143547,1.48943746141537,2.11295839224249,0.858656700030875,0.461926508511705,2.67202743837452e-05,1.55318014861522e-05,2.6370376094447e-19,2.82704780066656e-18,0.000183314105849031,-2.92335256355073,-1.25081298817868,-0.901122447053802,-1.80159758177489,-2.42156096721388,-12.1792994346704,-12.7218324213097,-44.4286720915832,-42.0565101808797,-10.2535209452676,1.64921149417463,0.867941454790896
0.515433299450502,1.61574367274418,1.98159908868089,0.699311369704246,0.339858971918812,1.2282990215572e-05,7.5264772461433e-06,2.77970885710652e-19,7.61187504532866e-19,0.000178235907786856,-2.30216039955707,-1.15961769648531,-0.955508886349259,-1.99707221136277,-2.71863756154616,-12.9467081876422,-13.4364964804677,-44.3661835979798,-43.3588202587243,-10.2718155861461,1.63941302565162,0.490281938559954
3.09775231536049,9.71061378573774,11.9094035476979,4.20285887033047,2.04255122492069,7.38207279591808e-05,4.52341017559488e-05,1.67060404465713e-18,4.57473422284507e-18,0.00107119717840453,-2.30216039955707,-1.15961769648531,-0.955508886349259,-1.99707221136277,-2.71863756154616,-12.9467081876422,-13.4364964804677,-44.3661835979798,-43.3588202587243,-10.2718155861461,3.43283718850423,2.35457633570457
0.2119659040481,0.664455650553299,0.81490940290611,0.287583605577098,0.139763019402177,5.05123578207566e-06,3.09517556486361e-06,1.14312269214123e-19,3.13029440900375e-19,7.32974283348624e-05,-2.30216039955707,-1.15961769648531,-0.955508886349259,-1.99707221136277,-2.71863756154616,-12.9467081876422,-13.4364964804677,-44.3661835979798,-43.3588202587243,-10.2718155861461,0.750830552350631,1.30000939528635
0.18099233973675,0.567361922593249,0.695830587319296,0.24556038801183,0.119340117477255,4.31312284334374e-06,2.64289235524199e-06,9.76083637535708e-20,2.67287945056433e-19,6.25868255113477e-05,-2.30216039955707,-1.15961769648531,-0.955508886349259,-1.99707221136277,-2.71863756154616,-12.9467081876422,-13.4364964804677,-44.3661835979798,-43.3588202587243,-10.2718155861461,0.592859829048757,1.14007128342382
0.292423471797302,0.916668315419442,1.12423098360195,0.396743979898568,0.19281396952023,6.96857313394204e-06,4.27003573317245e-06,1.57702677620436e-19,4.3184849135965e-19,0.000101119510535197,-2.30216039955707,-1.15961769648531,-0.955508886349259,-1.99707221136277,-2.71863756154616,-12.9467081876422,-13.4364964804677,-44.3661835979798,-43.3588202587243,-10.2718155861461,1.07260811813345,0.922615688544604
0.531003892009532,1.66455325961982,2.04146070813405,0.720436687802961,0.350125684575756,1.26540439217589e-05,7.75384267000987e-06,2.86368037018663e-19,7.84182022944349e-19,0.000183620190685336,-2.30216039955707,-1.15961769648531,-0.955508886349259,-1.99707221136277,-2.71863756154616,-12.9467081876422,-13.4364964804677,-44.3661835979798,-43.3588202587243,-10.2718155861461,1.66917447137482,0.852587750046579
0.343770281706654,1.18213246291814,1.33061815090445,0.177934393464552,0.330593478340396,1.24634644999703e-05,6.93201688721544e-06,2.60409585450134e-19,3.48269556033129e-19,0.000202862027524248,-2.28129013256782,-1.0461885226829,-0.927864892779115,-2.93984887482714,-2.32037432268225,-12.5062175356512,-13.0928682521437,-44.0055397348881,-43.7148186887899,-9.7164929795237,1.2135085021544,0.67643001100435
1.17208697624526,2.74557895012721,10.3548007297861,1.48244199445491,1.33349226008608,9.47767283920741e-05,4.89988798834273e-05,1.39293365995201e-18,1.30231509350507e-17,0.000756687906731983,-2.67966671686223,-1.82846065356076,-0.501002366278688,-2.44476189279582,-2.55065135666368,-12.1024392770118,-12.7621657367137,-43.953572221174,-41.7182556761679,-10.0250122830569,2.83845261707686,0.796030460417705
0.944794665258306,4.14399432800985,10.4036206596569,1.94016330306353,0.963269871344829,0.000118232051775651,5.13614561239791e-05,1.25955565934582e-18,6.46136913835854e-18,0.000638718207225729,-2.96895630527699,-1.49050850850499,-0.570014758825588,-2.24939649836831,-2.94959031094825,-11.9550299688741,-12.7887911923986,-44.1279413111761,-42.49285908237,-10.2682158358464,2.91216864473775,0.37849637375729
1.68849672266229,7.40596988834898,18.5929070448865,3.46737709167397,1.72151482286407,0.000211299279386009,9.17910034057947e-05,2.25102414420883e-18,1.15474832947399e-17,0.00114148993348785,-2.96895630527699,-1.49050850850499,-0.570014758825588,-2.24939649836831,-2.94959031094825,-11.9550299688741,-12.7887911923986,-44.1279413111761,-42.49285908237,-10.2682158358464,3.49279492514275,0.698320257041385
0.0812815258183922,0.176130314261396,0.95719590163354,0.212152638078586,0.0517708314727761,1.07117792553765e-05,1.48424560980357e-06,1.05057771109961e-19,6.13496170184086e-19,8.33894979651964e-05,-2.90095034001382,-2.12764495303894,-0.434861021634483,-1.94156308950014,-3.35204220435524,-11.8352803740731,-13.8117177387127,-44.0908903700329,-42.3262267483698,-9.78310199726494,0.391113817057611,0.294504266113235
0.805610947050881,1.74569199886238,9.48711886328455,2.10272243244675,0.513119656065282,0.000106168364134857,1.4710901392791e-05,1.04126601496203e-18,6.08058504928136e-18,0.000826503830402235,-2.90095034001382,-2.12764495303894,-0.434861021634483,-1.94156308950014,-3.35204220435524,-11.8352803740731,-13.8117177387127,-44.0908903700329,-42.3262267483698,-9.78310199726494,2.68479599103647,0.554639551464416
0.155377230542903,0.43476103136674,1.75461290910607,0.333019353603956,0.080738602886345,3.1252494115845e-05,2.6150885044733e-06,2.69620572804676e-19,8.78473549197035e-19,0.000330156833482373,-2.87672169145857,-1.8477810700948,-0.452574050093746,-2.11437698983143,-3.53136078563874,-11.3882336913313,-13.8690349341689,-43.7720935861972,-42.5909234728257,-9.03076508149548,1.0148223180717,0.894228011019717
0.281125138073286,0.786616253519273,3.1746337260234,0.602534305933185,0.146080933512331,5.65453618445433e-05,4.73149839474661e-06,4.8782643693848e-19,1.58942849572516e-18,0.000597355127738249,-2.87672169145857,-1.8477810700948,-0.452574050093746,-2.11437698983143,-3.53136078563874,-11.3882336913313,-13.8690349341689,-43.7720935861972,-42.5909234728257,-9.03076508149548,1.60776631390131,0.983058417009546
1.07807952625998,3.0165743403615,12.1743208268627,2.31064323719957,0.560201996434535,0.000216844346711082,1.81447009074604e-05,1.87075299504034e-18,6.0952582591486e-18,0.00229078174059674,-2.87672169145857,-1.8477810700948,-0.452574050093746,-2.11437698983143,-3.53136078563874,-11.3882336913313,-13.8690349341689,-43.7720935861972,-42.5909234728257,-9.03076508149548,2.95190293326514,0.253239996335018
0.172786685526212,0.787958490337343,2.36196251786438,0.665398973063307,0.185270999300886,5.04165113273386e-05,5.2524665564987e-06,1.06614955354368e-18,3.14065109636742e-18,0.000235339261370203,-3.18449290398371,-1.66710529479861,-0.569302578213434,-1.83616388578632,-3.1147310917303,-11.3239872578868,-13.5856081984563,-42.8112734909084,-41.7308969669868,-9.78327784654802,1.42879542704998,0.331734785903895
0.383371577151945,1.7482880017689,5.24061962812569,1.47635827935288,0.41107122916437,0.000111861960909763,1.16539441772976e-05,2.36552622429856e-18,6.96833995299779e-18,0.000522160509778293,-3.18449290398371,-1.66710529479861,-0.569302578213434,-1.83616388578632,-3.1147310917303,-11.3239872578868,-13.5856081984563,-42.8112734909084,-41.7308969669868,-9.78327784654802,2.22574231919775,0.323719833270072
0.153469888202942,0.699868170121743,2.09790541703051,0.591010271974265,0.16455851018475,4.47801654012008e-05,4.66526371960104e-06,9.46958686612128e-19,2.78954001100297e-18,0.00020902935907506,-3.18449290398371,-1.66710529479861,-0.569302578213434,-1.83616388578632,-3.1147310917303,-11.3239872578868,-13.5856081984563,-42.8112734909084,-41.7308969669868,-9.78327784654802,1.31024200472635,0.48551997432344
0.355935427882515,1.86762494849748,2.86000196190254,1.12236176778854,0.192282296848093,6.57497005580834e-05,4.06791016246131e-06,6.5611606658417e-19,2.65455993642583e-18,0.000322184930589442,-2.88908491416937,-1.23141142462238,-0.805256656423577,-1.74064378092019,-3.50486965793252,-11.4857344084015,-14.2684601312142,-43.7240282160477,-42.326331749164,-9.89646382591193,1.85607896723501,0.446492942784761
0.0436162198587902,0.228858197263565,0.350463776840125,0.137533872130097,0.0235622145965413,8.05694845340756e-06,4.98480483011328e-07,8.04002646863964e-20,3.25288973070988e-19,3.94804441113868e-05,-2.88908491416937,-1.23141142462238,-0.805256656423577,-1.74064378092019,-3.50486965793252,-11.4857344084015,-14.2684601312142,-43.7240282160477,-42.326331749164,-9.89646382591193,-0.243241268528374,0.443565843147248
0.0296455895185289,0.294551628578583,0.305828258043618,0.13258986906523,0.0236881954670782,4.66351891166465e-06,1.93481195249206e-07,7.93982890507675e-20,2.16680774989223e-19,0.000107746381476267,-3.27817273478844,-0.982031800692671,-0.944462401514405,-1.78022542507461,-3.5025092551852,-12.0354710822388,-15.2178163300762,-43.7395409520355,-42.7355925841409,-8.89546123083361,-0.240269181297563,0.482707154170554
0.474023631402397,2.52509289257042,2.61419433390021,0.768541549353423,0.201124754985082,5.36192294482463e-05,1.45676059341413e-06,4.04397921407807e-19,1.26588910626363e-18,0.00168811325873023,-2.63124997003602,-0.95847401559813,-0.923795910850219,-2.14801251872883,-3.48858175867797,-11.7183546626487,-15.3240472257846,-44.2366394724685,-43.0955088145815,-8.26889565544062,1.88475186678555,0.346634996173995
0.0139980429467804,0.0745666595782123,0.0771978486576778,0.0226952347974859,0.00593926709858883,1.58338999760261e-06,4.30185248137508e-08,1.19419773539724e-20,3.7382039420514e-20,4.98504300826205e-05,-2.63124997003602,-0.95847401559813,-0.923795910850219,-2.14801251872883,-3.48858175867797,-11.7183546626487,-15.3240472257846,-44.2366394724685,-43.0955088145815,-8.26889565544062,-1.63758777861801,0.714376632492646
0.0374010910205942,0.199233166564033,0.206263388047681,0.0606389440025089,0.015869008988934,4.23062807040857e-06,1.14940336177555e-07,3.19075304797894e-20,9.98803235722079e-20,0.000133194367242936,-2.63124997003602,-0.95847401559813,-0.923795910850219,-2.14801251872883,-3.48858175867797,-11.7183546626487,-15.3240472257846,-44.2366394724685,-43.0955088145815,-8.26889565544062,-0.654805433277471,0.244519462415056
0.0275979645223985,0.147012552641624,0.15220009658208,0.0447449895067355,0.0117096142152931,3.1217464573509e-06,8.481355044627e-08,2.35443103436128e-20,7.37008881616223e-20,9.82830532865953e-05,-2.63124997003602,-0.95847401559813,-0.923795910850219,-2.14801251872883,-3.48858175867797,-11.7183546626487,-15.3240472257846,-44.2366394724685,-43.0955088145815,-8.26889565544062,-0.958763288131077,0.221421738014903
0.00441180751019042,0.0235014101605279,0.0243306903524555,0.00715292899912936,0.00187189761384522,4.99042038200799e-07,1.35582846525179e-08,3.76379080826419e-21,1.17818157072872e-20,1.57115178643821e-05,-2.63124997003602,-0.95847401559813,-0.923795910850219,-2.14801251872883,-3.48858175867797,-11.7183546626487,-15.3240472257846,-44.2366394724685,-43.0955088145815,-8.26889565544062,-2.79222083720326,0.140232956388432
0.00148125776005211,0.0153202951672293,0.0235834338338184,0.00363373690563339,0.00132932833994376,1.34663478789392e-07,6.34471424015728e-09,4.89846236161447e-21,1.05531676801912e-20,1.0150774808546e-05,-3.42170258143834,-1.0854157152624,-0.654049636828848,-2.52433257683608,-3.52992033906636,-12.7273257874871,-15.782482641004,-43.6722044679548,-42.9046997511711,-8.4047993867701,-3.09316113280246,0.30023248730763
0.00357183608194103,0.0369426473501623,0.0568679956827622,0.00876222420017262,0.00320548054323162,3.24721250704354e-07,1.52993488802392e-08,1.18119243531451e-20,2.54474178063072e-20,2.4477106347478e-05,-3.42170258143834,-1.0854157152624,-0.654049636828848,-2.52433257683608,-3.52992033906636,-12.7273257874871,-15.782482641004,-43.6722044679548,-42.9046997511711,-8.4047993867701,-2.21297292529666,0.249901339378925
0.017662801792048,0.182682139619591,0.281213390819947,0.0433293761960744,0.015851166230618,1.60575316371745e-06,7.56555901838042e-08,5.84102052406868e-20,1.25837996627209e-19,0.000121039786804394,-3.42170258143834,-1.0854157152624,-0.654049636828848,-2.52433257683608,-3.52992033906636,-12.7273257874871,-15.782482641004,-43.6722044679548,-42.9046997511711,-8.4047993867701,-0.614591863080508,0.466960963845993
0.0253855691150898,0.262556877216018,0.404169284850519,0.0622744277543996,0.022781825932242,2.30784211923135e-06,1.08734743002015e-07,8.39490993343759e-20,1.80858574890571e-19,0.000173962427352948,-3.42170258143834,-1.0854157152624,-0.654049636828848,-2.52433257683608,-3.52992033906636,-12.7273257874871,-15.782482641004,-43.6722044679548,-42.9046997511711,-8.4047993867701,-0.251871830050077,1.08630407223764
0.0238452817696621,0.216045190058279,0.478694638849839,0.0341445820520978,0.016892668231636,8.03520336712016e-07,8.37096653017693e-08,6.10863944765916e-20,4.21093886179149e-19,0.000174051426581359,-3.4745408645436,-1.27063963390796,-0.475064336001645,-3.11552331098845,-3.81924753759393,-13.7726352958918,-16.0342833445496,-43.9803697417784,-42.0498030904644,-8.39453170131299,-0.261628046039272,0.885626531417286
0.207353305419193,1.06917892658375,3.91496544787293,0.315253832217064,0.185946833079897,3.98963922153377e-06,8.29289272999414e-07,2.48705235951908e-19,6.21627614271805e-18,0.000772205713133438,-3.31265199840276,-1.67242985167005,-0.374514343412224,-2.89369799533105,-3.42161533702729,-14.1711305990597,-15.7420176478198,-44.5773393962433,-41.3586814845508,-8.90558042288711,1.7393208472408,0.494400374089194
0.200616451702182,1.03444158776417,3.78776926223146,0.305011319096379,0.179905469952995,3.86001690485652e-06,8.02345885190916e-07,2.40624869015507e-19,6.01431098497255e-18,0.000747116954995231,-3.31265199840276,-1.67242985167005,-0.374514343412224,-2.89369799533105,-3.42161533702729,-14.1711305990597,-15.7420176478198,-44.5773393962433,-41.3586814845508,-8.90558042288711,1.70629160405911,0.297938164762849
1.00072171379278,4.34211400743865,21.3277969864849,1.19856617575059,1.41164699700756,2.96694441836853e-05,1.04679933843159e-05,1.29170127491133e-18,2.80109289259583e-17,0.00179593279243125,-3.37627482809284,-1.90863495356893,-0.316985036822587,-3.1958702927293,-3.03223917587944,-13.802389138689,-14.8441844868633,-44.5675677882103,-41.4909332026634,-9.69922701207305,3.37699628157546,0.54521459307249
0.99830913983748,4.33164589125719,21.2763792078713,1.19567663163511,1.40824375039852,2.95979160781998e-05,1.04427567897111e-05,1.28858719753004e-18,2.79433992254839e-17,0.00179160309655199,-3.37627482809284,-1.90863495356893,-0.316985036822587,-3.1958702927293,-3.03223917587944,-13.802389138689,-14.8441844868633,-44.5675677882103,-41.4909332026634,-9.69922701207305,3.37458253681283,0.709949943721383
0.296205327982993,2.41256077884851,8.0431949815598,0.172001247413298,0.679425837706634,1.04805425365491e-05,1.29931973059169e-05,7.32804127632966e-19,1.19546885485892e-17,0.00135995185357345,-3.66811874780525,-1.57072761106492,-0.366589968263454,-4.21166990807575,-2.837923552079,-13.9174064699403,-13.7025009799076,-44.2088248651277,-41.4168244835847,-9.05172233992872,2.45141635828366,0.377934244587677
0.854273772478329,6.9579686898762,23.1970524178768,0.496061821369985,1.95950450131748,3.02265076434799e-05,3.74731533516449e-05,2.11345066229413e-18,3.44780323660931e-17,0.00392218198184401,-3.66811874780525,-1.57072761106492,-0.366589968263454,-4.21166990807575,-2.837923552079,-13.9174064699403,-13.7025009799076,-44.2088248651277,-41.4168244835847,-9.05172233992872,3.51061518791047,0.250441359580147
0.106207930068127,0.865052253549477,2.88398286399111,0.0616730852928857,0.243616184587228,3.75792270982294e-06,4.65886484968105e-06,2.62755602916591e-19,4.28649522951092e-18,0.000487626851089737,-3.66811874780525,-1.57072761106492,-0.366589968263454,-4.21166990807575,-2.837923552079,-13.9174064699403,-13.7025009799076,-44.2088248651277,-41.4168244835847,-9.05172233992872,1.42576224591785,0.478031524353061
0.0844872554535117,0.264559662517668,0.780656532550264,0.0504490882339269,0.101449809233633,1.24794883257007e-06,3.84483707444083e-06,1.02218092492247e-19,3.78544621893234e-18,0.000346388394188404,-2.71953992219055,-1.57807382910693,-0.496005348099832,-3.23517594817453,-2.53657643627122,-13.842394631562,-12.7171646724231,-43.9755636036778,-40.3637532457177,-8.21633522907356,0.248385343161243,1.2537420786638
0.209092476504647,0.654742951728271,1.93200035690922,0.124853443748536,0.251072090574137,3.08847423854047e-06,9.5153582790255e-06,2.52973469052327e-19,9.36837538801615e-18,0.000857256006063229,-2.71953992219055,-1.57807382910693,-0.496005348099832,-3.23517594817453,-2.53657643627122,-13.842394631562,-12.7171646724231,-43.9755636036778,-40.3637532457177,-8.21633522907356,1.15456126862576,1.6401267418454
0.44129748962116,1.38185948043144,4.07755899066161,0.263507861295819,0.529897034730663,6.51834035834976e-06,2.00825194266928e-05,5.33909965101337e-19,1.9772306539534e-17,0.00180927085355918,-2.71953992219055,-1.57807382910693,-0.496005348099832,-3.23517594817453,-2.53657643627122,-13.842394631562,-12.7171646724231,-43.9755636036778,-40.3637532457177,-8.21633522907356,1.90150387086851,1.84706186942072
0.260737837780322,0.84821177334074,4.90353774932957,0.477792143691428,0.329657765114659,9.35634699267838e-06,1.58002196918986e-05,9.1923337534821e-19,2.90422350509491e-17,0.00119874617330234,-3.2642695465957,-2.0846546588415,-0.33007278291985,-2.65860920408376,-3.0297299552529,-13.4994853393996,-12.9755164306639,-43.4507766350604,-39.9978102395199,-8.64650884119807,1.92002971718638,1.64363732538116
0.138866923062372,0.887461119616443,4.46238418094278,0.46668561484208,0.284732214404857,9.12854998317746e-06,9.38363468161938e-06,4.15644453868569e-19,1.51936016965535e-17,0.000671229552660635,-3.80535074357336,-1.95050211856786,-0.335428358174179,-2.59321100073093,-3.08731769008515,-13.4352152459923,-13.4076549283849,-44.1555682873527,-40.5567688267701,-9.13751092528358,1.83111155109277,1.64282841965969
0.0402069574261786,0.315345738442719,0.989747002938737,0.114270854195196,0.108436893860961,1.94061410157204e-06,2.22289630879443e-06,2.29115591841061e-19,4.03853156119976e-18,0.000213105112756263,-3.66365945313729,-1.60402988480994,-0.460250146207903,-2.61912795972379,-2.67153112371955,-13.6024503128856,-13.4666437938951,-43.3700045339164,-40.5005947480515,-8.90366925196911,0.44994422510814,2.96091548974284
0.0521111571261852,0.408711137997274,1.28278449519609,0.148103383570927,0.140542144345018,2.5151777911568e-06,2.88103617478357e-06,2.96950562061547e-19,5.23423223781945e-18,0.00027619981033443,-3.66365945313729,-1.60402988480994,-0.460250146207903,-2.61912795972379,-2.67153112371955,-13.6024503128856,-13.4666437938951,-43.3700045339164,-40.5005947480515,-8.90366925196911,0.7092832482833,1.46587874662044
0.0765936845672657,0.600729166444881,1.88545402580319,0.217684359169146,0.206570747341174,3.69684238444311e-06,4.23458599209211e-06,4.3646195818564e-19,7.69334543857026e-18,0.000405962222237122,-3.66365945313729,-1.60402988480994,-0.460250146207903,-2.61912795972379,-2.67153112371955,-13.6024503128856,-13.4666437938951,-43.3700045339164,-40.5005947480515,-8.90366925196911,1.09441880060023,1.13048540014495
0.0730250315784548,0.572739992828135,1.79760695091102,0.207542009400294,0.196946202980045,3.52459910225945e-06,4.03728815947792e-06,4.16126322416434e-19,7.3348970841345e-18,0.000387047630180141,-3.66365945313729,-1.60402988480994,-0.460250146207903,-2.61912795972379,-2.67153112371955,-13.6024503128856,-13.4666437938951,-43.3700045339164,-40.5005947480515,-8.90366925196911,1.04670645486234,2.6842247471237
0.114722978496845,0.899779657211285,2.8240566161698,0.326050355158583,0.30940424839448,5.53717674992159e-06,6.34261584957678e-06,6.53738178630746e-19,1.15231889979491e-17,0.000608055292748574,-3.66365945313729,-1.60402988480994,-0.460250146207903,-2.61912795972379,-2.67153112371955,-13.6024503128856,-13.4666437938951,-43.3700045339164,-40.5005947480515,-8.90366925196911,1.4984245138567,1.61584877538705
0.148690622207111,1.16619005915825,3.66021472688615,0.422588663706219,0.401013910291423,7.17664644872544e-06,8.22056321628878e-06,8.47299623970467e-19,1.49350214260894e-17,0.000788090764376368,-3.66365945313729,-1.60402988480994,-0.460250146207903,-2.61912795972379,-2.67153112371955,-13.6024503128856,-13.4666437938951,-43.3700045339164,-40.5005947480515,-8.90366925196911,1.75777196044838,2.7444191196136
0.146975115167735,1.15273522773688,3.61798527060711,0.417713078302195,0.396387242006761,7.09384642193728e-06,8.12571907712357e-06,8.37523967323093e-19,1.47627097227058e-17,0.000778998225560631,-3.66365945313729,-1.60402988480994,-0.460250146207903,-2.61912795972379,-2.67153112371955,-13.6024503128856,-13.4666437938951,-43.3700045339164,-40.5005947480515,-8.90366925196911,1.74616746203041,2.91801292886789
0.118338079551769,0.928133125981045,2.91304707114272,0.336324713428706,0.319154061722416,5.71166187724501e-06,6.54248162667928e-06,6.74338494366774e-19,1.18863027633725e-17,0.000627216069073155,-3.66365945313729,-1.60402988480994,-0.460250146207903,-2.61912795972379,-2.67153112371955,-13.6024503128856,-13.4666437938951,-43.3700045339164,-40.5005947480515,-8.90366925196911,1.52944978304631,3.85701489564046
0.263963496787534,2.3039415629882,5.58100549216273,0.403457740175897,0.147624340063314,1.29109122556999e-05,9.47355465626984e-06,7.52516490212388e-19,1.08259228243424e-17,0.000806922815421679,-3.49536195213813,-1.32879611777236,-0.444048541109975,-3.07110102690025,-4.07650197183117,-13.4208551898814,-13.7304238585035,-43.8942815395865,-41.2280056512739,-9.28570003510578,2.16341749699798,1.03939278631096
0.340843088043409,2.97496648800852,7.20647805278584,0.520965147568323,0.19062005371921,1.6671226348514e-05,1.22327354467124e-05,9.71687553199936e-19,1.39789819852953e-17,0.00104193976655183,-3.49536195213813,-1.32879611777236,-0.444048541109975,-3.07110102690025,-4.07650197183117,-13.4208551898814,-13.7304238585035,-43.8942815395865,-41.2280056512739,-9.28570003510578,2.41902889217156,2.83095883359457
0.149929091219532,1.30861982420155,3.16996513424992,0.229160672086213,0.0838494087892424,7.33329178037929e-06,5.38090098638283e-06,4.27423165999608e-19,6.14903496286423e-18,0.000458325510431682,-3.49536195213813,-1.32879611777236,-0.444048541109975,-3.07110102690025,-4.07650197183117,-13.4208551898814,-13.7304238585035,-43.8942815395865,-41.2280056512739,-9.28570003510578,1.59776913027935,2.510587406476
0.111345630170713,0.971853412799367,2.35419132218595,0.170187381489707,0.0622712055755039,5.44610780916727e-06,3.99615449104354e-06,3.17428068033189e-19,4.56661323905011e-18,0.00034037785707382,-3.49536195213813,-1.32879611777236,-0.444048541109975,-3.07110102690025,-4.07650197183117,-13.4208551898814,-13.7304238585035,-43.8942815395865,-41.2280056512739,-9.28570003510578,1.30024582200052,5.85978326173615
0.108079838008423,0.943348735484694,2.28514236573621,0.165195747639886,0.0604447772298828,5.28637225267621e-06,3.87894638870363e-06,3.08117832013292e-19,4.43267345442244e-18,0.000330394498623699,-3.49536195213813,-1.32879611777236,-0.444048541109975,-3.07110102690025,-4.07650197183117,-13.4208551898814,-13.7304238585035,-43.8942815395865,-41.2280056512739,-9.28570003510578,1.27047686799504,1.37672000891849
0.0615031507247119,0.736135881737597,1.38612538586553,0.0973277898488098,0.0412397282379838,1.1039627885158e-06,1.4549512833106e-06,1.58854156541802e-19,1.86793564005125e-18,0.000146062721168216,-3.63130269472633,-1.14897637590822,-0.516123457872159,-3.17230654115252,-4.03098903016322,-14.5592401372725,-14.2831739607026,-44.1289362465846,-41.6643336091543,-9.67411025200427,0.842635820540517,3.68222423614042
0.0265258666733833,0.317490112658881,0.597825912084332,0.0419767759329973,0.0177863982576064,4.76131212718186e-07,6.27510026764495e-07,6.85126554865673e-20,8.05627210291065e-19,6.29958013858775e-05,-3.63130269472633,-1.14897637590822,-0.516123457872159,-3.17230654115252,-4.03098903016322,-14.5592401372725,-14.2831739607026,-44.1289362465846,-41.6643336091543,-9.67411025200427,0.00166777354206615,2.60183262758254
0.0255136599260486,0.466523906758563,0.731531240308821,0.0864993950682066,0.0132229079236566,1.58990556554894e-06,1.93919026458124e-06,2.77103082669225e-19,2.3016708674225e-18,0.000143419612659041,-3.94877422732218,-1.04267895338871,-0.592848292696549,-2.72785079895165,-4.60603744523091,-13.6320688766842,-13.4334730018631,-43.0101303167661,-40.8931292910601,-9.12996881071103,0.280232940451757,2.58161236935324
0.0155828212621951,0.284935939203983,0.446792839541063,0.0528307038873596,0.00807607420252684,9.71056850468703e-07,1.18438731933974e-06,1.69244546684156e-19,1.40577736927613e-18,8.75955153449917e-05,-3.94877422732218,-1.04267895338871,-0.592848292696549,-2.72785079895165,-4.60603744523091,-13.6320688766842,-13.4334730018631,-43.0101303167661,-40.89312929106,-9.12996881071103,-0.212811945313271,0.502414206865018
0.095826203921118,1.75220705899118,2.74754237579736,0.324881208532399,0.049663634100132,5.97149195298568e-06,7.28336280542358e-06,1.04076547951166e-18,8.64479586779079e-18,0.000538666623635657,-3.94877422732218,-1.04267895338871,-0.592848292696549,-2.72785079895165,-4.60603744523091,-13.6320688766842,-13.4334730018631,-43.0101303167661,-40.89312929106,-9.12996881071103,1.60355512327538,0.497567763203771
0.0974294646596249,1.78152309853426,2.79351129283936,0.330316770675166,0.0504945524859824,6.07140051877228e-06,7.40522018004993e-06,1.05817844551695e-18,8.78943127272289e-18,0.000547679012872426,-3.94877422732218,-1.04267895338871,-0.592848292696549,-2.72785079895165,-4.60603744523091,-13.6320688766842,-13.4334730018631,-43.0101303167661,-40.89312929106,-9.12996881071103,1.62014762514683,0.676697749049549
0.0633026895441863,1.15750614063515,1.81502360427184,0.214616184727466,0.0328077444627219,3.94476130481628e-06,4.81138181043813e-06,6.87528581347818e-19,5.71074305982216e-18,0.000355842605138492,-3.94877422732218,-1.04267895338871,-0.592848292696549,-2.72785079895165,-4.60603744523091,-13.6320688766842,-13.4334730018631,-43.0101303167661,-40.89312929106,-9.12996881071103,1.18894676543725,0.855537964244241
0.0568286571918766,1.03912677545449,1.62939923951149,0.192667162762372,0.0294524620791873,3.54132643509097e-06,4.31931675404984e-06,6.17214313331188e-19,5.12669938661913e-18,0.000319450209261083,-3.94877422732218,-1.04267895338871,-0.592848292696549,-2.72785079895165,-4.60603744523091,-13.6320688766842,-13.4334730018631,-43.0101303167661,-40.89312929106,-9.12996881071103,1.08105967486167,1.45638480024815
0.0204144510823169,0.373283546964994,0.585326008254272,0.0692114606210237,0.0105801522696424,1.2721440000172e-06,1.55161999142198e-06,2.21720730867567e-19,1.84165452807568e-18,0.000114755494717698,-3.94877422732218,-1.04267895338871,-0.592848292696549,-2.72785079895165,-4.60603744523091,-13.6320688766842,-13.4334730018631,-43.0101303167661,-40.89312929106,-9.12996881071103,0.0572619847910854,1.07149939017324
0.129695427530048,3.39687225397867,4.8273178673697,1.09862369660317,0.044241084723006,4.1277480567614e-06,1.09734202756425e-05,3.64411512547051e-18,6.97925223053718e-18,0.000854082529744281,-4.2936076322056,-1.02818610679202,-0.67675018326111,-2.15698297821001,-5.36914259273614,-14.6488197541317,-13.671075737524,-42.4044592915582,-41.7546310828757,-9.31652391952291,2.25104118972278,0.508384248819573
0.00691684227764034,0.181160046005628,0.257447752388153,0.0585911699170871,0.00235944019807375,2.20138695821334e-07,5.85228166777853e-07,1.94345861257162e-19,3.72213483650461e-19,4.55494404300459e-05,-4.2936076322056,-1.02818610679202,-0.67675018326111,-2.15698297821001,-5.36914259273614,-14.6488197541317,-13.671075737524,-42.4044592915582,-41.7546310828757,-9.31652391952291,-0.680188299551885,2.44557424191067
0.00848513007403875,0.222235305197822,0.315820077804004,0.0718758181813266,0.00289440703994213,2.70051765443825e-07,7.17919668943985e-07,2.3841080162387e-19,4.56607176701837e-19,5.58770767548092e-05,-4.2936076322056,-1.02818610679202,-0.67675018326111,-2.15698297821001,-5.36914259273614,-14.6488197541317,-13.671075737524,-42.4044592915582,-41.7546310828757,-9.31652391952291,-0.47583241832703,1.82854781722108
0.064584375281049,0.252078017041813,1.13249546891709,0.317401476514057,0.0167706300472128,1.83484776857502e-06,2.67733500130611e-06,4.51716127126553e-19,6.27507231388292e-19,0.000268284838567784,-3.31841811006893,-1.95665199185447,-0.45421176649514,-1.72622316290349,-4.66676147785934,-13.7871843837097,-13.4093240045914,-42.8198683515774,-42.4911671017166,-8.80209665528703,0.57863534390598,2.25617901357555
0.182782213529914,0.713413696991415,3.20511002421982,0.898287615269787,0.0474630724378985,5.19285872428307e-06,7.57720757954661e-06,1.27841561126905e-18,1.77592738584306e-18,0.000759281117709044,-3.31841811006893,-1.95665199185447,-0.45421176649514,-1.72622316290349,-4.66676147785934,-13.7871843837097,-13.4093240045914,-42.8198683515774,-42.4911671017166,-8.80209665528703,1.61895818520829,3.61057842600252
0.158127429861166,0.617184091134461,2.77278516746485,0.777121083805457,0.0410609627325196,4.49241415696406e-06,6.55514744536213e-06,1.1059750891532e-18,1.53637943058099e-18,0.000656864633416835,-3.31841811006893,-1.95665199185447,-0.45421176649514,-1.72622316290349,-4.66676147785934,-13.7871843837097,-13.4093240045914,-42.8198683515774,-42.4911671017166,-8.80209665528703,1.47406405716144,1.87255462769495
0.0308073113563111,0.120243416821706,0.540210234576318,0.151403277795437,0.00799973707661758,8.75238418765197e-07,1.2771121905485e-06,2.15472539797689e-19,2.99326432617648e-19,0.000127974212307053,-3.31841811006893,-1.95665199185447,-0.45421176649514,-1.72622316290349,-4.66676147785934,-13.7871843837097,-13.4093240045914,-42.8198683515774,-42.4911671017166,-8.80209665528703,-0.161585125405847,2.01080177867194
0.283341711539547,1.2546972233611,4.02414754630274,1.2651822949052,0.171350247614433,8.26367753796786e-06,2.38964752439951e-05,1.50064198628167e-18,4.39229871469999e-18,0.00405865008821479,-3.20741312182944,-1.71941718617515,-0.553998374664477,-1.71109525492439,-3.71035705894865,-13.6499523203652,-12.5880910625996,-42.9869501398581,-41.9129904319991,-7.45321632460918,1.94631147336594,1.35265228191013
0.279466776497531,1.23753818873995,3.96911396068386,1.24787986815544,0.169006889570425,8.15066483153011e-06,2.35696709453958e-05,1.48011945118945e-18,4.33223035373713e-18,0.00400314465145911,-3.20741312182944,-1.71941718617515,-0.553998374664477,-1.71109525492439,-3.71035705894865,-13.6499523203652,-12.5880910625996,-42.9869501398581,-41.9129904319991,-7.45321632460918,1.93254126074755,1.24536837748344
0.406738268138368,1.80112336053523,5.77668143113476,1.81617472666832,0.245974031077481,1.18625453061042e-05,3.43034948950584e-05,2.15417814510781e-18,6.30516404611367e-18,0.00582620998119337,-3.20741312182944,-1.71941718617515,-0.553998374664477,-1.71109525492439,-3.71035705894865,-13.6499523203652,-12.5880910625996,-42.9869501398581,-41.9129904319991,-7.45321632460918,2.30782774560084,1.12103144272241
0.122728635671748,0.543468441577284,1.74304776877377,0.548010019725228,0.0742198598203937,3.57938781535352e-06,1.03506885312574e-05,6.49998698064575e-19,1.90251137324222e-18,0.00175799244413789,-3.20741312182944,-1.71941718617515,-0.553998374664477,-1.71109525492439,-3.71035705894865,-13.6499523203652,-12.5880910625996,-42.9869501398581,-41.9129904319991,-7.45321632460918,1.10963354689324,1.71527745542828
0.132014570896547,0.584588533213492,1.87493083409077,0.5894737377716,0.0798355077652561,3.85021265762347e-06,1.11338458010114e-05,6.99179117722909e-19,2.04645982732284e-18,0.00189100625849832,-3.20741312182944,-1.71941718617515,-0.553998374664477,-1.71109525492439,-3.71035705894865,-13.6499523203652,-12.5880910625996,-42.9869501398581,-41.9129904319991,-7.45321632460918,1.18257014492153,1.6804574891338
0.0860882181143461,0.381216897594333,1.22266393397595,0.384402595602329,0.0520616516729118,2.51076790088461e-06,7.26050873975183e-06,4.55942734038763e-19,1.33451996079187e-18,0.00123314690288824,-3.20741312182944,-1.71941718617515,-0.553998374664477,-1.71109525492439,-3.71035705894865,-13.6499523203652,-12.5880910625996,-42.9869501398581,-41.9129904319991,-7.45321632460918,0.755030405362966,1.09925100654799
0.00980081842648194,0.0434001037106633,0.13919567016232,0.0437627833946185,0.00592702237548031,2.85841440868534e-07,8.26581492808652e-07,5.19073579064239e-20,1.51930056269305e-19,0.000140389116572645,-3.20741312182944,-1.71941718617515,-0.553998374664477,-1.71109525492439,-3.71035705894865,-13.6499523203652,-12.5880910625996,-42.9869501398581,-41.9129904319991,-7.45321632460918,-1.41787626205686,0.847408937539924
1.01704354955768,4.50368465247742,14.444513948185,4.54132039033841,0.615054744691368,2.96621344240094e-05,8.57754259759879e-05,5.38649337596808e-18,1.57659775937814e-17,0.0145683594190983,-3.20741312182944,-1.71941718617515,-0.553998374664477,-1.71109525492439,-3.71035705894865,-13.6499523203652,-12.5880910625996,-42.9869501398581,-41.9129904319991,-7.45321632460918,3.22431305956968,1.29003127230029
0.418997162669802,3.08236835797178,4.55509717150228,2.24962536926746,0.132985917962731,5.31084837241376e-06,3.84362562415813e-05,9.00174860109999e-19,4.03996197531287e-18,0.00373631800053712,-3.21580905175612,-1.22021967211174,-0.829671057586355,-1.53515422119663,-4.36342995734761,-14.491676887658,-12.5124272918657,-43.8976158404133,-42.3962143150174,-7.93557256532316,2.34591792100208,0.84981127913271
0.0992169422994843,0.528313868124486,2.04336530322254,0.477136919483835,0.018312692070411,7.68963291513147e-07,1.32221186181822e-05,2.00763031064217e-19,7.17603116547616e-19,0.00125943967292605,-3.46342674076738,-1.79104497548672,-0.438382143695904,-1.89293203714224,-5.15314115457581,-15.2312028547362,-12.3865997286219,-44.2051419410559,-42.9313505499273,-7.83006861175841,1.15298025080256,2.15905225721202
0.0601662509547904,0.320375371743733,1.23911931547842,0.289341104171573,0.0111050189738801,4.66307843196274e-07,8.01803894071116e-06,1.21744922081889e-19,4.35162465154581e-19,0.000763738144589864,-3.46342674076738,-1.79104497548672,-0.438382143695904,-1.89293203714224,-5.15314115457581,-15.2312028547362,-12.3865997286219,-44.2051419410559,-42.9313505499273,-7.83006861175841,0.652783041527538,2.23803700540546
0.0432713203322694,0.23041265023659,0.891169517446888,0.208092932586218,0.00798668399125904,3.35366683750287e-07,5.76654064254105e-06,8.75584474457466e-20,3.12967055907024e-19,0.000549277333722417,-3.46342674076738,-1.79104497548672,-0.438382143695904,-1.89293203714224,-5.15314115457581,-15.2312028547362,-12.3865997286219,-44.2051419410559,-42.9313505499273,-7.83006861175841,0.323161529359817,1.04918672858292
0.475546506477147,2.53220678330997,9.79384376179415,2.28691582216786,0.0877726780975486,3.68563874690327e-06,6.33735748288192e-05,9.62256604967434e-19,3.43946958253628e-18,0.00603649057003661,-3.46342674076738,-1.79104497548672,-0.438382143695904,-1.89293203714224,-5.15314115457581,-15.2312028547362,-12.3865997286219,-44.2051419410559,-42.9313505499273,-7.83006861175841,2.72013614440792,0.688062024413621
0.0595618570118065,0.317157073593353,1.22667186866189,0.286434557593676,0.0109934646373871,4.61623595274536e-07,7.93749454757595e-06,1.20521945873007e-19,4.30791084954228e-19,0.000756066090883831,-3.46342674076738,-1.79104497548672,-0.438382143695904,-1.89293203714224,-5.15314115457581,-15.2312028547362,-12.3865997286219,-44.2051419410559,-42.9313505499273,-7.83006861175841,0.642686847956618,0.638704746164141
0.34052211185992,1.81322413218099,7.01302672938996,1.63757991027926,0.0628509247829256,2.63915615518997e-06,4.53795858930556e-05,6.89038078950569e-19,2.46288308287571e-18,0.00432251838491877,-3.46342674076738,-1.79104497548672,-0.438382143695904,-1.89293203714224,-5.15314115457581,-15.2312028547362,-12.3865997286219,-44.2051419410559,-42.9313505499273,-7.83006861175841,2.38615152464937,0.664627906586683
0.791536664136976,4.21480230191221,16.301636779371,3.80652091096332,0.146095685442788,6.13466434765616e-06,0.000105483916570101,1.60165488078566e-18,5.72492120682245e-18,0.0100476053210806,-3.46342674076738,-1.79104497548672,-0.438382143695904,-1.89293203714224,-5.15314115457581,-15.2312028547362,-12.3865997286219,-44.2051419410559,-42.9313505499273,-7.83006861175841,3.22964766237961,0.260558874494177
0.28806233973454,1.34038348135294,5.35414572021048,0.747886850015248,0.103800904602646,1.67005259807187e-06,8.74675262151836e-05,1.11721360223597e-18,8.23124658334674e-19,0.00393543916904095,-3.30360083304248,-1.76606671504912,-0.381151306383268,-2.34952605066757,-4.32430306161097,-15.3616779043645,-11.4032654306398,-43.3947164117706,-43.700201763645,-7.59675526566921,2.05902246818436,0.100334860039372
0.0358299738726639,0.166720527093141,0.66596314340279,0.0930241916400784,0.0129110376014408,2.07725664555917e-07,1.08794477677458e-05,1.38962053197194e-19,1.02382473978567e-19,0.000489500580791429,-3.30360083304248,-1.76606671504912,-0.381151306383268,-2.34952605066757,-4.32430306161097,-15.3616779043645,-11.4032654306398,-43.3947164117706,-43.700201763645,-7.59675526566921,-0.0253696438258586,0.173678678723431
0.116150347076748,0.540459425270771,2.15885868411338,0.301557354854015,0.041853826180778,6.73386146489086e-07,3.52680032287467e-05,4.5047453192998e-19,3.31894182492256e-19,0.00158681841508602,-3.30360083304248,-1.76606671504912,-0.381151306383268,-2.34952605066757,-4.32430306161097,-15.3616779043645,-11.4032654306398,-43.3947164117706,-43.700201763645,-7.59675526566921,1.1507310014492,0.312521397856387
0.541092370882685,2.5177580536408,10.0571543106601,1.40482046073658,0.194978203756075,3.13700402705277e-06,0.000164297808518224,2.09855879589582e-18,1.54614613392625e-18,0.00739227527070461,-3.30360083304248,-1.76606671504912,-0.381151306383268,-2.34952605066757,-4.32430306161097,-15.3616779043645,-11.4032654306398,-43.3947164117706,-43.700201763645,-7.59675526566921,2.68943555933535,0.123144617013128
0.00916959047768963,0.0281926649995329,0.0963550471307649,0.0251811450424518,0.00243215412906596,1.38317551849485e-07,4.03431935614051e-06,3.11938164472787e-20,2.68098869640873e-20,0.000289483984661251,-2.86938162233946,-1.74621241097808,-0.517234471902625,-1.85917874682356,-4.19649691115498,-13.9712326646145,-10.5981919251496,-43.0915860382012,-43.2430351865276,-6.32492955287493,-1.82248103029307,0.125797181724183
0.567033581626161,4.26200321104727,5.37948418348051,1.55889776332732,0.0833267986702914,1.66653091312642e-05,0.00013929718164712,4.68392526571294e-18,1.67236540326523e-18,0.00805737564000151,-3.04042035540876,-1.02334431816505,-0.790491112353693,-2.02910459569521,-4.95806867407363,-13.4752649019002,-11.3519845148909,-42.3754787887669,-43.405376245739,-7.29425098371568,2.47308360525444,0.331165100529518
0.323550679868905,2.43190894017798,3.0695461808762,0.889510687751831,0.047546465032554,9.50926413243884e-06,7.94832956744736e-05,2.67265864541988e-18,9.54255586880633e-19,0.00459755727130881,-3.04042035540876,-1.02334431816505,-0.790491112353693,-2.02910459569521,-4.95806867407363,-13.4752649019002,-11.3519845148909,-42.3754787887669,-43.405376245739,-7.29425098371568,1.91202083920695,0.672603640231788
0.401180282791126,3.01539751589511,3.80602323377372,1.1029312298234,0.058954301363876,1.17908244709393e-05,9.85537444976964e-05,3.31391036361949e-18,1.18321039026992e-18,0.00570065044214833,-3.04042035540876,-1.02334431816505,-0.790491112353693,-2.02910459569521,-4.95806867407363,-13.4752649019002,-11.3519845148909,-42.3754787887669,-43.405376245739,-7.29425098371568,2.12707598572129,1.03461432210802
0.18812660878661,1.4140189165385,1.78476927866789,0.517200672345982,0.0276456078843343,5.52910478821032e-06,4.62150871587745e-05,1.55400139357081e-18,5.54846206931997e-19,0.00267322219351848,-3.04042035540876,-1.02334431816505,-0.790491112353693,-2.02910459569521,-4.95806867407363,-13.4752649019002,-11.3519845148909,-42.3754787887669,-43.405376245739,-7.29425098371568,1.36978026358282,1.74018918732836
0.430775425525449,6.54813441966996,8.23131792254983,0.97400041384663,0.19588505518773,2.94461435867971e-05,0.000380716738946448,1.11695914960309e-17,2.47071889242636e-18,0.0282907323959373,-3.63998701667367,-0.918638449880509,-0.68987249926809,-2.82416218797973,-4.42804588244025,-13.2307662417917,-10.6712735642125,-41.8311552705425,-43.3398411535682,-6.36303964267458,2.79781863753391,1.27915737133585
0.301102214730212,3.26992888689361,6.1861780471624,0.470001351414891,0.173915493483165,1.68907777490269e-05,0.000200594591849085,1.10789558427107e-17,1.86743501244883e-18,0.038088329285757,-3.54589564454238,-1.16082191893953,-0.523272700359714,-3.10060986541622,-4.09477592386518,-13.3343329367899,-10.8598147991597,-41.3870743915218,-43.1675559921826,-5.61343751821843,2.34559015648489,0.838258520158946
0.245553958415892,2.66668241757915,5.04493302484434,0.383294066449007,0.141831032006552,1.37747154756496e-05,0.000163588288812479,9.03507622728729e-18,1.52292489712208e-18,0.0310616779552606,-3.54589564454238,-1.16082191893953,-0.523272700359714,-3.10060986541622,-4.09477592386518,-13.3343329367899,-10.8598147991597,-41.3870743915218,-43.1675559921826,-5.61343751821843,2.14165707852599,2.11115473477916
0.346253669255849,3.76026751017784,7.1138196356981,0.540479891947753,0.199994801808229,1.9423615922008e-05,0.000230674535299777,1.27402885943542e-17,2.14746419496319e-18,0.0437998232023469,-3.54589564454238,-1.16082191893953,-0.523272700359714,-3.10060986541622,-4.09477592386518,-13.3343329367899,-10.8598147991597,-41.3870743915218,-43.1675559921826,-5.61343751821843,2.48531202013445,1.02397893547766
0.301234236021564,3.27136262006846,6.18889043908238,0.470207428229726,0.173991748478687,1.68981836802399e-05,0.000200682544563342,1.1083813522215e-17,1.86825380809295e-18,0.0381050294964222,-3.54589564454238,-1.16082191893953,-0.523272700359714,-3.10060986541622,-4.09477592386518,-13.3343329367899,-10.8598147991597,-41.3870743915218,-43.1675559921826,-5.61343751821843,2.3460285204368,0.0729683297390708
0.0102468416436701,0.268876744252882,0.393808669123829,0.0201615292111553,0.0384494083079386,8.7924053175867e-07,5.73835937135066e-06,6.02556526167462e-19,1.1007542593096e-19,0.00139765015818783,-4.27010449591114,-1.00282094689535,-0.621208841698462,-3.59329772763381,-2.94773071446511,-13.6335260768992,-11.7576559550007,-41.6424242152519,-43.3424398744853,-6.26228165369377,-0.310681257293965,0.923388816517591
0.0620556191052416,1.62833714112498,2.38493397490794,0.122099688939716,0.232852416359266,5.32474468114874e-06,3.47519221844815e-05,3.64912619688273e-18,6.66624794444692e-19,0.00846427112616329,-4.27010449591114,-1.00282094689535,-0.621208841698462,-3.59329772763381,-2.94773071446511,-13.6335260768992,-11.7576559550007,-41.6424242152519,-43.3424398744853,-6.26228165369377,1.49038028217882,0.551367849561411
0.0256429131236422,0.672869088213496,0.985513570019663,0.0504546044508067,0.0962203643993052,2.20031589778693e-06,1.43603517990036e-05,1.50790899185416e-18,2.75465814965452e-19,0.00349764569708121,-4.27010449591114,-1.00282094689535,-0.621208841698462,-3.59329772763381,-2.94773071446511,-13.6335260768992,-11.7576559550007,-41.6424242152519,-43.3424398744853,-6.26228165369377,0.606616458894321,0.411865352832273
0.0213061352427137,0.559072197647484,0.818841654422221,0.0419216264885049,0.0799473947094042,1.82819431898783e-06,1.19317019906145e-05,1.25288857624088e-18,2.28878516262923e-19,0.0029061172532851,-4.27010449591114,-1.00282094689535,-0.621208841698462,-3.59329772763381,-2.94773071446511,-13.6335260768992,-11.7576559550007,-41.6424242152519,-43.3424398744853,-6.26228165369377,0.421344287732971,0.738777414424123
0.23959572743848,6.28698299152061,9.20819095595081,0.471424896138898,0.899039359977859,2.05587518696796e-05,0.000134176601502523,1.40892163878691e-17,2.57382739639788e-18,0.0326804119747847,-4.27010449591114,-1.00282094689535,-0.621208841698462,-3.59329772763381,-2.94773071446511,-13.6335260768992,-11.7576559550007,-41.6424242152519,-43.3424398744853,-6.26228165369377,2.84130225095154,0.691453117240159
0.144339241624081,3.78745634073373,5.54727462597566,0.283999688637483,0.541606733962829,1.23851734975915e-05,8.08317790622681e-05,8.48774237439087e-18,1.5505464076472e-18,0.0196876043276446,-4.27010449591114,-1.00282094689535,-0.621208841698462,-3.59329772763381,-2.94773071446511,-13.6335260768992,-11.7576559550007,-41.6424242152519,-43.3424398744853,-6.26228165369377,2.33451559046539,0.427565823938522
0.0907373428297471,4.31059633396911,6.77309458418529,0.666776889130915,0.895288145621571,1.90567114818199e-05,5.48172596353598e-05,1.14442786282742e-17,8.09053488048658e-19,0.0156356021361386,-4.94549031161604,-1.08462776800677,-0.632745938078074,-2.95100381117907,-2.6563136852082,-13.4137952327819,-12.3572094798503,-41.5547457749971,-44.2041259448502,-6.70390879984992,2.54570402310117,0.702128876312037
0.0135860410221156,0.530759328836413,0.870363713014553,0.0844544150993002,0.074092200129279,1.8856446346307e-06,2.24108859646646e-05,8.52666015329813e-19,1.05140644375497e-19,0.00173769642389355,-4.75297891340843,-1.08771310647892,-0.593110598391484,-2.92580986109489,-3.05671151826482,-13.6355073189212,-11.1602302412193,-42.0601855279179,-44.1532545333957,-6.80946144182318,0.454266504631119,1.30312472860881
0.058029105508834,2.2669951491174,3.71752357080084,0.360724228383126,0.316464825307443,8.05402186531248e-06,9.57220476570782e-05,3.64193263415199e-18,4.49079870714421e-19,0.00742210103445867,-4.75297891340843,-1.08771310647892,-0.593110598391484,-2.92580986109489,-3.05671151826482,-13.6355073189212,-11.1602302412193,-42.0601855279179,-44.1532545333957,-6.80946144182318,1.90616833822143,0.440854252570442
0.0370754302559294,1.44840799810084,2.37516647319366,0.230470655264651,0.202192838511957,5.14580266796747e-06,6.11578632954197e-05,2.32687059692382e-18,2.86922041620643e-19,0.00474206153692379,-4.75297891340843,-1.08771310647892,-0.593110598391484,-2.92580986109489,-3.05671151826482,-13.6355073189212,-11.1602302412193,-42.0601855279179,-44.1532545333957,-6.80946144182318,1.4581781273979,2.10766137721399
0.0142991438845223,0.558617775312923,0.916047282943073,0.0888872506142347,0.077981144664938,1.98461817550608e-06,2.35871864707839e-05,8.97420670141965e-19,1.10659256776078e-19,0.00182890447279133,-4.75297891340843,-1.08771310647892,-0.593110598391484,-2.92580986109489,-3.05671151826482,-13.6355073189212,-11.1602302412193,-42.0601855279179,-44.1532545333957,-6.80946144182318,0.505423301684751,1.31872449115236
0.0132055728083059,0.747560159013594,0.931792584415117,0.126332300528057,0.0849142268829684,5.79786783165894e-07,8.69418231265923e-05,4.07629076925658e-19,9.71420846634733e-20,0.00274845154953533,-4.97245931504957,-0.936283455683157,-0.715987996988289,-2.71418249685414,-3.11145658647918,-15.0059483752374,-9.99561432169663,-42.9892722761712,-44.4234552147986,-6.54206055779822,0.645342959013241,2.40349989955992
0.00343307690437226,0.194344581169869,0.242239821600836,0.0328428391191253,0.0220753067963239,1.50728229940558e-07,2.26024246984719e-05,1.0597207632401e-19,2.52542053375364e-20,0.000714519973837194,-4.97245931504957,-0.936283455683157,-0.715987996988289,-2.71418249685414,-3.11145658647918,-15.0059483752374,-9.99561432169663,-42.9892722761712,-44.4234552147986,-6.54206055779822,-0.701839048201293,2.63181221053873
0.00405662962836878,0.229643555343182,0.286238049670607,0.0388081123614545,0.0260848638407279,1.78105128559669e-07,2.67077226228234e-05,1.25219876096641e-19,2.98411484702501e-20,0.000844298853963264,-4.97245931504957,-0.936283455683157,-0.715987996988289,-2.71418249685414,-3.11145658647918,-15.0059483752374,-9.99561432169663,-42.9892722761712,-44.4234552147986,-6.54206055779822,-0.534943475872475,1.92547401232843
0.0125961366965372,0.713060318435992,0.888790432379446,0.120502075126839,0.0809954422140554,5.53029670247227e-07,8.29294650558369e-05,3.88817028157186e-19,9.26589853518566e-20,0.00262161073391543,-4.97245931504957,-0.936283455683157,-0.715987996988289,-2.71418249685414,-3.11145658647918,-15.0059483752374,-9.99561432169663,-42.9892722761712,-44.4234552147986,-6.54206055779822,0.598094191624045,1.78648056735901
0.0111309221471689,0.630115334722309,0.785404076369217,0.106484968298087,0.0715738470675706,4.88699857178324e-07,7.32828994700135e-05,3.43588845864224e-19,8.18806573027044e-20,0.0023166583280584,-4.97245931504957,-0.936283455683157,-0.715987996988289,-2.71418249685414,-3.11145658647918,-15.0059483752374,-9.99561432169663,-42.9892722761712,-44.4234552147986,-6.54206055779822,0.474431050318941,3.17646755944756
0.0111767564262797,0.632709987864414,0.788638168673083,0.106923446053439,0.0718685697904643,4.90712197697751e-07,7.35846596318358e-05,3.45003656501879e-19,8.22178208234777e-20,0.00232619773216246,-4.97245931504957,-0.936283455683157,-0.715987996988289,-2.71418249685414,-3.11145658647918,-15.0059483752374,-9.99561432169663,-42.9892722761712,-44.4234552147986,-6.54206055779822,0.47854033882759,3.47333013575161
0.00696998606949145,0.394567049083575,0.491806105445415,0.0666789989036699,0.0448182738505421,3.06015184695344e-07,4.58884521591818e-05,2.15149242591316e-19,5.12722156542807e-20,0.00145065036488872,-4.97245931504957,-0.936283455683157,-0.715987996988289,-2.71418249685414,-3.11145658647918,-15.0059483752374,-9.99561432169663,-42.9892722761712,-44.4234552147986,-6.54206055779822,0.00631726219962536,3.2487026534424
0.00644343721251821,0.364759410069252,0.454652524348855,0.0616417218837735,0.0414324692546316,2.8289721227599e-07,4.24218007495828e-05,1.98895754186082e-19,4.73988468586933e-20,0.00134106072096627,-4.97245931504957,-0.936283455683157,-0.715987996988289,-2.71418249685414,-3.11145658647918,-15.0059483752374,-9.99561432169663,-42.9892722761712,-44.4234552147986,-6.54206055779822,-0.0722338375468859,3.92578234709414
0.017580344916258,1.03551107564797,1.48042043421981,0.120871233691103,0.163170743966535,1.65982626918833e-06,0.000130244781712044,7.05007101717741e-19,1.75331599327293e-19,0.00560401247160957,-5.07887654997892,-1.00300768513292,-0.645576658261956,-3.15093226727393,-2.85086090030419,-14.3467004010595,-9.98399772463576,-42.8339818596262,-44.2255107014938,-6.22217520789759,1.03790278287125,3.1488233802573
0.00365420881519939,0.215238877217366,0.307716681708814,0.0251240080761776,0.0339162839992827,3.45007553233973e-07,2.70723715452093e-05,1.46541104747761e-19,3.64440105638822e-20,0.00116483674647959,-5.07887654997892,-1.00300768513292,-0.645576658261956,-3.15093226727393,-2.85086090030419,-14.3467004010595,-9.98399772463576,-42.8339818596262,-44.2255107014938,-6.22217520789759,-0.53299912566343,3.24343638584842
0.0043877282881392,0.258444374154471,0.369485504892369,0.0301672199160483,0.040724393776631,4.14261876510688e-07,3.25066837893467e-05,1.75956707236458e-19,4.3759517906933e-20,0.00139865765807739,-5.07887654997892,-1.00300768513292,-0.645576658261956,-3.15093226727393,-2.85086090030419,-14.3467004010595,-9.98399772463576,-42.8339818596262,-44.2255107014938,-6.22217520789759,-0.350067110080104,2.35902978165818
0.00180652053529062,0.10640701485606,0.152124996865601,0.0124204824665844,0.01676709422587,1.70560376066942e-07,1.33836892221414e-05,7.24450977978828e-20,1.80167190222295e-20,0.000575856938996978,-5.07887654997892,-1.00300768513292,-0.645576658261956,-3.15093226727393,-2.85086090030419,-14.3467004010595,-9.98399772463576,-42.8339818596262,-44.2255107014938,-6.22217520789759,-1.23747609001659,3.31031768790179
0.00392207085025894,0.231016389283882,0.330273032687295,0.0269656565074729,0.0364024267768706,3.70297412131959e-07,2.90568395662555e-05,1.57282909751991e-19,3.91154415983565e-20,0.00125022199871979,-5.07887654997892,-1.00300768513292,-0.645576658261956,-3.15093226727393,-2.85086090030419,-14.3467004010595,-9.98399772463576,-42.8339818596262,-44.2255107014938,-6.22217520789759,-0.46225893656333,2.31264112513683
0.00467779234469815,0.275529621608086,0.393911462324264,0.0321615152801456,0.0434166030667288,4.41647911489935e-07,3.46556364924357e-05,1.87588857845631e-19,4.66523732625075e-20,0.0014911201551595,-5.07887654997892,-1.00300768513292,-0.645576658261956,-3.15093226727393,-2.85086090030419,-14.3467004010595,-9.98399772463576,-42.8339818596262,-44.2255107014938,-6.22217520789759,-0.286052451587461,10.614302954277
0.0115880929573558,0.292702044921106,0.51004614350462,0.0461761432379406,0.147718221876986,5.60264824169934e-07,4.26622382733055e-05,2.41965979695036e-19,4.23066358465828e-20,0.00153039444420594,-4.46753369074637,-1.23835661240526,-0.683010593399365,-3.08504850789853,-1.92220523969064,-14.4046127781987,-10.0719528920716,-42.8752463298759,-44.6190995168235,-6.49198628363647,0.00975651350279999,3.17166877871867
0.0460268174885726,1.16258504740109,2.02585540556401,0.183407306530948,0.586722911447882,2.22531929129614e-06,0.000169450405850687,9.61066158758907e-19,1.68037986391032e-19,0.00607858307904576,-4.46753369074637,-1.23835661240526,-0.683010593399365,-3.08504850789853,-1.92220523969064,-14.4046127781987,-10.0719528920716,-42.8752463298759,-44.6190995168235,-6.49198628363647,1.38900262726335,4.24115997257595
0.0699985925544001,1.76808481409933,3.08096529036385,0.278929850506116,0.892301059723896,3.38431433834327e-06,0.000257703890134591,1.46161047266606e-18,2.55555851672083e-19,0.00924444233764012,-4.46753369074637,-1.23835661240526,-0.683010593399365,-3.08504850789853,-1.92220523969064,-14.4046127781987,-10.0719528920716,-42.8752463298759,-44.6190995168235,-6.49198628363647,1.80825354724575,1.43490145052806
0.166724805581163,0.958410338866401,2.98311412788866,0.265362407421159,0.306926873037822,4.64828338981398e-06,0.000131217618318143,1.32237475616444e-18,1.86267384004465e-19,0.00439667599645775,-3.33579178710581,-1.58686035458373,-0.451413326302733,-2.87103990263744,-2.72552684887907,-13.82339366054,-10.4830344950449,-42.7114835864967,-44.6714848535707,-6.9712875694451,1.54438109053648,3.95000187012343
0.133138871427722,0.765343048003831,2.38217970590972,0.211906388615925,0.245097886572148,3.71190838962946e-06,0.000104784441363805,1.05598853167974e-18,1.48744688612494e-19,0.0035109861316754,-3.33579178710581,-1.58686035458373,-0.451413326302733,-2.87103990263744,-2.72552684887907,-13.82339366054,-10.4830344950449,-42.7114835864967,-44.6714848535707,-6.9712875694451,1.31942923767718,2.29739935124065
0.169710911152998,0.975575837683556,3.03654285247262,0.270115150485359,0.312424051712162,4.73153593811602e-06,0.000133567776471377,1.34605899807237e-18,1.89603504693214e-19,0.00447542215930265,-3.33579178710581,-1.58686035458373,-0.451413326302733,-2.87103990263744,-2.72552684887907,-13.82339366054,-10.4830344950449,-42.7114835864967,-44.6714848535707,-6.9712875694451,1.56213297501464,3.35117860714736
0.220174885207215,1.68919508807494,3.60648795575828,0.375955691434721,0.33786826019506,8.53603290807996e-06,0.000694038599271521,1.97599170352416e-18,6.39852066269206e-19,0.00552890209799876,-3.34365817282206,-1.30607292092825,-0.547590623797516,-2.80860904162573,-2.91542427937351,-13.501539245922,-9.10330803761791,-42.595786330358,-43.7233750068547,-7.02809107594344,1.83032505716065,1.11966905784438
0.587281948170293,4.5056627654453,9.61974055631761,1.00280279780183,0.901210553081556,2.2768527987127e-05,0.00185123902892901,5.27064772224973e-18,1.70670495713311e-18,0.0147474785432482,-3.34365817282206,-1.30607292092825,-0.547590623797516,-2.80860904162573,-2.91542427937351,-13.501539245922,-9.10330803761791,-42.595786330358,-43.7233750068547,-7.02809107594344,2.8114079189137,1.12852520780831
0.593842203582778,4.55599344330103,9.72719823528748,1.01400464472124,0.911277559954595,2.30228646978453e-05,0.00187191836514422,5.32952369375696e-18,1.72576976998395e-18,0.0149122158150735,-3.34365817282206,-1.30607292092825,-0.547590623797516,-2.80860904162573,-2.91542427937351,-13.501539245922,-9.10330803761791,-42.595786330358,-43.7233750068547,-7.02809107594344,2.82251652737717,0.714179460613425
0.118347570028474,0.907969743186458,1.93854574057915,0.202082278720388,0.181609666998128,4.58825606473506e-06,0.000373056998087894,1.06212757321717e-18,3.43930858187531e-19,0.0029718745060667,-3.34365817282206,-1.30607292092825,-0.547590623797516,-2.80860904162573,-2.91542427937351,-13.501539245922,-9.10330803761791,-42.595786330358,-43.7233750068547,-7.02809107594344,1.20952869751033,2.130354826157
0.116270444689777,0.892033911467326,1.90452220737936,0.198535520459694,0.178422224780403,4.50772730584129e-06,0.000366509452216695,1.04348610812645e-18,3.37894506954218e-19,0.0029197149573874,-3.34365817282206,-1.30607292092825,-0.547590623797516,-2.80860904162573,-2.91542427937351,-13.501539245922,-9.10330803761791,-42.595786330358,-43.7233750068547,-7.02809107594344,1.19182179114353,2.11295935334406
0.0268373931547069,0.351509282379084,0.889530290524043,0.167472136530293,0.107699445369841,2.67355404446259e-06,0.000121951695052732,7.31422607769278e-19,7.53804012967796e-20,0.000934875221394134,-4.05240552568537,-1.47996558887999,-0.551508147734476,-2.22138471933367,-2.66285727330865,-13.2665482965953,-9.44633196253379,-42.1937419660766,-44.4661860701058,-7.40954391934188,0.434446428706241,0.778480261726245
0.0402318587628299,0.526946552557348,1.33349229589185,0.251056997404922,0.161451928284421,4.00791716585732e-06,0.000182817434724978,1.09647352416393e-18,1.13002542421882e-19,0.00140146875112576,-4.05240552568537,-1.47996558887999,-0.551508147734476,-2.22138471933367,-2.66285727330865,-13.2665482965953,-9.44633196253379,-42.1937419660766,-44.4661860701058,-7.40954391934188,0.839309434998776,0.507014394878583
0.018812522891102,1.11245359496572,1.49311753763415,0.265951293527104,0.0853891257219926,5.76725976242378e-06,0.000186094250672873,8.6322534763397e-19,2.48351612487193e-19,0.00326933303786178,-5.06488238324019,-0.985081841771265,-0.690783622300958,-2.41609195757672,-3.55218638333051,-13.1549633650112,-9.68090715211382,-42.6852610382025,-43.9310912821106,-6.81481914240227,1.09164986356918,1.98628300758895
0.0303535385126026,1.24372559974948,1.35586188919403,0.194647326648526,0.0714752507380617,4.9904877290597e-06,0.0001466134523361,8.88244700101595e-19,4.41963283250423e-19,0.00209920063837478,-4.55897150794909,-0.846017938871074,-0.759691997173267,-2.70069526904318,-3.70253336260471,-13.2721062415601,-9.89184034041554,-42.6291690145433,-43.3271894736943,-7.23032798498813,1.06412932987742,1.00595972721224
0.0534864672583991,2.1915892455772,2.3891864374619,0.342991241676773,0.125947709747249,8.79382014762362e-06,0.000258349965186425,1.56519053123591e-18,7.7879073865386e-19,0.0036990358197159,-4.55897150794909,-0.846017938871074,-0.759691997173267,-2.70069526904318,-3.70253336260471,-13.2721062415601,-9.89184034041554,-42.6291690145433,-43.3271894736943,-7.23032798498813,1.63064490243092,1.66662241671334
0.0224248980861235,0.918852337756434,1.00169753425654,0.143803545705793,0.0528052178435694,3.68692364080546e-06,0.000108316588042172,6.5622651761169e-19,3.26518161320277e-19,0.00155086894921114,-4.55897150794909,-0.846017938871074,-0.759691997173267,-2.70069526904318,-3.70253336260471,-13.2721062415601,-9.89184034041554,-42.6291690145433,-43.3271894736943,-7.23032798498813,0.76138809224701,0.978191589038594
0.00536324570699758,0.42077931798311,0.621058595735757,0.111899953237364,0.020170480360218,1.79996830496941e-06,3.66518111200732e-05,4.37157864612502e-19,7.01180522196555e-19,0.000701122186509222,-5.39370984679904,-1.0311706700293,-0.641853746420712,-2.35567398354412,-4.06905901370424,-13.3932654035506,-10.3795716161898,-42.4395164787433,-41.9670454800112,-7.4283522849503,0.165523901983117,1.14755587415338
0.00363998504652289,0.28557901483914,0.421506700418951,0.0759454589147725,0.0136895176733342,1.22162177014479e-06,2.48752437784048e-05,2.96694982309545e-19,4.75884707720651e-19,0.000475845115831488,-5.39370984679904,-1.0311706700293,-0.641853746420712,-2.35567398354412,-4.06905901370424,-13.3932654035506,-10.3795716161898,-42.4395164787433,-41.9670454800112,-7.4283522849503,-0.222065858640998,0.548055593398634
0.00503357406109258,0.39491456781116,0.582882942289091,0.105021610574017,0.0189306275132057,1.68932662526754e-06,3.43988725904086e-05,4.10286346762952e-19,6.58079879515305e-19,0.000658025129645795,-5.39370984679904,-1.0311706700293,-0.641853746420712,-2.35567398354412,-4.06905901370424,-13.3932654035506,-10.3795716161898,-42.4395164787433,-41.9670454800112,-7.4283522849503,0.102084848533143,1.95400385031997
0.00909813401434307,0.584975113613995,1.40612263094314,0.177375605919225,0.0300852656799823,2.95216464925498e-06,8.21671089586888e-05,4.94991920151631e-19,1.80443718097704e-18,0.000878010420765481,-5.49205377156104,-1.32855380519245,-0.451531822389485,-2.52185355917917,-4.29608757107701,-13.5253397089951,-10.1991233020063,-42.942113345072,-41.6486507735307,-7.8302199273527,0.792367831706502,5.14552121489274
0.0124066650820013,0.797700968624229,1.91745829626513,0.241878140384347,0.0410257547983064,4.02571758258224e-06,0.000112047129664134,6.74995439937084e-19,2.46061969746763e-18,0.00119729839237051,-5.49205377156104,-1.32855380519245,-0.451531822389485,-2.52185355917917,-4.29608757107701,-13.5253397089951,-10.1991233020063,-42.942113345072,-41.6486507735307,-7.8302199273527,1.10253232739797,2.12437579102498
0.0112686611120594,0.724531679123712,1.74157902984458,0.219691816970258,0.0372626587913006,3.65645778870823e-06,0.000101769583076424,6.13081340921425e-19,2.23491883702465e-18,0.00108747594494268,-5.49205377156104,-1.32855380519245,-0.451531822389485,-2.52185355917917,-4.29608757107701,-13.5253397089951,-10.1991233020063,-42.942113345072,-41.6486507735307,-7.8302199273527,1.00632401251368,3.44477989210738
0.0387889933934682,1.52103911247696,3.50033809896035,0.769491861936435,0.0324772303752606,3.62927979343219e-06,0.00028822550446276,1.06496671810863e-18,4.76660939444019e-18,0.0042988719915167,-5.01891547906062,-1.34990300311663,-0.516437167505275,-2.03132163257839,-5.19651277006029,-14.2957730644235,-9.92106411364551,-43.1528848568601,-41.6541931715578,-7.21869934928892,1.76929673103815,1.52952728613281
0.0813738051866039,3.19092426978905,7.34321274240676,1.61428475935745,0.0681326218174544,7.61371412458876e-06,0.000604656218119667,2.23414908890576e-18,9.99967027577278e-18,0.00901842356184305,-5.01891547906062,-1.34990300311663,-0.516437167505275,-2.03132163257839,-5.19651277006029,-14.2957730644235,-9.92106411364551,-43.1528848568601,-41.6541931715578,-7.21869934928892,2.51021361769271,2.77032791418119
0.0936574349760819,3.06789277167583,13.3709084676518,2.77478073184066,0.143918509955145,1.22497582370856e-05,0.000362024433772304,7.60426058582366e-18,1.7719115786941e-17,0.0185007111414335,-5.33698797138339,-1.84788557690319,-0.37579517221366,-1.94830478071184,-4.90738455191442,-14.2788808661518,-10.8926753610431,-42.3866994895175,-41.5407641383531,-6.9588226167946,2.96887650923542,1.37918625864551
0.0593821521798303,3.24494101006725,6.46896797760203,2.87473974359671,0.136132042823858,1.36313428271312e-05,0.000279260113447664,3.83306230984414e-18,3.25981550168304e-18,0.0205284368798035,-5.37359605613835,-1.37273731874711,-0.682817903103617,-1.49387234383672,-4.54396445117319,-13.7529732871651,-10.7332013942286,-42.6527021214931,-42.8146955647136,-6.43577867921581,2.54983449002213,1.4159786425227
0.0378664044314524,1.26681999635043,4.26435237644615,1.26689666588501,0.0299776156035944,1.39890391772736e-05,0.000120796959932529,1.72308364255904e-18,8.22571956383738e-19,0.0145671086933254,-5.2023990173267,-1.69219821022516,-0.478417707385249,-1.69213769080265,-5.43601235308651,-13.1059444816106,-10.9501074696155,-42.8311242035153,-43.5705590198108,-6.15769715164335,1.9287080307138,0.767689807262858
0.0155915025804924,0.521613486642824,1.75584827975543,0.521645055345058,0.0123432915815008,5.75999078090197e-06,4.97381819262269e-05,7.09480170159719e-19,3.38694232345572e-19,0.00599801106528205,-5.2023990173267,-1.69219821022516,-0.478417707385249,-1.69213769080265,-5.43601235308651,-13.1059444816106,-10.9501074696155,-42.8311242035153,-43.5705590198108,-6.15769715164335,1.04136979781495,1.20352255298651
0.0110018461642788,1.02399513025195,2.13697923778646,0.603245548695663,0.0240609099329049,9.6510422907504e-06,5.04238458428109e-05,7.33523313023853e-19,5.89386162169942e-19,0.00865808473876982,-5.84679652268672,-1.31339256454413,-0.57771107483592,-1.8425352889127,-5.06427108536481,-12.8855489745786,-11.2321506985135,-43.0935319080702,-43.3123096962088,-6.08636607820935,1.3371043355368,1.16584195584709
0.0225253576824888,2.096544182643,4.37528583588842,1.23509468791321,0.0492626959432094,1.97596999959716e-05,0.000103238597084169,1.50182748854948e-18,1.20671875590234e-18,0.0177267026528063,-5.84679652268672,-1.31339256454413,-0.57771107483592,-1.8425352889127,-5.06427108536481,-12.8855489745786,-11.2321506985135,-43.0935319080702,-43.3123096962088,-6.08636607820935,2.05368292642868,1.4116036215712
0.0252805290501868,2.35298133159102,4.91044547377092,1.38616432101297,0.0552882237626348,2.21765921239721e-05,0.00011586614470126,1.68552233388771e-18,1.35431760924756e-18,0.0198949303134342,-5.84679652268672,-1.31339256454413,-0.57771107483592,-1.8425352889127,-5.06427108536481,-12.8855489745786,-11.2321506985135,-43.0935319080702,-43.3123096962088,-6.08636607820935,2.16907574038241,1.21225740174284
0.0252318643802108,2.34845187495923,4.90099293391537,1.38349597380074,0.0551817946939383,2.2133902489797e-05,0.000115643103969712,1.68227772662681e-18,1.35171056651653e-18,0.0198566328467959,-5.84679652268672,-1.31339256454413,-0.57771107483592,-1.8425352889127,-5.06427108536481,-12.8855489745786,-11.2321506985135,-43.0935319080702,-43.3123096962088,-6.08636607820935,2.16714889899844,1.01634127184281
0.0221331839483915,2.06004267299344,4.29911069992876,1.21359129149437,0.0484050165362018,1.94156772531901e-05,0.000101441179849239,1.47568018814001e-18,1.18570939360149e-18,0.0174180750487267,-5.84679652268672,-1.31339256454413,-0.57771107483592,-1.8425352889127,-5.06427108536481,-12.8855489745786,-11.2321506985135,-43.0935319080702,-43.3123096962088,-6.08636607820935,2.03611926217642,1.2536252316233
0.00997345883069475,0.928278138223651,1.9372270918778,0.546857732318644,0.0218118387643,8.74892009239461e-06,4.57105237693115e-05,6.64957903842658e-19,5.34293839053009e-19,0.00784877832369219,-5.84679652268672,-1.31339256454413,-0.57771107483592,-1.8425352889127,-5.06427108536481,-12.8855489745786,-11.2321506985135,-43.0935319080702,-43.3123096962088,-6.08636607820935,1.23896869135517,0.516931484597071
0.00703898910839207,0.655152822650152,1.36724085712799,0.385956937004048,0.0153941875233285,6.17474381615994e-06,3.22612129265356e-05,4.69308744553332e-19,3.7708969151208e-19,0.00553944885846634,-5.84679652268672,-1.31339256454413,-0.57771107483592,-1.8425352889127,-5.06427108536481,-12.8855489745786,-11.2321506985135,-43.0935319080702,-43.3123096962088,-6.08636607820935,0.890505811006191,0.884010987879875
0.0106508968300376,0.991330575243449,2.06881145670773,0.58400253979175,0.0232933878101536,9.34318242649694e-06,4.88153689686412e-05,7.10124556623132e-19,5.7058525565517e-19,0.00838189935774343,-5.84679652268672,-1.31339256454413,-0.57771107483592,-1.8425352889127,-5.06427108536481,-12.8855489745786,-11.2321506985135,-43.0935319080702,-43.3123096962088,-6.08636607820935,1.30468534170781,2.66757066896717
0.0260457851915545,2.42420742859828,5.05908747996447,1.42812431154537,0.0569618300663507,2.28478903109596e-05,0.000119373479481841,1.73654406349073e-18,1.39531358151465e-18,0.0204971612862992,-5.84679652268672,-1.31339256454413,-0.57771107483592,-1.8425352889127,-5.06427108536481,-12.8855489745786,-11.2321506985135,-43.0935319080702,-43.3123096962088,-6.08636607820935,2.19889720194412,0.489145524545714
0.0602373431601536,5.60658139863714,11.7003955291266,3.30289194958926,0.131738370699983,5.28414174894253e-05,0.000276080801361323,4.0161891797809e-18,3.22700899234072e-18,0.0474047731381959,-5.84679652268672,-1.31339256454413,-0.57771107483592,-1.8425352889127,-5.06427108536481,-12.8855489745786,-11.2321506985135,-43.0935319080702,-43.3123096962088,-6.08636607820935,3.03733372197648,0.587876873716571
0.0682377193498882,6.68903278686254,7.70736005773734,1.40992843065659,0.218804149018602,7.08051472081841e-05,0.000219569142550278,6.62302793554729e-18,2.27518159633333e-18,0.0834169499897612,-5.46835263376615,-0.883125548659989,-0.741419112414697,-2.44005589169099,-4.30317308239947,-12.3391736956198,-11.2074382112154,-42.3395738528324,-43.4080666385047,-5.26749858937327,2.78359483639324,1.63988608488353
0.0693831402439961,6.80131317941434,7.83673383125515,1.43359512847499,0.222476939469266,7.19936642892838e-05,0.000223254773986594,6.73420038755637e-18,2.3133722123615e-18,0.084817165564832,-5.46835263376615,-0.883125548659989,-0.741419112414697,-2.44005589169099,-4.30317308239947,-12.3391736956198,-11.2074382112154,-42.3395738528324,-43.4080666385047,-5.26749858937327,2.80024125681758,3.05642772813018
0.0527520704155134,3.91755642422474,3.33617190994172,0.391790777301611,0.284412124407912,2.30752332925717e-05,0.000126897471789248,8.87599616592128e-18,9.60467341697471e-19,0.0412277944747926,-5.02459691979355,-0.716976563715679,-0.877620647054644,-3.01947197503095,-3.33977561240955,-12.7591953294197,-11.0545757682815,-41.3456257627633,-43.569311634581,-5.27108728888854,2.08244466198054,3.55071943566184
0.00551584471718504,1.26802145787286,2.06761185735738,0.26136729376381,0.0701554786958083,3.12459858930553e-06,2.99444262637393e-05,9.90092656029202e-19,4.60475053766211e-20,0.00834002171850913,-6.50332715634172,-1.06573890706561,-0.576802436385755,-2.64502529066599,-3.960238061307,-13.9794014199989,-11.7193640376496,-42.7596851077272,-45.8278100492515,-6.08988614402721,1.30319668555012,1.16954148062618
0.0062679427702431,0.608259906568127,1.16182536598903,0.471120580302273,0.0541632536569262,2.00498099107029e-06,2.192281846806e-05,8.56207767755716e-19,3.58559803013303e-20,0.00794332496744,-5.90938329704363,-1.33422922249874,-0.687083852357683,-1.58971742064435,-3.75282878932444,-13.9569521900619,-11.5650587364511,-42.4388500988922,-45.6118527972476,-5.67249954178518,0.83707621204822,1.4142025393444
0.0151156002366369,1.46686304018397,2.80182643984056,1.13614157246451,0.130618628759737,4.83515760337729e-06,5.28684725069217e-05,2.06480735566716e-18,8.64693064685749e-20,0.0191559063569534,-5.90938329704363,-1.33422922249874,-0.687083852357683,-1.58971742064435,-3.75282878932444,-13.9569521900619,-11.5650587364511,-42.4388500988922,-45.6118527972476,-5.67249954178518,1.71735535682676,5.16391119127602
0.0280827041531101,2.7252295737998,5.20540777518674,2.1107946198681,0.242671428915795,8.98305713194199e-06,9.82223430889733e-05,3.83612778815243e-18,1.60648066491991e-19,0.0355890366631377,-5.90938329704363,-1.33422922249874,-0.687083852357683,-1.58971742064435,-3.75282878932444,-13.9569521900619,-11.5650587364511,-42.4388500988922,-45.6118527972476,-5.67249954178518,2.33678189433132,1.13526201053062
0.0283551827734594,2.75167171378587,5.25591439026217,2.13127506942618,0.245026001886712,9.07021722167144e-06,9.91753669995783e-05,3.87334866266298e-18,1.62206789728928e-19,0.0359343471274243,-5.90938329704363,-1.33422922249874,-0.687083852357683,-1.58971742064435,-3.75282878932444,-13.9569521900619,-11.5650587364511,-42.4388500988922,-45.6118527972476,-5.67249954178518,2.34643784540547,0.993375979492526
0.0216354272760102,2.09956654932206,4.01034105362528,1.62619465859709,0.186958493158206,6.9207109911761e-06,7.56722838795942e-05,2.95542278726254e-18,1.23766199318601e-19,0.0274184426952097,-5.90938329704363,-1.33422922249874,-0.687083852357683,-1.58971742064435,-3.75282878932444,-13.9569521900619,-11.5650587364511,-42.4388500988922,-45.6118527972476,-5.67249954178518,2.07596014083892,1.66703344180855
0.0172991013663032,1.67875651812502,3.20656003299902,1.3002611818813,0.149486944869412,5.53361296894722e-06,6.05055075988395e-05,2.36307597372144e-18,9.89600991198628e-20,0.0219230437855294,-5.90938329704363,-1.33422922249874,-0.687083852357683,-1.58971742064435,-3.75282878932444,-13.9569521900619,-11.5650587364511,-42.4388500988922,-45.6118527972476,-5.67249954178518,1.85228257407176,0.493163037704224
0.00137315591277891,0.133255155292041,0.254528069161436,0.103211218447166,0.0118658696705789,4.39243241972152e-07,4.80276366706962e-06,1.87574584190945e-19,7.85518521212441e-21,0.00174019196504909,-5.90938329704363,-1.33422922249874,-0.687083852357683,-1.58971742064435,-3.75282878932444,-13.9569521900619,-11.5650587364511,-42.4388500988922,-45.6118527972476,-5.67249954178518,-0.68126030531499,0.831616976503947
0.0370881261984545,3.5991426538478,6.87465207865893,2.78767375156844,0.320490097083173,1.1863699262754e-05,0.000129719796075561,5.06627818833605e-18,2.12163890311568e-19,0.0470015521243063,-5.90938329704363,-1.33422922249874,-0.687083852357683,-1.58971742064435,-3.75282878932444,-13.9569521900619,-11.5650587364511,-42.4388500988922,-45.6118527972476,-5.67249954178518,2.61492488788923,1.79029275878245
0.02660192813678,2.5815306418923,4.93093125231738,1.99949429667066,0.229875580274301,8.50938851791611e-06,9.30431662860233e-05,3.6338521813126e-18,1.52177236808561e-19,0.0337124584088591,-5.90938329704363,-1.33422922249874,-0.687083852357683,-1.58971742064435,-3.75282878932444,-13.9569521900619,-11.5650587364511,-42.4388500988922,-45.6118527972476,-5.67249954178518,2.28261171756725,0.367312385679209
0.0620028427879286,6.01694124269758,11.4928419347473,4.66035130590489,0.535785954734052,1.98333848503367e-05,0.000216861754608954,8.46965544580143e-18,3.54689375944035e-19,0.078575817811832,-5.90938329704363,-1.33422922249874,-0.687083852357683,-1.58971742064435,-3.75282878932444,-13.9569521900619,-11.5650587364511,-42.4388500988922,-45.6118527972476,-5.67249954178518,3.12880825347364,0.439886075359378
0.0349274531146379,3.38946447772821,6.47414989023668,2.62526997820857,0.30181904525672,1.11725461013793e-05,0.000122162604582011,4.77112790605727e-18,1.99803686274808e-19,0.0442633445365414,-5.90938329704363,-1.33422922249874,-0.687083852357683,-1.58971742064435,-3.75282878932444,-13.9569521900619,-11.5650587364511,-42.4388500988922,-45.6118527972476,-5.67249954178518,2.55490116024072,0.536004910325207
0.0350875533646441,3.40500108466288,6.50382605965567,2.63730367498186,0.303202521585315,1.12237587511584e-05,0.000122722572795863,4.7929977735241e-18,2.00719545213041e-19,0.0444662385896276,-5.90938329704363,-1.33422922249874,-0.687083852357683,-1.58971742064435,-3.75282878932444,-13.9569521900619,-11.5650587364511,-42.4388500988922,-45.6118527972476,-5.67249954178518,2.5594744806502,0.417241866088976
0.0542849277702286,9.11915142530182,16.4621624750627,5.25390006284068,0.47395861612451,1.60815504109169e-05,0.000308374400343367,7.63528784710303e-18,7.6534780937773e-19,0.0424475117182013,-6.36051492801867,-1.23662950986759,-0.645941699948067,-1.78803559422818,-4.19364153300634,-14.4848441444256,-11.5312021918397,-42.8607572990906,-45.1609628337439,-6.60649324886428,3.44700626415354,0.342727966916768
0.114442024703341,4.79448939348216,13.4402555576315,4.83372551782998,0.298385348560174,6.55900947417099e-06,0.000148259746264412,3.85630763488254e-18,8.93797155045584e-19,0.0351987027402068,-5.32539565758913,-1.59024152351898,-0.559454389283122,-1.58209123981546,-4.36707825075946,-15.0923797001022,-11.9742535190623,-43.2545302583984,-44.7165168382705,-6.50445478993068,3.15770873890207,0.384658029954528
0.0735884135954585,3.93365409171389,8.8665219283262,1.14234373771596,0.23188849865066,3.14986350419914e-06,6.55346429305299e-05,1.48399241762682e-18,3.01205843081987e-19,0.0660329991469782,-5.27051264005832,-1.2916761622244,-0.478962347330489,-2.52816288825163,-4.12274358255368,-15.3293963885097,-12.2941766058823,-43.7130405890204,-45.3077380082386,-5.37884562527598,2.66124495044381,0.136625068095961
0.0208649667049556,1.11533266777051,2.51397843470704,0.323895609220321,0.065748744499457,8.93099795595076e-07,1.85814325375136e-05,4.20765319856019e-19,8.54027092062709e-20,0.0187227344810582,-5.27051264005832,-1.2916761622244,-0.478962347330489,-2.52816288825163,-4.12274358255368,-15.3293963885097,-12.2941766058823,-43.7130405890204,-45.3077380082386,-5.37884562527598,1.40082887938181,1.24386448747084
0.00559177301840632,0.859858313241887,1.65458686132892,0.1126528536816,0.0755360173561581,2.27165466583667e-07,1.42922607398436e-05,2.31553082991004e-19,2.73489995691435e-20,0.0092681243746821,-6.18617431934546,-1.15070310940928,-0.496164107008118,-3.18315973419972,-3.58286113946217,-16.2973026113797,-12.155507828265,-43.9091932595141,-46.045322457558,-5.68088970676194,0.99971545405727,0.496321480453547
0.000563037579546407,0.0988783898764837,0.195968895502103,0.022572570531669,0.00883557686991379,3.63569320397639e-08,1.90151863021301e-06,7.42652288896099e-20,6.49754830225158e-21,0.00177979751146946,-6.36925073605405,-1.20095112176909,-0.516885881515211,-2.67810635586721,-3.61605543438575,-16.0169675012935,-12.0599442647379,-42.9337306460846,-45.3699485841464,-5.2183422315026,-1.11291344724786,1.10087403802092
0.00060990627211821,0.196713557587154,0.217512317605002,0.0456784413097518,0.0118783715429513,1.2997705511811e-07,2.37376078851246e-06,1.40281731831718e-19,1.09047086868328e-20,0.00321438008705451,-6.65904707931344,-0.882848445206335,-0.782341611835868,-2.34297065060276,-3.68987786439807,-15.1127497156057,-12.2078768443522,-42.6674759965893,-45.2219340817484,-4.9969625732867,-0.743158185554424,0.455386179556507
0.00145902206144811,0.317415724384093,0.35275752639589,0.0738683259847609,0.0170184349382856,4.92816922680833e-07,7.09963486905792e-06,2.87010384101829e-19,2.60315084036964e-20,0.00925435100861675,-6.27093441115002,-0.888488453426147,-0.782919874663206,-2.34641667186873,-3.81440363686917,-14.264073607993,-11.5964127246646,-42.4357140787623,-44.8359248094164,-4.42360698127347,-0.259054477468081,0.67205464117598
0.0037406503728462,0.813792525238546,0.904402070060146,0.189384100787463,0.0436319756083558,1.26348727293494e-06,1.82020906480707e-05,7.3583911351941e-19,6.67397527350542e-20,0.0237263660814515,-6.27093441115002,-0.888488453426147,-0.782919874663206,-2.34641667186873,-3.81440363686917,-14.264073607993,-11.5964127246646,-42.4357140787623,-44.8359248094164,-4.42360698127347,0.682438624959029,0.471591403775378
0.00231121421993792,0.306827183305215,0.668938859876341,0.0771590767035299,0.0218197178553321,3.35101891464601e-07,5.33161722339677e-06,2.18619456174038e-19,3.60540235776363e-20,0.0316248850785189,-6.17315833109567,-1.28464668560988,-0.505238688235233,-2.66506213190064,-3.92811730409948,-15.0120072726266,-12.2450320216706,-43.0701304524378,-44.8724445592275,-3.55698704070748,0.103176074885604,0.286258434226989
0.014711317452576,1.95301329394035,4.25792288707424,0.491132177165204,0.138886648120421,2.13298718126909e-06,3.3936756200435e-05,1.39155435845847e-18,2.29490707402932e-19,0.20129839968007,-6.17315833109567,-1.28464668560988,-0.505238688235233,-2.66506213190064,-3.92811730409948,-15.0120072726266,-12.2450320216706,-43.0701304524378,-44.8724445592275,-3.55698704070748,1.95402014441436,0.300944872908893
0.0114453854694617,1.13544174520579,1.29010592611833,0.381210748639924,0.194423342581977,1.76297260954986e-06,4.36217659674558e-05,2.47515372621714e-18,1.76250832615861e-19,0.174512134855154,-5.6293066237641,-1.03211619974392,-0.904413649509495,-2.12354088852976,-2.79685529693605,-14.4076471687247,-11.1990922905228,-41.6993671459801,-44.3415167649141,-2.90489897682228,1.15913797778199,0.470901694619045
0.0592794316897124,6.31718424493949,11.2229441357563,0.90214540266391,1.94315992880438,1.00649545842675e-05,0.000393059093751375,1.38787205779216e-17,8.96370221578316e-19,0.484759180276472,-5.86667047048579,-1.19790400754844,-0.623217319200034,-3.14415715718314,-2.37686210831269,-14.5476285966912,-10.8827281771841,-41.8573524860108,-44.5971110170801,-3.7652806324365,3.04117758556484,0.528959585081793
0.00487978889221618,0.52002059786765,0.923854979215844,0.0742631801554067,0.159957846526129,8.28531114097918e-07,3.23560018205333e-05,1.1424742880264e-18,7.37877763988467e-20,0.0399046076503374,-5.86667047048579,-1.19790400754844,-0.623217319200034,-3.14415715718314,-2.37686210831269,-14.5476285966912,-10.8827281771841,-41.8573524860108,-44.5971110170801,-3.7652806324365,0.544017150641211,0.372090305689317
0.00390831764883969,0.416494591323044,0.739933386462112,0.0594788225620396,0.128113344338661,6.63586652489608e-07,2.59145499435014e-05,9.1502983466387e-19,5.90980624650095e-20,0.031960374883965,-5.86667047048579,-1.19790400754844,-0.623217319200034,-3.14415715718314,-2.37686210831269,-14.5476285966912,-10.8827281771841,-41.8573524860108,-44.5971110170801,-3.7652806324365,0.322022204069779,0.675030543837156
0.0893886591742451,9.5258104424406,16.9233054313645,1.36036337774694,2.93013032760044,1.51771494647018e-05,0.000592701791585778,2.09280046746755e-17,1.35165486487806e-18,0.730978214739532,-5.86667047048579,-1.19790400754844,-0.623217319200034,-3.14415715718314,-2.37686210831269,-14.5476285966912,-10.8827281771841,-41.8573524860108,-44.5971110170801,-3.7652806324365,3.45190901076215,0.67193138244788
0.037870356696852,4.03570030711192,7.16971950464387,0.576330899562867,1.24137761657425,6.42994390092939e-06,0.000251103758234734,8.8663484753523e-18,5.72641455155824e-19,0.309685881693929,-5.86667047048579,-1.19790400754844,-0.623217319200034,-3.14415715718314,-2.37686210831269,-14.5476285966912,-10.8827281771841,-41.8573524860108,-44.5971110170801,-3.7652806324365,2.5930838523551,0.629899600980824
0.00387712845039054,0.413170876715141,0.734028562109778,0.0590041690238452,0.127090972853132,6.5829109116315e-07,2.5707746373902e-05,9.07727703756289e-19,5.86264474726279e-20,0.031705324357286,-5.86667047048579,-1.19790400754844,-0.623217319200034,-3.14415715718314,-2.37686210831269,-14.5476285966912,-10.8827281771841,-41.8573524860108,-44.5971110170801,-3.7652806324365,0.314009981031424,0.488189857954405
0.00201095338636911,0.156229106177209,0.306591572134052,0.037436749651466,0.122069281540924,8.03169341773023e-08,6.09039793372701e-06,1.13646258643225e-19,4.46416921981449e-20,0.0144340050911026,-5.76094779246116,-1.40823316444463,-0.734040245741245,-2.83690389067783,-1.65496795862133,-15.8890867965066,-11.5605985808934,-43.1729977677793,-44.1074201725276,-3.78996983628789,-0.448198555328238,0.477991540966247
0.0115936305701134,0.900698421751043,1.76757424976932,0.215831877629237,0.703758806015839,4.63046468251074e-07,3.51126108378388e-05,6.55198050494874e-19,2.57370106576408e-19,0.083215515490155,-5.76094779246116,-1.40823316444463,-0.734040245741245,-2.83690389067783,-1.65496795862133,-15.8890867965066,-11.5605985808934,-43.1729977677793,-44.1074201725276,-3.78996983628789,1.30364837200356,1.48154959875596
0.00964224255297286,0.749096893943765,1.4700640617789,0.179504021814308,0.585305273042605,3.8510855880503e-07,2.9202613307289e-05,5.44918046586054e-19,2.14050721944811e-19,0.069209052304562,-5.76094779246116,-1.40823316444463,-0.734040245741245,-2.83690389067783,-1.65496795862133,-15.8890867965066,-11.5605985808934,-43.1729977677793,-44.1074201725276,-3.78996983628789,1.11934622502376,5.03337877403186
0.0265367380718816,1.1059196132244,4.10488250484478,0.640211950821939,0.942598941170036,7.20344774131962e-07,9.36578185027828e-05,9.59170233668656e-19,3.43557907386853e-19,0.0539575694177563,-5.5570006835636,-1.8270983018021,-0.515598399778235,-2.37373150411836,-1.98688990762446,-16.0713114064122,-11.2036381659673,-43.4159939019222,-44.4427067947875,-4.84733281262892,1.92777551982349,2.85816195695313
0.0274852218346635,1.14544771171352,4.25160040187593,0.663094591425645,0.976289584989689,7.46091545269329e-07,9.70053633241108e-05,9.93453173414833e-19,3.5583745342032e-19,0.0558861364606721,-5.5570006835636,-1.8270983018021,-0.515598399778235,-2.37373150411836,-1.98688990762446,-16.0713114064122,-11.2036381659673,-43.4159939019222,-44.4427067947875,-4.84733281262892,1.96289387697898,2.29472861376055
0.00650890568744417,0.905390527428699,1.04243668187757,0.163155868474001,0.176001046220176,4.32368461779466e-07,0.00010705913799285,5.21928713003004e-19,1.41127230974035e-19,0.0175736221287416,-5.87233961661076,-0.937144588892794,-0.796194746514219,-2.65080496933516,-2.57502102208123,-15.4917433739991,-9.9798848672105,-42.9345116219989,-44.2423808045862,-4.87911192641382,0.837755682552393,3.08843810102065
0.00501651380712389,0.697798416475245,0.803421997307298,0.12574673934698,0.13564671556617,3.33233029088996e-07,8.25121256490047e-05,4.02258493338546e-19,1.08768929331408e-19,0.0135442610913951,-5.87233961661076,-0.937144588892794,-0.796194746514219,-2.65080496933516,-2.57502102208123,-15.4917433739991,-9.9798848672105,-42.9345116219989,-44.2423808045862,-4.87911192641382,0.577319569350415,1.76133530012636
0.00334849038287002,0.53465649277369,1.10477662936014,0.0211081418544089,0.0536430582445543,3.71560327384819e-07,0.000105912911244558,6.68817960688184e-19,2.66478047885086e-20,0.0143859618657339,-6.24853694494259,-1.1754220861362,-0.449648109093082,-4.40738772130478,-3.4746944861937,-15.3548458755718,-9.70218467182962,-42.3980663146223,-45.6208714558225,-4.7907936965838,0.54929127825323,2.44289145636724
0.00323333627859187,0.516269732627442,1.06678351944045,0.0203822358817786,0.0517982811609786,3.58782420987303e-07,0.000102270581408925,6.45817406891708e-19,2.57313906016566e-20,0.0138912306993244,-6.24853694494259,-1.1754220861362,-0.449648109093082,-4.40738772130478,-3.4746944861937,-15.3548458755718,-9.70218467182962,-42.3980663146223,-45.6208714558225,-4.7907936965838,0.514296173705972,3.93465912737957
0.00319051772872566,0.509432855981704,1.05265627767286,0.0201123172255389,0.0511123248935899,3.54031123361417e-07,0.000100916228625115,6.3726495132915e-19,2.53906339538253e-20,0.0137072713758416,-6.24853694494259,-1.1754220861362,-0.449648109093082,-4.40738772130478,-3.4746944861937,-15.3548458755718,-9.70218467182962,-42.3980663146223,-45.6208714558225,-4.7907936965838,0.500964866994575,2.67536671889847
0.00374368122995834,1.21165622474547,1.68388814641218,0.10507422278083,0.10827776381006,1.27372758964098e-06,9.38767987353611e-05,1.55779257075925e-18,4.89296644490173e-20,0.0226368749589975,-6.73043371345507,-0.950759643429003,-0.621642355648873,-3.39583614281479,-3.36580331426226,-14.716310694458,-10.4162751349935,-42.1460097213525,-45.6066509532661,-4.9309229149134,1.14274784789257,2.87957208386023
0.0169498035814447,1.66274219248257,1.79817193054323,0.363949728042275,0.151951283703457,1.03132215398766e-06,0.000198035365578307,3.86759952161676e-18,3.14051380799467e-20,0.0175352578528428,-5.4666640858014,-0.880696889836839,-0.802394497768922,-2.39990458312062,-3.27336036392175,-15.1738339867052,-9.91622998165069,-41.4830626904187,-46.2964804926911,-5.43270674292325,1.38916505246322,1.66233982920143
0.0119019065979135,1.16755348675555,1.262650287449,0.255560228098286,0.106697990769132,7.24179480319018e-07,0.000139057565645003,2.71577237123913e-18,2.2052233132146e-20,0.0123130041083978,-5.4666640858014,-0.880696889836839,-0.802394497768922,-2.39990458312062,-3.27336036392175,-15.1738339867052,-9.91622998165069,-41.4830626904187,-46.2964804926911,-5.43270674292325,1.03560741241522,2.73527449119763
0.0267481690839987,2.62394246009497,2.83766160528989,0.574342281724562,0.239791488408758,1.62751026714756e-06,0.000312515918998547,6.1033867122005e-18,4.95598630056304e-20,0.0276720635567022,-5.4666640858014,-0.880696889836839,-0.802394497768922,-2.39990458312062,-3.27336036392175,-15.1738339867052,-9.91622998165069,-41.4830626904187,-46.2964804926911,-5.43270674292325,1.84537483236079,1.3831334438362
0.0163174612221961,2.24169162562576,5.22064710150282,0.847587391456032,0.120578572036366,6.33635208400046e-07,0.000830788893154523,3.00170297528009e-18,3.13944484979124e-20,0.0304109651114021,-6.25300168939766,-1.33025141461902,-0.484860825468413,-2.30284351376639,-4.25293587393438,-16.4092746146619,-9.23061702039255,-42.4848340733401,-47.0451380605061,-5.63043422663553,2.13748218548497,1.68815918791702
0.0152002423827562,2.08820818342477,4.86320146603029,0.789555042617456,0.112322836019752,5.9025167081921e-07,0.000773906698651918,2.79618331332285e-18,2.92449432018321e-20,0.028328796648713,-6.25300168939766,-1.33025141461902,-0.484860825468413,-2.30284351376639,-4.25293587393438,-16.4092746146619,-9.23061702039255,-42.4848340733401,-47.0451380605061,-5.63043422663553,2.06655778437458,0.518004628044887
0.0156251294964959,2.14657914393982,4.99914085320615,0.811625201418144,0.115462557374303,6.06750771457167e-07,0.000795539444710434,2.87434405757737e-18,3.00624169759744e-20,0.0291206616953814,-6.25300168939766,-1.33025141461902,-0.484860825468413,-2.30284351376639,-4.25293587393438,-16.4092746146619,-9.23061702039255,-42.4848340733401,-47.0451380605061,-5.63043422663553,2.09412689377939,0.49735726770274
0.0210181531056443,5.72150682183305,10.1722733889065,1.32047665265277,0.171892522179985,7.87461809085033e-07,0.00139667127066032,8.50398472156554e-18,7.43714846172441e-20,0.0515251861707194,-6.72228649661583,-1.11568551446127,-0.540251991740065,-2.58192494363996,-4.62080358408024,-16.9143686793742,-9.4335812528578,-42.1659145450239,-46.9051320713284,-5.82560225455238,2.85991771555168,0.447833943078183
0.00344960554115445,1.35830481916353,2.56625009632794,0.3792674341427,0.0494337683306619,1.22664059121976e-07,0.000382502316913678,1.26290620019819e-18,2.70534713275401e-20,0.00817230365897545,-7.1431732920045,-1.167440435854,-0.531232174744063,-2.44319159338835,-4.48079942050037,-17.3874943464609,-9.34245374905689,-42.6867940023738,-46.5301495274091,-6.28068234588371,1.47367790163153,0.642055402191667
0.00598772660881344,1.54111085511625,3.4633238456007,0.589403701343722,0.0562546687914207,1.88266380001334e-07,0.000907101947334719,1.45675625475383e-18,1.02902385387691e-19,0.0190688239439286,-6.85430025593757,-1.30375329507982,-0.49402800900054,-2.26490071480778,-4.61412302656536,-17.2216647480522,-8.74151249953581,-42.806576239185,-45.4567629146532,-5.69595731771219,1.73625678595975,0.874606152422712
0.0067570168973558,1.04010265094651,1.14383988940827,0.321744456300311,0.0251336986820422,7.420412892775e-08,0.000174264565832922,9.81977964216115e-19,4.11724181930231e-20,0.0167153912492896,-5.93501753815208,-0.898524353339824,-0.803452838103698,-2.07184142694569,-4.6213895207767,-17.3542898068502,-9.5927796846921,-42.4025618489262,-45.5743621464987,-5.02926911676265,0.937843764455488,1.66988061776895
0.0116049374822075,1.78633950790267,1.96450454510965,0.552584721531937,0.0431662383463745,1.27442966357711e-07,0.000299293226963288,1.68651241468596e-18,7.07121717141645e-20,0.0287080931401184,-5.93501753815208,-0.898524353339824,-0.803452838103698,-2.07184142694569,-4.6213895207767,-17.3542898068502,-9.5927796846921,-42.4025618489262,-45.5743621464987,-5.02926911676265,1.47869291173901,2.91772896485683
0.0226380330482497,3.48465580941693,3.83220666925724,1.07794042037513,0.0842054282284652,2.48606085866139e-07,0.000583838557812153,3.28992067716695e-18,1.37939948632473e-19,0.0560015736624724,-5.93501753815208,-0.898524353339824,-0.803452838103698,-2.07184142694569,-4.6213895207767,-17.3542898068502,-9.5927796846921,-42.4025618489262,-45.5743621464987,-5.02926911676265,2.14689362923641,2.57847045521525
0.00634453661874384,1.36675019978085,1.76788173937597,0.393676354433639,0.0211152199569031,2.02702141416916e-07,0.000121414228779487,7.74271701899187e-19,1.81853207670662e-20,0.0187399406599206,-6.33402277597015,-0.961425759591484,-0.704079492071624,-2.20608770725143,-5.13162273811487,-16.6853897836366,-10.2901640450017,-42.9762256693951,-46.7275338000464,-5.25095973322655,1.27386156455664,2.025665783537
0.0112352699940269,2.4203197856187,3.13066656447662,0.697144708607875,0.0373920447551995,3.58956599045902e-07,0.000215007292640416,1.3711248184575e-18,3.22036109213012e-20,0.0331857636953694,-6.33402277597015,-0.961425759591484,-0.704079492071624,-2.20608770725143,-5.13162273811487,-16.6853897836366,-10.2901640450017,-42.9762256693951,-46.7275338000464,-5.25095973322655,1.84532543384763,1.76288312312898
0.0109196996547113,2.35233911969736,3.04273405279144,0.677563675631859,0.0363417967186701,3.48874415367119e-07,0.000208968281176522,1.33261338754086e-18,3.12990928784746e-20,0.032253659463307,-6.33402277597015,-0.961425759591484,-0.704079492071624,-2.20608770725143,-5.13162273811487,-16.6853897836366,-10.2901640450017,-42.9762256693951,-46.7275338000464,-5.25095973322655,1.81683596277921,1.48777572983464
0.0124442326725394,2.68075645446903,3.46753955794553,0.772160434502978,0.0414155872785512,3.97581850747284e-07,0.000238142988760622,1.51866366122484e-18,3.56688559699637e-20,0.0367566925459414,-6.33402277597015,-0.961425759591484,-0.704079492071624,-2.20608770725143,-5.13162273811487,-16.6853897836366,-10.2901640450017,-42.9762256693951,-46.7275338000464,-5.25095973322655,1.94752477341687,4.07754054951138
0.00594579566070116,1.05719587576348,3.82174731811754,0.37243508670026,0.0181555816838933,2.74839579503554e-07,0.000136370674353115,1.3826976700656e-18,3.2312771339003e-20,0.0321105132611129,-6.794234569651,-1.61354364616542,-0.328455917655093,-2.65685616905202,-5.67794088356802,-16.7762419055647,-10.5692974818932,-42.7916588983551,-46.5479880521148,-5.10773543535714,1.66916364881186,10.3613010537147
0.00428910808742862,0.737126122609494,2.03702723251892,0.217323145017166,0.00545243601783939,3.824056327632e-08,5.40909825451895e-05,6.56554300856024e-19,2.55449592944673e-20,0.0113019506829829,-6.55447137672909,-1.40779117574922,-0.391303397953854,-2.62916478962114,-6.31448769846388,-18.1821639228857,-10.927637971283,-42.970076453944,-46.2166418476202,-5.58557484539283,1.10279490404334,3.37980348849906
0.00675918109869587,1.16163287418668,3.21013965768932,0.342478311146925,0.00859246298353908,6.02630866912345e-08,8.52416724821968e-05,1.03466019744772e-18,4.02561564107452e-20,0.0178106799543512,-6.55447137672909,-1.40779117574922,-0.391303397953854,-2.62916478962114,-6.31448769846388,-18.1821639228857,-10.927637971283,-42.970076453944,-46.2166418476202,-5.58557484539283,1.5576178412177,2.53426501579006
0.00647955570705453,1.11357645394214,3.07733709686166,0.328310081226055,0.00823699524390427,5.77700200058629e-08,8.17152488364989e-05,9.9185660057667e-19,3.8590770717129e-20,0.0170738572113425,-6.55447137672909,-1.40779117574922,-0.391303397953854,-2.62916478962114,-6.31448769846388,-18.1821639228857,-10.927637971283,-42.970076453944,-46.2166418476202,-5.58557484539283,1.51536804203438,1.15074636154742
0.00596955472622259,1.02592768457922,2.83512219684293,0.302469040418271,0.00758866751227823,5.3222984962458e-08,7.52835027508579e-05,9.13788309785066e-19,3.55533200327605e-20,0.0157299866871815,-6.55447137672909,-1.40779117574922,-0.391303397953854,-2.62916478962114,-6.31448769846388,-18.1821639228857,-10.927637971283,-42.970076453944,-46.2166418476202,-5.58557484539283,1.4333884371475,2.38328797375623
0.00937875143247184,1.61183223584389,4.45425288557475,0.475208298809968,0.01192253519156,8.36184890414668e-08,0.00011827770941852,1.43565036462874e-18,5.58577258236109e-20,0.024713339929211,-6.55447137672909,-1.40779117574922,-0.391303397953854,-2.62916478962114,-6.31448769846388,-18.1821639228857,-10.927637971283,-42.970076453944,-46.2166418476202,-5.58557484539283,1.88516274236064,1.37444009119521
0.0120220141160647,2.06610336477766,5.70961832739266,0.609138744906348,0.0152827257875663,1.07185126171487e-07,0.000151612536325688,1.84026723317809e-18,7.16004015222879e-20,0.0316784300792344,-6.55447137672909,-1.40779117574922,-0.391303397953854,-2.62916478962114,-6.31448769846388,-18.1821639228857,-10.927637971283,-42.970076453944,-46.2166418476202,-5.58557484539283,2.13345557654928,1.2410619380877
0.0064814722732978,1.11390583501971,3.07824733217186,0.328407190973613,0.00823943163734607,5.77871076080415e-08,8.17394191183146e-05,9.92149978543429e-19,3.86021853529161e-20,0.0170789074308101,-6.55447137672909,-1.40779117574922,-0.391303397953854,-2.62916478962114,-6.31448769846388,-18.1821639228857,-10.927637971283,-42.970076453944,-46.2166418476202,-5.58557484539283,1.51566378497393,0.787920016773897
0.00311599657343006,0.535515175980091,1.47988107250475,0.157883215203959,0.00396114334311864,2.77814085600452e-08,3.92965886680002e-05,4.76980507377383e-19,1.85581720039353e-20,0.00821076057851531,-6.55447137672909,-1.40779117574922,-0.391303397953854,-2.62916478962114,-6.31448769846388,-18.1821639228857,-10.927637971283,-42.970076453944,-46.2166418476202,-5.58557484539283,0.783265126085419,3.3097213450856
0.00231093793515026,0.397157797146993,1.09753436159831,0.117092013017424,0.00293772993726505,2.06037167950557e-08,2.9143798889006e-05,3.53746328935223e-19,1.37634245353898e-20,0.0060894027481039,-6.55447137672909,-1.40779117574922,-0.391303397953854,-2.62916478962114,-6.31448769846388,-18.1821639228857,-10.927637971283,-42.970076453944,-46.2166418476202,-5.58557484539283,0.484369572404332,2.26494892571769
0.00590556768432913,1.01493087145939,2.80473281420011,0.299226905946214,0.00750732536729534,5.26524932717582e-08,7.44765466435213e-05,9.03993507066677e-19,3.51722276594224e-20,0.0155613785809999,-6.55447137672909,-1.40779117574922,-0.391303397953854,-2.62916478962114,-6.31448769846388,-18.1821639228857,-10.927637971283,-42.970076453944,-46.2166418476202,-5.58557484539283,1.42261167898702,0.924674861453102
0.0202175274052571,3.24678373440715,9.1575584378391,2.10440553200377,0.0256852841701823,2.19923127720207e-07,0.000536013911953886,4.70090420581594e-18,2.63051599299503e-19,0.15015954774012,-6.58941647883855,-1.51054623520302,-0.473631524296011,-1.94417810171424,-6.35004817282608,-18.0181988924737,-10.2195615634573,-42.586987920829,-45.4701478662507,-4.58426801992654,2.68821112136489,0.782218869670388
0.00231122605560083,0.686549896001131,1.47970329519337,0.397296471188228,0.00191750474533887,2.74230141523962e-08,7.04909236615687e-05,6.53675311779403e-19,2.58085928725555e-20,0.0213249137677453,-7.02131597370442,-1.32741521314787,-0.559497246995794,-1.87441133663692,-7.20806938842601,-18.3632220819822,-10.5113654372762,-42.8230150283196,-46.0549182977759,-4.79921806778216,0.951338838453079,0.351112872559874
0.00902683142521185,2.68142104108802,5.77919765687685,1.55169948112902,0.0074890952580223,1.07104592960522e-07,0.000275312613129502,2.55302454381579e-18,1.00799234509287e-19,0.0832875699337745,-7.02131597370442,-1.32741521314787,-0.559497246995794,-1.87441133663692,-7.20806938842601,-18.3632220819822,-10.5113654372762,-42.8230150283196,-46.0549182977759,-4.79921806778216,2.31376210635544,0.565879684773826
0.00745183085120632,2.21356698688815,4.7708438726852,1.28095912293019,0.00618239872470464,8.84169951263245e-08,0.000227276098068543,2.10757309661922e-18,8.32117949379628e-20,0.0687555637098805,-7.02131597370442,-1.32741521314787,-0.559497246995794,-1.87441133663692,-7.20806938842601,-18.3632220819822,-10.5113654372762,-42.8230150283196,-46.0549182977759,-4.79921806778216,2.12202044876149,0.493905621906889
0.0157910092239707,7.168108309249,9.43612985403423,1.45761286986874,0.0113032425436087,1.08664332529116e-07,0.000482942287830061,1.44779714053662e-18,5.7445764403319e-20,0.135918349355641,-7.0511278375923,-0.933171514557086,-0.65826737721697,-2.52601322324544,-7.38547894388735,-18.9378155244948,-10.538426698568,-43.979301786281,-47.2062589781821,-4.89851424614959,2.90281330022284,0.259254988191291
0.00131803058803059,0.668720206945401,1.29319599992356,0.287411113342538,0.00236772411077367,1.44768323680219e-08,7.12764559997684e-05,1.82917678969686e-19,1.31746230738931e-20,0.0103831420993834,-7.44851456826229,-1.21928746513146,-0.559781259302258,-2.06373957053553,-6.86272400902763,-18.8676141660397,-10.3658424284625,-43.9621486759435,-46.5928924010541,-5.38446967298636,0.816897933005122,0.397074012143025
0.00228001663822856,1.15679652050668,2.23705612228772,0.497182786487478,0.00409584604205982,2.50429838030204e-08,0.000123298736060643,3.16423120422567e-19,2.27903358872342e-20,0.0179614471459718,-7.44851456826229,-1.21928746513146,-0.559781259302258,-2.06373957053553,-6.86272400902763,-18.8676141660397,-10.3658424284625,-43.9621486759435,-46.5928924010541,-5.38446967298636,1.36494202968854,1.0915272937878
0.00222518384176012,1.12897637783718,2.18325649601079,0.485225890172782,0.00399734382561774,2.44407176568837e-08,0.00012033348818224,3.08813366936945e-19,2.22422443390415e-20,0.0175294869755412,-7.44851456826229,-1.21928746513146,-0.559781259302258,-2.06373957053553,-6.86272400902763,-18.8676141660397,-10.3658424284625,-43.9621486759435,-46.5928924010541,-5.38446967298636,1.34059882699522,1.03958206066268
0.00197362237917313,1.00134335107107,1.93643500331804,0.430370137436242,0.00354543614933332,2.1677645876002e-08,0.000106729547816857,2.73901401105115e-19,1.972771434285e-20,0.0155477435801377,-7.44851456826229,-1.21928746513146,-0.559781259302258,-2.06373957053553,-6.86272400902763,-18.8676141660397,-10.3658424284625,-43.9621486759435,-46.5928924010541,-5.38446967298636,1.22062991471373,1.69471432113063
0.00146799566612149,0.744806967727919,1.44033540691194,0.320112653388742,0.00263712296569738,1.61240014977028e-08,7.93862672493078e-05,2.0372999111176e-19,1.46736272669951e-20,0.0115645325237813,-7.44851456826229,-1.21928746513146,-0.559781259302258,-2.06373957053553,-6.86272400902763,-18.8676141660397,-10.3658424284625,-43.9621486759435,-46.5928924010541,-5.38446967298636,0.924657267234797,3.16492233473828
0.00032837543529853,0.166605609189035,0.322188121624502,0.0716058870792308,0.000589897110585177,3.60677223560967e-09,1.77578862569744e-05,4.5572290203991e-20,3.28233853301383e-21,0.00258686622117482,-7.44851456826229,-1.21928746513146,-0.559781259302258,-2.06373957053553,-6.86272400902763,-18.8676141660397,-10.3658424284625,-43.9621486759435,-46.5928924010541,-5.38446967298636,-0.572838416083063,1.37708706904174
0.000368041953012634,0.186730940251506,0.361107235114444,0.0802556089613816,0.000661154463210392,4.04245675824909e-09,1.99029721375214e-05,5.10772514840745e-20,3.67883268442659e-21,0.00289934993267097,-7.44851456826229,-1.21928746513146,-0.559781259302258,-2.06373957053553,-6.86272400902763,-18.8676141660397,-10.3658424284625,-43.9621486759435,-46.5928924010541,-5.38446967298636,-0.458799055279153,1.04532468843919
0.000408076568832432,0.325759082912403,0.539754010063569,0.10838794300507,0.000381343590081227,4.12681150482392e-09,1.37460246381265e-05,3.92759628524557e-20,5.07269031866231e-21,0.00528640096548688,-7.78384344066555,-1.1013848884935,-0.596429488336405,-2.20182613125806,-7.85159748619301,-19.2855484690793,-11.1745486010861,-44.6634619615809,-46.7102033493689,-5.22240531964651,-0.0202122917951928,1.67255089530669
0.000782323941646079,0.624513018476422,1.03476287766378,0.207790618905777,0.00073107412505303,7.91151389093834e-09,2.63525156752607e-05,7.52959822187078e-20,9.72485897977489e-21,0.0101345638449032,-7.78384344066555,-1.1013848884935,-0.596429488336405,-2.20182613125806,-7.85159748619301,-19.2855484690793,-11.1745486010861,-44.6634619615809,-46.7102033493689,-5.22240531964651,0.630601785098981,1.32420057424793
0.000330458442558168,0.263798138414103,0.437090201087668,0.0877720348904591,0.000308810204953301,3.34187210629885e-09,1.11314646324298e-05,3.18054857972611e-20,4.10784021998917e-21,0.00428090207382168,-7.78384344066555,-1.1013848884935,-0.596429488336405,-2.20182613125806,-7.85159748619301,-19.2855484690793,-11.1745486010861,-44.6634619615809,-46.7102033493689,-5.22240531964651,-0.23118620703812,1.7131027498327
0.000254348324587841,0.203041005748273,0.336421001926261,0.0675566641518748,0.000237686038938691,2.57218294876619e-09,8.5677017586529e-06,2.44801493422634e-20,3.16173576786401e-21,0.00329493857615545,-7.78384344066555,-1.1013848884935,-0.596429488336405,-2.20182613125806,-7.85159748619301,-19.2855484690793,-11.1745486010861,-44.6634619615809,-46.7102033493689,-5.22240531964651,-0.492962433085886,0.803126872328958
0.00157370498683795,0.497404795445307,1.46380234036188,0.100118052465167,0.000369757855066729,1.44701448023899e-08,8.59541565535182e-05,9.22978514952257e-20,1.79891901573593e-20,0.011517107160051,-7.18422190891146,-1.42825044004624,-0.348861940400896,-3.03130459802454,-8.63256154574558,-18.7810776226879,-10.0915958005816,-44.5591654224561,-46.1944152556035,-5.19382110323871,0.729899333410868,3.12438328298819
0.000506882666104383,0.203204411125735,0.649087092204375,0.0228369987129547,0.000714416862309536,6.04487260343865e-09,7.98523600449473e-05,9.56393455681461e-20,6.47296950016272e-21,0.00315905452231239,-7.45893015830958,-1.46524200456843,-0.303887526172508,-3.65107245704152,-7.11574307457468,-18.7957545771526,-9.30703027711165,-43.6654018023176,-46.3583511345286,-5.62918164730392,-0.128300850649065,2.76477470593007
0.000666249286335772,0.284624278598057,0.792191494021245,0.0135923175551991,0.000400142829004302,5.49733292601729e-09,6.00234249665572e-05,6.03425868688679e-20,3.06044190972357e-21,0.00168248658831382,-7.4029713772664,-1.34571001278708,-0.322076854628509,-4.38737525511104,-7.91281372569654,-19.108127508479,-9.80990037944121,-44.3433735721364,-47.3248523560109,-6.47660719137745,0.0891247236157834,3.85301169584474
0.00064065288111502,0.273689395034086,0.761756557865559,0.0130701189199924,0.000384769877456838,5.2861327580117e-09,5.77174053734538e-05,5.80243055029568e-20,2.94286383064347e-21,0.00161784770707792,-7.4029713772664,-1.34571001278708,-0.322076854628509,-4.38737525511104,-7.91281372569654,-19.108127508479,-9.80990037944121,-44.3433735721364,-47.3248523560109,-6.47660719137745,0.0499486024223721,6.3692362628333
0.000740858059795526,0.316497435926087,0.880903687679624,0.0151144297166189,0.000444952131307526,6.11294224121191e-09,6.67450443475518e-05,6.70999470432186e-20,3.40316020122839e-21,0.00187089693754955,-7.4029713772664,-1.34571001278708,-0.322076854628509,-4.38737525511104,-7.91281372569654,-19.108127508479,-9.80990037944121,-44.3433735721364,-47.3248523560109,-6.47660719137745,0.19526987401698,3.09326904627931
0.000477537626175084,0.204005925621378,0.567807355729526,0.00974236399595407,0.00028680444484168,3.9402418428429e-09,4.30221006780672e-05,4.32508616243389e-20,2.19358758739381e-21,0.00120593097498626,-7.4029713772664,-1.34571001278708,-0.322076854628509,-4.38737525511104,-7.91281372569654,-19.108127508479,-9.80990037944121,-44.3433735721364,-47.3248523560109,-6.47660719137745,-0.243896225609085,4.03622073027618
0.000326166474319209,0.130516388151055,0.313665550751068,0.0117267273044589,0.000453212928536133,2.51323822082565e-09,7.55939455482637e-05,7.74821618154641e-20,1.61675819976474e-21,0.000461394506862659,-7.24552306161994,-1.25367689250442,-0.376848397821352,-3.66330506952465,-6.91656891409938,-19.0191141995857,-8.70755477542834,-43.221659625234,-47.0912843318874,-6.8986775297668,-0.782579587897874,4.46453393927615
0.00214450336716385,0.858128765208648,2.06231137382519,0.0771017507017375,0.00297981775507909,1.65242238286293e-08,0.000497020642921132,5.09435426357705e-19,1.06299809338836e-20,0.00303361059907561,-7.24552306161994,-1.25367689250442,-0.376848397821352,-3.66330506952465,-6.91656891409938,-19.0191141995857,-8.70755477542834,-43.221659625234,-47.0912843318874,-6.8986775297668,1.10067577775072,1.45746898145772
0.000546348859334565,0.218622959148799,0.52540904525239,0.0196429878327973,0.000759159466214983,4.20982824200475e-09,0.000126624497533347,1.29787375649238e-19,2.70816919520918e-21,0.000772864111965542,-7.24552306161994,-1.25367689250442,-0.376848397821352,-3.66330506952465,-6.91656891409938,-19.0191141995857,-8.70755477542834,-43.221659625234,-47.0912843318874,-6.8986775297668,-0.266729788122269,1.75628882321109
0.000362675471327653,0.145125561072661,0.348775274023286,0.0130393424436173,0.000503942696169824,2.79455409449766e-09,8.40554501760418e-05,8.61550213416705e-20,1.7977278116839e-21,0.000513040068246369,-7.24552306161994,-1.25367689250442,-0.376848397821352,-3.66330506952465,-6.91656891409938,-19.0191141995857,-8.70755477542834,-43.221659625234,-47.0912843318874,-6.8986775297668,-0.676479080333389,1.20724978472774
0.001282080957016,0.168748578824895,0.415017256385438,0.01041485431508,0.000340168793513525,1.25811402819155e-09,5.98039075451982e-05,1.0086421912389e-19,5.79011788218541e-21,0.000807911831378063,-6.14288079113226,-1.26295538869659,-0.363045195617501,-4.04813221001066,-7.46967862968821,-19.9772620579876,-9.20804957323053,-43.2241217232664,-46.081744319533,-6.60466764263198,-0.516389982346774,1.33612608328745
0.00273045067004081,0.359384224217221,0.883863175390706,0.0221805384343079,0.00072445823728461,2.67940824833614e-09,0.000127364515114475,2.14810752147014e-19,1.23312269513969e-20,0.00172061162694003,-6.14288079113226,-1.26295538869659,-0.3630451956175,-4.04813221001066,-7.46967862968821,-19.9772620579876,-9.20804957323053,-43.2241217232664,-46.081744319533,-6.60466764263198,0.239592188323716,0.63665831431595
0.00137355981467008,0.180789103362112,0.444629508492537,0.0111579735152861,0.000364440468769205,1.3478828009572e-09,6.40710274299033e-05,1.08061068506241e-19,6.20325354779702e-21,0.000865557841183634,-6.14288079113226,-1.26295538869659,-0.3630451956175,-4.04813221001066,-7.46967862968821,-19.9772620579876,-9.20804957323053,-43.2241217232664,-46.081744319533,-6.60466764263198,-0.447468713158588,1.14256158269613
0.0855592723919047,8.65620633355248,27.6518524079546,0.850190831848667,0.0257917235319919,1.02230108258e-07,0.00274810119312025,5.7521096667155e-18,4.88696205396224e-19,0.0267396331884089,-6.07751478570331,-1.46069232795524,-0.299276166243757,-3.78126333346946,-7.27667051868418,-19.7150084880437,-9.51581396785124,-43.3159338746459,-45.7815148001493,-7.24057731194417,3.61896888683078,0.127691817948681
0.13746860625106,13.907979659346,44.4284003885613,1.36600680948198,0.0414397199466022,1.64253740199547e-07,0.00441539099496665,9.2419497826567e-18,7.85191182181635e-19,0.0429627321891875,-6.07751478570331,-1.46069232795524,-0.299276166243757,-3.78126333346946,-7.27667051868418,-19.7150084880437,-9.51581396785124,-43.3159338746459,-45.7815148001493,-7.24057731194417,4.09315507958512,0.450212782362951
0.151135922350493,15.2907299431572,48.8455324775687,1.50181706731694,0.0455597133547543,1.80584070804061e-07,0.00485437518253157,1.01607970198504e-17,8.63255959137085e-19,0.0472341455492137,-6.07751478570331,-1.46069232795524,-0.299276166243757,-3.78126333346946,-7.27667051868418,-19.7150084880437,-9.51581396785124,-43.3159338746459,-45.7815148001493,-7.24057731194417,4.18793908666234,0.784599160808227
0.0337033613874298,3.40983790707741,10.8925701292586,0.334905709843161,0.0101598313625403,4.02703083718773e-08,0.00108252729425645,2.26586114418364e-18,1.92506368493767e-19,0.0105332303036453,-6.07751478570331,-1.46069232795524,-0.299276166243757,-3.78126333346946,-7.27667051868418,-19.7150084880437,-9.51581396785124,-43.3159338746459,-45.7815148001493,-7.24057731194417,2.68735708353946,1.09467723944613
0.0190244891266894,2.25080095431254,7.87033783745729,0.235231916459619,0.00886981263992319,1.39032071081458e-08,0.000607131070049046,1.08935862186325e-18,1.61982453142287e-19,0.00690248761828862,-6.30304282180128,-1.52972846090487,-0.277913604711984,-3.78819796640082,-7.06611619924845,-20.4321608896884,-9.74778045279637,-43.7019571646178,-45.6078135309154,-7.31688800143249,2.34101459346992,0.720485539435628
0.0143883380039371,1.70229458959819,5.95238485808509,0.177907343571536,0.00670829379148835,1.05150809505891e-08,0.000459176958202914,8.23888618216947e-19,1.22508324454739e-19,0.00522039379131594,-6.30304282180128,-1.52972846090487,-0.277913604711984,-3.78819796640082,-7.06611619924845,-20.4321608896884,-9.74778045279637,-43.7019571646178,-45.6078135309154,-7.31688800143249,2.06170556044894,0.884326335371115
0.0743232944284307,8.79324227384783,30.747182352662,0.918984518825531,0.0346518475198994,5.43158950822237e-08,0.00237188925155414,4.25581580938782e-18,6.32819597780635e-19,0.0269660654815142,-6.30304282180128,-1.52972846090487,-0.277913604711984,-3.78819796640082,-7.06611619924845,-20.4321608896884,-9.74778045279637,-43.7019571646178,-45.6078135309154,-7.31688800143249,3.70371196395841,0.743779752727773
0.0904300842401933,10.6988481294273,37.4104822947166,1.11813998682272,0.0421613373626797,6.60868305911383e-08,0.00288590739250657,5.17810445720056e-18,7.69959539283523e-19,0.0328099499877267,-6.30304282180128,-1.52972846090487,-0.277913604711984,-3.78819796640082,-7.06611619924845,-20.4321608896884,-9.74778045279637,-43.7019571646178,-45.6078135309154,-7.31688800143249,3.8998645451225,0.61465197192991
0.00241418149559506,0.285623544368711,0.998735043277211,0.0298506065581271,0.00112556702059647,1.76429785348733e-09,7.70440974762876e-05,1.38238110335362e-19,2.05553504424249e-20,0.000875916182068126,-6.30304282180128,-1.52972846090487,-0.277913604711984,-3.78819796640082,-7.06611619924845,-20.4321608896884,-9.74778045279637,-43.7019571646178,-45.6078135309154,-7.31688800143249,0.276647847256107,0.993042887650172
0.00996611231319504,2.28538419655926,3.97672909102627,0.0898053091031014,0.00189608896210187,1.57579036895309e-08,0.000236002778942578,4.34907533773206e-19,1.15115469841083e-19,0.00643317259298239,-6.46023481856915,-1.02513596026856,-0.471210464040904,-4.2617812930252,-8.11963206432925,-19.8175938850066,-10.2033370868466,-44.1308236194392,-45.4600213517128,-6.89795756661732,1.85167010901899,1.2988226169058
0.00895433602506414,2.05336819406184,3.57300494341722,0.0806881248447539,0.00170359485890965,1.41581351135127e-08,0.00021204338453048,3.90754998022769e-19,1.03428755992991e-19,0.00578006621784999,-6.46023481856915,-1.02513596026856,-0.471210464040904,-4.2617812930252,-8.11963206432925,-19.8175938850066,-10.2033370868466,-44.1308236194392,-45.4600213517128,-6.89795756661732,1.74461742662928,2.50745057957006
0.0127829295869143,2.04544856121481,4.3083753872773,0.102378844429751,0.00146782180270459,8.98273567553815e-09,7.61187270662776e-05,2.85106891152121e-19,1.96429864060641e-19,0.0160403048272147,-6.22937850619525,-1.15411677126633,-0.40917298929683,-4.14880906713236,-8.39370962600706,-20.3976952421431,-11.3529501204455,-44.5711566682941,-44.9437153932246,-6.00238455457965,1.86973388204574,1.36336957045297
0.00491470634731857,0.765706809320703,2.33067188280779,0.0580797467849267,0.000975418147562569,7.75328762250271e-09,0.000133968175260438,1.43172824460496e-19,2.62820775232773e-19,0.0226106201424395,-6.47337668908419,-1.42480935366136,-0.311696827964805,-4.00379168393301,-8.09049772530388,-19.8330022898716,-10.0757616999712,-44.5480879053725,-43.9406680316862,-4.94718898096788,1.15785341569425,1.11628827338464
0.00467375404227366,1.78904172722209,3.78778785030492,0.0996446767485741,0.00109826587806148,1.82172620821548e-08,0.000138485608778971,2.75500515272146e-19,1.60970853964483e-19,0.0710133866616838,-7.11558333219328,-1.16811053682649,-0.418008497380538,-4.05593531864132,-8.56381348301949,-19.5706868917296,-10.6345348108774,-44.4854881193761,-45.0228543009638,-4.39467754059102,1.74979066540867,1.14879686688122
0.000356492299059076,0.136459812108503,0.28891490371332,0.00760043416529827,8.3770631553775e-05,1.38952832851036e-09,1.05630404624789e-05,2.10139025701808e-20,1.22781107632667e-20,0.00541657204166425,-7.11558333219328,-1.16811053682649,-0.418008497380538,-4.05593531864132,-8.56381348301949,-19.5706868917296,-10.6345348108774,-44.4854881193761,-45.0228543009638,-4.39467754059102,-0.823614587667282,0.824508709509296
0.00614169209454472,0.93480279658022,2.74307964832703,0.0669770156839821,0.000775527359619023,8.22499575556542e-09,0.000192269134631927,2.30085035401411e-19,7.57354253497345e-20,0.0530217173739999,-6.42896852988888,-1.40373322521694,-0.327232292055713,-4.03971930846875,-8.49828083652689,-19.9524015968656,-9.89292796511613,-44.2521515336743,-45.3633544721514,-4.2733672281157,1.33631354052984,0.790909529830905
0.0124759475207148,1.89891490045737,5.57216434996252,0.136053992923166,0.00157537018960613,1.6707873632363e-08,0.00039056657295663,4.67384034038359e-19,1.5384541875057e-19,0.107705849338126,-6.42896852988888,-1.40373322521694,-0.327232292055713,-4.03971930846875,-8.49828083652689,-19.9524015968656,-9.89292796511613,-44.2521515336743,-45.3633544721514,-4.2733672281157,2.04501584322431,0.887298783120756
0.00208172353799619,0.409641702112877,0.981700106061627,0.0305579851244581,0.00114264333448076,9.09384154810643e-09,0.000109917777889358,6.4648546177397e-20,6.34993217330074e-20,0.0180835270415228,-6.54150346670423,-1.25941676099288,-0.38541377059752,-3.8550736110013,-7.14135534854162,-18.8826127678322,-9.48272230775533,-44.5522656978511,-44.5702020907559,-4.37969822566603,0.366944362352589,2.78673651054452
0.00202711146701627,0.398895134999715,0.955946121493221,0.0297563249509718,0.00111266715476793,8.85527311620817e-09,0.000107034187739905,6.29525520032677e-20,6.18334763878572e-20,0.0176091226144538,-6.54150346670423,-1.25941676099288,-0.38541377059752,-3.8550736110013,-7.14135534854162,-18.8826127678322,-9.48272230775533,-44.5522656978511,-44.5702020907559,-4.37969822566603,0.340360044807909,1.89571861348316
0.0206228658652452,4.05816897454903,9.72534019896493,0.302726667029216,0.011319745292161,9.00893279166712e-08,0.00108891480940837,6.40449258446153e-19,6.29064316529936e-19,0.179146820286633,-6.54150346670423,-1.25941676099288,-0.38541377059752,-3.8550736110013,-7.14135534854162,-18.8826127678322,-9.48272230775533,-44.5522656978511,-44.5702020907559,-4.37969822566603,2.66014864138889,0.936238345564247
0.014059471206766,2.7666237186761,6.6301716452407,0.206381445063377,0.00771714436019632,6.14176671737896e-08,0.000742358821976267,4.36621077174971e-19,4.28859485546161e-19,0.122131888849079,-6.54150346670423,-1.25941676099288,-0.38541377059752,-3.8550736110013,-7.14135534854162,-18.8826127678322,-9.48272230775533,-44.5522656978511,-44.5702020907559,-4.37969822566603,2.27704446363675,1.72575265569709
0.0129940908169693,2.55697809171927,6.12775909017773,0.190742539363807,0.00713236459531961,5.67636387802801e-08,0.000686105317168385,4.03535370994908e-19,3.96361927198498e-19,0.112877136843469,-6.54150346670423,-1.25941676099288,-0.38541377059752,-3.8550736110013,-7.14135534854162,-18.8826127678322,-9.48272230775533,-44.5522656978511,-44.5702020907559,-4.37969822566603,2.19824288930248,1.00359244395709
0.0109414796161936,2.15306511734274,5.15978779296873,0.160611899346174,0.00600570081694663,4.77969721316967e-08,0.000577724709493057,3.3979091714427e-19,3.33750626201111e-19,0.0950465030069087,-6.54150346670423,-1.25941676099288,-0.38541377059752,-3.8550736110013,-7.14135534854162,-18.8826127678322,-9.48272230775533,-44.5522656978511,-44.5702020907559,-4.37969822566603,2.02630922385166,0.448744525393117
0.00791271055036078,1.55706373061255,3.73147953834509,0.116152066726792,0.00434323088682002,3.45660385001336e-08,0.000417801665255958,2.45731589265582e-19,2.41363343329041e-19,0.0687361758646038,-6.54150346670423,-1.25941676099288,-0.38541377059752,-3.8550736110013,-7.14135534854162,-18.8826127678322,-9.48272230775533,-44.5522656978511,-44.5702020907559,-4.37969822566603,1.70221858467858,0.141836507921236
0.0882089647684484,17.3577662018193,41.5976225892731,1.29483487314203,0.048417277219786,3.85333755460586e-07,0.00465755092849713,2.73935574441482e-18,2.69065960552993e-18,0.76625410174801,-6.54150346670423,-1.25941676099288,-0.38541377059752,-3.8550736110013,-7.14135534854162,-18.8826127678322,-9.48272230775533,-44.5522656978511,-44.5702020907559,-4.37969822566603,4.11345678693534,0.505573366111628
0.0522458987823365,10.2809515840967,24.6381440377404,0.766926716571285,0.0286774045198418,2.28231999299151e-07,0.0027586531031467,1.62251198987772e-18,1.59366941645053e-18,0.453849949906638,-6.54150346670423,-1.25941676099288,-0.38541377059752,-3.8550736110013,-7.14135534854162,-18.8826127678322,-9.48272230775533,-44.5522656978511,-44.5702020907559,-4.37969822566603,3.58970958328226,0.423574422965675
0.0476616338953256,9.37885962184747,22.4762943763175,0.699633487827425,0.0261611339291373,2.08206007501435e-07,0.00251659780596662,1.48014627472487e-18,1.45383446447134e-18,0.414027333436844,-6.54150346670423,-1.25941676099288,-0.38541377059752,-3.8550736110013,-7.14135534854162,-18.8826127678322,-9.48272230775533,-44.5522656978511,-44.5702020907559,-4.37969822566603,3.49787494112411,0.490045451422404
0.0416072283433032,5.34875960071531,18.8702988162441,0.587961606782627,0.00912516300867563,7.193390604169e-08,0.00173001305725654,1.22496053719817e-18,6.17952437833397e-19,0.175357489522052,-6.39974982285048,-1.54340377060094,-0.282679259519718,-3.75136208209649,-7.91698797000251,-19.6677865654614,-9.57989477724762,-44.463891499241,-45.1481439141074,-4.96119704575672,3.22026845429383,1.5883405764629
0.0110550720213117,1.42116946898501,5.01385265934994,0.156221843356559,0.00242456270902638,1.91128932094114e-08,0.000459665777012974,3.25472940669218e-19,1.64190429836525e-19,0.0465926175170165,-6.39974982285048,-1.54340377060094,-0.282679259519718,-3.75136208209649,-7.91698797000251,-19.6677865654614,-9.57989477724762,-44.463891499241,-45.1481439141074,-4.96119704575672,1.89488387297442,0.463427028074256
0.0101529543753092,1.3051989847168,4.60471150226505,0.143473805052393,0.00222671317901555,1.75532400296643e-08,0.000422156061299908,2.98913648924396e-19,1.50792137742658e-19,0.0427905597507243,-6.39974982285048,-1.54340377060094,-0.282679259519718,-3.75136208209649,-7.91698797000251,-19.6677865654614,-9.57989477724762,-44.463891499241,-45.1481439141074,-4.96119704575672,1.80975927846209,1.19171291452541
0.00982214280153752,1.26267196112755,4.45467715733258,0.138799028283986,0.0021541606525431,1.69813065072281e-08,0.000408401039278388,2.89174208465274e-19,1.45878909281752e-19,0.0413963239558573,-6.39974982285048,-1.54340377060094,-0.282679259519718,-3.75136208209649,-7.91698797000251,-19.6677865654614,-9.57989477724762,-44.463891499241,-45.1481439141074,-4.96119704575672,1.77663385032671,1.11878054712573
0.00574453561486757,1.53384480907415,2.86386148060004,0.0531028917734505,0.00256340803971062,1.03293883396141e-08,0.000486536288292818,1.84122340929068e-19,4.72117722766418e-20,0.0171728686929646,-6.65840946908707,-1.07112573487749,-0.446732383000804,-4.43442715842398,-7.46532090554424,-19.8871760328265,-9.12710233380727,-44.6375897850753,-45.9985469439582,-5.56332780735953,1.49890326521727,1.24376095390342
0.00580394046032191,1.02219397124053,1.86946422719957,0.0686630469098647,0.0010682510067921,5.95903084500667e-09,0.000443925086151878,4.5267328915028e-19,2.98054819359801e-20,0.0478183704897121,-6.25296917815488,-1.08179970624812,-0.478099095459223,-3.78229509091011,-7.94548351672705,-20.0421089547449,-8.82360571040593,-43.3428672793522,-46.0633455944536,-4.14409636920332,1.10375097575508,1.32359874264036
0.00395184025924821,0.909006385216493,1.40272307011251,0.0601997577432304,0.000636501851210082,2.70206594853676e-09,0.000232433835799909,6.6915191365767e-19,2.53039165176182e-20,0.0251811500625296,-6.40984697635652,-0.971676216601108,-0.53785765867142,-3.68636000708665,-8.23579628776223,-20.6055222466141,-9.2431780068537,-42.7245488990154,-45.9996008222667,-4.55793263397041,0.876273056212364,1.48978433093222
0.00682278063445607,1.56938306074949,2.42177597535004,0.103933791445203,0.00109890891821061,4.66506792210445e-09,0.000401292807819527,1.15527865968988e-18,4.36867535797468e-20,0.0434747995185016,-6.40984697635652,-0.971676216601108,-0.53785765867142,-3.68636000708665,-8.23579628776223,-20.6055222466141,-9.2431780068537,-42.7245488990154,-45.9996008222667,-4.55793263397041,1.42235880379767,0.825365441942538
0.00306053875143935,0.703988290202331,1.08635168224993,0.0466222517393626,0.000492944667090853,2.09263963164713e-09,0.000180010505218812,5.18230805902742e-19,1.95968490588963e-20,0.0195017714574431,-6.40984697635652,-0.971676216601108,-0.53785765867142,-3.68636000708665,-8.23579628776223,-20.6055222466141,-9.2431780068537,-42.7245488990154,-45.9996008222667,-4.55793263397041,0.620682660403354,0.288328535224688
0.00396927284373774,0.632103021083868,1.15630055734472,0.0328841266924611,0.0009488134900464,2.24788181823255e-09,0.000195279628641964,2.9468498678387e-19,2.67296138014322e-20,0.0272636962593076,-6.14633699996455,-1.07586752619425,-0.471938901959017,-4.03192984511003,-7.57746294793216,-20.5304421143762,-9.15824266966966,-43.2855446446133,-45.6856795070792,-4.21936390523974,0.617164636118701,1.24276003933153
0.00293039366233677,0.269706443670087,0.888064214775622,0.027709983485389,0.000679274887673279,4.15924334831012e-09,0.000117411142824766,4.02868345784868e-19,1.75923744012955e-20,0.0273051047602358,-6.02860693951449,-1.50640958741319,-0.31469965495073,-3.78195094637036,-7.49047310068057,-19.493921096925,-9.24581717202851,-42.5516655599817,-45.682809847657,-3.79667003699954,0.195988430282747,0.434945174266422
0.00408652222850233,0.376113759524455,1.23843229688263,0.0386424066226569,0.000947269291296077,5.80019012976776e-09,0.000163733375209616,5.61812042992543e-19,2.4533096002433e-20,0.0380777910450807,-6.02860693951449,-1.50640958741319,-0.31469965495073,-3.78195094637036,-7.49047310068057,-19.493921096925,-9.24581717202851,-42.5516655599817,-45.682809847657,-3.79667003699954,0.528545957988081,1.6466976318981
0.00399547023202464,0.36773355092836,1.21083872787006,0.0377814133195604,0.000926163139083584,5.67095581713342e-09,0.000160085224075411,5.49294282094808e-19,2.3986472921511e-20,0.0372293779685696,-6.02860693951449,-1.50640958741319,-0.31469965495073,-3.78195094637036,-7.49047310068057,-19.493921096925,-9.24581717202851,-42.5516655599817,-45.682809847657,-3.79667003699954,0.506012937961471,0.968721751931402
0.00902088222018307,0.830260484672276,2.73380426268803,0.0853020195060005,0.00209107016425308,1.28037556361168e-08,0.000361436794097729,1.2401841924089e-18,5.41561154349821e-20,0.0840556465903043,-6.02860693951449,-1.50640958741319,-0.31469965495073,-3.78195094637036,-7.49047310068057,-19.493921096925,-9.24581717202851,-42.5516655599817,-45.682809847657,-3.79667003699954,1.32039379693973,1.29568269294468
0.0106664927705343,0.622106388861042,2.12269106637762,0.0501371534979438,0.00300971598439385,8.11305737128484e-09,0.000277878179777384,1.14260420542368e-18,1.08597998202123e-19,0.0904839675834783,-5.60514236111967,-1.53913855105807,-0.311809738727241,-4.05748735231947,-6.87040395539137,-19.694285445407,-9.25282213592577,-42.3777160193914,-44.7311283716802,-3.46707699111741,1.06449439337385,0.593992169651692
0.054782508371934,3.19510350676462,10.9020222125962,0.257501607166838,0.0154577324205077,4.16682074347975e-08,0.0014271667395758,5.86835108746756e-18,5.57753225326106e-19,0.464720580448056,-5.60514236111967,-1.53913855105807,-0.311809738727241,-4.05748735231947,-6.87040395539137,-19.694285445407,-9.25282213592577,-42.3777160193914,-44.7311283716802,-3.46707699111741,2.70075803484626,1.70845955247106
0.0401082825970423,2.33925240345091,7.98177010832268,0.188526366104319,0.0113171725548225,3.05068221367396e-08,0.00104488108714152,4.29643495323031e-18,4.08351582386688e-19,0.340238972679486,-5.60514236111967,-1.53913855105807,-0.311809738727241,-4.05748735231947,-6.87040395539137,-19.694285445407,-9.25282213592577,-42.3777160193914,-44.7311283716802,-3.46707699111741,2.38896994367651,1.35478838500075
0.0260603236938881,1.51992732892861,5.18614857591604,0.122494851621328,0.00735332357760965,1.98217826413224e-08,0.000678910628662462,2.79160508406245e-18,2.65326105453671e-19,0.221069993207768,-5.60514236111967,-1.53913855105807,-0.311809738727241,-4.05748735231947,-6.87040395539137,-19.694285445407,-9.25282213592577,-42.3777160193914,-44.7311283716802,-3.46707699111741,1.95780107485794,0.800160930302287
0.016709994331471,0.974584097610483,3.32538130852335,0.078544238370563,0.00471498346462009,1.27098143318085e-08,0.000435320485262653,1.78998947512419e-18,1.7012826740759e-19,0.141751053315831,-5.60514236111967,-1.53913855105807,-0.311809738727241,-4.05748735231947,-6.87040395539137,-19.694285445407,-9.25282213592577,-42.3777160193914,-44.7311283716802,-3.46707699111741,1.51339408551504,0.22636889326575
0.00791315399967549,0.461522242141156,1.57476142002204,0.0371952642044236,0.00223281884609578,6.01883615995393e-09,0.000206149563594351,8.47664104097221e-19,8.0565627551336e-20,0.0671273665480431,-5.60514236111967,-1.53913855105807,-0.311809738727241,-4.05748735231947,-6.87040395539137,-19.694285445407,-9.25282213592577,-42.3777160193914,-44.7311283716802,-3.46707699111741,0.765913520179599,1.0063703027377
0.0170795946860768,0.996140456094194,3.39893382364987,0.0802815207285424,0.00481927192372518,1.29909366225063e-08,0.000444949130403316,1.82958139428484e-18,1.73891253002617e-19,0.144886376915109,-5.60514236111967,-1.53913855105807,-0.311809738727241,-4.05748735231947,-6.87040395539137,-19.694285445407,-9.25282213592577,-42.3777160193914,-44.7311283716802,-3.46707699111741,1.53527153989302,1.14216117695455
0.0180328378882327,1.05173686430044,3.58863449404185,0.0847621782207022,0.00508824424333045,1.37159843916514e-08,0.000469782549559797,1.93169365508191e-18,1.83596439682149e-19,0.152972748776844,-5.60514236111967,-1.53913855105807,-0.311809738727241,-4.05748735231947,-6.87040395539137,-19.694285445407,-9.25282213592577,-42.3777160193914,-44.7311283716802,-3.46707699111741,1.58958150509414,2.47852213672797
0.0228799738169495,2.96485144155924,3.20539433457614,0.123985505753721,0.00610882372329678,3.3361438641621e-08,0.000655748642168198,1.33713971819869e-18,2.26885866099608e-19,0.275350058488446,-5.66444561412887,-0.800125430126377,-0.722117237180166,-3.97454296658564,-6.98497339827129,-19.1028174929305,-9.21668536716769,-43.0429512372559,-44.8167922116424,-3.17666440815234,1.88695235729358,0.841069306974618
0.00351786765738548,0.455855198028567,0.492839421451552,0.0190631599566117,0.000939250786420701,5.12942571264079e-09,0.000100823408195906,2.05589420935966e-19,3.48844127469426e-20,0.0423359341651925,-5.66444561412887,-0.800125430126377,-0.722117237180166,-3.97454296658564,-6.98497339827129,-19.1028174929305,-9.21668536716769,-43.0429512372559,-44.8167922116424,-3.17666440815234,0.0145453620465591,0.374072796624252
0.00112310969567301,0.145535717255871,0.157343250670633,0.00608607880188088,0.000299863942488841,1.63761355234804e-09,3.21887456618474e-05,6.56362019464343e-20,1.11371506832263e-20,0.0135161133866077,-5.66444561412887,-0.800125430126377,-0.722117237180166,-3.97454296658564,-6.98497339827129,-19.1028174929305,-9.21668536716769,-43.0429512372559,-44.8167922116424,-3.17666440815234,-1.12720831294756,0.160367934150315
0.000541653771164859,0.0701890210676054,0.0758835627734613,0.00293519639919933,0.000144618496226331,7.89788886835727e-10,1.55240004996647e-05,3.16550524371711e-20,5.37122926713397e-21,0.0065185563044764,-5.66444561412887,-0.800125430126377,-0.722117237180166,-3.97454296658564,-6.98497339827129,-19.1028174929305,-9.21668536716769,-43.0429512372559,-44.8167922116424,-3.17666440815234,-1.85643794510333,0.6969318917547
0.0141056191000624,0.981796164059995,2.59180970439805,0.0615922222713243,0.00680750957986747,2.215298947986e-08,0.000156669206692322,6.13716448820527e-19,5.06212906386513e-20,0.152227014235629,-5.5984161215356,-1.35560564269951,-0.3848777190036,-4.12445375652892,-6.32696300445083,-18.962527462617,-10.0986080174154,-43.2719880194187,-45.7671487797534,-3.21961643589705,1.33723407828541,1.28557460441014
0.00938803863692685,0.653437488733907,1.72498700495487,0.0409928949814632,0.00453075916084837,1.47439910070618e-08,0.000104271677493241,4.08460890144068e-19,3.36911573320918e-20,0.1013151624959,-5.5984161215356,-1.35560564269951,-0.3848777190036,-4.12445375652892,-6.32696300445083,-18.962527462617,-10.0986080174154,-43.2719880194187,-45.7671487797534,-3.21961643589705,0.930097236099053,1.7683993231541
0.0143552828607984,0.999173559611128,2.63768368932008,0.0626823797280983,0.00692799974984154,2.25450884459423e-08,0.000159442188371245,6.2457898208129e-19,5.1517267036745e-20,0.154921370902293,-5.5984161215356,-1.35560564269951,-0.3848777190036,-4.12445375652892,-6.32696300445083,-18.962527462617,-10.0986080174154,-43.2719880194187,-45.7671487797534,-3.21961643589705,1.35477886062051,1.44249672319609
0.00408815117852894,0.385441393092686,0.903014688553204,0.0149071112995512,0.00143667499613866,6.27970297212471e-09,7.63527225182345e-05,6.62012526257422e-19,1.5822946314917e-20,0.0414347257495151,-5.80006262697269,-1.25376630708749,-0.402416640561413,-4.50631709271814,-6.84582404703239,-19.1863433362746,-9.78054704980063,-42.1594026565353,-45.8932259492523,-3.48403614477259,0.300400181257326,0.172826248833103
0.00289991674334302,0.273411598689739,0.640550532615677,0.0105743109206646,0.00101910073627559,4.45448688094704e-09,5.41605554103127e-05,4.69596432558427e-19,1.12239555104116e-20,0.0293915879598371,-5.80006262697269,-1.25376630708749,-0.402416640561413,-4.50631709271814,-6.84582404703239,-19.1863433362746,-9.78054704980063,-42.1594026565353,-45.8932259492523,-3.48403614477259,-0.0430106246211999,0.309383372920786
0.0202212298613138,1.90650948740032,4.46658325193043,0.0737350726508313,0.00710622823478256,3.10613066187542e-08,0.000377663614958068,3.27451380341012e-18,7.82650691093809e-20,0.204948661884596,-5.80006262697269,-1.25376630708749,-0.402416640561413,-4.50631709271814,-6.84582404703239,-19.1863433362746,-9.78054704980063,-42.1594026565353,-45.8932259492523,-3.48403614477259,1.89904038373484,0.389128627391704
0.0218388114281219,2.059019232105,4.82388410773838,0.0796334524806078,0.00767468543946068,3.35460317008619e-08,0.000407874522316333,3.53645599016052e-18,8.45258224851438e-20,0.221343370805876,-5.80006262697269,-1.25376630708749,-0.402416640561413,-4.50631709271814,-6.84582404703239,-19.1863433362746,-9.78054704980063,-42.1594026565353,-45.8932259492523,-3.48403614477259,1.97599607559705,0.515256978632027
0.00247762029304001,0.376603516558287,0.599903995523612,0.013253875428362,0.000830404150059647,2.17387239536875e-09,6.14217856972311e-05,2.60097846700149e-19,8.39188911976205e-21,0.0143373415881457,-6.007897167468,-0.984002753887539,-0.51842607276219,-4.33090571288895,-7.10103847663478,-19.9541961744856,-9.70518639856064,-42.800669487926,-46.234461723213,-4.25232827409866,0.00744042873299289,0.224865514677004
0.0350108110249206,3.80126199861595,9.51173062621106,0.188695508623571,0.0121684251733707,2.22950103407684e-08,0.00111610146099419,1.92153129058398e-18,1.02143065262271e-19,0.299211155888782,-5.98032546163925,-1.2928939663806,-0.375701243253613,-4.29584771144503,-7.0371378655856,-20.2471300179287,-9.42614058716342,-43.421636341423,-46.3561396045829,-3.83483283072961,2.62822708287724,0.679487431679619
0.0848862324594242,7.81768854256863,7.58897655613171,0.213048018658377,0.018170289973304,8.63635432205656e-09,0.00196145116410724,1.75702737479041e-18,1.97650670008489e-19,0.626200285834284,-5.26072822184901,-0.737895933118002,-0.767588119963989,-4.34052256016002,-6.80225229898667,-21.3615701578338,-9.02835555103271,-43.6771931455838,-45.8620706344548,-3.26236987482176,2.79428486119028,0.931718910491174
0.618836411342436,56.9924024486369,55.3250495597537,1.55315965251712,0.132464790983694,6.29606281359922e-08,0.0142993435360649,1.28090561183223e-17,1.44091011915209e-18,4.56511646753234,-5.26072822184901,-0.737895933118002,-0.767588119963989,-4.34052256016002,-6.80225229898667,-21.3615701578338,-9.02835555103271,-43.6771931455838,-45.8620706344548,-3.26236987482176,4.78081390169381,0.544666029218773
0.0312010075093223,2.87349022161893,2.78942424060485,0.0783084917001551,0.00667871971081549,3.17440117494269e-09,0.000720956163648002,6.45817616432967e-19,7.26490016164306e-20,0.230167828805389,-5.26072822184901,-0.737895933118002,-0.767588119963989,-4.34052256016002,-6.80225229898667,-21.3615701578338,-9.02835555103271,-43.6771931455838,-45.8620706344548,-3.26236987482176,1.79342332912639,1.22148247099078
0.0204506657650421,1.76983624541022,2.85700028577651,0.0767352806184311,0.00661356113020994,3.08903143564766e-09,0.000557927256182514,1.00695884185106e-18,4.32382417774347e-20,0.259631994187323,-5.49734126103534,-1.03671439417146,-0.557829196484459,-4.17499511414071,-6.62623444105438,-21.2030096661795,-9.09888338910543,-43.0471983527962,-46.195163042637,-2.95609147733296,1.60760141975987,1.6985604235813
0.0280780312439952,2.4299217427106,3.92255901151444,0.105354790473571,0.00908018243423302,4.24112946543085e-09,0.000766014129366259,1.38251840540278e-18,5.93645565142181e-20,0.356465424083831,-5.49734126103534,-1.03671439417146,-0.557829196484459,-4.17499511414071,-6.62623444105438,-21.2030096661795,-9.09888338910543,-43.0471983527962,-46.195163042637,-2.95609147733296,1.92457344635949,0.558999995762505
0.00831918702572739,0.73497805228468,1.67563244010887,0.0516029410072558,0.00306838763202664,1.29323075380683e-09,0.000137612743947584,1.57852881101825e-19,1.26523644755918e-20,0.0926404760339102,-5.73168673640206,-1.25041063527718,-0.426305324027386,-3.90667260607906,-6.72909905086866,-21.4086182834166,-9.83356301508034,-44.2351194801127,-46.7589388343262,-3.32152512086022,0.942495994224866,0.40378382536735
0.0150449935503021,1.32918517422918,3.03032966756877,0.0933223297216236,0.00554908454286509,2.33876799378421e-09,0.000248868409704945,2.8547207446222e-19,2.28814115300777e-20,0.167537448084386,-5.73168673640206,-1.25041063527718,-0.426305324027386,-3.90667260607906,-6.72909905086866,-21.4086182834166,-9.83356301508034,-44.2351194801127,-46.7589388343262,-3.32152512086022,1.53497673880806,0.839248352089543
0.0331873321106624,2.93201254398855,6.68451978700772,0.205857127120541,0.0122405709925019,5.15902315810201e-09,0.000548971891354818,6.2971489564428e-19,5.04734682052538e-20,0.369566189042182,-5.73168673640206,-1.25041063527718,-0.426305324027386,-3.90667260607906,-6.72909905086866,-21.4086182834166,-9.83356301508034,-44.2351194801127,-46.7589388343262,-3.32152512086022,2.32609969759685,0.493315827385074
0.118052524053806,10.4296265882747,23.7778809791806,0.732265955275064,0.0435416229513789,1.83514511933398e-08,0.00195277876488923,2.23999424289976e-18,1.79542010171567e-19,1.31460465926873,-5.73168673640206,-1.25041063527718,-0.426305324027386,-3.90667260607906,-6.72909905086866,-21.4086182834166,-9.83356301508034,-44.2351194801127,-46.7589388343262,-3.32152512086022,3.59506110194951,0.233836740420201
0.112365310886199,9.92717642770874,22.6323749522113,0.696988839292926,0.0414439931601245,1.74673649299755e-08,0.00185870310497332,2.1320818974782e-18,1.70892523914748e-19,1.25127321431816,-5.73168673640206,-1.25041063527718,-0.426305324027386,-3.90667260607906,-6.72909905086866,-21.4086182834166,-9.83356301508034,-44.2351194801127,-46.7589388343262,-3.32152512086022,3.54568672523703,0.132106167655725
0.00167866371350651,0.148305475376196,0.338112770597219,0.0104125540526027,0.000619145952714644,2.60950923797313e-10,2.77677997941962e-05,3.18518988404307e-20,2.5530217158903e-21,0.0186931974289275,-5.73168673640206,-1.25041063527718,-0.426305324027386,-3.90667260607906,-6.72909905086866,-21.4086182834166,-9.83356301508034,-44.2351194801127,-46.7589388343262,-3.32152512086022,-0.658070474297278,0.301853919382361
0.0775280880844124,3.23761254356157,7.79394311431414,0.5325498444445,0.0191758671034858,1.00568131863819e-08,0.000364958584689946,1.28622763123863e-18,3.9996079557928e-20,0.474992939755672,-5.05330501420143,-1.32135384390196,-0.442843124574585,-3.12626881400206,-6.45029274504393,-20.9112055359516,-10.411916710236,-43.6910080893708,-47.1616955474297,-3.2406453715437,2.49619003281347,0.203666732178741
0.11610670336198,4.84867521545277,11.672273411522,0.797551033982201,0.028717936537646,1.50611662721096e-08,0.000546564982821024,1.92626509599469e-18,5.98984582183726e-20,0.711353339388426,-5.05330501420143,-1.32135384390196,-0.442843124574585,-3.12626881400206,-6.45029274504393,-20.9112055359516,-10.411916710236,-43.6910080893708,-47.1616955474297,-3.2406453715437,2.90005936008566,0.161009662974754
0.207791109298193,4.73619850294571,13.1322543873502,1.47922660689042,0.0953489217540671,2.68548799762947e-08,0.000978360056901318,8.88601854875459e-19,1.72022415486718e-19,1.06944410839379,-4.60238134494632,-1.47592454848391,-0.456087987802434,-2.63963997053544,-5.3813716141107,-20.4639776417393,-9.96079215815756,-44.595797033778,-46.2378215207716,-2.96402037020761,3.031159358816,0.337316646469486
0.00815369542949811,0.18584779790191,0.515307911579038,0.0580446548677203,0.0037414789792475,1.05378191040986e-09,3.83907182136071e-05,3.486861833123e-20,6.75013665244182e-21,0.0419648442523134,-4.60238134494632,-1.47592454848391,-0.456087987802434,-2.63963997053544,-5.3813716141107,-20.4639776417393,-9.96079215815756,-44.595797033778,-46.2378215207716,-2.96402037020761,-0.206902682617688,0.110809183670934
0.00799903954918292,0.18232271470035,0.50553376691203,0.0569436881620371,0.00367051217281972,1.03379421643431e-09,3.7662539147735e-05,3.42072449809473e-20,6.62210288722971e-21,0.0411688726605059,-4.60238134494632,-1.47592454848391,-0.456087987802434,-2.63963997053544,-5.3813716141107,-20.4639776417393,-9.96079215815756,-44.595797033778,-46.2378215207716,-2.96402037020761,-0.226052455915455,0.490649897366628
0.499010693045553,11.3739885471452,31.5371306559509,3.55236514578935,0.228980593473625,6.44920387300826e-08,0.00234953329664263,2.13397882585357e-18,4.13112115630559e-19,2.56827179712115,-4.60238134494632,-1.47592454848391,-0.456087987802434,-2.63963997053544,-5.3813716141107,-20.4639776417393,-9.96079215815756,-44.595797033778,-46.2378215207716,-2.96402037020761,3.90725359043511,0.104057815681709
3.31330864730523,75.5204951172593,209.398814834652,23.5868335487855,1.52037499595623,4.28211324095255e-07,0.0156003249978191,1.41690961644813e-17,2.74296315510085e-18,17.0526950075894,-4.60238134494632,-1.47592454848391,-0.456087987802434,-2.63963997053544,-5.3813716141107,-20.4639776417393,-9.96079215815756,-44.595797033778,-46.2378215207716,-2.96402037020761,5.80032862640744,0.312436527530746
0.0315836870908323,0.719889373623005,1.99606717904404,0.224838446872215,0.0144927784412906,4.08186918534596e-09,0.000148708084786228,1.35065080635592e-19,2.61469422907059e-20,0.162552614472891,-4.60238134494632,-1.47592454848391,-0.456087987802434,-2.63963997053544,-5.3813716141107,-20.4639776417393,-9.96079215815756,-44.595797033778,-46.2378215207716,-2.96402037020761,1.14726682196102,0.274616516300315
0.0597400652774649,2.28574759818615,2.84592342946869,0.711494835395042,0.0264877091676872,5.63541559018939e-09,0.00060795059896383,3.57564890282899e-19,6.01943633548539e-20,0.34519005279646,-4.65435639933252,-1.00991087854579,-0.790716431138724,-2.17699114606516,-5.4676784844042,-20.8307989664183,-9.24202095683393,-44.3115741217617,-46.0933122627536,-2.90026416178778,1.8366040258305,0.787974504807477
0.0789349007180876,3.02017178741669,3.76033541833323,0.940102323834002,0.03499836640101,7.44610786832469e-09,0.000803288713325427,4.72452599167166e-19,7.95351674481047e-20,0.456101653384672,-4.65435639933252,-1.00991087854579,-0.790716431138724,-2.17699114606516,-5.4676784844042,-20.8307989664183,-9.24202095683393,-44.3115741217617,-46.0933122627536,-2.90026416178778,2.11522459156534,0.86097794739473
0.0254819278134803,0.65421030116108,0.94097197874938,0.299291084665625,0.00718450909103526,2.31309624250975e-09,0.000319158020031568,1.51697196189697e-19,1.75587927626554e-20,0.143568580072461,-4.39783067243001,-1.15237129896584,-0.788886799161814,-1.93438353301154,-5.66387296708746,-20.6127237263363,-8.77786909838895,-44.06044543045,-46.2167769974701,-2.6689873291919,0.728044881159489,1.6504110366758
0.182288333456754,4.67997972530974,6.73136722979757,2.14101827151788,0.0513953339204144,1.654703922947e-08,0.00228313901549216,1.08518591238036e-18,1.25609141256718e-19,1.02703678425447,-4.39783067243001,-1.15237129896584,-0.788886799161814,-1.93438353301154,-5.66387296708746,-20.6127237263363,-8.77786909838895,-44.06044543045,-46.2167769974701,-2.6689873291919,2.69566507668724,0.525461533533116
0.350925160233203,9.00947747916127,12.9586248275491,4.12169646705819,0.098941690064544,3.18548767377067e-08,0.00439529458442465,2.08910264833398e-18,2.41811459825136e-19,1.97715915903855,-4.39783067243001,-1.15237129896584,-0.788886799161814,-1.93438353301154,-5.66387296708746,-20.6127237263363,-8.77786909838895,-44.06044543045,-46.2167769974701,-2.6689873291919,3.35064837547058,0.591292231780289
0.528043315009617,6.57162716020856,11.6282672607706,4.8431601421842,0.11414971343987,1.15469261396192e-08,0.00485119810571913,9.38874970530894e-19,1.56121075851031e-19,1.19484472037921,-3.85283990537127,-1.33150147572478,-0.760823976058797,-1.63669551312706,-5.38450735912539,-21.4911095132304,-8.5427925151668,-44.7238675769901,-46.5179180621399,-3.03624670689855,3.21426294273369,0.628712853346795
0.97012265244849,12.0734117644269,21.3634850735554,8.89786733363525,0.209716172197928,2.12140449387001e-08,0.00891263470268083,1.72490371687092e-18,2.86826076389123e-19,2.19517205587054,-3.85283990537127,-1.33150147572478,-0.760823976058797,-1.63669551312706,-5.38450735912539,-21.4911095132304,-8.5427925151668,-44.7238675769901,-46.5179180621399,-3.03624670689855,3.82250713571615,1.10333951916235
0.891344875561907,11.0930032193451,19.6286860186145,8.17532549234704,0.192686393766078,1.9491381010768e-08,0.00818889369291538,1.5848347474313e-18,2.63534670303503e-19,2.01691544676181,-3.85283990537127,-1.33150147572478,-0.760823976058797,-1.63669551312706,-5.38450735912539,-21.4911095132304,-8.5427925151668,-44.7238675769901,-46.5179180621399,-3.03624670689855,3.73781604469537,0.463278116938289
0.52681515029645,6.55634235239669,11.6012213213201,4.83189553903939,0.113884215049719,1.15200693897521e-08,0.00483991480724594,9.36691261209888e-19,1.55757957161917e-19,1.19206565646235,-3.85283990537127,-1.33150147572478,-0.760823976058797,-1.63669551312706,-5.38450735912539,-21.4911095132304,-8.5427925151668,-44.7238675769901,-46.5179180621399,-3.03624670689855,3.2119343549496,0.616826213701523
0.0158149656076131,0.19682108374549,0.34826810903168,0.145053272910785,0.00341879868725835,3.4583193192854e-10,0.000145294010958681,2.81194268476337e-20,4.67584642211151e-21,0.0357857539752986,-3.85283990537127,-1.33150147572478,-0.760823976058797,-1.63669551312706,-5.38450735912539,-21.4911095132304,-8.5427925151668,-44.7238675769901,-46.5179180621399,-3.03624670689855,-0.293958691524413,0.125776630432849
0.0122202877572726,0.152084445818226,0.269108173526446,0.112083249441319,0.00264171954457942,2.67225729645965e-10,0.000112269268702595,2.17279946206295e-20,3.61304540298902e-21,0.0276517965349602,-3.85283990537127,-1.33150147572478,-0.760823976058797,-1.63669551312706,-5.38450735912539,-21.4911095132304,-8.5427925151668,-44.7238675769901,-46.5179180621399,-3.03624670689855,-0.551817872086358,0.44560055421734
0.441922828458468,5.49983681198759,9.73177126171388,4.05327170683408,0.0955326254440927,9.66369635704715e-09,0.00405999872993888,7.85750469236255e-19,1.30658727155385e-19,0.99997319043615,-3.85283990537127,-1.33150147572478,-0.760823976058797,-1.63669551312706,-5.38450735912539,-21.4911095132304,-8.5427925151668,-44.7238675769901,-46.5179180621399,-3.03624670689855,3.03621989697532,0.653928758061085
0.0607794752711005,0.756415315034363,1.33845077161687,0.557463230247509,0.0131389972905829,1.32908814828464e-09,0.000558388425571482,1.08067513463358e-19,1.79700354104712e-20,0.137530450761924,-3.85283990537127,-1.33150147572478,-0.760823976058797,-1.63669551312706,-5.38450735912539,-21.4911095132304,-8.5427925151668,-44.7238675769901,-46.5179180621399,-3.03624670689855,1.0523367805911,0.504604309439461
0.0648265872871539,2.14369646023652,2.97578479816561,0.806089348159044,0.0175453366248639,5.10160364654318e-09,0.00252977320137017,1.99959942682486e-19,3.81022872277978e-20,0.528115717501449,-4.61376070616877,-1.11518958723361,-0.787213442125241,-2.09328193286106,-5.92068832779795,-20.9714321501806,-7.85734686802522,-44.9338911370116,-46.5917338843556,-2.51616110139084,1.87772124403706,0.58672908462752
0.531396181467241,17.5722980472283,24.3930884655226,6.60767162762579,0.143822546815719,4.18188402410259e-08,0.0207370444048141,1.63911065558957e-18,3.12331880873699e-19,4.32906755387251,-4.61376070616877,-1.11518958723361,-0.787213442125241,-2.09328193286106,-5.92068832779795,-20.9714321501806,-7.85734686802522,-44.9338911370116,-46.5917338843556,-2.51616110139084,3.98151327468909,0.470482618520602
0.224433580277445,7.42160727153235,10.3023476066871,2.79073025438586,0.0607430204284639,1.76620615007609e-08,0.0087582283848829,6.9227345949146e-19,1.3191243125934e-19,1.82836867155476,-4.61376070616877,-1.11518958723361,-0.787213442125241,-2.09328193286106,-5.92068832779795,-20.9714321501806,-7.85734686802522,-44.9338911370116,-46.5917338843556,-2.51616110139084,3.11958523436966,0.586802099651242
0.0508683674059219,1.682123704323,2.33504987334173,0.632525185114593,0.0137675399406844,4.00314530675865e-09,0.00198507183620405,1.56905310868577e-19,2.98982443287381e-20,0.414403803669444,-4.61376070616877,-1.11518958723361,-0.787213442125241,-2.09328193286106,-5.92068832779795,-20.9714321501806,-7.85734686802522,-44.9338911370116,-46.5917338843556,-2.51616110139084,1.63524669205086,0.672528405650809
0.0188228701633169,0.622437827273843,0.864040715913841,0.234053893246316,0.00509441584204674,1.4812876488196e-09,0.000734538011404238,5.80598207692877e-20,1.10632756624591e-20,0.153342231910249,-4.61376070616877,-1.11518958723361,-0.787213442125241,-2.09328193286106,-5.92068832779795,-20.9714321501806,-7.85734686802522,-44.9338911370116,-46.5917338843556,-2.51616110139084,0.641078055737095,0.977895597154781
0.0350956691452667,1.16054947305932,1.61102354904667,0.436398802534521,0.00949865410161078,2.76189448160023e-09,0.00136956281370442,1.08253855159852e-19,2.06277288715105e-20,0.285910075903669,-4.61376070616877,-1.11518958723361,-0.787213442125241,-2.09328193286106,-5.92068832779795,-20.9714321501806,-7.85734686802522,-44.9338911370116,-46.5917338843556,-2.51616110139084,1.26408316387101,0.366765425807417
0.0785684193559598,2.59811366767914,3.60658670646536,0.976962826440228,0.0212645678782624,6.18303309588113e-09,0.00306603031377076,2.42347118497544e-19,4.6179146652813e-20,0.640064808244962,-4.61376070616877,-1.11518958723361,-0.787213442125241,-2.09328193286106,-5.92068832779795,-20.9714321501806,-7.85734686802522,-44.9338911370116,-46.5917338843556,-2.51616110139084,2.06997525651844,0.151901180122665
0.112261884375528,3.71229481955144,5.15324379884979,1.39592585367065,0.0303837149838751,8.83457949376726e-09,0.00438087393634561,3.46275824542853e-19,6.59827200877166e-20,0.914551700098441,-4.61376070616877,-1.11518958723361,-0.787213442125241,-2.09328193286106,-5.92068832779795,-20.9714321501806,-7.85734686802522,-44.9338911370116,-46.5917338843556,-2.51616110139084,2.42683982237423,0.19870789053058
0.0644526708499761,2.1313317287838,2.95862062377202,0.801439866060357,0.0174441360213091,5.07217785784697e-09,0.00251518159903679,1.98806583968493e-19,3.78825151854191e-20,0.52506957307569,-4.61376070616877,-1.11518958723361,-0.787213442125241,-2.09328193286106,-5.92068832779795,-20.9714321501806,-7.85734686802522,-44.9338911370116,-46.5917338843556,-2.51616110139084,1.87193659636448,0.379318215846311
0.0517301810930652,1.71062230386101,2.37461037122344,0.643241449264465,0.0140007900913034,4.07096673671448e-09,0.00201870299375137,1.59563606217687e-19,3.04047814459693e-20,0.421424647628454,-4.61376070616877,-1.11518958723361,-0.787213442125241,-2.09328193286106,-5.92068832779795,-20.9714321501806,-7.85734686802522,-44.9338911370116,-46.5917338843556,-2.51616110139084,1.65204681193177,0.820615797735568
0.0604242454410735,0.400191298314598,1.28505270046513,0.157305874028126,0.0137278820500079,4.27617418380169e-09,0.00109599194152862,5.43277586654278e-20,1.19135600449836e-20,0.126671133990819,-3.5215030019099,-1.63095076232129,-0.464338432369222,-2.56470128868954,-5.00346449011233,-19.9853452713036,-7.53123360501377,-45.0743898091605,-46.5917478638264,-2.78129920911372,0.715138161910559,1.11391574813522
0.508200081437071,3.36582192974543,10.8079775305458,1.32302616951311,0.115458798448316,3.59649020452627e-08,0.00921787586875862,4.56925381136764e-19,1.0019938421855e-19,1.06537169210725,-3.5215030019099,-1.63095076232129,-0.464338432369222,-2.56470128868954,-5.00346449011233,-19.9853452713036,-7.53123360501377,-45.0743898091605,-46.5917478638264,-2.78129920911372,2.84462295405992,0.871276535281552
0.118264984739129,0.783271970422266,2.51516153656723,0.307885959609614,0.026868813160903,8.36951576139006e-09,0.00214512352273387,1.06332673293268e-19,2.33177425158369e-20,0.247926302082197,-3.5215030019099,-1.63095076232129,-0.464338432369222,-2.56470128868954,-5.00346449011233,-19.9853452713036,-7.53123360501377,-45.0743898091605,-46.5917478638264,-2.78129920911372,1.3866754631097,1.27842680228058
0.0832735378703678,0.551522737145168,1.77099248714591,0.216790736276338,0.0189190497527372,5.89319982791287e-09,0.00151043882769718,7.48716783406031e-20,1.64186459646292e-20,0.174571538237143,-3.5215030019099,-1.63095076232129,-0.464338432369222,-2.56470128868954,-5.00346449011233,-19.9853452713036,-7.53123360501377,-45.0743898091605,-46.5917478638264,-2.78129920911372,1.03587854900728,0.665960929511038
0.246865966717543,1.53964708987951,3.08719204987942,0.883751877205785,0.114370883167094,1.05609910436941e-08,0.00195872746577052,5.77417972321482e-20,3.11191680391655e-20,0.245335372142247,-3.21032835293171,-1.37986539067637,-0.684156662374391,-1.93499755606122,-3.97972736862603,-20.1775173326614,-8.04687888717735,-46.109724271256,-46.7278816063064,-3.21654775701777,1.81141861842429,1.61300227078701
0.285016595973983,1.7775839188915,3.5642862435604,1.02032675899392,0.132045742198724,1.21930850064458e-08,0.00226142891285382,6.66652058659704e-20,3.59283195735664e-20,0.283249463543914,-3.21032835293171,-1.37986539067637,-0.684156662374391,-1.93499755606122,-3.97972736862603,-20.1775173326614,-8.04687888717735,-46.109724271256,-46.7278816063064,-3.21654775701777,1.95512048401049,1.86756318515633
0.126189353841626,0.787014402995181,1.57806592435248,0.451743429131809,0.0584624443662778,5.39841377671867e-09,0.00100123381340869,2.95156119705874e-20,1.59070436446362e-20,0.125406966771354,-3.21032835293171,-1.37986539067637,-0.684156662374391,-1.93499755606122,-3.97972736862603,-20.1775173326614,-8.04687888717735,-46.109724271256,-46.7278816063064,-3.21654775701777,1.14035666108163,0.840576986508418
0.0906568725353313,0.56540636942598,1.13371308276864,0.324541217041771,0.0420005508045421,3.87832487250223e-09,0.000719305737266667,2.12045865261986e-20,1.14279278259529e-20,0.0900947905312348,-3.21032835293171,-1.37986539067637,-0.684156662374391,-1.93499755606122,-3.97972736862603,-20.1775173326614,-8.04687888717735,-46.109724271256,-46.7278816063064,-3.21654775701777,0.809654822235123,0.782822576317732
0.227514470941949,1.41895619614526,2.84519115884512,0.814475739446429,0.10540550129657,9.73312896012886e-09,0.00180518541708963,5.32154943153445e-20,2.86797777219941e-20,0.226103857645773,-3.21032835293171,-1.37986539067637,-0.684156662374391,-1.93499755606122,-3.97972736862603,-20.1775173326614,-8.04687888717735,-46.109724271256,-46.7278816063064,-3.21654775701777,1.72978691885368,0.342563109326271
0.0796293274500143,0.496630069780959,0.995807684265374,0.285063869071522,0.0368915838321293,3.40656359074879e-09,0.000631809045333642,1.86252505377215e-20,1.00378292508743e-20,0.0791356173681832,-3.21032835293171,-1.37986539067637,-0.684156662374391,-1.93499755606122,-3.97972736862603,-20.1775173326614,-8.04687888717735,-46.109724271256,-46.7278816063064,-3.21654775701777,0.679955534245974,1.61220608614212
0.648915415773827,2.50931245444848,5.7892136505122,1.09735382245691,0.495117547393274,5.87849697785134e-08,0.00915530743781751,5.04537235920085e-20,4.20055855079088e-20,0.718792685160914,-2.85440740982791,-1.50194571588003,-0.665958038263863,-2.3290528432564,-3.1249145840931,-19.0713341396985,-7.11537602897813,-46.8551849101966,-47.0384388641198,-2.75213680955361,2.4219545089696,0.866671398979096
1.08681113688626,4.20262588178751,9.69584281132802,1.83786103143919,0.829228666009019,9.8453755734288e-08,0.0153334161019618,8.45004870654624e-20,7.03514464777866e-20,1.20384240589152,-2.85440740982791,-1.50194571588003,-0.665958038263863,-2.3290528432564,-3.1249145840931,-19.0713341396985,-7.11537602897813,-46.8551849101966,-47.0384388641198,-2.75213680955361,2.93765525575644,1.00858474190301
0.448381959423943,1.73386300861847,4.0001807586048,0.758240049680183,0.34211203902536,4.06187297962943e-08,0.00632605511952886,3.48620773902273e-20,2.90246560321363e-20,0.496665150430607,-2.85440740982791,-1.50194571588003,-0.665958038263863,-2.3290528432564,-3.1249145840931,-19.0713341396985,-7.11537602897813,-46.8551849101966,-47.0384388641198,-2.75213680955361,2.05229758801393,2.16454369486581
0.0930419993403525,0.35978718035712,0.830061976582558,0.157339448475601,0.0709903408027804,8.42863489817509e-09,0.00131269513388635,7.23409431037791e-21,6.02279367097074e-21,0.103061056823316,-2.85440740982791,-1.50194571588003,-0.665958038263863,-2.3290528432564,-3.1249145840931,-19.0713341396985,-7.11537602897813,-46.8551849101966,-47.0384388641198,-2.75213680955361,0.479703127866055,1.84832320272252
0.27327540806715,1.05673770153797,2.43799065991529,0.462124656521458,0.208507066585488,2.4755902254659e-08,0.00385554159330037,2.12473946033036e-20,1.76896606888042e-20,0.302702570440235,-2.85440740982791,-1.50194571588003,-0.665958038263863,-2.3290528432564,-3.1249145840931,-19.0713341396985,-7.11537602897813,-46.8551849101966,-47.0384388641198,-2.75213680955361,1.55713223827183,0.450967681577528
0.261780939185746,1.10331189255115,4.23992179135875,0.226468737453661,0.309911372896539,4.30500841710356e-08,0.00747288344785621,2.96383551237333e-20,5.36605490566812e-21,0.732666420383823,-3.26908883881544,-1.83052513608247,-0.484296780241937,-3.41398997195388,-3.10031052014195,-18.8897432547635,-6.82531595447003,-46.8940592530191,-48.6030355726644,-2.23990637271399,1.92884160388143,1.12282839138193
0.13824385818089,0.582647817207604,2.23905968343542,0.119595842693248,0.163661051933788,2.27343127017862e-08,0.00394635393539762,1.56517146557145e-20,2.83375915632916e-21,0.386913703604577,-3.26908883881544,-1.83052513608247,-0.484296780241937,-3.41398997195388,-3.10031052014195,-18.8897432547635,-6.82531595447003,-46.8940592530191,-48.6030355726644,-2.23990637271399,1.29035277379423,1.03635482002745
0.215420161260844,0.812795265326858,1.54715682862938,0.212169295321694,0.184985276593247,1.70140062109718e-08,0.00232975123992149,9.22827979576955e-21,3.04413011822923e-21,0.167188882896132,-2.68003893351041,-1.35215004135278,-0.708455071613516,-2.6952447741923,-2.83235305709209,-19.0341029513808,-7.2068677951251,-47.2768883067573,-48.3859457820232,-2.93350508443645,1.1448740140387,2.11217614926019
0.155333485120147,0.756429942450796,2.35488771129112,0.378232599459189,0.186380738147351,1.04035846185228e-08,0.0061573926126595,1.65577390716404e-20,4.45577257710756e-21,0.278994772472986,-3.27716399660041,-1.69412839775328,-0.558489994892468,-2.38722897036714,-3.09494675843321,-19.7960984555715,-6.5050849084531,-46.9624163829728,-48.2750695292495,-2.69154527423593,1.41498304024366,2.93894914888589
0.0528691030513917,0.254316401462334,0.656225675987137,0.0385888880919648,0.0439234845782748,6.27914908612057e-09,0.00221493080927903,3.36094675959726e-21,4.33155778740703e-21,0.0597847554140826,-3.04242348711789,-1.47166342519236,-0.523737843993559,-3.35727823028784,-3.22779345878201,-18.9885186745552,-6.21502142638661,-47.2445515579688,-46.9908470224839,-2.91949188977853,0.102487313067867,3.16071585664199
0.100621080865364,0.484017880387634,1.24893620278076,0.0734428126278545,0.0835956775991272,1.19505482691101e-08,0.00421548161796904,6.3965922658625e-21,8.24387026154036e-21,0.113783029441391,-3.04242348711789,-1.47166342519236,-0.523737843993559,-3.35727823028784,-3.22779345878201,-18.9885186745552,-6.21502142638661,-47.2445515579688,-46.9908470224839,-2.91949188977853,0.746029995194143,1.91598736339715
0.0277755917769463,0.169066650097647,0.640466494129402,0.0323050370377978,0.0228381045324003,7.08982817093864e-09,0.000960218463666541,5.34099851489814e-21,1.69060520185012e-21,0.0994338687282005,-3.57641789667266,-1.77028252162003,-0.438378730157609,-3.42535237455902,-3.77214514567722,-18.7574249911966,-6.94116999216229,-46.6716945886642,-47.8220206395315,-2.30108275077334,-0.00717974091007978,1.85814075461495
0.0335060607872589,0.25884481908471,0.346362756686539,0.0171262755713161,0.0168895563838177,3.86774926952588e-09,0.000645620947971971,3.34621708210266e-21,9.60098588242072e-22,0.0696951581539027,-3.09906424987977,-1.05456186334768,-0.763303935800572,-3.77017672407895,-3.78409512591447,-19.0736283955796,-7.04833330662998,-46.8494917867082,-48.09804156897,-2.36665974296147,-0.296964687612565,1.0057809692284
0.1315333051821,1.01613599998067,1.35970141247663,0.0672318851701979,0.0663026068127874,1.51834573531797e-08,0.00253448645368201,1.31361008224856e-20,3.76901783274293e-21,0.273599291942369,-3.09906424987977,-1.05456186334768,-0.763303935800572,-3.77017672407895,-3.78409512591447,-19.0736283955796,-7.04833330662998,-46.8494917867082,-48.09804156897,-2.36665974296147,1.07056906179445,0.633238727799252
0.111242369939247,0.859382166835563,1.14994759178473,0.0568603840028336,0.056074460417408,1.28411870856648e-08,0.0021435048659058,1.11096652306511e-20,3.18759173182144e-21,0.231392601343305,-3.09906424987977,-1.05456186334768,-0.763303935800572,-3.77017672407895,-3.78409512591447,-19.0736283955796,-7.04833330662998,-46.8494917867082,-48.09804156897,-2.36665974296147,0.903020304776174,1.98881726152807
0.0665258302162692,0.315994252250229,0.884087839337197,0.0374646711067924,0.0532763683635322,2.16380632216932e-08,0.00105898457836152,1.40081915859361e-20,9.36459308939658e-22,0.0552525372543469,-3.05634742542521,-1.49821369763469,-0.46938129850737,-3.63053933687585,-3.2784448594107,-17.9949943298877,-7.1966272179151,-46.0608271240831,-48.7661186040539,-3.2420234594756,0.346182442992485,1.00453916779358
0.046996184049537,0.223229443196274,0.624550714788186,0.0264663601035316,0.0376362986371447,1.52858881781158e-08,0.000748103916756959,9.89587875617118e-21,6.61547761144175e-22,0.0390323337802429,-3.05634742542521,-1.49821369763469,-0.46938129850737,-3.63053933687585,-3.2784448594107,-17.9949943298877,-7.1966272179151,-46.0608271240831,-48.7661186040539,-3.2420234594756,-0.00134144557837645,0.572446198702764
0.259722274276174,1.23366736778518,3.45155112752598,0.146265135710931,0.207995293130034,8.44767659809739e-08,0.00413436228035508,5.46891239894055e-20,3.65601362199042e-21,0.215710417871923,-3.05634742542521,-1.49821369763469,-0.46938129850737,-3.63053933687585,-3.2784448594107,-17.9949943298877,-7.1966272179151,-46.0608271240831,-48.7661186040539,-3.2420234594756,1.7082050306913,1.43434171240552
0.804168518757714,4.22713736774797,10.6258312498621,0.447893169886574,0.668724809824014,5.78373530872067e-07,0.012839811882705,1.83324831450817e-19,7.76842842814061e-21,0.568533188334645,-3.07183449603079,-1.4123630459599,-0.490600117678034,-3.65708859978732,-3.25627071374367,-17.2169339945277,-7.20909269641676,-45.9969154030059,-49.158107135163,-3.41858365342809,2.85388806470943,0.93371559784296
0.540332145428906,2.84027308911122,7.13964556219261,0.30094572438825,0.449325611193955,3.88617315283828e-07,0.00862725030843419,1.23178534321681e-19,5.2197163918733e-21,0.382005450642305,-3.07183449603079,-1.4123630459599,-0.490600117678034,-3.65708859978732,-3.25627071374367,-17.2169339945277,-7.20909269641676,-45.9969154030059,-49.158107135163,-3.41858365342809,2.45626325164787,0.329296643413919
0.350582173123128,12.0687133858576,18.777351691,0.457678069737783,0.92223786487271,1.48157387624013e-06,0.0254000405813746,7.03516933437904e-19,8.65713816364512e-21,0.618628007941945,-4.55133010068556,-1.0125535127371,-0.570518499812212,-4.28475919265359,-3.58412204689714,-16.9255755514671,-7.1761744533968,-45.3013649524658,-49.6990726971381,-3.9834210895491,3.50316994612979,0.329686600212655
0.0101447342608796,0.349230222060511,0.543356900698346,0.0132437492561593,0.0266866337814866,4.28720408925035e-08,0.000734996476341384,2.03575449207165e-20,2.50510073993564e-22,0.0179011291161808,-4.55133010068556,-1.0125535127371,-0.570518499812212,-4.28475919265359,-3.58412204689714,-16.9255755514671,-7.1761744533968,-45.3013649524658,-49.6990726971381,-3.9834210895491,-0.0394703994594896,1.03288814414425
0.0118047218724135,0.406374926622087,0.632266644473386,0.0154108301406988,0.0310533801477899,4.98872129938729e-08,0.000855264293503697,2.3688659516783e-20,2.91501154558121e-22,0.02083029924535,-4.55133010068556,-1.0125535127371,-0.570518499812212,-4.28475919265359,-3.58412204689714,-16.9255755514671,-7.1761744533968,-45.3013649524658,-49.6990726971381,-3.9834210895491,0.112074431812021,0.746054093661985
0.0221541252667678,0.762650838110652,1.18658572349731,0.0289217708889672,0.0582784144502715,9.36241935914603e-08,0.00160508925998107,4.4456916139891e-20,5.47065247558241e-22,0.0390925820882041,-4.55133010068556,-1.0125535127371,-0.570518499812212,-4.28475919265359,-3.58412204689714,-16.9255755514671,-7.1761744533968,-45.3013649524658,-49.6990726971381,-3.9834210895491,0.741598543145626,0.698977090290793
0.0336491996151769,1.15836621754425,1.80226749599424,0.043928362332008,0.0885172390008474,1.42202824125705e-07,0.00243791927051605,6.75242027140807e-20,8.30920088062635e-22,0.0593764855221741,-4.55133010068556,-1.0125535127371,-0.570518499812212,-4.28475919265359,-3.58412204689714,-16.9255755514671,-7.1761744533968,-45.3013649524658,-49.6990726971381,-3.9834210895491,1.15956409192961,1.1027745717811
0.0100023047389846,0.344327117427088,0.535728306237941,0.0130578103418276,0.0263119601436426,4.22701282026335e-08,0.000724677310355586,2.00717301013776e-20,2.46992975452463e-22,0.0176498017579837,-4.55133010068556,-1.0125535127371,-0.570518499812212,-4.28475919265359,-3.58412204689714,-16.9255755514671,-7.1761744533968,-45.3013649524658,-49.6990726971381,-3.9834210895491,-0.0536096379590963,0.495333542297912
0.0043600338188429,0.15009319510887,0.233525531751192,0.00569193762598601,0.0114694601954283,1.84256722125241e-08,0.000315888953931153,8.74932571326325e-21,1.07664958636193e-22,0.00769360008206405,-4.55133010068556,-1.0125535127371,-0.570518499812212,-4.28475919265359,-3.58412204689714,-16.9255755514671,-7.1761744533968,-45.3013649524658,-49.6990726971381,-3.9834210895491,-0.883945364350371,0.286974987000603
0.127003943303089,4.37208251904002,6.80239296910386,0.165801127599348,0.334095269188484,5.36723595786638e-07,0.00920156688275215,2.54860148567024e-19,3.13618537619265e-21,0.224107791181862,-4.55133010068556,-1.0125535127371,-0.570518499812212,-4.28475919265359,-3.58412204689714,-16.9255755514671,-7.1761744533968,-45.3013649524658,-49.6990726971381,-3.9834210895491,2.48779295731061,0.81654414248981
0.14773605269121,5.08578077659978,7.91281483057233,0.192866484978531,0.388632943269516,6.24338295060027e-07,0.0107036296234348,2.96463490489683e-19,3.648135923472e-21,0.260691121751566,-4.55133010068556,-1.0125535127371,-0.570518499812212,-4.28475919265359,-3.58412204689714,-16.9255755514671,-7.1761744533968,-45.3013649524658,-49.6990726971381,-3.9834210895491,2.63900207550483,0.694891310531891
0.204908758535351,7.05393846750593,10.9750127603697,0.2675043178704,0.539030876219111,8.65952369894602e-07,0.0148458512191636,4.11192560520548e-19,5.05993621346657e-21,0.361576562702351,-4.55133010068556,-1.0125535127371,-0.570518499812212,-4.28475919265359,-3.58412204689714,-16.9255755514671,-7.1761744533968,-45.3013649524658,-49.6990726971381,-3.9834210895491,2.96613962144883,0.643708837095903
0.245036289731258,5.32359203196884,11.1873063142208,0.452161780503854,0.557330619238772,3.46703714544674e-07,0.0155486341360528,5.78356323353851e-19,3.70194310838764e-21,0.505851219643121,-4.31252993554311,-1.23403270799714,-0.491401206733134,-3.6998962192087,-3.49077762129324,-17.7809762477992,-7.06996345861346,-44.9002777752442,-49.9516100841352,-3.58769366274539,2.90618097748889,1.17934344622551
0.263133035573396,5.71675702836767,12.0135261335326,0.485555433461468,0.598491341095388,3.72308938209794e-07,0.0166969525359973,6.21069863464202e-19,3.9753439325187e-21,0.543210016439534,-4.31252993554311,-1.23403270799714,-0.491401206733134,-3.6998962192087,-3.49077762129324,-17.7809762477992,-7.06996345861346,-44.9002777752442,-49.9516100841352,-3.58769366274539,2.9774343995276,0.827844524366388
0.0252129061430367,0.547768766793918,1.15111318573752,0.046524996545676,0.0573463000477155,3.56739331298401e-08,0.00159987018067678,5.95097310441046e-20,3.80909881719992e-22,0.0520493488421266,-4.31252993554311,-1.23403270799714,-0.491401206733134,-3.6998962192087,-3.49077762129324,-17.7809762477992,-7.06996345861346,-44.9002777752442,-49.9516100841352,-3.58769366274539,0.632130668508258,1.43137657956717
0.0286447052716582,0.622327104730244,1.30779441896575,0.0528576438691843,0.0651518652378975,4.05296118816249e-08,0.00181763298282287,6.76097668742879e-20,4.32756590415687e-22,0.0591339311980187,-4.31252993554311,-1.23403270799714,-0.491401206733134,-3.6998962192087,-3.49077762129324,-17.7809762477992,-7.06996345861346,-44.9002777752442,-49.9516100841352,-3.58769366274539,0.75974327537079,0.812435055757032
0.0428319505013951,0.481703298756075,0.706443513614833,0.0263981446699293,0.0385977568856811,8.0762857066209e-09,0.00070471363171863,2.70280160218751e-20,5.60042801567029e-23,0.027614304900569,-3.43135020179094,-1.01130617115551,-0.628391286415247,-3.91534080289436,-3.53544036991053,-18.9152130138185,-7.5385982877565,-45.3382922483379,-51.5174933666137,-3.87030060096855,0.280879253940708,0.450513595490738
0.287390925715957,3.23210022726912,4.74004692681897,0.177124486395445,0.258980619656209,5.41897158173252e-08,0.0047284398822247,1.81350754608744e-19,3.7577373268972e-22,0.185284596089518,-3.43135020179094,-1.01130617115551,-0.628391286415247,-3.91534080289436,-3.53544036991053,-18.9152130138185,-7.5385982877565,-45.3382922483379,-51.5174933666137,-3.87030060096855,2.184438322246,0.170156420167858
0.0409458424707433,0.460491459240486,0.675335222522944,0.0252357004647643,0.0368981018763942,7.72064588282629e-09,0.000673681516100851,2.58378353862819e-20,5.35381276392966e-23,0.0263983069919018,-3.43135020179094,-1.01130617115551,-0.628391286415247,-3.91534080289436,-3.53544036991053,-18.9152130138185,-7.5385982877565,-45.3382922483379,-51.5174933666137,-3.87030060096855,0.235845200987698,0.254466049350433
0.183440373890722,2.06303547220738,3.0255512707963,0.113057786806031,0.165306199497544,3.45890591562619e-08,0.00301814254487765,1.15755395365795e-19,2.39854733934931e-22,0.118266349218156,-3.43135020179094,-1.01130617115551,-0.628391286415247,-3.91534080289436,-3.53544036991053,-18.9152130138185,-7.5385982877565,-45.3382922483379,-51.5174933666137,-3.87030060096855,1.73548459957444,0.361248774785944
0.474395749631294,5.33522276800849,7.82438801619736,0.292379111456962,0.427498902046797,8.94508787757435e-08,0.00780522828591853,2.9935540575782e-19,6.20289110266753e-22,0.305848991710659,-3.43135020179094,-1.01130617115551,-0.628391286415247,-3.91534080289436,-3.53544036991053,-18.9152130138185,-7.5385982877565,-45.3382922483379,-51.5174933666137,-3.87030060096855,2.68563681099033,1.01186044014501
0.3757706245758,4.22604965019975,6.19772663236343,0.23159457354011,0.338623458478383,7.08543712976764e-08,0.00618255013927897,2.37120522009707e-19,4.91333294119231e-22,0.242264115414856,-3.43135020179094,-1.01130617115551,-0.628391286415247,-3.91534080289436,-3.53544036991053,-18.9152130138185,-7.5385982877565,-45.3382922483379,-51.5174933666137,-3.87030060096855,2.45257383902616,0.391958776419025
0.144615935479646,1.62640207503444,2.3852051655133,0.0891295479584691,0.130319788244454,2.72684199293197e-08,0.00237936446748857,9.12562182064305e-20,1.89090416637972e-22,0.0932357384865275,-3.43135020179094,-1.01130617115551,-0.628391286415247,-3.91534080289436,-3.53544036991053,-18.9152130138185,-7.5385982877565,-45.3382922483379,-51.5174933666137,-3.87030060096855,1.49767643033178,0.427846167064814
0.156057990122177,1.75508347761672,2.57392328808349,0.0961815035719529,0.140630727582851,2.94259052009942e-08,0.00256762047234173,9.84764365850311e-20,2.04051305093138e-22,0.100612577082228,-3.43135020179094,-1.01130617115551,-0.628391286415247,-3.91534080289436,-3.53544036991053,-18.9152130138185,-7.5385982877565,-45.3382922483379,-51.5174933666137,-3.87030060096855,1.57382259253571,1.01715174851855
0.0508367442770631,0.571728047161493,0.838469596350918,0.0313316511217579,0.0458112290824046,9.58564964634554e-09,0.000836416419632199,3.20792381093098e-20,6.6470829262248e-23,0.0327750975658545,-3.43135020179094,-1.01130617115551,-0.628391286415247,-3.91534080289436,-3.53544036991053,-18.9152130138185,-7.5385982877565,-45.3382922483379,-51.5174933666137,-3.87030060096855,0.452214328469412,0.293585345490072
0.04331087165022,0.487089415767616,0.714342540746677,0.0266933128708675,0.0390293338242367,8.16658988337622e-09,0.000712593316349949,2.73302270660169e-20,5.66304863854126e-23,0.0279230714748708,-3.43135020179094,-1.01130617115551,-0.628391286415247,-3.91534080289436,-3.53544036991053,-18.9152130138185,-7.5385982877565,-45.3382922483379,-51.5174933666137,-3.87030060096855,0.291998603674888,0.638750034562583
0.0561426770963701,0.631400448537542,0.925982347463044,0.0346017983023872,0.0505926388154192,1.05861230986919e-08,0.000923714876577957,3.54274124411455e-20,7.34085228444128e-23,0.0361959001428818,-3.43135020179094,-1.01130617115551,-0.628391286415247,-3.91534080289436,-3.53544036991053,-18.9152130138185,-7.5385982877565,-45.3382922483379,-51.5174933666137,-3.87030060096855,0.551491178682729,1.07046429392716
0.0195641526356814,0.220025395800459,0.322678948006291,0.0120577588826938,0.0176301195314884,3.68896780193462e-09,0.000321888797824876,1.2345462317304e-20,2.55808169464873e-23,0.0126132587864608,-3.43135020179094,-1.01130617115551,-0.628391286415247,-3.91534080289436,-3.53544036991053,-18.9152130138185,-7.5385982877565,-45.3382922483379,-51.5174933666137,-3.87030060096855,-0.502706132679796,0.86695524894854
0.0335195571600718,0.325094705840663,0.442795381367116,0.0167478129472952,0.0224726431767522,1.37018284078159e-08,0.00141565588493595,2.54922709658842e-20,1.79250032881545e-23,0.00873007018411909,-3.23401962211718,-0.962032143961843,-0.653040916165568,-3.92788100699346,-3.6338499757854,-17.9441299600395,-6.39855573980418,-44.9543050534782,-52.2142390693785,-4.57937527719156,-0.161606592553387,0.98049591709956
0.049440468995249,0.479506177479598,0.653111591515831,0.02470258550269,0.0331465601683126,2.02098380757185e-08,0.00208805535684374,3.76004320787569e-20,2.6438910426997e-23,0.0128766248970147,-3.23401962211718,-0.962032143961843,-0.653040916165568,-3.92788100699346,-3.6338499757854,-17.9441299600395,-6.39855573980418,-44.9543050534782,-52.2142390693785,-4.57937527719156,0.227033642389342,1.24247504978202
0.0223138736724289,0.216414619174774,0.294767623431803,0.0111489713486004,0.0149599745168754,9.12126812156985e-09,0.000942398088054689,1.69701321303152e-20,1.1932623603578e-23,0.00581158284131266,-3.23401962211718,-0.962032143961843,-0.653040916165568,-3.92788100699346,-3.6338499757854,-17.9441299600395,-6.39855573980418,-44.9543050534782,-52.2142390693785,-4.57937527719156,-0.568527034069279,0.424445995328772
0.0655913759191659,0.777231671072964,0.909995177817047,0.0857538342173463,0.117357291178776,8.94183002782234e-08,0.00937155271341858,9.51092363772242e-20,6.97945839286665e-23,0.0194959574367892,-3.40982767292274,-0.937533428688124,-0.77983259518898,-3.14179109663236,-2.82804884331412,-16.9154570912182,-5.35559310191801,-44.4847774818524,-51.7020024358461,-4.62306476243976,0.685516616601552,1.05686544413679
0.0741722041379476,1.05182226829595,1.09149604191775,0.0532198475650942,0.100444896298044,5.34988321219844e-08,0.00343911784984752,8.08700632390903e-20,2.26222104719581e-23,0.00876476959645579,-3.46987672707022,-0.817986767217574,-0.780961650049831,-3.80183479845098,-3.16665691816711,-17.6121169335516,-6.54105120025403,-44.8299541645563,-53.0116209647028,-5.60552596849832,0.868510920773286,0.875697888876366
0.0362201980805739,0.488794945363451,1.29310558358495,0.0597651837479752,0.0819406506823897,8.25624198147877e-08,0.00162682054831787,1.18350656863076e-19,3.90481275359322e-23,0.00789346871220405,-3.99584033956579,-1.39351419392926,-0.420655227547351,-3.49503398099042,-3.17946204777496,-16.9874132077121,-7.09882973472527,-44.2583370485981,-52.2749492889869,-5.51942158858373,0.677701981841574,1.47381432088664
0.0436724456191649,0.589363719735068,1.55915997900742,0.0720617742439328,0.0987998078576205,9.9549504989644e-08,0.00196153626135626,1.42701114288419e-19,4.7082217014651e-23,0.0095175372126195,-3.99584033956579,-1.39351419392926,-0.420655227547351,-3.49503398099042,-3.17946204777496,-16.9874132077121,-7.09882973472527,-44.2583370485981,-52.2749492889869,-5.51942158858373,0.86480242878383,1.82965873012361
0.0402178105558644,0.542743097913502,1.43582526174098,0.0663614492793631,0.0909844158951765,9.16748095015462e-08,0.00180637224774666,1.31412983614635e-19,4.33578577430152e-23,0.0087646685031888,-3.99584033956579,-1.39351419392926,-0.420655227547351,-3.49503398099042,-3.17946204777496,-16.9874132077121,-7.09882973472527,-44.2583370485981,-52.2749492889869,-5.51942158858373,0.782395006744892,2.22628007641572
0.0547809477960746,0.438034337731956,1.74153099383312,0.0648098892343053,0.032970318654289,5.59716584870498e-08,0.00200242322812359,7.04064610509821e-20,4.06297628028552e-23,0.0133547667304114,-3.75775681608698,-1.6788019776837,-0.298579394782555,-3.58964107828082,-4.26549155962174,-17.5517643754213,-7.06674122042582,-44.9533459202832,-52.4108853625084,-5.16922590206175,0.853344002653454,3.34352367127058
0.0486048918155333,0.388649931290092,1.54518913881812,0.0575031608897397,0.0292532136771501,4.96613606545518e-08,0.00177666813531897,6.2468769894901e-20,3.60491248321388e-23,0.0118491376704483,-3.75775681608698,-1.6788019776837,-0.298579394782555,-3.58964107828082,-4.26549155962174,-17.5517643754213,-7.06674122042582,-44.9533459202832,-52.4108853625084,-5.16922590206175,0.733725717586555,5.22396211062394
0.0390504347210992,0.149111505379535,0.582535094969196,0.0300666029795861,0.0136372289869142,1.37195303777394e-08,0.00191131597050434,3.69954024346291e-20,2.35575868150282e-23,0.00663010509445509,-3.04803208242961,-1.70819170675889,-0.345496658576731,-3.30947107087321,-4.10008261275104,-17.909576256356,-6.06509409646897,-44.5486241185687,-51.9077251176194,-4.82126543565302,-0.194869187906284,1.21558481044102
0.0309023467452226,0.117998569692,0.460985943551427,0.023793040906254,0.0107917461561555,1.08568749091402e-08,0.00151250938131795,2.92761082476825e-20,1.86421667630079e-23,0.0052466972019499,-3.04803208242961,-1.70819170675889,-0.345496658576731,-3.30947107087321,-4.10008261275104,-17.909576256356,-6.06509409646897,-44.5486241185687,-51.9077251176194,-4.82126543565302,-0.42889106908528,1.20418586346794
0.0953741914011569,0.364180049614108,1.42274507421718,0.0734326766869069,0.0333066634691422,3.35076709267343e-08,0.00466807134160983,9.03551168626739e-20,5.75354873740217e-23,0.0161929288829834,-3.04803208242961,-1.70819170675889,-0.345496658576731,-3.30947107087321,-4.10008261275104,-17.909576256356,-6.06509409646897,-44.5486241185687,-51.9077251176194,-4.82126543565302,0.69808481491557,0.661824107713677
0.120144100885208,0.719344613703317,1.00311369454171,0.143425474691607,0.060937748758932,2.71125627373113e-08,0.00437286204451951,7.11946324860492e-20,1.36921505993248e-22,0.0139447314732238,-2.844330801554,-1.05468212588596,-0.72215852859752,-2.66720710444589,-3.52316983366601,-18.1485360324649,-6.15760493978322,-44.8141369093621,-51.0679018048128,-4.99792089985266,0.725267385631461,0.181926626057517
0.123118559221035,0.73715373264297,1.02794820467187,0.146976319848574,0.06244641038632,2.7783799923702e-08,0.00448112284021327,7.29572281233216e-20,1.4031132964547e-22,0.0142899670900023,-2.844330801554,-1.05468212588596,-0.72215852859752,-2.66720710444589,-3.52316983366601,-18.1485360324649,-6.15760493978322,-44.8141369093621,-51.0679018048128,-4.99792089985266,0.749723309800707,0.410406898274139
0.494461097448456,2.96051095738126,4.12838162351871,0.590277151317125,0.250793388151191,1.11583568622649e-07,0.0179968067478378,2.93006280392627e-19,5.6350963234061e-22,0.0573904767447735,-2.844330801554,-1.05468212588596,-0.72215852859752,-2.66720710444589,-3.52316983366601,-18.1485360324649,-6.15760493978322,-44.8141369093621,-51.0679018048128,-4.99792089985266,2.1400440000616,0.495039529040318
0.488754863010271,2.9263457426317,4.0807388190278,0.583465169896745,0.247899154659977,1.10295859629372e-07,0.0177891180156569,2.8962489703121e-19,5.57006556392063e-22,0.056728172841565,-2.844330801554,-1.05468212588596,-0.72215852859752,-2.66720710444589,-3.52316983366601,-18.1485360324649,-6.15760493978322,-44.8141369093621,-51.0679018048128,-4.99792089985266,2.12843658371508,1.2345887483245
0.246482182477294,1.47577474909307,2.05794251138255,0.294245191935027,0.125017118599152,5.56229027210426e-08,0.00897116522961966,1.4605967556074e-19,2.80901945052958e-22,0.0286083779582655,-2.844330801554,-1.05468212588596,-0.72215852859752,-2.66720710444589,-3.52316983366601,-18.1485360324649,-6.15760493978322,-44.8141369093621,-51.0679018048128,-4.99792089985266,1.44386523140276,1.6268052596301
0.175688050745456,1.05190560389252,1.46686427691102,0.209732661779922,0.0891099456185717,3.96470010840004e-08,0.00639448464901708,1.04108700409386e-19,2.00221836243712e-22,0.0203915354366027,-2.844330801554,-1.05468212588596,-0.72215852859752,-2.66720710444589,-3.52316983366601,-18.1485360324649,-6.15760493978322,-44.8141369093621,-51.0679018048128,-4.99792089985266,1.1052855060353,0.837742409286016
0.0449839912351495,0.269334836745747,0.375582798578156,0.0537009328705106,0.022816127765446,1.01514038188438e-08,0.00163727379400117,2.66564791791323e-20,5.12657365623688e-23,0.00522114422386295,-2.844330801554,-1.05468212588596,-0.72215852859752,-2.66720710444589,-3.52316983366601,-18.1485360324649,-6.15760493978322,-44.8141369093621,-51.0679018048128,-4.99792089985266,-0.257117801281989,0.869028769148715
0.292226722372371,1.7496632557897,2.439875324406,0.34885405163484,0.148219000827915,6.59459372991591e-08,0.0106361205688944,1.73166838393355e-19,3.3303443634678e-22,0.0339177965689428,-2.844330801554,-1.05468212588596,-0.72215852859752,-2.66720710444589,-3.52316983366601,-18.1485360324649,-6.15760493978322,-44.8141369093621,-51.0679018048128,-4.99792089985266,1.61410547004224,0.830907805551532
0.0148845674238792,0.0891190938613087,0.124275043969812,0.017768880308063,0.00754953446219021,3.35895616284354e-09,0.000541750776421073,8.82025251051984e-21,1.69631082401859e-23,0.00172760288929545,-2.844330801554,-1.05468212588596,-0.72215852859752,-2.66720710444589,-3.52316983366601,-18.1485360324649,-6.15760493978322,-44.8141369093621,-51.0679018048128,-4.99792089985266,-1.36309954459335,1.02816794819448
0.018175921432409,0.108825577661865,0.151755396772947,0.0216980287853781,0.00921892731769232,4.10170625535309e-09,0.000661545563788356,1.07706332390972e-20,2.07140801504537e-23,0.00210961954674349,-2.844330801554,-1.05468212588596,-0.72215852859752,-2.66720710444589,-3.52316983366601,-18.1485360324649,-6.15760493978322,-44.8141369093621,-51.0679018048128,-4.99792089985266,-1.16332675749948,1.04041017540268
0.0695606902264435,0.416484100935478,0.580779917231127,0.0830400738953953,0.0352815646651428,1.56975545525709e-08,0.00253178724415628,4.12200660678239e-20,7.92744245748242e-23,0.00807368101432338,-2.844330801554,-1.05468212588596,-0.72215852859752,-2.66720710444589,-3.52316983366601,-18.1485360324649,-6.15760493978322,-44.8141369093621,-51.0679018048128,-4.99792089985266,0.178775134758046,0.640545374916093
0.298614199405017,1.78790730743048,2.49320599680531,0.356479285988746,0.151458764309858,6.7387380287244e-08,0.0108686043585312,1.76951910456832e-19,3.40313886343603e-22,0.034659170064232,-2.844330801554,-1.05468212588596,-0.72215852859752,-2.66720710444589,-3.52316983366601,-18.1485360324649,-6.15760493978322,-44.8141369093621,-51.0679018048128,-4.99792089985266,1.63572795981163,1.36003007137379
0.369815395209474,2.21421368713453,3.08768291288326,0.441477760584028,0.187572402426915,8.34551428656528e-08,0.013460100772951,2.19144102420623e-19,4.21457903288566e-22,0.0429232591768071,-2.844330801554,-1.05468212588596,-0.72215852859752,-2.66720710444589,-3.52316983366601,-18.1485360324649,-6.15760493978322,-44.8141369093621,-51.0679018048128,-4.99792089985266,1.84957947183593,0.678856579446198
0.0877663800975192,0.940584451356629,1.03629230954345,0.115069258269071,0.132216450771246,4.31385753821289e-08,0.00453589545930442,2.54341765893102e-20,1.001294477131e-22,0.0122613853625698,-3.27839817791911,-0.906575251807053,-0.809672155531835,-3.0075424977188,-2.86863633243537,-17.8041696313024,-6.24105417135351,-45.9635145599,-51.5008998174919,-5.24662176792033,0.845321411640684,0.941051290046649
0.0153066088874043,0.164039559413213,0.180731175850954,0.0200682781872892,0.023058778295146,7.52344235458238e-09,0.000791068033939434,4.43576450336875e-21,1.74627493187399e-23,0.00213840687008013,-3.27839817791911,-0.906575251807053,-0.809672155531835,-3.0075424977188,-2.86863633243537,-17.8041696313024,-6.24105417135351,-45.9635145599,-51.5008998174919,-5.24662176792033,-0.901072412504546,1.68093708814978
0.0128816441011191,0.138051428530604,0.152098658978904,0.016888941190863,0.0194056683351404,6.33153349248808e-09,0.000665742291316095,3.73302408581132e-21,1.46961958331723e-23,0.00179962762793449,-3.27839817791911,-0.906575251807053,-0.809672155531835,-3.0075424977188,-2.86863633243537,-17.8041696313024,-6.24105417135351,-45.9635145599,-51.5008998174919,-5.24662176792033,-1.07355374093067,1.04234624893594
0.209488963304185,2.24507449658739,2.47351891880628,0.274658013651523,0.315586528384234,1.02967166074075e-07,0.0108266973796804,6.07086595148383e-20,2.38998283560642e-22,0.029266615592711,-3.27839817791911,-0.906575251807053,-0.809672155531835,-3.0075424977188,-2.86863633243537,-17.8041696313024,-6.24105417135351,-45.9635145599,-51.5008998174919,-5.24662176792033,1.71531395578586,3.7781331292517
0.470800412678782,3.58822175459682,5.34763157552717,0.370483229674615,0.80883377434176,1.52742711725632e-07,0.0202998279058027,7.84222501918366e-20,6.76052645575472e-22,0.0616789153088249,-3.12056491295741,-1.08958713910808,-0.690590119183079,-3.36019098521554,-2.57940573947392,-18.0617548396858,-6.26438675642597,-46.3594231482248,-51.1130151666852,-5.15305702157496,2.36724388590897,2.47537514180883
0.283945824023619,2.16410299449678,3.2252258353983,0.223443232214548,0.487818120733682,9.21211068991305e-08,0.0122430890182408,4.72974743709505e-20,4.07736102946555e-22,0.0371993523382836,-3.12056491295741,-1.08958713910808,-0.690590119183079,-3.36019098521554,-2.57940573947392,-18.0617548396858,-6.26438675642597,-46.3594231482248,-51.1130151666852,-5.15305702157496,1.86159309345917,3.53851270745632
0.0864654071467898,0.658999114250703,0.982125607787991,0.0680415361418329,0.148547324363225,2.80521435461706e-08,0.00372818892595695,1.44027311990294e-20,1.24161248966939e-22,0.0113277142095213,-3.12056491295741,-1.08958713910808,-0.690590119183079,-3.36019098521554,-2.57940573947392,-18.0617548396858,-6.26438675642597,-46.3594231482248,-51.1130151666852,-5.15305702157496,0.67255405054667,2.29871722654036
0.13815428236515,1.05294767830114,1.56923864715098,0.108716652206805,0.237348665459056,4.48216678589858e-08,0.00595689400632638,2.30126597278612e-20,1.98384635134688e-22,0.018099402744928,-3.12056491295741,-1.08958713910808,-0.690590119183079,-3.36019098521554,-2.57940573947392,-18.0617548396858,-6.26438675642597,-46.3594231482248,-51.1130151666852,-5.15305702157496,1.14118068280238,2.80997761614521
0.0667258112175382,0.50855309586835,0.757911516982945,0.0525080126881679,0.114634754515222,2.16479872850348e-08,0.00287706307835221,1.11146637102149e-20,9.58158913776575e-23,0.00874165686385487,-3.12056491295741,-1.08958713910808,-0.690590119183079,-3.36019098521554,-2.57940573947392,-18.0617548396858,-6.26438675642597,-46.3594231482248,-51.1130151666852,-5.15305702157496,0.413401486817105,1.42382764568661
0.0516773370044754,0.393860625151162,0.58698198145557,0.0406660363899558,0.0887815184770859,1.67657809471982e-08,0.0022282075791993,8.60800658341368e-21,7.42068177030411e-23,0.00677017692985615,-3.12056491295741,-1.08958713910808,-0.690590119183079,-3.36019098521554,-2.57940573947392,-18.0617548396858,-6.26438675642597,-46.3594231482248,-51.1130151666852,-5.15305702157496,0.157828963570803,0.961995419032023
0.0912770359156339,0.695671110617856,1.03677895396409,0.0718279129551704,0.156813688947936,2.96131898115904e-08,0.0039356552605729,1.52042146832802e-20,1.31070576722613e-22,0.0119580790846122,-3.12056491295741,-1.08958713910808,-0.690590119183079,-3.36019098521554,-2.57940573947392,-18.0617548396858,-6.26438675642597,-46.3594231482248,-51.1130151666852,-5.15305702157496,0.726708866561379,1.36603286789896
0.245935164760221,1.87440343009018,2.7934781219097,0.193531805999268,0.422515915873023,7.97892333195472e-08,0.0106041570614,4.0965956066304e-20,3.53154148336798e-22,0.0322196280848571,-3.12056491295741,-1.08958713910808,-0.690590119183079,-3.36019098521554,-2.57940573947392,-18.0617548396858,-6.26438675642597,-46.3594231482248,-51.1130151666852,-5.15305702157496,1.71787757728487,0.9187988205218
0.490964531939816,3.74190329234877,5.57666765525247,0.386350819902215,0.843475674070314,1.59284596933348e-07,0.0211692582203219,8.17810314566824e-20,7.05007603568308e-22,0.0643205888730046,-3.12056491295741,-1.08958713910808,-0.690590119183079,-3.36019098521554,-2.57940573947392,-18.0617548396858,-6.26438675642597,-46.3594231482248,-51.1130151666852,-5.15305702157496,2.4091815227855,0.387830433214026
0.0845188446762266,0.644163320535454,0.960015391545631,0.0665097431963801,0.145203135556976,2.74206164228076e-08,0.00364425764192197,1.40784880484935e-20,1.21366054501168e-22,0.0110726977343188,-3.12056491295741,-1.08958713910808,-0.690590119183079,-3.36019098521554,-2.57940573947392,-18.0617548396858,-6.26438675642597,-46.3594231482248,-51.1130151666852,-5.15305702157496,0.649784157394332,0.363124790271807
0.341714024739327,2.6043853497152,3.88139147563422,0.268902303611432,0.587063725800086,1.10862958841491e-07,0.0147339205922497,5.69200493892743e-20,4.90689184278355e-22,0.0447674849556999,-3.12056491295741,-1.08958713910808,-0.690590119183079,-3.36019098521554,-2.57940573947392,-18.0617548396858,-6.26438675642597,-46.3594231482248,-51.1130151666852,-5.15305702157496,2.04678383626748,0.223456967981016
0.00334807364744266,0.0255174599983683,0.0380294151663595,0.00263467300513887,0.00575198103507796,1.08622217439821e-09,0.000144361213432943,5.57695919904781e-22,4.80771466205035e-24,0.000438626529176854,-3.12056491295741,-1.08958713910808,-0.690590119183079,-3.36019098521554,-2.57940573947392,-18.0617548396858,-6.26438675642597,-46.3594231482248,-51.1130151666852,-5.15305702157496,-2.5788052161954,0.276859717030591
0.010851063291221,0.0827017570790267,0.123252841589517,0.00853894105712704,0.018642095973369,3.52043198683088e-09,0.000467872821422203,1.80748524715544e-21,1.5581740898647e-23,0.00142158289526937,-3.12056491295741,-1.08958713910808,-0.690590119183079,-3.36019098521554,-2.57940573947392,-18.0617548396858,-6.26438675642597,-46.3594231482248,-51.1130151666852,-5.15305702157496,-1.40292729164899,0.716995230669916
0.166740968904853,1.2708221061292,1.89394326393242,0.131212146411375,0.286460511895792,5.40961032752178e-08,0.00718948599546939,2.77744063695359e-20,2.39434100137152e-22,0.0218445052778887,-3.12056491295741,-1.08958713910808,-0.690590119183079,-3.36019098521554,-2.57940573947392,-18.0617548396858,-6.26438675642597,-46.3594231482248,-51.1130151666852,-5.15305702157496,1.32925115781319,0.285750106026671
0.0778195589263352,0.5931044806945,0.88392091277116,0.0612379274666299,0.133693781630017,2.52471538588284e-08,0.003355399892115,1.29625734293977e-20,1.11746118467318e-22,0.0101950335112862,-3.12056491295741,-1.08958713910808,-0.690590119183079,-3.36019098521554,-2.57940573947392,-18.0617548396858,-6.26438675642597,-46.3594231482248,-51.1130151666852,-5.15305702157496,0.567202433645341,0.233784152629431
0.0559202154393543,0.426197871024668,0.635175122494641,0.0440048510199743,0.0960707716003575,1.81423064136441e-08,0.00241115071122253,9.314752085739e-21,8.02994402103884e-23,0.00732603060500806,-3.12056491295741,-1.08958713910808,-0.690590119183079,-3.36019098521554,-2.57940573947392,-18.0617548396858,-6.26438675642597,-46.3594231482248,-51.1130151666852,-5.15305702157496,0.236735584528495,0.584121948060201
0.119336972805033,0.909530897626692,1.35550043439625,0.0939088962408485,0.205020580978699,3.87167307939583e-08,0.0051455350197292,1.98782194883885e-20,1.71363647964464e-22,0.0156341728695025,-3.12056491295741,-1.08958713910808,-0.690590119183079,-3.36019098521554,-2.57940573947392,-18.0617548396858,-6.26438675642597,-46.3594231482248,-51.1130151666852,-5.15305702157496,0.994760829608994,0.367716441999656
0.260165290900864,1.98285883245056,2.95511237248406,0.204729806148132,0.44696323224262,8.44059413690418e-08,0.0112177272791687,4.33362991722355e-20,3.73588103289208e-22,0.0340838973620836,-3.12056491295741,-1.08958713910808,-0.690590119183079,-3.36019098521554,-2.57940573947392,-18.0617548396858,-6.26438675642597,-46.3594231482248,-51.1130151666852,-5.15305702157496,1.77412679723149,0.983797986945037
0.123671876473351,0.942569517024315,1.4047388528625,0.0973201275569568,0.212467933192142,4.01231121894221e-08,0.00533244606756449,2.06002938342882e-20,1.77588415433562e-22,0.0162020826440687,-3.12056491295741,-1.08958713910808,-0.690590119183079,-3.36019098521554,-2.57940573947392,-18.0617548396858,-6.26438675642597,-46.3594231482248,-51.1130151666852,-5.15305702157496,1.0304415348441,0.486167719997643
0.142292256779732,1.08448539452761,1.61624022582895,0.111972915549274,0.244457693772843,4.61641591060479e-08,0.0061353139189528,2.3701931139034e-20,2.04326619200473e-22,0.0186415130884914,-3.12056491295741,-1.08958713910808,-0.690590119183079,-3.36019098521554,-2.57940573947392,-18.0617548396858,-6.26438675642597,-46.3594231482248,-51.1130151666852,-5.15305702157496,1.1706927228311,0.961278791051898
0.0838479033370708,0.374306609359576,0.784047264836849,0.135530728924623,0.0569441042014333,4.76161101427108e-08,0.00610612456329327,1.05556523858019e-20,1.10499836042607e-22,0.0113939461984984,-2.85181441915932,-1.35574362951648,-0.616349596876363,-2.37162050585109,-3.23874874353202,-17.2331583078026,-5.47152660794039,-46.3706890884701,-50.9300918178869,-4.84773672305942,0.373063623209153,0.5155522790186
0.0477158831146961,0.213009147640348,0.446182983192281,0.0771273718535275,0.0324055594953126,2.70972159770341e-08,0.00347485285081733,6.00697519430521e-21,6.28828754322709e-23,0.0064840286206932,-2.85181441915932,-1.35574362951648,-0.616349596876363,-2.37162050585109,-3.23874874353202,-17.2331583078026,-5.47152660794039,-46.3706890884701,-50.9300918178869,-4.84773672305942,-0.190676538010108,1.15490752924038
0.156578878330972,0.698985981912796,1.46414205246255,0.253092190380558,0.106338305533758,8.89190643999488e-08,0.0114026719454886,1.97117893810205e-20,2.06349111840679e-22,0.0212772322803634,-2.85181441915932,-1.35574362951648,-0.616349596876363,-2.37162050585109,-3.23874874353202,-17.2331583078026,-5.47152660794039,-46.3706890884701,-50.9300918178869,-4.84773672305942,0.997619038078933,1.08860830492256
0.0172329414906149,0.0699246403879138,0.303589966000913,0.0205415176673131,0.0203755893642335,2.89303595725099e-08,0.00143424351646389,4.66148885792685e-21,2.48394431955349e-23,0.00109027285930902,-3.22665762920537,-1.82606228805553,-0.357802389392202,-3.05103229415443,-3.05914279974411,-16.5240993943049,-5.71284284032128,-45.9806771636791,-51.2153344960043,-5.98705238974953,-0.834274894677495,0.313663507828715
0.0611510150114794,0.314981905146062,0.567298543872541,0.0614807518689455,0.0477114074243196,6.31377185559644e-08,0.00427154277502949,1.09889658825941e-20,3.27309935739157e-23,0.0012256847109867,-2.85090343057103,-1.21173469808748,-0.623364193721108,-2.84552574319839,-3.09907937262293,-16.6344420998712,-5.5122748236695,-46.0138898974023,-51.8302143994318,-6.76075025569456,0.056494612300247,0.796033926531495
1.02171140573927,5.26271894307565,9.47842636177092,1.02722065048529,0.797162387903942,1.05490525658282e-06,0.0713689539336597,1.83603686339768e-19,5.4686957280056e-22,0.0204787451004741,-2.85090343057103,-1.21173469808748,-0.623364193721108,-2.84552574319839,-3.09907937262293,-16.6344420998712,-5.5122748236695,-46.0138898974023,-51.8302143994318,-6.76075025569456,2.87238250061546,0.487910267424428
0.0855908948612135,0.648160723617061,0.494754602792322,0.0890673480690453,0.0610892670012867,1.08859680841221e-07,0.0193565260677587,2.32497943384034e-20,3.29658639704294e-23,0.00276753889387668,-2.79521059872565,-0.77065081190096,-1.04072762006368,-2.75539670433113,-3.13245331985176,-16.3702403445624,-4.28175988067349,-45.5450248953307,-52.103603859706,-6.22683106847551,0.337034228789916,0.298293825019409
0.162657797211243,1.23177115642206,0.940236621907207,0.169264483843165,0.116094657262214,2.06878032055439e-07,0.0367853367691614,4.41841429375317e-20,6.26486593613759e-23,0.00525945874154443,-2.79521059872565,-0.77065081190096,-1.04072762006368,-2.75539670433113,-3.13245331985176,-16.3702403445624,-4.28175988067349,-45.5450248953307,-52.103603859706,-6.22683106847551,0.979103910101266,0.604329367750636
0.0447484804283936,0.338870244343888,0.258666727293941,0.046566033552276,0.0319385826404156,5.69138260029106e-08,0.0101199447594198,1.21554163980085e-20,1.72351547565643e-23,0.00144691979477807,-2.79521059872565,-0.77065081190096,-1.04072762006368,-2.75539670433113,-3.13245331985176,-16.3702403445624,-4.28175988067349,-45.5450248953307,-52.103603859706,-6.22683106847551,-0.311487193019579,1.03356019804708
0.120154086472392,0.909900051398858,0.694545692306596,0.125034395996301,0.0857582466185185,1.52819240018021e-07,0.0271730504830197,3.26384927267278e-20,4.62780915722737e-23,0.00388512245502012,-2.79521059872565,-0.77065081190096,-1.04072762006368,-2.75539670433113,-3.13245331985176,-16.3702403445624,-4.28175988067349,-45.5450248953307,-52.103603859706,-6.22683106847551,0.676230292769935,0.266170848196718
0.0538397840295209,0.313285249346263,0.844934058708468,0.0391770755220685,0.0627214047811696,7.16355110766141e-08,0.00919479673221063,7.90712115983673e-21,1.3215583941548e-23,0.00122653767066031,-3.20268625903093,-1.44158481773398,-0.44944034573987,-3.52060716540164,-3.04999615957031,-16.732618575211,-4.97006118154791,-46.5674668408313,-52.9615891510329,-6.98450363482533,0.28094365403846,0.150013264806538
0.158842008757157,0.642124699868046,0.537625232708344,0.0468452931015961,0.086136477203446,7.82300449520945e-08,0.0104713838558568,1.24609986255362e-20,3.01503048496306e-23,0.0020802288800608,-2.23467087065808,-0.837798401876864,-1.01541919931104,-3.45573038703793,-2.8466479406457,-16.7584377009129,-4.95393473367736,-46.2265089404933,-52.250672841914,-6.57010299710973,0.3948256442778,0.314469689585391
0.0537959380139488,0.217472070654423,0.182080634208863,0.0158653652371743,0.0291723368687738,2.64946199182443e-08,0.00354640388419638,4.2202381781516e-21,1.02111774050409e-23,0.000704523096642939,-2.23467087065808,-0.837798401876864,-1.01541919931104,-3.45573038703793,-2.8466479406457,-16.7584377009129,-4.95393473367736,-46.2265089404933,-52.250672841914,-6.57010299710973,-0.687886445606168,0.083590342537066
0.00394517127657571,0.0159485009143406,0.0133530395531952,0.00116350017374645,0.00213937835706918,1.94300568675177e-09,0.000260078572018585,3.09494788183353e-22,7.48845457215386e-25,5.16668058439506e-05,-2.23467087065808,-0.837798401876864,-1.01541919931104,-3.45573038703793,-2.8466479406457,-16.7584377009129,-4.95393473367736,-46.2265089404933,-52.250672841914,-6.57010299710973,-3.30059203885315,0.0576031401375619
0.0222227373205084,0.0898362381830238,0.0752162756995883,0.0065538748309999,0.0120508946064301,1.09447478859312e-08,0.00146499540412312,1.74335178315371e-21,4.21816816627487e-24,0.00029103371538698,-2.23467087065808,-0.837798401876864,-1.01541919931104,-3.45573038703793,-2.8466479406457,-16.7584377009129,-4.95393473367736,-46.2265089404933,-52.250672841914,-6.57010299710973,-1.57196843995799,0.169523597979185
0.0200183915129028,0.0619551011164121,0.0893630848659626,0.0400084980858901,0.00922055216405118,6.93396836210071e-09,0.0038078799337395,1.88204298841348e-21,2.95827715481126e-24,0.000413181090875484,-2.41850050680742,-1.28874198629432,-0.92244425751415,-1.72606004975947,-3.19371701003946,-17.2942302068876,-4.07807934702924,-46.2293257245689,-52.6848318297408,-6.29902123888373,-1.49260334552624,0.269842691176706
0.0271703353131203,0.0840897167290487,0.121289713954193,0.0543022803639,0.0125147664290566,9.41125790887903e-09,0.00516831607400219,2.55443795451507e-21,4.01517685342292e-24,0.000560797743259834,-2.41850050680742,-1.28874198629432,-0.92244425751415,-1.72606004975947,-3.19371701003946,-17.2942302068876,-4.07807934702924,-46.2293257245689,-52.6848318297408,-6.29902123888373,-1.18712900751264,0.337925078403051
0.131813270252326,0.407950083387275,0.588420925248984,0.263440295249795,0.0607137258501698,4.56574667872567e-08,0.0250733984531623,1.23925161968354e-20,1.9479096801413e-23,0.00272063570939839,-2.41850050680742,-1.28874198629432,-0.92244425751415,-1.72606004975947,-3.19371701003946,-17.2942302068876,-4.07807934702924,-46.2293257245689,-52.6848318297408,-6.29902123888373,0.392131529592592,0.202142789380648
0.205884017549583,0.637192309747562,0.919076386380494,0.411477131753499,0.0948310118890804,7.13140845022858e-08,0.0391630675521264,1.93563289740756e-20,3.04251210825366e-23,0.00424946144699656,-2.41850050680742,-1.28874198629432,-0.92244425751415,-1.72606004975947,-3.19371701003946,-17.2942302068876,-4.07807934702924,-46.2293257245689,-52.6848318297408,-6.29902123888373,0.838058216454719,0.453664642759878
0.180040635431967,0.626940068300127,2.25469053470657,0.661656021660492,0.0863601536674791,1.18125157876591e-07,0.0261276667027167,5.24723382898329e-20,1.55612295420939e-23,0.00619751617011056,-3.0605690749242,-1.81290070151988,-0.532983645380205,-1.75900583658277,-3.7952252677084,-17.2975174883659,-4.99075687291515,-45.7399971856039,-53.8632560705678,-6.42960305867777,1.34599637375386,0.699858246263516
0.0555800592004905,0.421830653802875,1.17613394276866,0.447918691255755,0.0246003926479707,2.49475583482165e-08,0.0156964696783882,1.34529340880741e-20,9.07039523252841e-24,0.00275917784014618,-3.65284626652162,-1.62606681678566,-0.600682737090644,-1.56605903276508,-4.46790835186502,-18.269405358326,-4.91723493015556,-46.5180051997991,-53.8199418698704,-6.65573800462778,0.762915476993443,2.21340378423933
0.834995616644562,6.33728628501716,17.6694069946232,6.72921456349265,0.369578951952778,3.74794524626224e-07,0.235812691939931,2.02107395280553e-19,1.36267221901918e-22,0.0414519422110392,-3.65284626652162,-1.62606681678566,-0.600682737090644,-1.56605903276508,-4.46790835186502,-18.269405358326,-4.91723493015556,-46.5180051997991,-53.8199418698704,-6.65573800462778,3.47251746284909,2.39397290826596
0.778889071061648,4.36743434083492,16.1617314657289,6.53087082769588,0.804883428482444,3.21170099729804e-07,0.461268543233606,1.97487307884581e-19,1.51925333998259e-22,0.0224635667130783,-3.62157081451194,-1.89750844277813,-0.589037979600381,-1.49514387971999,-3.58874199349822,-18.3229791205767,-4.14545905441319,-46.4402968065845,-53.6103372275066,-7.16754471149235,3.37168417211019,1.38578750206812
0.174394153636137,1.8493359331114,3.34259366826899,1.32344966424831,0.0722964129641696,1.70815404970994e-07,0.0918308545822641,2.65420632608766e-20,2.9436324468491e-23,0.00510866980781923,-3.67200033835528,-1.31073642798203,-0.718815994539936,-1.64532133789777,-4.55254381182608,-17.508245414178,-4.31336997882379,-47.0011192329949,-53.8053758415652,-7.20237926779238,1.92556304755755,0.578153192550115
0.0979552247011739,1.03875108826094,1.87749707793051,0.743366715793813,0.0406080779047782,9.59450820310562e-08,0.0515803529393233,1.49083768953433e-20,1.65340506981892e-23,0.0028694820813382,-3.67200033835528,-1.31073642798203,-0.718815994539936,-1.64532133789777,-4.55254381182608,-17.508245414178,-4.31336997882379,-47.0011192329949,-53.8053758415652,-7.20237926779238,1.34875554283296,1.81812777445497
0.339634550679165,3.87275169937855,4.26566914648073,2.56710957683547,0.138015561270322,5.06222634581706e-07,0.115923296355767,3.19037879911516e-20,3.94293667117847e-23,0.00415226489858951,-3.50497596945821,-1.07112559126778,-0.97449181794626,-1.48231029136833,-4.40547971642987,-16.9213801542101,-4.57991742397871,-47.3166530834059,-54.0126222242484,-7.90919221399149,2.42509087907611,0.238350780762605
0.130970753830161,1.4934205264169,1.64493836857133,0.989935434337992,0.0532219176868797,1.95210881591628e-07,0.0447026413532768,1.23028212379545e-20,1.52048543676187e-23,0.00160120712920196,-3.50497596945821,-1.07112559126778,-0.97449181794626,-1.48231029136833,-4.40547971642987,-16.9213801542101,-4.57991742397871,-47.3166530834059,-54.0126222242484,-7.90919221399149,1.47219473554764,0.698710887979898
0.082003202929638,0.935058117217997,1.02992623085627,0.619816821200608,0.0333232236109847,1.22225130947863e-07,0.0279891476774825,7.70302313363269e-21,9.52003956425492e-24,0.00100254529586508,-3.50497596945821,-1.07112559126778,-0.97449181794626,-1.48231029136833,-4.40547971642987,-16.9213801542101,-4.57991742397871,-47.3166530834059,-54.0126222242484,-7.90919221399149,1.00397899709504,0.908960329122983
0.143824624583379,1.63998938904755,1.80637765610909,1.08709072859179,0.0584452796297504,2.14369475157138e-07,0.0490898954346543,1.35102577798384e-20,1.6697105325541e-23,0.00175835449902304,-3.50497596945821,-1.07112559126778,-0.97449181794626,-1.48231029136833,-4.40547971642987,-16.9213801542101,-4.57991742397871,-47.3166530834059,-54.0126222242484,-7.90919221399149,1.56581536299,1.65289337573637
0.214610179817898,2.44713600819378,2.69541488267097,1.62211955996592,0.0872100449222907,3.19874790177331e-07,0.0732502609827113,2.01595440274304e-20,2.49148488079339e-23,0.00262375637212373,-3.50497596945821,-1.07112559126778,-0.97449181794626,-1.48231029136833,-4.40547971642987,-16.9213801542101,-4.57991742397871,-47.3166530834059,-54.0126222242484,-7.90919221399149,1.96604395579131,1.03871176100228
0.12688255648007,1.44680402876288,1.59359230479149,0.95903501343433,0.0515606177669264,1.8911745549845e-07,0.0433072670839988,1.19187938141766e-20,1.47302411924144e-23,0.00155122611778441,-3.50497596945821,-1.07112559126778,-0.97449181794626,-1.48231029136833,-4.40547971642987,-16.9213801542101,-4.57991742397871,-47.3166530834059,-54.0126222242484,-7.90919221399149,1.4404825969622,1.41628454285346
0.219511057841161,2.50301926169401,2.75696787877427,1.65916258424971,0.089201589745235,3.27179510441329e-07,0.0749230175805256,2.06199111282216e-20,2.54838089340535e-23,0.00268367296113852,-3.50497596945821,-1.07112559126778,-0.97449181794626,-1.48231029136833,-4.40547971642987,-16.9213801542101,-4.57991742397871,-47.3166530834059,-54.0126222242484,-7.90919221399149,1.98862329913088,1.24519986656161
0.0338458244015958,0.385933862459033,0.425089522247916,0.255821852586797,0.0137537551527132,5.04469358724071e-08,0.0115521802027079,3.17932908749998e-21,3.92928051437805e-24,0.000413788374432282,-3.50497596945821,-1.07112559126778,-0.97449181794626,-1.48231029136833,-4.40547971642987,-16.9213801542101,-4.57991742397871,-47.3166530834059,-54.0126222242484,-7.90919221399149,0.119036326290259,2.41601394139958
0.0415512552570413,0.482706185259891,0.408025377184468,0.121228436820214,0.017798159203136,2.31595028788007e-08,0.0212627016020419,3.35337080804132e-21,2.60200379253187e-24,0.000178619289737651,-3.26952569559676,-0.817045270736622,-0.985124055749579,-2.19877675385697,-4.11735839080488,-17.6695587973368,-3.93949898794646,-47.2330190497926,-54.3944585424418,-8.71895203832288,0.0886981482188658,1.0355939484055
0.0234137599335157,0.176739836000705,0.510623109700021,0.147392115095255,0.0197948921075815,1.72019590768463e-08,0.0120633913601141,2.7167524887902e-21,2.25537001303129e-24,0.000355703670211371,-3.63832762988185,-1.61697271259294,-0.55601974709609,-1.79855502569315,-3.80622758071484,-17.762138791584,-4.30147615169566,-47.2387459556111,-54.3326244185491,-7.82530879257292,-0.116103768212495,0.439640422861407
0.0217835711987562,0.164434281897061,0.475070851391039,0.137129903203489,0.0184166679261091,1.60042684888118e-08,0.0112234748001897,2.52759793544502e-21,2.09833932687076e-24,0.000330937715587349,-3.63832762988185,-1.61697271259294,-0.55601974709609,-1.79855502569315,-3.80622758071484,-17.762138791584,-4.30147615169566,-47.2387459556111,-54.3326244185491,-7.82530879257292,-0.188271578151536,0.60879852674768
0.00397677527205239,0.0820520437529832,0.225410522746075,0.0760661965209888,0.00847481015541699,1.32923915655313e-08,0.00482889501035075,1.63062340365618e-21,1.06619708096069e-24,0.000186887625495363,-4.61348055450989,-1.58659808638272,-0.576028526956116,-1.66234784420219,-3.85685355976244,-17.2222705614062,-4.419334147071,-46.9515210881984,-54.2841405775066,-7.67119958817743,-0.913803466744849,0.409747017496983
0.0035846889244611,0.359072541339368,0.868580143427892,0.175981793614265,0.0245874107825929,2.53614440084157e-08,0.00811356810451357,2.91536839176231e-21,4.04706464616871e-24,0.000701630689190813,-5.99615840761465,-1.38930567339382,-0.505970247075471,-2.10244956216807,-4.07059555134094,-17.8551105961032,-5.17929237154498,-47.6493655905942,-54.2291252197412,-7.6271782036426,0.365074827499747,0.674652447655494
0.0104978757295006,1.05155537796723,2.54366462445234,0.515368289675209,0.0720050158730709,7.42717968368931e-08,0.0237608427059896,8.53774922381467e-21,1.18519577625892e-23,0.00205474782842874,-5.99615840761465,-1.38930567339382,-0.505970247075471,-2.10244956216807,-4.07059555134094,-17.8551105961032,-5.17929237154498,-47.6493655905942,-54.2291252197412,-7.6271782036426,1.43957605385213,0.980528501446205
0.00779241339554298,0.780553554315787,1.8881235408084,0.382550038463278,0.0534482274979544,5.51308245111399e-08,0.0176373119440947,6.33744131991215e-21,8.79752788205309e-24,0.00152520804353936,-5.99615840761465,-1.38930567339382,-0.505970247075471,-2.10244956216807,-4.07059555134094,-17.8551105961032,-5.17929237154498,-47.6493655905942,-54.2291252197412,-7.6271782036426,1.14155374740823,0.809795793398652
0.00345391028748029,0.640406529257756,0.64262883700154,0.0742462743530859,0.0101995581736175,3.67767216154169e-08,0.00499910377072106,2.34551466982002e-21,2.61612242380308e-24,0.000504541808593983,-5.98774785090676,-0.765151680115665,-0.761687535596211,-2.91986725741817,-4.90491045373921,-17.4379003345206,-5.61799620626739,-47.821281677452,-54.6198485790644,-7.91135942805551,0.319499577797111,0.463861477204256
0.00399686685074948,0.741078781655662,0.743650437377437,0.0859178287951387,0.0118029342291234,4.25580421230731e-08,0.00578496558439222,2.71423084314946e-21,3.02737828226251e-24,0.000583856053498606,-5.98774785090676,-0.765151680115665,-0.761687535596211,-2.91986725741817,-4.90491045373921,-17.4379003345206,-5.61799620626739,-47.821281677452,-54.6198485790644,-7.91135942805551,0.465503338802089,0.322589592216405
0.0136790147066128,1.41130912280741,2.43395001732935,0.196357039027696,0.0326193746197398,1.12328888824308e-07,0.00967808492212086,1.18390859424614e-20,3.43282102744024e-24,0.00167312194859563,-5.70270029964778,-1.06629017636247,-0.52129244673874,-3.0386285551066,-4.8336567595506,-17.4126426673029,-6.04869914178592,-47.2936884331006,-55.4394677576277,-7.80387187336257,1.41080790589575,0.969564425323613
0.0249239925069063,1.10985767404915,1.58599067975615,0.218949340565183,0.016448977490236,5.2465735616636e-08,0.00632719396308577,8.18861761921931e-21,4.25396881106135e-24,0.00133709991959504,-4.77840842642162,-0.982252255957914,-0.62527479486075,-2.6053989390285,-5.19397600383467,-17.8495895768257,-6.14938247436422,-47.3380258996023,-54.9006738882631,-7.70373629096122,1.08648404148372,0.676606704966624
0.0976820191346754,4.3497500861146,6.21580879886835,0.858105444731073,0.0644667716659703,2.05623516737897e-07,0.0247975151492959,3.20927998492007e-20,1.66721388110378e-23,0.00524035705333581,-4.77840842642162,-0.982252255957914,-0.62527479486075,-2.6053989390285,-5.19397600383467,-17.8495895768257,-6.14938247436422,-47.3380258996023,-54.9006738882631,-7.70373629096122,2.4523706479402,0.602309404403237
0.0281464707441311,1.25335363281455,1.791046930216,0.24725778612544,0.0185757022504123,5.92491468689766e-08,0.00714525089530055,9.24734214192882e-21,4.80397386790286e-24,0.00150997653198754,-4.77840842642162,-0.982252255957914,-0.62527479486075,-2.6053989390285,-5.19397600383467,-17.8495895768257,-6.14938247436422,-47.3380258996023,-54.9006738882631,-7.70373629096122,1.20807512095504,0.507217083898138
0.0124762687584764,0.555564387256889,0.793903543487003,0.10960004969611,0.00823390810735672,2.62629118502159e-08,0.00316722019349805,4.09899794944437e-21,2.12942040334315e-24,0.000669315638302427,-4.77840842642162,-0.982252255957914,-0.62527479486075,-2.6053989390285,-5.19397600383467,-17.8495895768257,-6.14938247436422,-47.3380258996023,-54.9006738882631,-7.70373629096122,0.394481487991839,0.596168134421048
0.0499512647672605,1.74061125937433,1.66965973803005,0.323592589107619,0.0217058491359529,1.14185189893472e-07,0.0146208257573511,1.83424745279985e-20,1.95393869622628e-24,0.00108230617876015,-4.33727822969457,-0.786334426125735,-0.827950920166029,-2.46884077161031,-5.17074428547325,-17.3260150099831,-5.56587912105686,-46.7856383461098,-55.9327658283578,-8.16923193991544,1.3405707761523,0.478456202405067
0.183689251980088,6.40087056278408,6.13995561011359,1.18996948158233,0.0798204251674749,4.19901121952842e-07,0.0537661770770479,6.74520543415791e-20,7.18535434882518e-24,0.00398003961093261,-4.33727822969457,-0.786334426125735,-0.827950920166029,-2.46884077161031,-5.17074428547325,-17.3260150099831,-5.56587912105686,-46.7856383461098,-55.9327658283578,-8.16923193991544,2.64276843267575,0.391706224726195
0.108170877836313,3.76934295408871,3.61569542617539,0.700748911728032,0.0470046307367481,2.47271260982735e-07,0.031661812052876,3.97211478153455e-20,4.23130955730411e-24,0.00234376466721389,-4.33727822969457,-0.786334426125735,-0.827950920166029,-2.46884077161031,-5.17074428547325,-17.3260150099831,-5.56587912105686,-46.7856383461098,-55.9327658283578,-8.16923193991544,2.11323512966156,2.04436956672368
0.175669438617562,6.12141062314221,5.8718871329626,1.13801579868298,0.0763354912072123,4.01568374704559e-07,0.0514187631661828,6.45071194534068e-20,6.87164410067501e-24,0.00380627236809687,-4.33727822969457,-0.786334426125735,-0.827950920166029,-2.46884077161031,-5.17074428547325,-17.3260150099831,-5.56587912105686,-46.7856383461098,-55.9327658283578,-8.16923193991544,2.5981269900678,0.573600411519806
0.215694418198905,7.51612866361866,7.20975309559274,1.39730426379098,0.0937279671036716,4.93062752580122e-07,0.0631341472535926,7.9204588514003e-20,8.43729727850831e-24,0.00467350331625155,-4.33727822969457,-0.786334426125735,-0.827950920166029,-2.46884077161031,-5.17074428547325,-17.3260150099831,-5.56587912105686,-46.7856383461098,-55.9327658283578,-8.16923193991544,2.80338562615984,1.36540508672838
0.350656277271873,12.2190352383181,11.7209578331255,2.27160960143728,0.152374365063662,8.01576372373858e-07,0.102637728085591,1.28763583142699e-19,1.37165870059258e-23,0.00759775467709734,-4.33727822969457,-0.786334426125735,-0.827950920166029,-2.46884077161031,-5.17074428547325,-17.3260150099831,-5.56587912105686,-46.7856383461098,-55.9327658283578,-8.16923193991544,3.28932942735138,0.614149624338487
1.18246879030166,9.51072282181276,30.4623620720282,9.66495947168186,0.25415357540985,5.15232844260391e-07,0.0858144086753892,1.67582305333322e-19,1.75903339166808e-23,0.0235451540962775,-3.76782305893257,-1.68300762681994,-0.518935615843124,-1.66692058764477,-5.30524407406804,-18.4140744206715,-6.39099586029649,-47.1682398541594,-56.3301201969518,-7.6842627575408,3.93542750698865,0.514893578502573
0.322603148953148,3.52076337481408,8.81996569585285,3.1912929125441,0.0625684131332842,6.09666208601826e-08,0.0309686522065888,5.27914494936813e-20,5.94692386807431e-24,0.00556470891376837,-3.9010248197716,-1.51101463365954,-0.59267448694997,-1.60926633117987,-5.54118717835811,-19.3826317891565,-6.24447227286832,-47.1576301842862,-56.2488606105529,-7.96100306982516,2.76969246760202,0.907616292396445
0.112513703616892,1.82357929720792,7.35727784043419,2.0995934079556,0.0273205694609864,1.06834015902687e-07,0.0245889638229703,1.10435205460209e-20,2.20165211659413e-24,0.00267202933558643,-4.62245563160888,-1.83697416019279,-0.442085371091366,-1.69603166605663,-6.03789077717132,-18.4897648369504,-6.14323293856958,-48.3902184496034,-56.9106095680164,-8.36269242126178,2.43777537678092,0.97118875139735
0.0110908241141892,0.179755857228518,0.725229655272203,0.206963422679925,0.00269307311776907,1.05309597115716e-08,0.00242381029282714,1.08859401157393e-21,2.17023665569852e-25,0.000263390204359905,-4.62245563160888,-1.83697416019279,-0.442085371091366,-1.69603166605663,-6.03789077717132,-18.4897648369504,-6.14323293856958,-48.3902184496034,-56.9106095680164,-8.36269242126178,0.120818462696875,1.03707277323072
0.0131161181176576,0.86307089348509,2.08868240890243,0.29220148882803,0.00452861892023555,3.27150476068016e-08,0.00447280909753789,4.08744567052247e-21,4.1436814978391e-25,0.000441673704384637,-5.5176367890466,-1.33098181817166,-0.447189933810183,-2.41403505906445,-6.58106163471312,-18.41915406805,-6.59346200890678,-48.1300900829774,-57.3267660560995,-8.9086625485054,1.18372337462217,1.58361406120983
0.0289414195190878,1.90441231002934,4.60878998617769,0.644758288726385,0.00999264102662887,7.21875107316023e-08,0.00986949365348922,9.01916854140049e-21,9.14325591662644e-25,0.000974576765356868,-5.5176367890466,-1.33098181817166,-0.447189933810183,-2.41403505906445,-6.58106163471312,-18.41915406805,-6.59346200890678,-48.1300900829774,-57.3267660560995,-8.9086625485054,1.97515528048255,0.76243597832468
0.0580175989408108,3.81769213318489,9.23903987653851,1.29251876482491,0.0200318107776325,1.44711148096913e-07,0.0197849426203633,1.80803330282206e-20,1.83290855665931e-24,0.00195369145152731,-5.5176367890466,-1.33098181817166,-0.447189933810183,-2.41403505906445,-6.58106163471312,-18.41915406805,-6.59346200890678,-48.1300900829774,-57.3267660560995,-8.9086625485054,2.67062790459928,0.602574276500822
0.0254620878461045,1.67546424256035,4.05472217473325,0.567245576058485,0.00879132771862849,6.35091426122836e-08,0.00868298509808665,7.93488590110453e-21,8.04405551686964e-25,0.000857413341315992,-5.5176367890466,-1.33098181817166,-0.447189933810183,-2.41403505906445,-6.58106163471312,-18.41915406805,-6.59346200890678,-48.1300900829774,-57.3267660560995,-8.9086625485054,1.84707210478454,0.278800575019997
0.188911155551859,12.4307907529398,30.0832459655422,4.20857150059997,0.0652255969030946,4.71194098123804e-07,0.0644217692764765,5.88713884662502e-20,5.96813518278562e-24,0.00636141647427257,-5.5176367890466,-1.33098181817166,-0.447189933810183,-2.41403505906445,-6.58106163471312,-18.41915406805,-6.59346200890678,-48.1300900829774,-57.3267660560995,-8.9086625485054,3.85115833815834,0.324255618145205
0.753159751868108,49.5596527990025,119.937279514312,16.7789279455279,0.260044433244167,1.87857847244611e-06,0.256839696001203,2.34711180500933e-19,2.37940379976567e-23,0.0253619900809805,-5.5176367890466,-1.33098181817166,-0.447189933810183,-2.41403505906445,-6.58106163471312,-18.41915406805,-6.59346200890678,-48.1300900829774,-57.3267660560995,-8.9086625485054,5.23415886923821,0.158186293091153
0.000469710335599973,0.0309080259409748,0.07479924368221,0.0104642286802413,0.000162177489844695,1.17158109226483e-09,0.000160178845862235,1.4637833087696e-22,1.48392230804109e-26,1.58170810945122e-05,-5.5176367890466,-1.33098181817166,-0.447189933810183,-2.41403505906445,-6.58106163471312,-18.41915406805,-6.59346200890678,-48.1300900829774,-57.3267660560995,-8.9086625485054,-2.14575757144304,0.624282005228187
0.000473454361509752,0.031154391501135,0.0753954628520956,0.0105476382634148,0.00016347019447123,1.18091967741486e-09,0.000161455619447258,1.47545101590518e-22,1.49575054163172e-26,1.59431578634198e-05,-5.5176367890466,-1.33098181817166,-0.447189933810183,-2.41403505906445,-6.58106163471312,-18.41915406805,-6.59346200890678,-48.1300900829774,-57.3267660560995,-8.9086625485054,-2.13781824634398,0.371700380535241
0.00405138250158975,0.0868572112492489,0.262627125097979,0.118570329012305,0.00475529219025924,8.07961163017845e-09,0.00223537043179104,5.29701513475554e-22,6.15699472482305e-26,7.89891156015155e-05,-4.77300917073762,-1.7078018317041,-0.601332101133208,-1.39656107372163,-4.61280920885875,-17.8982341041822,-5.36766039639827,-48.2540406391208,-57.3139357017353,-8.71051256522703,-0.735687926958373,0.142951992484557
0.00597784087526525,0.128158372484842,0.387508008130078,0.174951281219504,0.00701646413726842,1.19215188001126e-08,0.00329830341451993,7.81577981763388e-22,9.08468522051356e-26,0.000116548946873939,-4.77300917073762,-1.7078018317041,-0.601332101133208,-1.39656107372163,-4.61280920885875,-17.8982341041822,-5.36766039639827,-48.2540406391208,-57.3139357017353,-8.71051256522703,-0.346686663126932,0.118390506788416
0.00349560337712871,0.0749419144827023,0.226599257181434,0.102304544772071,0.00410294891508795,6.9712296208165e-09,0.0019287165374872,4.57035690569517e-22,5.31236227253529e-26,6.81531845350867e-05,-4.77300917073762,-1.7078018317041,-0.601332101133208,-1.39656107372163,-4.61280920885875,-17.8982341041822,-5.36766039639827,-48.2540406391208,-57.3139357017353,-8.71051256522703,-0.883240107365277,0.158757073892423
0.0246109139351472,0.784630238690951,1.73036523466091,0.997730975426934,0.0339656133277876,3.84483861668266e-08,0.0285140961777399,4.65260794179192e-21,4.45730163638517e-25,0.00107869782162562,-4.98574792872883,-1.5237253558847,-0.732850145670662,-1.28345425290909,-4.66358928905971,-18.3551317643289,-4.83853936145455,-48.0980416929939,-57.3512664063767,-8.11318333622818,1.28118265019912,0.242580779019032
0.0377644406434891,1.203983003403,2.65517466633319,1.53097736634118,0.0521188441768962,5.8997475715905e-08,0.0437537141223016,7.13923655652231e-21,6.83954702051937e-25,0.00165521767961918,-4.98574792872883,-1.5237253558847,-0.732850145670662,-1.28345425290909,-4.66358928905971,-18.3551317643289,-4.83853936145455,-48.0980416929939,-57.3512664063767,-8.11318333622818,1.70936058589676,0.0817273997647981
0.0807149835687748,2.57330617588563,5.67497825768165,3.27220027260483,0.111395047289996,1.26096936744367e-07,0.0935160234410439,1.52588877667553e-20,1.46183530319087e-24,0.00353774253071696,-4.98574792872883,-1.5237253558847,-0.732850145670662,-1.28345425290909,-4.66358928905971,-18.3551317643289,-4.83853936145455,-48.0980416929939,-57.3512664063767,-8.11318333622818,2.46891687778527,0.194929669870296
0.0736332549186499,2.34753079607917,5.17707000893604,2.9851056912164,0.101621527393242,1.15033510226109e-07,0.0853111639073255,1.3920111521143e-20,1.33357756849717e-24,0.00322734994276337,-4.98574792872883,-1.5237253558847,-0.732850145670662,-1.28345425290909,-4.66358928905971,-18.3551317643289,-4.83853936145455,-48.0980416929939,-57.3512664063767,-8.11318333622818,2.3770894065695,0.0337525245499991
0.00842153221809939,0.26849018495791,0.59210830654952,0.341410464345009,0.0116225877552222,1.31565338731871e-08,0.00975715002960067,1.59206146440703e-21,1.52523020622154e-25,0.000369116258028938,-4.98574792872883,-1.5237253558847,-0.732850145670662,-1.28345425290909,-4.66358928905971,-18.3551317643289,-4.83853936145455,-48.0980416929939,-57.3512664063767,-8.11318333622818,0.208784435091741,0.161608133331225
0.201770456108342,6.43272336631831,14.1862501958102,8.17981138432311,0.278464152579074,3.1521577922514e-07,0.23377035921788,3.81440050939351e-20,3.65428031870657e-24,0.00884361109246119,-4.98574792872883,-1.5237253558847,-0.732850145670662,-1.28345425290909,-4.66358928905971,-18.3551317643289,-4.83853936145455,-48.0980416929939,-57.3512664063767,-8.11318333622818,3.38512334510669,0.449834617925311
0.023234311444778,0.740742232603605,1.63357788667541,0.941923257391333,0.0320657591404478,3.62977897165119e-08,0.0269191706129137,4.39236601431782e-21,4.20798409583616e-25,0.00101836125259293,-4.98574792872883,-1.5237253558847,-0.732850145670662,-1.28345425290909,-4.66358928905971,-18.3551317643289,-4.83853936145455,-48.0980416929939,-57.3512664063767,-8.11318333622818,1.2236227774472,0.0664294660999515
0.207222514485158,6.60654258639406,14.569578189945,8.40083883323135,0.285988558505463,3.23733254294464e-07,0.240087089971271,3.9174697825214e-20,3.75302296917736e-24,0.00908257513540348,-4.98574792872883,-1.5237253558847,-0.732850145670662,-1.28345425290909,-4.66358928905971,-18.3551317643289,-4.83853936145455,-48.0980416929939,-57.3512664063767,-8.11318333622818,3.41178581487154,0.158478224780985
0.0134957705593996,0.43026397569972,0.948872205741016,0.547121019554587,0.0186255628534978,2.10837598089217e-08,0.0156361401586906,2.55132862805199e-21,2.44422943240573e-25,0.000591520426341959,-4.98574792872883,-1.5237253558847,-0.732850145670662,-1.28345425290909,-4.66358928905971,-18.3551317643289,-4.83853936145455,-48.0980416929939,-57.3512664063767,-8.11318333622818,0.680368994208596,0.573654706030934
0.0115320033576696,0.367656340230059,0.810801977882139,0.467509536175443,0.0159153604767995,1.80158656253564e-08,0.0133609281528149,2.18008524787212e-21,2.08857003735781e-25,0.000505448393085981,-4.98574792872883,-1.5237253558847,-0.732850145670662,-1.28345425290909,-4.66358928905971,-18.3551317643289,-4.83853936145455,-48.0980416929939,-57.3512664063767,-8.11318333622818,0.523118720683892,0.209143479926674
0.00204271943863242,0.0651247428249241,0.143621269412824,0.0828122215778288,0.00281916465079577,3.19123727034206e-09,0.00236668571881523,3.86169026801608e-22,3.69958495669235e-26,8.95325144954603e-05,-4.98574792872883,-1.5237253558847,-0.732850145670662,-1.28345425290909,-4.66358928905971,-18.3551317643289,-4.83853936145455,-48.0980416929939,-57.3512664063767,-8.11318333622818,-1.20772537197721,0.259765442072567
0.00859868459513406,0.274138049650934,0.604563687737968,0.348592254277873,0.0118670764058393,1.34332900725119e-08,0.00996239799114297,1.62555150701458e-21,1.55731441008843e-25,0.000376880857251325,-4.98574792872883,-1.5237253558847,-0.732850145670662,-1.28345425290909,-4.66358928905971,-18.3551317643289,-4.83853936145455,-48.0980416929939,-57.3512664063767,-8.11318333622818,0.229601887253313,0.502841607497126
0.00515045680770559,0.164203741683326,0.36212273246581,0.208800465849732,0.00710816448560114,8.04629819112165e-09,0.00596729650760668,9.73676000433505e-22,9.32803211518768e-26,0.000225744828229014,-4.98574792872883,-1.5237253558847,-0.732850145670662,-1.28345425290909,-4.66358928905971,-18.3551317643289,-4.83853936145455,-48.0980416929939,-57.3512664063767,-8.11318333622818,-0.282921938985963,0.389282311437698
0.00509632619319772,0.162477982246122,0.358316870817516,0.206606000786155,0.00703345862435541,7.96173266968144e-09,0.00590458101673525,9.63442795457171e-22,9.22999574105702e-26,0.000223372280175465,-4.98574792872883,-1.5237253558847,-0.732850145670662,-1.28345425290909,-4.66358928905971,-18.3551317643289,-4.83853936145455,-48.0980416929939,-57.3512664063767,-8.11318333622818,-0.29348742437779,0.545237822476526
0.016038811825781,0.511339675736693,1.12767053112015,0.650216380009044,0.0221352235088529,2.50566245674454e-08,0.0185824965371915,3.03208176153774e-21,2.90480160083091e-25,0.000702982076306614,-4.98574792872883,-1.5237253558847,-0.732850145670662,-1.28345425290909,-4.66358928905971,-18.3551317643289,-4.83853936145455,-48.0980416929939,-57.3512664063767,-8.11318333622818,0.853004173741883,0.963149074771502
0.0557489858351913,3.29371228477944,5.86990527218746,2.62194713402031,0.171108360787539,5.10653814375097e-08,0.0769821418179933,9.96415174162704e-21,9.11748367294356e-25,0.00377350929489534,-5.37953753054104,-1.30062618773602,-0.722802974343984,-1.52872424776206,-4.25809970479608,-19.2828005067342,-5.05682327890538,-48.5479345970406,-57.847074942327,-8.07239133347635,2.49264147043665,0.637728185503334
0.0531904753069624,1.54360284767671,2.10961929140982,0.657236366652261,0.0343879008156528,2.20181669881651e-08,0.0227192981639122,6.58306940690291e-21,6.87652284231119e-25,0.00122094775535574,-4.42046284927805,-1.05246771952356,-0.740079414434367,-1.90629847363533,-4.85663741197747,-19.1179848671924,-5.27112749131051,-47.9563727561216,-57.1231011165221,-8.19471478820678,1.48658691503132,0.815167618589531
0.0798906217839376,2.31844875565922,3.16858978878234,0.987150832697902,0.0516496752877723,3.30706774300403e-08,0.0341237570511432,9.88758805273268e-21,1.03283469909468e-24,0.00183382973696242,-4.42046284927805,-1.05246771952356,-0.740079414434367,-1.90629847363533,-4.85663741197747,-19.1179848671924,-5.27112749131051,-47.9563727561216,-57.1231011165221,-8.19471478820678,1.89336604176043,2.42281752053526
0.0239126611441069,0.693952284211683,0.948414372449697,0.295471518850713,0.0154596516559841,9.89863247440158e-09,0.0102138376333413,2.95952813181199e-21,3.09145499507079e-25,0.0005488973313359,-4.42046284927805,-1.05246771952356,-0.740079414434367,-1.90629847363533,-4.85663741197747,-19.1179848671924,-5.27112749131051,-47.9563727561216,-57.1231011165221,-8.19471478820678,0.687115643946301,2.23833831453074
0.0131860103872288,0.38266180299684,0.522978253702256,0.162930026617131,0.00852481980530148,5.45834149701009e-09,0.00563215312235951,1.63195423763976e-21,1.70470184940918e-25,0.000302675050212931,-4.42046284927805,-1.05246771952356,-0.740079414434367,-1.90629847363533,-4.85663741197747,-19.1179848671924,-5.27112749131051,-47.9563727561216,-57.1231011165221,-8.19471478820678,0.0918640187334797,1.77666495979361
0.0087464531899171,0.253824579929254,0.346898317309204,0.108073618114158,0.005654624498989,3.62058932127188e-09,0.0037358808461788,1.08249659513599e-21,1.13075103771066e-25,0.000200768320416861,-4.42046284927805,-1.05246771952356,-0.740079414434367,-1.90629847363533,-4.85663741197747,-19.1179848671924,-5.27112749131051,-47.9563727561216,-57.1231011165221,-8.19471478820678,-0.318644161234726,0.71421737644023
0.00882503457226128,0.2561050341809,0.350014980568599,0.109044591618725,0.00570542774461548,3.65311803978078e-09,0.00376944538654635,1.09222214639449e-21,1.14091012479442e-25,0.000202572097537336,-4.42046284927805,-1.05246771952356,-0.740079414434367,-1.90629847363533,-4.85663741197747,-19.1179848671924,-5.27112749131051,-47.9563727561216,-57.1231011165221,-8.19471478820678,-0.309699909355706,1.9287164324028
0.00966578224407507,0.280503772731361,0.38336037741701,0.119433104635489,0.006248975200856,4.00114506014629e-09,0.00412855473697647,1.1962764953226e-21,1.24960290365159e-25,0.000221870834328042,-4.42046284927805,-1.05246771952356,-0.740079414434367,-1.90629847363533,-4.85663741197747,-19.1179848671924,-5.27112749131051,-47.9563727561216,-57.1231011165221,-8.19471478820678,-0.218700384563599,1.59116482163301
0.0246446664027718,0.715195286746792,0.977446871335654,0.304516380243638,0.0159328966135867,1.02016456347181e-08,0.0105264997337114,3.05012407772523e-21,3.18608943578319e-25,0.000565699967001736,-4.42046284927805,-1.05246771952356,-0.740079414434367,-1.90629847363533,-4.85663741197747,-19.1179848671924,-5.27112749131051,-47.9563727561216,-57.1231011165221,-8.19471478820678,0.717268074259872,1.31681463182247
0.117667643092764,3.41474874795155,4.6668868516527,1.45393425744967,0.0760727031772916,4.87084539058663e-08,0.0502594919906531,1.45630257476747e-20,1.52122016368296e-24,0.0027009731325583,-4.42046284927805,-1.05246771952356,-0.740079414434367,-1.90629847363533,-4.85663741197747,-19.1179848671924,-5.27112749131051,-47.9563727561216,-57.1231011165221,-8.19471478820678,2.28057163676546,0.583135271843173
0.0284958889760395,0.161729464547525,0.524300057304211,0.0703265998584181,0.00541536668557968,3.66548604765453e-09,0.00164727001584187,7.95735311299952e-22,1.78481133777402e-25,0.000461299142270161,-3.32527613336212,-1.58911099643141,-0.412971814902363,-2.42188586016271,-4.98579536898195,-19.1915855764637,-6.17591658197445,-48.3500563095987,-56.7525952931246,-7.44874451157287,-0.232719315204686,1.68498286602724
0.244458208267001,1.38743154005523,4.49782257049934,0.603312099136648,0.0464569060533171,3.1445172754244e-08,0.0141314656631087,6.82638918963841e-21,1.53113939380427e-24,0.00395735545886245,-3.32527613336212,-1.58911099643141,-0.412971814902362,-2.42188586016271,-4.98579536898195,-19.1915855764637,-6.17591658197445,-48.3500563095987,-56.7525952931246,-7.44874451157287,1.91656522135184,1.68422372701651
0.122529922873574,0.69542307783608,2.25444609354399,0.302398456979471,0.0232856207038895,1.57612813234541e-08,0.00708312234662238,3.42159482735723e-21,7.6745384481676e-25,0.00198354746439164,-3.32527613336212,-1.58911099643141,-0.412971814902362,-2.42188586016271,-4.98579536898195,-19.1915855764637,-6.17591658197445,-48.3500563095987,-56.7525952931246,-7.44874451157287,1.22587612289181,2.16855399870211
0.323243979887034,1.8345830807138,5.94741358378104,0.797751916049104,0.0614293760572382,4.15795520280317e-08,0.0186858573290003,9.02644761065445e-21,2.02460614811731e-24,0.00523276079546991,-3.32527613336212,-1.58911099643141,-0.412971814902362,-2.42188586016271,-4.98579536898195,-19.1915855764637,-6.17591658197445,-48.3500563095987,-56.7525952931246,-7.44874451157287,2.19592824815253,1.48675611609865
0.0632766661119697,0.359129042692659,1.16423669731521,0.15616402709082,0.012025115269274,8.13941045919094e-09,0.00365785236166274,1.76697339216085e-21,3.96327032254184e-25,0.00102433975047105,-3.32527613336212,-1.58911099643141,-0.412971814902362,-2.42188586016271,-4.98579536898195,-19.1915855764637,-6.17591658197445,-48.3500563095987,-56.7525952931246,-7.44874451157287,0.56503749174811,0.693844894870192
0.0527615260300033,0.470228535626324,0.898802394363093,0.181823870387941,0.00487163615106395,2.68352545223289e-09,0.002468293905959,1.50475402145773e-21,3.53163065020202e-25,0.000518043091861598,-3.41912250321723,-1.23168593210529,-0.58384155038056,-2.18186628125561,-5.8014749086619,-20.213283915303,-6.48137756899741,-48.4228069845853,-56.7800170956619,-8.04260160590422,0.477149475661426,1.70208321741602
0.105312464212352,0.938580241246498,1.79401738563272,0.362922024512567,0.00972382806977141,5.35634011022547e-09,0.00492673607448455,3.00350209626318e-21,7.04916545152896e-25,0.00103401851078202,-3.41912250321723,-1.23168593210529,-0.58384155038056,-2.18186628125561,-5.8014749086619,-20.213283915303,-6.48137756899741,-48.4228069845853,-56.7800170956619,-8.04260160590422,1.16829900495835,0.773371810665863
0.438667805208889,3.90955560217288,7.47278752755453,1.51171287411792,0.0405035657412233,2.23112618024691e-08,0.0205217921430435,1.25107667203702e-20,2.93625446931081e-24,0.0043070935056224,-3.41912250321723,-1.23168593210529,-0.58384155038056,-2.18186628125561,-5.8014749086619,-20.213283915303,-6.48137756899741,-48.4228069845853,-56.7800170956619,-8.04260160590422,2.59510964290987,3.77880911904964
0.536548122367692,4.7818980393126,9.14019690789208,1.84902264204412,0.0495411605082372,2.72895924561146e-08,0.0251008369231172,1.53023046448515e-20,3.59142340421415e-24,0.0052681389102702,-3.41912250321723,-1.23168593210529,-0.58384155038056,-2.18186628125561,-5.8014749086619,-20.213283915303,-6.48137756899741,-48.4228069845853,-56.7800170956619,-8.04260160590422,2.79652347914761,2.72458833464706
0.543776471540219,4.84631952788858,9.26333317843635,1.8739325815769,0.0502085765174211,2.76572364657111e-08,0.0254389941288536,1.55084565192244e-20,3.63980687870565e-24,0.00533911101127163,-3.41912250321723,-1.23168593210529,-0.58384155038056,-2.18186628125561,-5.8014749086619,-20.213283915303,-6.48137756899741,-48.4228069845853,-56.7800170956619,-8.04260160590422,2.80990548874535,4.21957085411014
0.119334995202454,1.06355377232861,2.03289380519965,0.411245699908259,0.0110185720629976,6.06954576684854e-09,0.00558273923423599,3.40342343072898e-21,7.98777363753723e-25,0.00117169980729544,-3.41912250321723,-1.23168593210529,-0.58384155038056,-2.18186628125561,-5.8014749086619,-20.213283915303,-6.48137756899741,-48.4228069845853,-56.7800170956619,-8.04260160590422,1.29330184814826,4.60639580395305
0.0989178249189846,0.881589056627071,1.68508351770975,0.340885170131334,0.00913339109232564,5.0310997581583e-09,0.00462758155060576,2.82112755336246e-21,6.62113567633631e-25,0.000971232254201952,-3.41912250321723,-1.23168593210529,-0.58384155038056,-2.18186628125561,-5.8014749086619,-20.213283915303,-6.48137756899741,-48.4228069845853,-56.7800170956619,-8.04260160590422,1.10565667836294,1.66718752744298
0.0312782743010607,0.278762542105823,0.532831211465572,0.107789469342499,0.00288802055765581,1.5908570411911e-09,0.00146326271537937,8.92053596251449e-22,2.09363376154503e-25,0.000307108136292388,-3.41912250321723,-1.23168593210529,-0.58384155038056,-2.18186628125561,-5.8014749086619,-20.213283915303,-6.48137756899741,-48.4228069845853,-56.7800170956619,-8.04260160590422,-0.045709031013119,2.64218937627585
0.063625750355648,0.567054171269591,1.08387647336593,0.219263562987587,0.00587476384581602,3.2360951879918e-09,0.00297654491220759,1.81460073125032e-21,4.25883531060737e-25,0.000624714312044549,-3.41912250321723,-1.23168593210529,-0.58384155038056,-2.18186628125561,-5.8014749086619,-20.213283915303,-6.48137756899741,-48.4228069845853,-56.7800170956619,-8.04260160590422,0.66438549244524,1.4416460033129
0.154313179968246,1.37529116582122,2.62875367854923,0.531785597288108,0.014248216886135,7.84858546025183e-09,0.00721909145516714,4.40099814378194e-21,1.03290635641602e-24,0.00151513579839003,-3.41912250321723,-1.23168593210529,-0.58384155038056,-2.18186628125561,-5.8014749086619,-20.213283915303,-6.48137756899741,-48.4228069845853,-56.7800170956619,-8.04260160590422,1.55035139776737,0.645627323363855
0.188295665295599,1.67815454970699,3.2076516270518,0.648894170002762,0.0173859256766198,9.57698247921268e-09,0.00880886278579826,5.37017559756491e-21,1.26037056335323e-24,0.00184879543814557,-3.41912250321723,-1.23168593210529,-0.58384155038056,-2.18186628125561,-5.8014749086619,-20.213283915303,-6.48137756899741,-48.4228069845853,-56.7800170956619,-8.04260160590422,1.74938063942929,0.711060457910783
0.0453614267014711,0.40427635166625,0.772740328015218,0.156322054909674,0.00418836191464704,2.30714598804009e-09,0.00212210187076805,1.29370384793804e-21,3.03629968520449e-25,0.00044538464877457,-3.41912250321723,-1.23168593210529,-0.58384155038056,-2.18186628125561,-5.8014749086619,-20.213283915303,-6.48137756899741,-48.4228069845853,-56.7800170956619,-8.04260160590422,0.326029336014257,0.581921969246311
0.186111689288091,1.65869021807887,3.17044719017361,0.641367871951911,0.0171842723645988,9.46590238649737e-09,0.00870669184656068,5.3078887964175e-21,1.24575196304392e-24,0.0018273519021334,-3.41912250321723,-1.23168593210529,-0.58384155038056,-2.18186628125561,-5.8014749086619,-20.213283915303,-6.48137756899741,-48.4228069845853,-56.7800170956619,-8.04260160590422,1.73771419777579,0.472218866818661
0.012650222945118,0.11274305840674,0.215498897166722,0.0435945028550486,0.00116803451407775,6.43408138542855e-10,0.000591803735674769,3.60783231292028e-22,8.46751761112104e-26,0.000124207184672802,-3.41912250321723,-1.23168593210529,-0.58384155038056,-2.18186628125561,-5.8014749086619,-20.213283915303,-6.48137756899741,-48.4228069845853,-56.7800170956619,-8.04260160590422,-0.950957936626683,0.73544982504284
0.0576418176288782,0.513723342252339,0.981939068078036,0.198642062997165,0.00532224868579793,2.93174394978833e-09,0.00269660409558383,1.64393950303605e-21,3.85829647451325e-25,0.000565960609403256,-3.41912250321723,-1.23168593210529,-0.58384155038056,-2.18186628125561,-5.8014749086619,-20.213283915303,-6.48137756899741,-48.4228069845853,-56.7800170956619,-8.04260160590422,0.565615529027412,1.72444108315937
0.0519256318798261,0.462778764708915,0.884562782279353,0.178943257921701,0.00479445543877464,2.64101069960619e-09,0.00242918903936102,1.48091439477072e-21,3.47567947472973e-25,0.000509835801007642,-3.41912250321723,-1.23168593210529,-0.58384155038056,-2.18186628125561,-5.8014749086619,-20.213283915303,-6.48137756899741,-48.4228069845853,-56.7800170956619,-8.04260160590422,0.461179763009907,1.36463150498942
0.0946056464732609,0.843157466253075,1.6116247570641,0.326024777837922,0.00873523421577737,4.81177629493836e-09,0.00442584887568398,2.69814460829457e-21,6.33249691407994e-25,0.000928892799247382,-3.41912250321723,-1.23168593210529,-0.58384155038056,-2.18186628125561,-5.8014749086619,-20.213283915303,-6.48137756899741,-48.4228069845853,-56.7800170956619,-8.04260160590422,1.06108438638969,1.89857022060397
0.12022368032229,1.07147403419321,2.04803272125544,0.414308237711903,0.0111006271300601,6.11474554247188e-09,0.00562431377217414,3.42876865116713e-21,8.04725841449021e-25,0.00118042543033579,-3.41912250321723,-1.23168593210529,-0.58384155038056,-2.18186628125561,-5.8014749086619,-20.213283915303,-6.48137756899741,-48.4228069845853,-56.7800170956619,-8.04260160590422,1.3007212346057,1.12101503304316
0.0621356743089577,0.491226031939022,1.06279628901799,0.426882416450902,0.00607805738760313,7.41562316905412e-09,0.00324208130736492,9.97350292738566e-22,7.75507703954871e-25,0.000552538867097921,-3.49769479669295,-1.4301107141657,-0.658356364036392,-1.57050648221527,-5.82232994990648,-19.438936630439,-6.45079958382928,-49.0761999840549,-56.235539401325,-8.22024658658886,0.719259807230759,0.794986067633822
0.0146793365763688,0.116050438626485,0.251081920525028,0.100849483638951,0.00143591988202257,1.7519151378449e-09,0.00076593041353544,2.35620531916215e-22,1.83210993210053e-25,0.000130535382320404,-3.49769479669295,-1.4301107141657,-0.658356364036392,-1.57050648221527,-5.82232994990648,-19.438936630439,-6.45079958382928,-49.0761999840549,-56.235539401325,-8.22024658658886,-0.723619652469477,1.00435033816646
0.232794922438634,1.84040693654461,3.98182819164067,1.59933983389278,0.0227717959748713,2.77830640718614e-08,0.0121466464294724,3.73663095515408e-21,2.90548477666896e-24,0.00207011904418727,-3.49769479669295,-1.4301107141657,-0.658356364036392,-1.57050648221527,-5.82232994990648,-19.438936630439,-6.45079958382928,-49.0761999840549,-56.235539401325,-8.22024658658886,2.04009742249962,1.48769938261015
0.259773401484658,2.05369071203939,4.44328013100315,1.78468647180118,0.0254108072304125,3.10028285067779e-08,0.0135543147872879,4.16966711792916e-21,3.24219985337588e-24,0.00231002403297028,-3.49769479669295,-1.4301107141657,-0.658356364036392,-1.57050648221527,-5.82232994990648,-19.438936630439,-6.45079958382928,-49.0761999840549,-56.235539401325,-8.22024658658886,2.14974923596954,0.853050748290848
0.262153296800115,2.14004862122127,6.14173633854784,1.53551994676809,0.0304256061210154,1.43981678801781e-08,0.0127767380149471,8.11934119014248e-21,2.05490140229819e-24,0.00311364005310827,-3.65390991849309,-1.55425552548444,-0.499976580981395,-1.88621502323681,-5.80755479295571,-20.3712489434591,-6.67521317846628,-48.5751220106688,-56.8568984389338,-8.08704687659005,2.31508407445696,0.87810119981916
0.216737805758088,1.76930615804072,5.07774067238427,1.26950615545394,0.0251546678604495,1.1903826316042e-08,0.0105632932940646,6.7127448528504e-21,1.69890986083197e-24,0.0025742324100762,-3.65390991849309,-1.55425552548444,-0.499976580981395,-1.88621502323681,-5.80755479295571,-20.3712489434591,-6.67521317846628,-48.5751220106688,-56.8568984389338,-8.08704687659005,2.12484299411072,0.889860671737756
0.33032037755828,2.69652023141972,7.73875702108522,1.93479744392244,0.0383371020849543,1.8142088268126e-08,0.0160990419597069,1.02305936266645e-20,2.58923238935929e-24,0.00392327226274598,-3.65390991849309,-1.55425552548444,-0.499976580981395,-1.88621502323681,-5.80755479295571,-20.3712489434591,-6.67521317846628,-48.5751220106688,-56.8568984389338,-8.08704687659005,2.54621766409576,1.07137251888254
0.244827599552941,1.99861292326099,5.73582931516684,1.43403751629922,0.028414779453379,1.34465937414933e-08,0.0119323240886091,7.58273436877497e-21,1.91909307944441e-24,0.00290785974992192,-3.65390991849309,-1.55425552548444,-0.499976580981395,-1.88621502323681,-5.80755479295571,-20.3712489434591,-6.67521317846628,-48.5751220106688,-56.8568984389338,-8.08704687659005,2.2467089270659,0.649893629095313
0.530207963564563,4.0356421372274,6.42730408994716,1.07499184723666,0.135215760467238,3.41797947139444e-08,0.0140386308621121,2.79111075649713e-20,4.24590761081007e-24,0.00388056932034227,-3.1376647443986,-1.10801334820805,-0.642623599367931,-2.43086570149924,-4.50406232974817,-19.6948099443898,-6.76912118116735,-47.5284410017525,-56.3192654070091,-8.05495218314828,2.50317877908421,0.551497873994655
0.194405429729583,1.31519248828924,4.31666175865948,0.448226422163954,0.0684316687093878,1.49172208451243e-08,0.00801885975410552,8.46971991507987e-21,3.84674538499687e-24,0.00139374198787184,-3.486631191858,-1.57483870137532,-0.386339372733167,-2.65127850284597,-4.53074130389431,-19.8695712651752,-6.67478077773002,-48.0666112478549,-55.7636365308372,-8.42458480660437,1.84882173521988,0.517545019453763
0.166606115022494,1.127124439299,3.69939382082487,0.384131569529948,0.0586461730211774,1.27841090415827e-08,0.00687219010497859,7.25857879763412e-21,3.29667388902929e-24,0.001194441627819,-3.486631191858,-1.57483870137532,-0.386339372733167,-2.65127850284597,-4.53074130389431,-19.8695712651752,-6.67478077773002,-48.0666112478549,-55.7636365308372,-8.42458480660437,1.69450834675189,0.251223208891309
0.34072784328106,2.30509353909291,7.56566754975804,0.785591340416506,0.119937878915764,2.61449101158157e-08,0.014054385175302,1.48445925809481e-20,6.74206096251795e-24,0.00244276459910814,-3.486631191858,-1.57483870137532,-0.386339372733167,-2.65127850284597,-4.53074130389431,-19.8695712651752,-6.67478077773002,-48.0666112478549,-55.7636365308372,-8.42458480660437,2.40995995795192,0.928567490212045
0.469199339373504,3.17422948274989,10.4183038934622,1.08179870007547,0.16516047826099,3.60028532925072e-08,0.0193535936953439,2.04417489488944e-20,9.28415629074348e-24,0.00336380944131147,-3.486631191858,-1.57483870137532,-0.386339372733167,-2.65127850284597,-4.53074130389431,-19.8695712651752,-6.67478077773002,-48.0666112478549,-55.7636365308372,-8.42458480660437,2.72990362166933,0.690460658727828
0.0874411163805919,0.591557034139152,1.94158014896822,0.201606605328938,0.0307797036124919,6.70957825513356e-09,0.00360678222811843,3.80957345602789e-21,1.73021767634729e-24,0.000626887610780937,-3.486631191858,-1.57483870137532,-0.386339372733167,-2.65127850284597,-4.53074130389431,-19.8695712651752,-6.67478077773002,-48.0666112478549,-55.7636365308372,-8.42458480660437,1.04984152405276,1.45531824990755
0.0399299741716114,0.270134441003708,0.886622316931237,0.0920636295238052,0.0140555475630849,3.06392801829956e-09,0.00164703662501914,1.73964121228686e-21,7.90103671905394e-25,0.00028626814413067,-3.486631191858,-1.57483870137532,-0.386339372733167,-2.65127850284597,-4.53074130389431,-19.8695712651752,-6.67478077773002,-48.0666112478549,-55.7636365308372,-8.42458480660437,0.266003187109094,2.1313519293745
0.0341643414492534,0.231128756557406,0.758599728664552,0.0787702306190076,0.0120260164491381,2.62151642130392e-09,0.00140921507724354,1.48844815477032e-21,6.76017758270325e-25,0.000244932856206994,-3.486631191858,-1.57483870137532,-0.386339372733167,-2.65127850284597,-4.53074130389431,-19.8695712651752,-6.67478077773002,-48.0666112478549,-55.7636365308372,-8.42458480660437,0.110058365326555,3.02122167880248
0.0710649018719614,0.480768594030647,1.57795564002657,0.163849161784264,0.0250151954527801,5.45298985237047e-09,0.00293129406078421,3.09610598575042e-21,1.40617771680285e-24,0.000509482362404784,-3.486631191858,-1.57483870137532,-0.386339372733167,-2.65127850284597,-4.53074130389431,-19.8695712651752,-6.67478077773002,-48.0666112478549,-55.7636365308372,-8.42458480660437,0.842469483244964,8.42188775047485
0.0491676783404697,0.332629398828808,1.09174027263334,0.113362330359353,0.0173072649261132,3.77276044844550e-09,0.00202807461497153,2.14210305235701e-21,9.72892269574457e-25,0.000352495595645711,-3.486631191858,-1.57483870137532,-0.386339372733167,-2.65127850284597,-4.53074130389431,-19.8695712651752,-6.67478077773002,-48.0666112478549,-55.7636365308372,-8.42458480660437,0.474112376192268,7.9687226032055
0.0750193974750709,0.507521565485287,1.6657629608842,0.17296675391176,0.0264071973809214,5.75642831252414e-09,0.00309440959559037,3.26839268684897e-21,1.48442623965745e-24,0.000537833147516984,-3.486631191858,-1.57483870137532,-0.386339372733167,-2.65127850284597,-4.53074130389431,-19.8695712651752,-6.67478077773002,-48.0666112478549,-55.7636365308372,-8.42458480660437,0.896622625973369,5.74659324122433
0.0380099975337105,0.257145406410536,0.843990330047566,0.0876368794055511,0.0133797063306803,2.91660334961677e-09,0.00156784118581818,1.65599301177551e-21,7.52112648293453e-25,0.00027250334311818,-3.486631191858,-1.57483870137532,-0.386339372733167,-2.65127850284597,-4.53074130389431,-19.8695712651752,-6.67478077773002,-48.0666112478549,-55.7636365308372,-8.42458480660437,0.216725130991738,8.39270040501117
0.0135266711490992,0.256704865475166,0.680513866111275,0.17633095208352,0.00993133572368742,2.75489308890848e-09,0.00149593934878301,1.57554376534846e-21,6.22680255660455e-25,0.000241448750648315,-4.43301875215782,-1.48975508763212,-0.514833931023374,-1.86531949041804,-4.7419871462874,-19.839814051581,-6.63492779279172,-48.0296133426241,-55.8656912073735,-8.45878017031097,0.129926850282657,3.95755683947087
0.0251174659677543,0.476671285289492,1.26363564872892,0.327426211460346,0.0184413433508119,5.1155182707364e-09,0.00277778658686352,2.92560279396476e-21,1.15624531401323e-24,0.000448342442166171,-4.43301875215782,-1.48975508763212,-0.514833931023374,-1.86531949041804,-4.7419871462874,-19.839814051581,-6.63492779279172,-48.0296133426241,-55.8656912073735,-8.45878017031097,0.748826932607399,2.08648516941847
0.0186715943686711,0.354343582969101,0.939350024128591,0.243399131660292,0.0137087588016164,3.80272764216493e-09,0.00206492583524294,2.17480810854443e-21,8.59519169714319e-25,0.000333284744135142,-4.43301875215782,-1.48975508763212,-0.514833931023374,-1.86531949041804,-4.7419871462874,-19.839814051581,-6.63492779279172,-48.0296133426241,-55.8656912073735,-8.45878017031097,0.452266824441021,0.631995136116169
0.0520864220761966,0.988479561953656,2.62041799259211,0.678988074307656,0.0382420581222482,1.06081180374699e-08,0.00576033286107432,6.06686128884892e-21,2.39772123217502e-24,0.000929733664507394,-4.43301875215782,-1.48975508763212,-0.514833931023374,-1.86531949041804,-4.7419871462874,-19.839814051581,-6.63492779279172,-48.0296133426241,-55.8656912073735,-8.45878017031097,1.47816777522865,1.39460271741414
0.0571157301172062,1.08392417133832,2.87343766174255,0.744549117776329,0.0419345960765278,1.16324059654789e-08,0.00631653325308268,6.65265914263628e-21,2.62923797286104e-24,0.00101950594696642,-4.43301875215782,-1.48975508763212,-0.514833931023374,-1.86531949041804,-4.7419871462874,-19.839814051581,-6.63492779279172,-48.0296133426241,-55.8656912073735,-8.45878017031097,1.57034303556285,2.02228419882681
0.15692353069827,2.97804488582322,7.89467248683888,2.04562344033743,0.115213879980713,3.19596407307181e-08,0.0173544608081296,1.82779552857386e-20,7.22374212674244e-24,0.00280105799991618,-4.43301875215782,-1.48975508763212,-0.514833931023374,-1.86531949041804,-4.7419871462874,-19.839814051581,-6.63492779279172,-48.0296133426241,-55.8656912073735,-8.45878017031097,2.58102209425289,0.843095314555072
0.0741801892260675,1.40776805219133,3.73193425068655,0.966997958905743,0.054463389782326,1.51078183523686e-08,0.00820372305501292,8.64027323199039e-21,3.41477505315891e-24,0.001324103603471,-4.43301875215782,-1.48975508763212,-0.514833931023374,-1.86531949041804,-4.7419871462874,-19.839814051581,-6.63492779279172,-48.0296133426241,-55.8656912073735,-8.45878017031097,1.83176059613799,0.230084159246154
0.0834019596186316,1.58277587946623,4.19587268410165,1.08721109451707,0.0612340502593802,1.69859590450746e-08,0.00922357554078858,9.71439580711099e-21,3.83928558367968e-24,0.00148871061694146,-4.43301875215782,-1.48975508763212,-0.514833931023374,-1.86531949041804,-4.7419871462874,-19.839814051581,-6.63492779279172,-48.0296133426241,-55.8656912073735,-8.45878017031097,1.94893527889062,0.92099450668703
0.0339545970451096,0.644379549901957,1.70822324670447,0.442625266673624,0.0249296001137696,6.91532186338941e-09,0.00375510110595342,3.95492380125646e-21,1.56304954381215e-24,0.000606083710097042,-4.43301875215782,-1.48975508763212,-0.514833931023374,-1.86531949041804,-4.7419871462874,-19.839814051581,-6.63492779279172,-48.0296133426241,-55.8656912073735,-8.45878017031097,1.05028772434985,1.07255237217633
0.0444419829886148,0.843405826813621,2.23583358594829,0.579336710893863,0.0326294805589127,9.05122261369352e-09,0.00491492033463393,5.17646126276213e-21,2.04582081018885e-24,0.000793281743206219,-4.43301875215782,-1.48975508763212,-0.514833931023374,-1.86531949041804,-4.7419871462874,-19.839814051581,-6.63492779279172,-48.0296133426241,-55.8656912073735,-8.45878017031097,1.3194480586576,0.908311551382149
0.096477768989993,1.83092443343458,4.85370412612882,1.25766470356103,0.0708343614737603,1.96490279163428e-08,0.0106696532594081,1.12374246221721e-20,4.44121108571784e-24,0.0017221115624979,-4.43301875215782,-1.48975508763212,-0.514833931023374,-1.86531949041804,-4.7419871462874,-19.839814051581,-6.63492779279172,-48.0296133426241,-55.8656912073735,-8.45878017031097,2.09457608181996,1.19590460709607
0.0593647186744469,1.1794544630807,4.10807904218768,0.469316521013837,0.0334818688187647,1.71175804468214e-08,0.00425040890231936,6.34968937899608e-21,6.07165478271701e-24,0.00121410613094097,-4.59137871024769,-1.6022715073075,-0.354367986539292,-2.52380137273671,-5.16407473541853,-19.6504833247209,-7.22806360782285,-48.2732045773197,-55.2257345668056,-8.48107068710393,1.76732351945937,1.01680958916538
0.0724325592354003,0.653670520171331,1.45071629793271,0.386946964860706,0.0154196892616682,1.78927993012869e-08,0.0016103411650735,4.05255150392278e-21,3.89330701815062e-24,0.000465025433499102,-3.57337756784773,-1.37343004662034,-0.576220767333089,-1.89774583740976,-5.12038826305552,-18.7871456790673,-7.37958741902457,-47.903218469518,-54.8510615025474,-8.62169665853841,0.948278200362729,1.32677397327397
0.179485190405199,1.642007759715,4.00542022251568,1.33843929701888,0.0679152055477214,3.08613123090778e-08,0.00360244006488337,1.72885298745311e-20,2.41620462488719e-23,0.00152869532052849,-3.69706260660731,-1.48348029065393,-0.591751527953934,-1.68789579599232,-4.66889535661187,-19.2731624937615,-7.60554389476237,-47.4836437117378,-54.0566591940889,-8.4627406664844,1.9794000274434,0.818494442658947
0.0818687198307969,0.748970279590307,1.82699544882476,0.610503360030943,0.0309782156549242,1.40767944438129e-08,0.00164318379535023,7.88583061025266e-21,1.1021052992851e-23,0.000697284988362871,-3.69706260660731,-1.48348029065393,-0.591751527953934,-1.68789579599232,-4.66889535661187,-19.2731624937615,-7.60554389476237,-47.4836437117378,-54.0566591940889,-8.4627406664844,1.19442431428198,0.968153857282748
0.0341149058541547,0.312097839426233,0.761313696628486,0.25439831835829,0.012908702038845,5.86583640456923e-09,0.000684718908458596,3.286045872057e-21,4.59250109250306e-24,0.000290560445804924,-3.69706260660731,-1.48348029065393,-0.591751527953934,-1.68789579599232,-4.66889535661187,-19.2731624937615,-7.60554389476237,-47.4836437117378,-54.0566591940889,-8.4627406664844,0.319041738227454,0.576782667327988
0.0152140490569806,0.398529683843188,1.33829980625418,0.355977877865552,0.0355184540685612,3.88066493428636e-09,0.000621792400863564,3.18785592278394e-21,5.92425257806704e-24,0.000678513187308566,-4.94860103965463,-1.68303833628996,-0.471665034655349,-1.79595173259346,-4.10076792635531,-20.1303243648836,-8.14596932331053,-47.9580034282797,-54.2460527416602,-8.05867168460935,0.763065041705434,0.798015866943356
0.0286363591000512,0.977679446756056,2.05553506410954,0.477858271154121,0.102989477736712,4.12615601293614e-09,0.000472142711299253,4.07056928899324e-21,6.69460826602164e-24,0.000809791226987517,-4.84615471510738,-1.31565007046839,-0.572540457854783,-2.03151773805989,-3.56620509760855,-20.5989962546025,-8.95130590737262,-48.243580732498,-54.6538164095906,-8.41181073172103,1.29307664374158,1.73689220138026
0.0283345491643803,0.967375295662641,2.03387096556612,0.472821933483786,0.101904030821415,4.08266881973251e-09,0.000467166612179011,4.02766794629942e-21,6.62405113677731e-24,0.000801256516367705,-4.84615471510738,-1.31565007046839,-0.572540457854783,-2.03151773805989,-3.56620509760855,-20.5989962546025,-8.95130590737262,-48.243580732498,-54.6538164095906,-8.41181073172103,1.28248131471078,1.39324230004328
0.0397551419883957,1.35728795302241,2.85364798123567,0.663398700710782,0.142977719214535,5.72823931937127e-09,0.000655463931741741,5.65106965910482e-21,9.29395742114097e-24,0.00112421293144729,-4.84615471510738,-1.31565007046839,-0.572540457854783,-2.03151773805989,-3.56620509760855,-20.5989962546025,-8.95130590737262,-48.243580732498,-54.6538164095906,-8.41181073172103,1.62113862705816,0.962823380725464
0.0646643456980364,2.20771787034845,4.64164559173226,1.07906149425682,0.232562637182988,9.31735692698644e-09,0.00106615507214423,9.19183541355992e-21,1.51172312693265e-23,0.00182860606204174,-4.84615471510738,-1.31565007046839,-0.572540457854783,-2.03151773805989,-3.56620509760855,-20.5989962546025,-8.95130590737262,-48.243580732498,-54.6538164095906,-8.41181073172103,2.10760941460887,1.14633276874782
0.11955606091623,3.57213180797958,6.72652958739003,2.34030256992667,0.134952313499365,4.83169876955423e-08,0.00339014725768644,1.59218808709759e-20,2.3594399959394e-23,0.00180036067866234,-4.68109354313095,-1.28396109185619,-0.651064306955297,-1.70684343012176,-4.55995745080321,-19.4026062805209,-8.24400557420754,-48.1437162887954,-54.6581564923593,-8.87689191163806,2.55712365451988,1.36668998408303
0.138842126354172,4.14836664938943,7.81161292652376,2.71782611965131,0.15672200990124,5.61111938555578e-08,0.00393702544483091,1.84903030322574e-20,2.74005068024816e-23,0.00209078404653249,-4.68109354313095,-1.28396109185619,-0.651064306955297,-1.70684343012176,-4.55995745080321,-19.4026062805209,-8.24400557420754,-48.1437162887954,-54.6581564923593,-8.87689191163806,2.70667577016609,0.967052271676615
0.0142981254694862,0.427203676606757,0.804449086710065,0.27988493034091,0.016139416906378,5.77839673776592e-09,0.000405439510794849,1.90415315341425e-21,2.82173641730327e-24,0.000215311400162976,-4.68109354313095,-1.28396109185619,-0.651064306955297,-1.70684343012176,-4.55995745080321,-19.4026062805209,-8.24400557420754,-48.1437162887954,-54.6581564923593,-8.87689191163806,0.433466706772232,2.16099811103974
0.0144683924534005,0.432290964565458,0.814028742448786,0.283217896122606,0.0163316106204875,5.84720786874243e-09,0.000410267623599568,1.92682846249826e-21,2.85533862272528e-24,0.000217875402191518,-4.68109354313095,-1.28396109185619,-0.651064306955297,-1.70684343012176,-4.55995745080321,-19.4026062805209,-8.24400557420754,-48.1437162887954,-54.6581564923593,-8.87689191163806,0.445304703485955,3.2527977264436
0.0148412615085697,0.443431657910268,0.835007308592539,0.29051678504025,0.0167524972007392,5.99789792504397e-09,0.00042084074716328,1.97648530658781e-21,2.92892436612233e-24,0.000223490331121695,-4.68109354313095,-1.28396109185619,-0.651064306955297,-1.70684343012176,-4.55995745080321,-19.4026062805209,-8.24400557420754,-48.1437162887954,-54.6581564923593,-8.87689191163806,0.470749505591145,1.29415834726376
0.020340975585691,0.607753762863554,1.14443528052834,0.398173351256222,0.0229604563171958,8.22053402861602e-09,0.000576791356891686,2.70890984190024e-21,4.01429346078355e-24,0.000306308959407489,-4.68109354313095,-1.28396109185619,-0.651064306955297,-1.70684343012176,-4.55995745080321,-19.4026062805209,-8.24400557420754,-48.1437162887954,-54.6581564923593,-8.87689191163806,0.785975617517275,2.46115460001984
0.016548475014336,0.494440294529982,0.931059504278173,0.323935384853086,0.018679563135121,6.68784549708363e-09,0.000469250716013914,2.20384350032404e-21,3.26584311338144e-24,0.000249198773189025,-4.68109354313095,-1.28396109185619,-0.651064306955297,-1.70684343012176,-4.55995745080321,-19.4026062805209,-8.24400557420754,-48.1437162887954,-54.6581564923593,-8.87689191163806,0.579632217577472,1.35965845721576
0.0242859141015013,0.725621817773156,1.36638760518402,0.475395281085632,0.0274134181766066,9.81482832258438e-09,0.000688654548005742,3.2342771098639e-21,4.7928274509797e-24,0.000365714665225967,-4.68109354313095,-1.28396109185619,-0.651064306955297,-1.70684343012176,-4.55995745080321,-19.4026062805209,-8.24400557420754,-48.1437162887954,-54.6581564923593,-8.87689191163806,0.963234779818793,4.66257951943147
0.0408558916508445,1.22070457148641,2.29865689704486,0.799751576744506,0.0461172529113694,1.6511363782447e-08,0.00115851499270701,5.4409842107297e-21,8.06291409168392e-24,0.000615237238966981,-4.68109354313095,-1.28396109185619,-0.651064306955297,-1.70684343012176,-4.55995745080321,-19.4026062805209,-8.24400557420754,-48.1437162887954,-54.6581564923593,-8.87689191163806,1.48338930151405,2.31036438556629
0.0374708866488072,1.11956637786175,2.10820786313414,0.733490311152683,0.0422963319749399,1.51433591511521e-08,0.00106252934934467,4.99018609997678e-21,7.3948830335297e-24,0.000564263412495621,-4.68109354313095,-1.28396109185619,-0.651064306955297,-1.70684343012176,-4.55995745080321,-19.4026062805209,-8.24400557420754,-48.1437162887954,-54.6581564923593,-8.87689191163806,1.39690253957296,1.66419886646132
0.0529440147463968,1.58187713503089,2.97876560115496,1.03637584597275,0.0597620666088774,2.13966175319766e-08,0.00150128738792398,7.05082025255053e-21,1.04485063309154e-23,0.000797268842662181,-4.68109354313095,-1.28396109185619,-0.651064306955297,-1.70684343012176,-4.55995745080321,-19.4026062805209,-8.24400557420754,-48.1437162887954,-54.6581564923593,-8.87689191163806,1.74257329385623,3.35810212206497
0.0395440631708266,1.18150936712643,2.2248500735614,0.774072614594356,0.0446364891011865,1.59812057959598e-08,0.00112131661321871,5.26628142592789e-21,7.80402461675085e-24,0.000595482787419531,-4.68109354313095,-1.28396109185619,-0.651064306955297,-1.70684343012176,-4.55995745080321,-19.4026062805209,-8.24400557420754,-48.1437162887954,-54.6581564923593,-8.87689191163806,1.45075383763415,5.00474478558688
0.0600672635100735,1.79470769577268,3.37953778451406,1.17581300424063,0.0678026368060105,2.42753835286918e-08,0.00170327515899079,7.99945905313009e-21,1.18542801499292e-23,0.000904535817503712,-4.68109354313095,-1.28396109185619,-0.651064306955297,-1.70684343012176,-4.55995745080321,-19.4026062805209,-8.24400557420754,-48.1437162887954,-54.6581564923593,-8.87689191163806,1.8688032569553,2.67253878040645
0.0293911862087569,0.878158667372916,1.65362326365217,0.575330669900063,0.0331761396700879,1.1878055964063e-08,0.000833420309787428,3.91417182772847e-21,5.80035338548273e-24,0.000442593504201891,-4.68109354313095,-1.28396109185619,-0.651064306955297,-1.70684343012176,-4.55995745080321,-19.4026062805209,-8.24400557420754,-48.1437162887954,-54.6581564923593,-8.87689191163806,1.15403310473001,1.44825979010385
0.0247760059341323,0.740264928383822,1.39396142442384,0.484988798692487,0.0279666233101131,1.00128924011885e-08,0.000702551655937162,3.2995450997524e-21,4.88954712062514e-24,0.000373094818583649,-4.68109354313095,-1.28396109185619,-0.651064306955297,-1.70684343012176,-4.55995745080321,-19.4026062805209,-8.24400557420754,-48.1437162887954,-54.6581564923593,-8.87689191163806,0.983213946330997,1.44951059172234
0.0170821297206478,0.51038498973226,0.961084282143438,0.334381643044128,0.0192819411047084,6.90351493015903e-09,0.000484383098473569,2.27491297681077e-21,3.37115992027889e-24,0.000257234927457272,-4.68109354313095,-1.28396109185619,-0.651064306955297,-1.70684343012176,-4.55995745080321,-19.4026062805209,-8.24400557420754,-48.1437162887954,-54.6581564923593,-8.87689191163806,0.611371135640409,1.23496990947167
0.0217258784686558,0.649132306128436,1.2223534567089,0.425282740368434,0.0245237049437877,8.78022406058033e-09,0.000616061843681433,2.89334431181713e-21,4.28760417606784e-24,0.000327163817581538,-4.68109354313095,-1.28396109185619,-0.651064306955297,-1.70684343012176,-4.55995745080321,-19.4026062805209,-8.24400557420754,-48.1437162887954,-54.6581564923593,-8.87689191163806,0.851842370324224,1.9907447947021
0.014172050508838,0.423436771159471,0.797355787160629,0.277417020707995,0.015997106198887,5.7274452236756e-09,0.000401864512766066,1.88736311793741e-21,2.79685551186358e-24,0.000213412873229456,-4.68109354313095,-1.28396109185619,-0.651064306955297,-1.70684343012176,-4.55995745080321,-19.4026062805209,-8.24400557420754,-48.1437162887954,-54.6581564923593,-8.87689191163806,0.42461001513369,1.36883322872656
0.0116263309463107,0.839572484289679,1.42474788545149,0.293583928907077,0.0427122974726843,1.01799452245593e-08,0.000865756767948346,1.51608962095465e-21,1.30319178889485e-23,0.000475733069129735,-5.41520546692807,-1.13558508684769,-0.606727747293294,-2.18631434466597,-4.11399102606347,-19.3635688294012,-8.01262918014378,-48.8988751735485,-53.6553632841736,-8.61137626303859,0.960722622871095,1.27204447861755
0.0184898801359357,1.33521010812718,2.2658410247891,0.466899805312306,0.0679272991838379,1.61896274810774e-08,0.00137685215913449,2.41110591950617e-21,2.07252486464334e-23,0.000756579824325476,-5.41520546692807,-1.13558508684769,-0.606727747293294,-2.18631434466597,-4.11399102606347,-19.3635688294012,-8.01262918014378,-48.8988751735485,-53.6553632841736,-8.61137626303859,1.42467375068121,0.822694926091576
0.0620196084756548,3.08937645168268,7.41773587821589,2.00384122938278,0.205420969349499,4.43102846068495e-08,0.00628918141647039,8.35672442758641e-21,8.51395670406766e-23,0.00321719659106019,-5.32880413328445,-1.42053018010807,-0.544625582173753,-1.8534335018532,-4.1311933514717,-19.480548483754,-7.61742381228686,-48.7797198725222,-53.3662498118157,-8.28774437761558,2.54849945508231,0.83312845699063
0.0136574005803268,0.242869638012449,0.445592676360543,0.116925819676905,0.0463652599763333,7.5130433370497e-09,0.000573315392588605,9.5207421584647e-22,6.54381732454702e-24,0.000146669735017942,-4.14975437992584,-1.27151109138931,-0.66463066867284,-2.0024962078276,-2.92748545029003,-18.5629058580132,-7.32035521202323,-48.2596798849945,-53.2398021906115,-8.68360784207416,-0.143719357287877,1.55383581768171
0.0177652768609866,0.192141617229226,0.456079078001241,0.05966829419663,0.0262689301245223,4.9322516224006e-09,0.000272139439521075,6.7564194052717e-22,8.16391024613747e-24,7.37361854200994e-05,-3.74584826108519,-1.36486138519098,-0.500427863919848,-2.53429328122957,-3.35470719833219,-18.8428090307029,-7.92453477381447,-48.4617177660038,-52.8776577769152,-9.23035569271443,-0.284661203913448,0.920439293600621
0.0204792815778793,0.221495128550892,0.525754365285375,0.0687838308226996,0.0302820395639953,5.68575263861574e-09,0.000313714233333306,7.78859887979938e-22,9.41111236348597e-24,8.50008764576645e-05,-3.74584826108519,-1.36486138519098,-0.500427863919848,-2.53429328122957,-3.35470719833219,-18.8428090307029,-7.92453477381447,-48.4617177660038,-52.8776577769152,-9.23035569271443,-0.142493297546048,1.10322781537767
0.0809955065222745,0.876012669730261,2.07935717669817,0.272039875854078,0.119765389410078,2.24871372159105e-08,0.00124073899445399,3.08038887482057e-21,3.72209254470108e-23,0.000336178250069198,-3.74584826108519,-1.36486138519098,-0.500427863919848,-2.53429328122957,-3.35470719833219,-18.8428090307029,-7.92453477381447,-48.4617177660038,-52.8776577769152,-9.23035569271443,1.23248666020304,0.685839018632154
0.101968567994569,1.10284830989888,2.61778810653937,0.342482166842578,0.150777565050465,2.83099801292457e-08,0.00156201725196573,3.87802800326305e-21,4.68589509495882e-23,0.00042322859899702,-3.74584826108519,-1.36486138519098,-0.500427863919848,-2.53429328122957,-3.35470719833219,-18.8428090307029,-7.92453477381447,-48.4617177660038,-52.8776577769152,-9.23035569271443,1.46275759098123,1.18521266081602
0.06264293482599,0.677519123379553,1.6082007717803,0.210399032550169,0.0926280457442613,1.73918323561812e-08,0.000959603011362997,2.3824111708101e-21,2.87871279167679e-23,0.000260004451027276,-3.74584826108519,-1.36486138519098,-0.500427863919848,-2.53429328122957,-3.35470719833219,-18.8428090307029,-7.92453477381447,-48.4617177660038,-52.8776577769152,-9.23035569271443,0.975543884954826,4.11844587017592
0.0620634732933788,0.671251915901208,1.59332454533032,0.208452793182551,0.0917712150498047,1.72309539129853e-08,0.000950726463142399,2.36037332037762e-21,2.85208403727942e-23,0.00025759935014724,-3.74584826108519,-1.36486138519098,-0.500427863919848,-2.53429328122957,-3.35470719833219,-18.8428090307029,-7.92453477381447,-48.4617177660038,-52.8776577769152,-9.23035569271443,0.966250606256832,1.23780120298184
0.0843561112221275,0.912359529221988,2.16563230232829,0.283327149983184,0.12473460496058,2.34201566173417e-08,0.00129221880457045,3.2081980555342e-21,3.87652681193504e-23,0.00035012670543024,-3.74584826108519,-1.36486138519098,-0.500427863919848,-2.53429328122957,-3.35470719833219,-18.8428090307029,-7.92453477381447,-48.4617177660038,-52.8776577769152,-9.23035569271443,1.27314023923678,2.25252046394747
0.324207062203698,3.50648457304679,8.32320594654337,1.0889153329593,0.479394311135582,9.00110266257406e-08,0.0049664032194536,1.23301139832477e-20,1.48987115579795e-22,0.00134564703045274,-3.74584826108519,-1.36486138519098,-0.500427863919848,-2.53429328122957,-3.35470719833219,-18.8428090307029,-7.92453477381447,-48.4617177660038,-52.8776577769152,-9.23035569271443,2.61947537464577,0.642472788860224
0.240676511970754,2.60305395750424,6.1787678590718,0.808360997403118,0.355880436035173,6.68200741215773e-08,0.00368683086597113,9.153313334752e-21,1.10601228309455e-22,0.000998946881143777,-3.74584826108519,-1.36486138519098,-0.500427863919848,-2.53429328122957,-3.35470719833219,-18.8428090307029,-7.92453477381447,-48.4617177660038,-52.8776577769152,-9.23035569271443,2.32154673995677,1.2380103989602
0.405633243379878,4.38715523517135,10.4136196184827,1.36240171719899,0.599796524980111,1.12617733932063e-07,0.0062137395531918,1.54268821051342e-20,1.86405954588598e-22,0.0016836128297048,-3.74584826108519,-1.36486138519098,-0.500427863919848,-2.53429328122957,-3.35470719833219,-18.8428090307029,-7.92453477381447,-48.4617177660038,-52.8776577769152,-9.23035569271443,2.84354239201716,0.255624427305031
0.0149331005130428,0.161510012215102,0.383370029467144,0.0501558541221968,0.0220810841840043,4.14594209869444e-09,0.000228754419969431,5.67929736624387e-22,6.86240317215408e-24,6.19810136899579e-05,-3.74584826108519,-1.36486138519098,-0.500427863919848,-2.53429328122957,-3.35470719833219,-18.8428090307029,-7.92453477381447,-48.4617177660038,-52.8776577769152,-9.23035569271443,-0.458326757910112,0.111761057229567
0.0303725799611715,0.328496801869676,0.779740072367257,0.102012484849797,0.044910934231124,8.43247239895029e-09,0.000465265863972761,1.15511787541277e-21,1.39575092854965e-23,0.00012606379316395,-3.74584826108519,-1.36486138519098,-0.500427863919848,-2.53429328122957,-3.35470719833219,-18.8428090307029,-7.92453477381447,-48.4617177660038,-52.8776577769152,-9.23035569271443,0.251633208529577,1.06629232622187
0.00835929512040743,0.0904105517690344,0.214604007643029,0.0280763921904464,0.0123606145362402,2.3208277159079e-09,0.00012805282499451,3.17917385739953e-22,3.8414563205513e-24,3.4695914947056e-05,-3.74584826108519,-1.36486138519098,-0.500427863919848,-2.53429328122957,-3.35470719833219,-18.8428090307029,-7.92453477381447,-48.4617177660038,-52.8776577769152,-9.23035569271443,-1.03853291009585,0.434926213726845
0.0347207626209634,0.375524881127772,0.891368793606827,0.116616740341863,0.0513404488034282,9.63967739474462e-09,0.000531874000802287,1.32048622812783e-21,1.5955686586426e-23,0.000144111268885928,-3.74584826108519,-1.36486138519098,-0.500427863919848,-2.53429328122957,-3.35470719833219,-18.8428090307029,-7.92453477381447,-48.4617177660038,-52.8776577769152,-9.23035569271443,0.385430836543471,0.256176000152943
0.245279145797154,2.65283407147817,6.29692897799764,0.82381987887071,0.362686199171911,6.80979235091895e-08,0.00375733684230003,9.32835887298583e-21,1.12716336886067e-22,0.00101805047653944,-3.74584826108519,-1.36486138519098,-0.500427863919848,-2.53429328122957,-3.35470719833219,-18.8428090307029,-7.92453477381447,-48.4617177660038,-52.8776577769152,-9.23035569271443,2.34048991465833,2.31706087585477
0.181666945716541,1.96483179070093,4.66384474354317,0.610165371901543,0.26862493280041,5.04369897952274e-08,0.00278288602950933,6.90908499169603e-21,8.348378981792e-23,0.000754023013481709,-3.74584826108519,-1.36486138519098,-0.500427863919848,-2.53429328122957,-3.35470719833219,-18.8428090307029,-7.92453477381447,-48.4617177660038,-52.8776577769152,-9.23035569271443,2.04026802415136,1.44050454574607
0.33003990811319,3.56957013342778,8.47294968571171,1.10850613182241,0.488019148385378,9.16304251820043e-08,0.0050557543412539,1.25519464579073e-20,1.51667559620001e-22,0.0013698567183104,-3.74584826108519,-1.36486138519098,-0.500427863919848,-2.53429328122957,-3.35470719833219,-18.8428090307029,-7.92453477381447,-48.4617177660038,-52.8776577769152,-9.23035569271443,2.63730656292802,0.502523825568253
1.1421170525632,12.3526483297588,29.3210005325855,3.83603232488795,1.6888108911882,3.17090959491152e-07,0.0174956516008245,4.34365412788794e-20,5.24852000938146e-22,0.00474044707652139,-3.74584826108519,-1.36486138519098,-0.500427863919848,-2.53429328122957,-3.35470719833219,-18.8428090307029,-7.92453477381447,-48.4617177660038,-52.8776577769152,-9.23035569271443,3.87873186493265,0.638387055953626
0.087491274129692,0.946268106952032,2.24611977344707,0.29385723201831,0.129370467153568,2.4290585626601e-08,0.00134024515862889,3.3274333237099e-21,4.02060105735578e-23,0.000363139446818023,-3.74584826108519,-1.36486138519098,-0.500427863919848,-2.53429328122957,-3.35470719833219,-18.8428090307029,-7.92453477381447,-48.4617177660038,-52.8776577769152,-9.23035569271443,1.30963204626173,0.61094853582692
0.10681789834648,1.15529658771554,2.74228254212454,0.358769628746978,0.157948110219103,2.96563209537049e-08,0.00163630227743131,4.06245580559115e-21,4.90874272101415e-23,0.000443356127815726,-3.74584826108519,-1.36486138519098,-0.500427863919848,-2.53429328122957,-3.35470719833219,-18.8428090307029,-7.92453477381447,-48.4617177660038,-52.8776577769152,-9.23035569271443,1.50921848210178,1.49297879319593
0.100585543152966,1.087890106218,2.58228240068706,0.337836996729229,0.148732531741452,2.79260048851673e-08,0.00154083122665451,3.82542935281195e-21,4.62233914385612e-23,0.000417488245105604,-3.74584826108519,-1.36486138519098,-0.500427863919848,-2.53429328122957,-3.35470719833219,-18.8428090307029,-7.92453477381447,-48.4617177660038,-52.8776577769152,-9.23035569271443,1.44910152320901,1.5595853135721
0.0791057586027343,0.855573966508394,2.03084262240539,0.265692773261593,0.116971081365244,2.19624782243837e-08,0.00121179067331698,3.00851873390149e-21,3.63525048463258e-23,0.000328334702001649,-3.74584826108519,-1.36486138519098,-0.500427863919848,-2.53429328122957,-3.35470719833219,-18.8428090307029,-7.92453477381447,-48.4617177660038,-52.8776577769152,-9.23035569271443,1.20887865577839,4.3118149229578
0.103319542457079,1.11745987042187,2.65247099902037,0.347019689241578,0.152775206518897,2.86850570862037e-08,0.00158271230985374,3.92940772644975e-21,4.74797819303297e-23,0.000428835925257395,-3.74584826108519,-1.36486138519098,-0.500427863919848,-2.53429328122957,-3.35470719833219,-18.8428090307029,-7.92453477381447,-48.4617177660038,-52.8776577769152,-9.23035569271443,1.47591952191475,3.62794735910071
0.0594833803212985,0.628462285053625,1.73597253383886,0.188189041414613,0.172650186869356,1.01226689723791e-08,0.000469263677954217,1.43711087019987e-21,7.39408128853154e-23,0.000170285631105175,-3.84644873567859,-1.48886966852167,-0.472822613307567,-2.69469868982806,-2.78087818068646,-19.432878883309,-8.68873614227775,-49.0160426027217,-51.9831676924576,-9.7024237557699,1.02439040789917,3.09495879647349
0.024445029393689,0.563031592772325,1.3349756418582,0.0869116801793586,0.187311564469721,4.77229092764457e-09,0.00034709986272749,4.76085037656685e-22,5.05309737150766e-23,0.000280761528980021,-4.49855925033231,-1.36165040719013,-0.498317823935172,-3.230093716136,-2.46221279822886,-19.9476702388325,-8.75312890040248,-49.8836766128644,-52.1266866125217,-8.9652357700774,0.787230869821824,3.04519532653764
0.0358190067238461,0.825003401814533,1.95612370604204,0.127350636670902,0.274465376136027,6.99278033470407e-09,0.000508601242266936,6.97601663320147e-22,7.40424262991519e-23,0.000411396481974736,-4.49855925033231,-1.36165040719013,-0.498317823935172,-3.230093716136,-2.46221279822886,-19.9476702388325,-8.75312890040248,-49.8836766128644,-52.1266866125217,-8.9652357700774,1.16928263794573,1.79993450635625
0.0169400821542346,0.390173449308886,0.925120468573391,0.0602286452059248,0.129804437517857,3.3071345129607e-09,0.0002405356154673,3.29920636233239e-22,3.5017296656958e-23,0.000194564027315016,-4.49855925033231,-1.36165040719013,-0.498317823935172,-3.230093716136,-2.46221279822886,-19.9476702388325,-8.75312890040248,-49.8836766128644,-52.1266866125217,-8.9652357700774,0.420486510281009,1.74165597872193
0.014387242297017,0.33137501353065,0.785706480884341,0.0511522968961578,0.110243142671571,2.80875530080584e-09,0.000204287331624604,2.80202190819191e-22,2.97402531465434e-23,0.000165243578973129,-4.49855925033231,-1.36165040719013,-0.498317823935172,-3.230093716136,-2.46221279822886,-19.9476702388325,-8.75312890040248,-49.8836766128644,-52.1266866125217,-8.9652357700774,0.257145833649017,2.36036549996086
0.0266541229906852,0.613912672376222,1.45561718804248,0.0947658755291082,0.204238882128019,5.20356213462396e-09,0.000378467224652916,5.19108770268133e-22,5.50974501420911e-23,0.000306133905750929,-4.49855925033231,-1.36165040719013,-0.498317823935172,-3.230093716136,-2.46221279822886,-19.9476702388325,-8.75312890040248,-49.8836766128644,-52.1266866125217,-8.9652357700774,0.873747818839567,3.14393485913036
0.0287302692509063,0.661731634542101,1.56899830293881,0.102147390882102,0.220147482514909,5.60887864304570e-09,0.000407946840746607,5.59543255110002e-22,5.93891075753595e-23,0.000329979325980055,-4.49855925033231,-1.36165040719013,-0.498317823935172,-3.230093716136,-2.46221279822886,-19.9476702388325,-8.75312890040248,-49.8836766128644,-52.1266866125217,-8.9652357700774,0.948755216065861,1.78540795207368
0.0449339966582422,1.0349449493666,2.45390545717967,0.159758005762503,0.344309555794828,8.77225799737851e-09,0.000638026807850757,8.75122837717983e-22,9.28842656510437e-23,0.000516086006761287,-4.49855925033231,-1.36165040719013,-0.498317823935172,-3.230093716136,-2.46221279822886,-19.9476702388325,-8.75312890040248,-49.8836766128644,-52.1266866125217,-8.9652357700774,1.39599864347509,1.70207117302904
0.0234638254593849,0.540431954822684,1.28139078700302,0.0834231148290964,0.17979302804097,4.58073498559865e-09,0.000333167551768904,4.56975364909361e-22,4.85027008332999e-23,0.000269491985695792,-4.49855925033231,-1.36165040719013,-0.498317823935172,-3.230093716136,-2.46221279822886,-19.9476702388325,-8.75312890040248,-49.8836766128644,-52.1266866125217,-8.9652357700774,0.74626386434205,1.53716230650457
0.00992962401774128,0.22870465550688,0.54227000438449,0.0353037132020799,0.0760863642012809,1.93851493698847e-09,0.000140992717905399,1.93386776029958e-22,2.05257912420681e-23,0.000114045942695308,-4.49855925033231,-1.36165040719013,-0.498317823935172,-3.230093716136,-2.46221279822886,-19.9476702388325,-8.75312890040248,-49.8836766128644,-52.1266866125217,-8.9652357700774,-0.113673414578332,2.82168698972565
0.0163335817634711,0.376204193002048,0.891998673732931,0.0580722981162255,0.125157090393998,3.18873022447164e-09,0.000231923795085012,3.18108592290678e-22,3.37635834864692e-23,0.000187598113128727,-4.49855925033231,-1.36165040719013,-0.498317823935172,-3.230093716136,-2.46221279822886,-19.9476702388325,-8.75312890040248,-49.8836766128644,-52.1266866125217,-8.9652357700774,0.384027190685449,1.81993522442843
0.011186278689123,0.257648628933867,0.61089759118359,0.0397716141047977,0.0857155591064614,2.1838458625862e-09,0.000158836208985228,2.17861055725473e-22,2.31234557057039e-23,0.000128479154505154,-4.49855925033231,-1.36165040719013,-0.498317823935172,-3.230093716136,-2.46221279822886,-19.9476702388325,-8.75312890040248,-49.8836766128644,-52.1266866125217,-8.9652357700774,0.00549188153925395,3.39624242109571
0.166855980092827,0.925572334314196,1.99515113576814,0.0615980465952104,0.279557463457657,9.48981204903267e-09,0.000378624875952523,2.38644134816479e-21,2.0160024587014e-22,0.00043457046779764,-3.02305275549323,-1.30977151520904,-0.541708717448255,-4.01955364226009,-2.50697593595018,-19.7054755518785,-9.11139313844105,-48.7169121944186,-51.1881839982646,-8.97358096725426,1.23242852219791,1.47783983491438
0.0933112124142762,0.344418696804902,0.403861634356211,0.0197897806090259,0.0876712786500508,1.24429574935112e-09,8.92289958208378e-05,2.01972075710169e-21,6.02752800375441e-23,6.8694036304727e-05,-2.31969033844601,-1.01377255587741,-0.854558284927816,-3.87046494140701,-2.38203626470746,-20.452571466276,-9.27217984197125,-47.599203026103,-51.1109954978291,-9.53372350632214,-0.0521246639732973,1.56724203077859
0.112730284689545,0.41609595180095,0.487909607411717,0.0239082479401781,0.105916619724519,1.50324714933061e-09,0.000107798514682104,2.4400464858457e-21,7.2819217568486e-23,8.29900080466757e-05,-2.31969033844601,-1.01377255587741,-0.854558284927816,-3.87046494140701,-2.38203626470746,-20.452571466276,-9.27217984197125,-47.599203026103,-51.1109954978291,-9.53372350632214,0.136933163927803,2.05017669288692
0.0362847379652774,0.248681215498217,0.745019849722307,0.0226226600603109,0.07277355088151,1.62415501029177e-09,0.000139320571954823,1.13405484383097e-21,1.49597151070677e-22,5.94461161001017e-05,-3.43465722135191,-1.50988261529477,-0.412643570537241,-3.90710237099562,-2.73870185536277,-20.3565773035772,-8.99703216064541,-48.3467865390745,-50.3723953636455,-9.84873942099204,0.118299153502281,2.35118857856029
0.0553385467039524,0.379268470159905,1.13624399847349,0.0345022508227333,0.110988332012283,2.47702981836325e-09,0.00021248046452261,1.72956869635489e-21,2.28153471556691e-22,9.0662406748592e-05,-3.43465722135191,-1.50988261529477,-0.412643570537241,-3.90710237099562,-2.73870185536277,-20.3565773035772,-8.99703216064541,-48.3467865390745,-50.3723953636455,-9.84873942099204,0.540371655161325,2.15433000612916
0.0510623958639731,0.349961426808581,1.04844352271313,0.0318361737819665,0.102411980130452,2.28562339789628e-09,0.000196061556348018,1.5959205058217e-21,2.10523470099287e-22,8.36566910248567e-05,-3.43465722135191,-1.50988261529477,-0.412643570537241,-3.90710237099562,-2.73870185536277,-20.3565773035772,-8.99703216064541,-48.3467865390745,-50.3723953636455,-9.84873942099204,0.459950275604282,3.74728489771604
0.0758694701487723,1.08912416852275,1.39043636106817,0.103969696249905,0.226429363115104,1.50996366380655e-08,0.000686945170259949,2.31869237025943e-21,4.99810611845294e-22,0.000799136212798561,-3.63906797174683,-0.974953200284841,-0.730709431714576,-3.32398286293112,-2.54564930374263,-19.0689222155372,-8.34358313773788,-48.5736106180245,-50.108140039916,-8.19230620604869,1.06032705841785,3.97824329017767
0.0763496370490439,1.09601707781795,1.3992362316381,0.104627705415813,0.227862401795936,1.51952000538309e-08,0.000691292746859779,2.33336703881751e-21,5.02973840898323e-22,0.00080419383027555,-3.63906797174683,-0.974953200284841,-0.730709431714576,-3.32398286293112,-2.54564930374263,-19.0689222155372,-8.34358313773788,-48.5736106180245,-50.108140039916,-8.19230620604869,1.06663597063996,0.552426856712443
0.134643210852786,1.93283510191545,2.46756456547773,0.184511816242103,0.401837213590482,2.67968598656729e-08,0.00121910042632754,4.1149119019732e-21,8.86998491820023e-22,0.00141820241249799,-3.63906797174683,-0.974953200284841,-0.730709431714576,-3.32398286293112,-2.54564930374263,-19.0689222155372,-8.34358313773788,-48.5736106180245,-50.108140039916,-8.19230620604869,1.63394109005143,3.77907304915856
0.151368856927122,2.17293570282907,2.77409031843886,0.207432239154274,0.451754227388975,3.01256188218663e-08,0.0013705394935533,4.62607440072503e-21,9.9718319960208e-22,0.00159437432241439,-3.63906797174683,-0.974953200284841,-0.730709431714576,-3.32398286293112,-2.54564930374263,-19.0689222155372,-8.34358313773788,-48.5736106180245,-50.108140039916,-8.19230620604869,1.75103231199531,1.16583238471562
0.143705414541672,2.06292517685981,2.63364477528711,0.196930442114154,0.428882993739866,2.86004309539381e-08,0.00130115236426497,4.3918673428107e-21,9.46698204517739e-22,0.00151365497228713,-3.63906797174683,-0.974953200284841,-0.730709431714576,-3.32398286293112,-2.54564930374263,-19.0689222155372,-8.34358313773788,-48.5736106180245,-50.108140039916,-8.19230620604869,1.69907816462257,2.69696364068448
0.0762452094435809,1.09451799487,1.39732241914607,0.104484600338121,0.227550741833764,1.51744167414606e-08,0.000690347227679614,2.33017556414981e-21,5.02285895862228e-22,0.000803093890062739,-3.63906797174683,-0.974953200284841,-0.730709431714576,-3.32398286293112,-2.54564930374263,-19.0689222155372,-8.34358313773788,-48.5736106180245,-50.108140039916,-8.19230620604869,1.06526727930908,1.39140595487704
0.0700985760063754,1.00628161970639,1.28467496540098,0.0960614017818026,0.209206363103303,1.39511060834688e-08,0.000634693746183474,2.14232461401555e-21,4.6179328911258e-22,0.000738351150238175,-3.63906797174683,-0.974953200284841,-0.730709431714576,-3.32398286293112,-2.54564930374263,-19.0689222155372,-8.34358313773788,-48.5736106180245,-50.108140039916,-8.19230620604869,0.981215172852479,2.06414617460438
0.0601977096546741,0.864152344099137,1.1032248438371,0.0824934927773145,0.179657628178604,1.19806233053554e-08,0.000545048302392267,1.83973830065879e-21,3.9656865976775e-22,0.000634064922534089,-3.63906797174683,-0.974953200284841,-0.730709431714576,-3.32398286293112,-2.54564930374263,-19.0689222155372,-8.34358313773788,-48.5736106180245,-50.108140039916,-8.19230620604869,0.828946998752293,3.91186797477145
0.0390831706696219,0.463642487461248,1.48165902915891,0.0634221051398666,0.0901940205219435,6.30991117334582e-09,0.000178976398443164,1.02929811400933e-21,7.56291077158609e-23,0.000339875930106795,-4.00217716972587,-1.52875537232763,-0.366951421810989,-3.51805666421723,-3.16590599286399,-19.6412580850387,-9.38837046051168,-49.0855236730525,-51.6963148474993,-8.74704376582311,0.76011384742206,2.60551901946628
0.0573144505177135,0.679919616300783,2.17281432534484,0.0930068631712493,0.132267178881078,9.2533201764256e-09,0.000262464220703118,1.50943884062144e-21,1.10908114096503e-22,0.000498419187709579,-4.00217716972587,-1.52875537232763,-0.366951421810989,-3.51805666421723,-3.16590599286399,-19.6412580850387,-9.38837046051168,-49.0855236730525,-51.6963148474993,-8.74704376582311,1.14297467320576,1.01613211883937
0.025850524068277,0.306663995674964,0.980003969432882,0.0419488651327166,0.0596564367314604,4.17352297320262e-09,0.00011837917999843,6.80801869801003e-22,5.00228624181397e-23,0.000224801897106132,-4.00217716972587,-1.52875537232763,-0.366951421810989,-3.51805666421723,-3.16590599286399,-19.6412580850387,-9.38837046051168,-49.0855236730525,-51.6963148474993,-8.74704376582311,0.346752764926984,2.42545147412035
0.0642645174576459,0.762368053027976,2.43629421344956,0.104285064725559,0.148306166237249,1.03753966172162e-08,0.000294291166381679,1.69247646707151e-21,1.24357057778064e-22,0.00055885851300081,-4.00217716972587,-1.52875537232763,-0.366951421810989,-3.51805666421723,-3.16590599286399,-19.6412580850387,-9.38837046051168,-49.0855236730525,-51.6963148474993,-8.74704376582311,1.2574295416438,2.84714015766502
0.0869048562063555,1.03094971604479,3.29459874083315,0.141024610671327,0.200554311480799,1.40306406516992e-08,0.000397969711887375,2.28873458982133e-21,1.68167951024774e-22,0.000755743925783647,-4.00217716972587,-1.52875537232763,-0.366951421810989,-3.51805666421723,-3.16590599286399,-19.6412580850387,-9.38837046051168,-49.0855236730525,-51.6963148474993,-8.74704376582311,1.55923580415054,5.17988998824904
0.124674130301249,1.47900548764505,4.72644741197931,0.20231459384469,0.287716192782859,2.01284254664243e-08,0.000570929288439104,3.28342979820146e-21,2.41254562216553e-22,0.00108419391954114,-4.00217716972587,-1.52875537232763,-0.366951421810989,-3.51805666421723,-3.16590599286399,-19.6412580850387,-9.38837046051168,-49.0855236730525,-51.6963148474993,-8.74704376582311,1.9201252664247,4.37216818689493
0.115489640101185,1.37005015445529,4.37825962168513,0.187410488237483,0.266520724672284,1.86456052053774e-08,0.00052887008624593,3.04154618745309e-21,2.23481828153403e-22,0.0010043235534521,-4.00217716972587,-1.52875537232763,-0.366951421810989,-3.51805666421723,-3.16590599286399,-19.6412580850387,-9.38837046051168,-49.0855236730525,-51.6963148474993,-8.74704376582311,1.84360272058902,3.49083525680209
0.0542702533390798,0.414302578867225,2.08364435107579,0.250931948840699,0.0883000626770652,6.20025252449715e-09,0.00012718307013193,2.01888099876458e-21,7.51063496533789e-23,0.000661914444518715,-3.9758097229056,-1.94318940539257,-0.327912247657538,-2.44460419687834,-3.48904516166463,-19.9607065160789,-10.0319137124752,-48.7137742560743,-52.0051678274602,-8.38240494837804,1.0620307001117,3.50133414914932
0.0403651272489926,0.452872791961931,2.61887329435966,0.407920312768799,0.272941355010343,1.2169263347353e-08,0.000440515531275893,3.74790941575269e-21,7.64663804275182e-23,0.00123742174287948,-4.54338145259998,-2.12573640429885,-0.370848213960076,-2.23027583441348,-2.63209072260403,-19.5579448609068,-9.06115725384002,-48.3666811563986,-52.2587834580747,-8.02831770251672,1.33359239891849,2.51295289898781
0.0585573475059522,0.486057480665522,0.864711252509102,0.0948299721748481,0.235844699850456,9.57390813567269e-09,0.000548276599131178,2.13069157207676e-21,7.00104865740561e-23,0.000717199051011923,-3.39236127718952,-1.27604096061374,-0.699972211418856,-2.91028232902067,-1.99919431356128,-19.0188369127226,-8.06334322692875,-48.1524529156379,-51.5680097643398,-7.79476971093161,0.554612571512722,1.56128419027719
0.0934183272653659,0.447494110299331,1.91091078979106,0.266002082700256,0.260418534228572,1.12991979631613e-08,0.000953512757607705,7.12061775949199e-21,9.01357897521868e-23,0.00131839790805734,-3.46276409106275,-1.89618826416015,-0.444516379770151,-2.41634750199491,-2.43756155665167,-19.3906304519225,-8.04745411471048,-47.4833888287053,-51.852821285024,-7.72343434700272,1.09209636146404,0.636533359873289
0.119734157255903,0.573552660833555,2.44921205190184,0.340934548206561,0.333778120872387,1.44821683859064e-08,0.0012221161500848,9.12648718438652e-21,1.15526932888837e-22,0.00168978900682709,-3.46276409106275,-1.89618826416015,-0.444516379770151,-2.41634750199491,-2.43756155665167,-19.3906304519225,-8.04745411471048,-47.4833888287053,-51.852821285024,-7.72343434700272,1.34028274113009,1.36540008839436
0.259165322252559,1.2414582737326,5.30133460027922,0.737954933479335,0.72246480235264,3.13467428398692e-08,0.00264527794846252,1.97543378295986e-20,2.50058759147521e-22,0.00365755873286179,-3.46276409106275,-1.89618826416015,-0.444516379770151,-2.41634750199491,-2.43756155665167,-19.3906304519225,-8.04745411471048,-47.4833888287053,-51.852821285024,-7.72343434700272,2.1124749800025,1.63122713116466
0.126203093904882,0.585214995404432,2.74169977896371,0.229761805778193,0.413921117491789,5.51172206964877e-09,0.00094168381653362,9.3662807840596e-21,1.13074628210836e-22,0.00406482384064711,-3.48129049590011,-1.9472036683661,-0.402849597267155,-2.88213981635363,-2.29350754338196,-20.4278164098952,-8.37926867358071,-47.5285985460945,-51.945421887097,-6.91681255516667,1.41142768261112,0.731400025468471
0.0544997778962295,0.25272032787978,1.18398071226591,0.099220763901286,0.178748462275131,2.38019227046845e-09,0.000406658484048231,4.04475204728103e-21,4.88303569469855e-23,0.00175536105849776,-3.48129049590011,-1.9472036683661,-0.402849597267155,-2.88213981635363,-2.29350754338196,-20.4278164098952,-8.37926867358071,-47.5285985460945,-51.945421887097,-6.91681255516667,0.571731843280326,0.553964761111293
0.545542456658608,1.82641921423126,13.3541911206656,1.84447732119318,1.40212960789923,1.20026590956366e-08,0.00281446016087555,3.58888385707675e-20,2.43412321041706e-22,0.0484331232224113,-3.5516763705331,-2.34334438806333,-0.353871447317204,-2.33350578190628,-2.60770949517078,-21.1838393449201,-8.81868653263365,-47.7195623335594,-52.7129871565525,-5.97327305974746,2.94570172451699,0.661193804988663
0.399965541060848,1.33904289264341,9.79065187652191,1.35228222980847,1.02797412083326,8.79977347456821e-09,0.00206342708491198,2.63119736361512e-20,1.78458229048975e-22,0.0355088409682491,-3.5516763705331,-2.34334438806333,-0.353871447317204,-2.33350578190628,-2.60770949517078,-21.1838393449201,-8.81868653263365,-47.7195623335594,-52.7129871565525,-5.97327305974746,2.63529948760017,0.750563268304313
0.542768290011872,1.81713159379909,13.2862830208487,1.83509787253128,1.39499956486562,1.19416237424228e-08,0.00280014820144587,3.57063383496793e-20,2.42174532242324e-22,0.0481868333995002,-3.5516763705331,-2.34334438806333,-0.353871447317204,-2.33350578190628,-2.60770949517078,-21.1838393449201,-8.81868653263365,-47.7195623335594,-52.7129871565525,-5.97327305974746,2.94060359851978,0.554181747099439
0.56005283763089,1.87499845548026,13.7093869415818,1.89353687338491,1.43942356098173,1.23219067619408e-08,0.00288931939257632,3.68434127087806e-20,2.49886621013326e-22,0.0497213512256709,-3.5516763705331,-2.34334438806333,-0.353871447317204,-2.33350578190628,-2.60770949517078,-21.1838393449201,-8.81868653263365,-47.7195623335594,-52.7129871565525,-5.97327305974746,2.97195222374151,0.859979767975773
0.0131914142189797,0.0441634782011203,0.322909178711931,0.0446001297688173,0.0339040018255975,2.90228644768574e-10,6.80546661983432e-05,8.67805116992667e-22,5.88579809632264e-24,0.00117113046390361,-3.5516763705331,-2.34334438806333,-0.353871447317204,-2.33350578190628,-2.60770949517078,-21.1838393449201,-8.81868653263365,-47.7195623335594,-52.7129871565525,-5.97327305974746,-0.776512728439332,0.625630578872317
0.466559639508415,1.56199298474808,11.4207913960456,1.57743666611792,1.19913139008888,1.02649321468063e-08,0.0024069868477544,3.06929064485832e-20,2.08171450949403e-22,0.0414210484172374,-3.5516763705331,-2.34334438806333,-0.353871447317204,-2.33350578190628,-2.60770949517078,-21.1838393449201,-8.81868653263365,-47.7195623335594,-52.7129871565525,-5.97327305974746,2.78930694827233,0.32002672993613
0.223463285923856,0.748131761524826,5.47009933371062,0.755528663214182,0.574335664709528,4.91648928254406e-09,0.00115284980660013,1.47006666431339e-20,9.9705745044094e-23,0.0198390147837896,-3.5516763705331,-2.34334438806333,-0.353871447317204,-2.33350578190628,-2.60770949517078,-21.1838393449201,-8.81868653263365,-47.7195623335594,-52.7129871565525,-5.97327305974746,2.05316822331393,1.82619163359152
0.218970140360381,0.573523336598185,3.6954380056592,0.390587979914075,0.35981377888281,4.20626208231068e-09,0.00141433664086313,7.07147212347125e-21,1.1224167440199e-22,0.00769770836440185,-3.17656125070843,-2.21369799856113,-0.350642259388472,-2.59784338126306,-2.6799100091095,-20.944432796934,-8.21883600971463,-48.0559596203604,-52.1991292249842,-6.52457395629191,1.65774134686053,0.972810901765029
0.289437439122849,0.75809023800674,4.88467565045582,0.516284021522011,0.475606302071854,5.55988923138044e-09,0.00186948766035091,9.34715929248434e-21,1.48362433107571e-22,0.0101749260992396,-3.17656125070843,-2.21369799856113,-0.350642259388472,-2.59784338126306,-2.6799100091095,-20.944432796934,-8.21883600971463,-48.0559596203604,-52.1991292249842,-6.52457395629191,1.93674514563806,1.58996773741604
0.077510694200963,0.636951760422586,1.2439641753806,0.109210986026911,0.0893858932423589,1.68725867331289e-09,0.000430396922456265,4.94544330712062e-21,1.30586213318749e-23,0.0017043832248747,-3.32705782816118,-1.22077982130697,-0.551415269731731,-2.98419208179809,-3.18451086867152,-20.9698791775242,-8.52052116527764,-47.5255388099797,-53.4623121434646,-7.14427044434215,0.769718465708487,1.47974647811089
0.0915885089921511,1.93775138545531,4.52733984817001,0.749165002264651,0.66408796219061,7.2950578597041e-09,0.00106955114622396,1.26438437387706e-20,3.37231143589499e-23,0.00939376190995772,-4.46743750058226,-1.41545981656637,-0.566853500703712,-2.3657840607052,-2.48632870282792,-20.8130567613108,-8.91750424575603,-47.8941045548531,-53.8208467813159,-6.74469747433107,2.07698803772705,0.604051034397898
0.131761037623613,2.78768740766448,6.51312050642434,1.07776356593103,0.955370056074217,1.0494814291619e-08,0.00153867739925836,1.8189683279089e-20,4.85147382431541e-23,0.0135140513811757,-4.46743750058226,-1.41545981656637,-0.566853500703712,-2.3657840607052,-2.48632870282792,-20.8130567613108,-8.91750424575603,-47.8941045548531,-53.8208467813159,-6.74469747433107,2.44067218254182,1.17702510073546
0.143618929915617,3.03856655691868,7.09927163913359,1.17475737010525,1.04134900272077,1.14392997005007e-08,0.0016771513457422,1.9826671792835e-20,5.28808433607038e-23,0.0147302543543517,-4.46743750058226,-1.41545981656637,-0.566853500703712,-2.3657840607052,-2.48632870282792,-20.8130567613108,-8.91750424575603,-47.8941045548531,-53.8208467813159,-6.74469747433107,2.52684569345115,0.729024407727244
0.0260503481502673,0.551150998910787,1.28770279740567,0.213083599086239,0.188885295850263,2.07491964999585e-09,0.000304210430219356,3.59626480414455e-21,9.59180228424951e-24,0.00267185011403657,-4.46743750058226,-1.41545981656637,-0.566853500703712,-2.3657840607052,-2.48632870282792,-20.8130567613108,-8.91750424575603,-47.8941045548531,-53.8208467813159,-6.74469747433107,0.819713354403758,0.544334775556633
0.262964054748078,5.56356869459139,12.9986573293748,2.15096270087494,1.90669402929135,2.09451820487003e-08,0.00307083835370233,3.63023315231951e-20,9.68240119655464e-23,0.0269708694721979,-4.46743750058226,-1.41545981656637,-0.566853500703712,-2.3657840607052,-2.48632870282792,-20.8130567613108,-8.91750424575603,-47.8941045548531,-53.8208467813159,-6.74469747433107,3.13169957047547,1.09471294252325
0.441196551638811,9.33445951466986,21.8089228778772,3.60884808853009,3.19901832803557,3.51414648750628e-08,0.00515219957948861,6.09074251605471e-20,1.62449655851096e-22,0.0452512592157661,-4.46743750058226,-1.41545981656637,-0.566853500703712,-2.3657840607052,-2.48632870282792,-20.8130567613108,-8.91750424575603,-47.8941045548531,-53.8208467813159,-6.74469747433107,3.64917269308041,0.411161762963605
0.0200706544799737,0.424637751542573,0.992118714519347,0.164171598319512,0.145527863485361,1.59863488689487e-09,0.000234380838172183,2.7707648237989e-21,7.39006436216931e-24,0.00205854371510793,-4.46743750058226,-1.41545981656637,-0.566853500703712,-2.3657840607052,-2.48632870282792,-20.8130567613108,-8.91750424575603,-47.8941045548531,-53.8208467813159,-6.74469747433107,0.558940993740841,0.569335604644068
0.100460454352157,2.12545642184266,4.96589171675193,0.821734706028362,0.728416469987341,8.0017115157312e-09,0.00117315583892448,1.38686206461054e-20,3.69897864693938e-23,0.0103037116766603,-4.46743750058226,-1.41545981656637,-0.566853500703712,-2.3657840607052,-2.48632870282792,-20.8130567613108,-8.91750424575603,-47.8941045548531,-53.8208467813159,-6.74469747433107,2.16944638262887,0.857296909936854
0.0253926341488024,0.53723564826695,1.25519113365769,0.207703706817885,0.184116357522263,2.02253249194925e-09,0.000296529785868933,3.50546702666313e-21,9.34963037064422e-24,0.00260439177452876,-4.46743750058226,-1.41545981656637,-0.566853500703712,-2.3657840607052,-2.48632870282792,-20.8130567613108,-8.91750424575603,-47.8941045548531,-53.8208467813159,-6.74469747433107,0.794141359426548,2.03260055631219
0.00313018795691456,0.0662258411780293,0.154729286736348,0.0256039463207294,0.0226962985253873,2.49320602646753e-10,3.65536698222843e-05,4.32124158758833e-22,1.1525429073759e-24,0.000321047265909659,-4.46743750058226,-1.41545981656637,-0.566853500703712,-2.3657840607052,-2.48632870282792,-20.8130567613108,-8.91750424575603,-47.8941045548531,-53.8208467813159,-6.74469747433107,-1.2992247255183,0.647385947319725
0.00408176477955036,0.0863584902048598,0.201766974270745,0.0333875434152736,0.0295959709839288,3.25114040660647e-10,4.7665981754969e-05,5.63489859360793e-22,1.50291583476817e-24,0.000418645602308397,-4.46743750058226,-1.41545981656637,-0.566853500703712,-2.3657840607052,-2.48632870282792,-20.8130567613108,-8.91750424575603,-47.8941045548531,-53.8208467813159,-6.74469747433107,-1.03378833949655,0.880748522510326
0.0104298334144835,0.220665500196268,0.515560313698442,0.085312734747664,0.0756244085030953,8.30740002899842e-10,0.000121797378362626,1.43984420496939e-21,3.84029032519312e-24,0.00106973432512779,-4.46743750058226,-1.41545981656637,-0.566853500703712,-2.3657840607052,-2.48632870282792,-20.8130567613108,-8.91750424575603,-47.8941045548531,-53.8208467813159,-6.74469747433107,-0.0956474812804711,1.71172865066813
0.0152724572855578,0.275605913589045,0.781029150672265,0.13543579347957,0.0414456896242672,2.03032016920637e-09,0.000211311769039622,2.14401174780563e-21,5.10417052662867e-24,0.0012838869500088,-4.40507514005575,-1.51215417271918,-0.470513694825486,-2.22262848961441,-3.40674228236342,-20.2384432272991,-8.68554682643712,-47.8149791200854,-53.855355165774,-6.88123401254597,0.223370889790918,0.260243324640028
0.185289234379066,1.89674372193105,4.29810917370562,0.565183298699378,0.162945773515538,1.79446450917963e-08,0.00181485293713757,1.33568834329482e-20,1.13093280183682e-23,0.011564350239413,-3.64897674530541,-1.32300091427267,-0.504964300648715,-2.53374467756725,-3.77747731093844,-19.799113589691,-8.27489034051336,-47.7253945875512,-54.7995538579105,-6.42296766783429,1.96313949959474,0.842538098094037
0.359589508580968,3.68099714567271,8.34131011863456,1.09684723626038,0.316227711880587,3.48250459981821e-08,0.00352207227796585,2.59216093472605e-20,2.19479330147496e-23,0.0224428528380737,-3.64897674530541,-1.32300091427267,-0.504964300648715,-2.53374467756725,-3.77747731093844,-19.799113589691,-8.27489034051336,-47.7253945875512,-54.7995538579105,-6.42296766783429,2.62618459324755,3.00728011882807
0.382007884646228,3.91048653937747,8.86134371987741,1.16522947000702,0.335942724688308,3.69961910373078e-08,0.00374165360326107,2.75376753689218e-20,2.33162627475093e-23,0.0238420380281163,-3.64897674530541,-1.32300091427267,-0.504964300648715,-2.53374467756725,-3.77747731093844,-19.799113589691,-8.27489034051336,-47.7253945875512,-54.7995538579105,-6.42296766783429,2.68666271515199,1.50934160751958
0.110925143661941,1.342297311681,3.96865447420441,0.535832415624891,0.215990756021439,1.19965104966132e-08,0.00364042925712142,1.843009064446e-20,1.92341758343489e-23,0.00380361083288245,-4.02040307899609,-1.52712083466606,-0.443076278527503,-2.44543721661999,-3.35402306081569,-20.0601534138004,-7.4371570689107,-47.2618056552999,-54.1268569361632,-7.39330783664755,1.82150339240489,1.12412667352353
0.0431356643422677,0.521981620872728,1.54329795426226,0.208370135580291,0.0839927219852691,4.665105069753e-09,0.00141566041127283,7.16694319783663e-21,7.47962928242124e-24,0.00147911713034026,-4.02040307899609,-1.52712083466606,-0.443076278527503,-2.44543721661999,-3.35402306081569,-20.0601534138004,-7.4371570689107,-47.2618056552999,-54.1268569361632,-7.39330783664755,0.876997933890632,1.16388909834078
0.303859754796636,2.57728275580929,4.76113770568271,0.941793613622184,0.253137220199221,3.16937044734619e-08,0.00671474098247161,1.86075879656805e-20,1.22486064895733e-23,0.00402767646555711,-3.37137520618513,-1.2334505407459,-0.619699535773679,-2.24015531148632,-3.55400975421304,-19.4473339620945,-7.18363621198273,-47.6109036894594,-54.9368162465469,-7.6947518179696,2.18018618925665,0.863751858065098
0.0885489915831071,0.751056319400314,1.38746226168935,0.274451859613552,0.0737677340514989,9.23598971682295e-09,0.00195676963913026,5.42251194554444e-21,3.56941561305447e-24,0.00117372137579321,-3.37137520618513,-1.2334505407459,-0.619699535773679,-2.24015531148632,-3.55400975421304,-19.4473339620945,-7.18363621198273,-47.6109036894594,-54.9368162465469,-7.6947518179696,0.947175903259788,1.70540771454946
0.0884658159711609,0.750350839102286,1.38615899419183,0.274194062195818,0.0736984427325136,9.22731419062109e-09,0.00195493161128531,5.4174184855141e-21,3.56606279872426e-24,0.00117261887883711,-3.37137520618513,-1.2334505407459,-0.619699535773679,-2.24015531148632,-3.55400975421304,-19.4473339620945,-7.18363621198273,-47.6109036894594,-54.9368162465469,-7.6947518179696,0.946236144386316,1.93360058714581
0.111686854117451,0.947307429245252,1.750006323554,0.346166164728744,0.0930432521510099,1.16493549806825e-08,0.00246807378965896,6.83941499258919e-21,4.50210435751388e-24,0.00148041491753994,-3.37137520618513,-1.2334505407459,-0.619699535773679,-2.24015531148632,-3.55400975421304,-19.4473339620945,-7.18363621198273,-47.6109036894594,-54.9368162465469,-7.6947518179696,1.179318937162,1.58902539882859
0.0312349887357994,0.264929450431993,0.489416845301277,0.096810822916067,0.0260210116565978,3.25792569301217e-09,0.000690235727635864,1.91275017942869e-21,1.25908442856183e-24,0.00041402136033881,-3.37137520618513,-1.2334505407459,-0.619699535773679,-2.24015531148632,-3.55400975421304,-19.4473339620945,-7.18363621198273,-47.6109036894594,-54.9368162465469,-7.6947518179696,-0.0948411724790587,1.06385097031689
0.0471067053066906,0.399550441785808,0.738108641522051,0.146004179613438,0.0392433030233313,4.9134048624107e-09,0.00104097143395559,2.88469318141284e-21,1.89887435638889e-24,0.000624401768706332,-3.37137520618513,-1.2334505407459,-0.619699535773679,-2.24015531148632,-3.55400975421304,-19.4473339620945,-7.18363621198273,-47.6109036894594,-54.9368162465469,-7.6947518179696,0.316035281292063,0.517753926229304
0.109914261105973,0.932272620161676,1.72223180162225,0.340672127590201,0.0915665535741603,1.14644669256813e-08,0.00242890274857332,6.73086596670553e-21,4.43065101786945e-24,0.00145691910724378,-3.37137520618513,-1.2334505407459,-0.619699535773679,-2.24015531148632,-3.55400975421304,-19.4473339620945,-7.18363621198273,-47.6109036894594,-54.9368162465469,-7.6947518179696,1.16332054457946,0.837876132089157
0.251576880691689,2.1687155278703,4.9718463302772,1.35104167061215,0.407025885258497,7.22772085457248e-08,0.0129209800801368,1.7449409794367e-20,1.74098068380803e-23,0.00868154666532844,-3.59614117646545,-1.44199945928822,-0.612343262797862,-1.91525862616992,-3.11501302436302,-18.6588915209223,-6.56503745485379,-47.7111156564157,-54.6211431019667,-6.96269010787832,2.2161345289448,0.343094157676664
0.275600279613798,3.05089681922698,8.05229357308648,1.70894679590049,0.436236577390478,5.47673023983376e-08,0.0139751077686165,1.07044361194888e-20,1.88892954496574e-23,0.0155285669833104,-3.89544690201511,-1.4912075902467,-0.520686209974808,-2.07076590480113,-3.43621375083403,-19.3268156693708,-6.87712072517761,-48.5902718834554,-54.9300900253051,-6.7717170969095,2.60664317673581,0.485915409289043
0.0286987143485253,0.317694947350976,0.83849868885585,0.177955465071017,0.0454260385383183,5.70301005997421e-09,0.00145525115723178,1.11467069222765e-21,1.96697367330057e-24,0.00161701544251138,-3.89544690201511,-1.4912075902467,-0.520686209974808,-2.07076590480113,-3.43621375083403,-19.3268156693708,-6.87712072517761,-48.5902718834554,-54.9300900253051,-6.7717170969095,0.344543948576536,0.46595094638432
0.0476968595922856,0.528004534034351,1.39357302717389,0.295759479957622,0.0754974371215085,9.47832250534106e-09,0.00241860695482905,1.85256701234598e-21,3.26908257902363e-24,0.00268745692170653,-3.89544690201511,-1.4912075902467,-0.520686209974808,-2.07076590480113,-3.43621375083403,-19.3268156693708,-6.87712072517761,-48.5902718834554,-54.9300900253051,-6.7717170969095,0.852557182120227,0.466926054142012
0.0178668258371104,0.197785873775266,0.522020249983871,0.110788910700776,0.0282806786804965,3.550496591987e-09,0.000905988981239839,6.93955376603346e-22,1.22456970093674e-24,0.00100669782403522,-3.89544690201511,-1.4912075902467,-0.520686209974808,-2.07076590480113,-3.43621375083403,-19.3268156693708,-6.87712072517761,-48.5902718834554,-54.9300900253051,-6.7717170969095,-0.129362688804572,0.698285077389976
0.0248544717608151,0.275139157858972,0.726180334441325,0.154118021719589,0.0393411418485492,4.93908196603785e-09,0.00126031773943105,9.65358618721673e-22,1.70349413648308e-24,0.00140041341798874,-3.89544690201511,-1.4912075902467,-0.520686209974808,-2.07076590480113,-3.43621375083403,-19.3268156693708,-6.87712072517761,-48.5902718834554,-54.9300900253051,-6.7717170969095,0.200729309519929,0.202310238402592
0.0556241749876289,0.615759965046806,1.62518770804142,0.344915309058915,0.088045265232588,1.10536390473713e-08,0.0028205843661763,2.16046743018083e-21,3.81241077460851e-24,0.0031341177461691,-3.89544690201511,-1.4912075902467,-0.520686209974808,-2.07076590480113,-3.43621375083403,-19.3268156693708,-6.87712072517761,-48.5902718834554,-54.9300900253051,-6.7717170969095,1.00630953172631,0.700646902005123
0.354500616637035,3.92432404360227,10.3575476810172,2.1981933174943,0.561124741604986,7.04463816182051e-08,0.017975977123412,1.37689599242357e-20,2.42970250034805e-23,0.0199741690349048,-3.89544690201511,-1.4912075902467,-0.520686209974808,-2.07076590480113,-3.43621375083403,-19.3268156693708,-6.87712072517761,-48.5902718834554,-54.9300900253051,-6.7717170969095,2.85840170845931,1.16918934954247
0.245448672077007,2.71711833519395,7.17134528113645,1.52198220659219,0.388510812768242,4.8775573325793e-08,0.0124461834681254,9.53333441658138e-21,1.68227423102967e-23,0.0138296889634997,-3.89544690201511,-1.4912075902467,-0.520686209974808,-2.07076590480113,-3.43621375083403,-19.3268156693708,-6.87712072517761,-48.5902718834554,-54.9300900253051,-6.7717170969095,2.49077947336557,0.856301465889509
0.0311341616902065,0.246779489820608,0.621093700622828,0.294765453964335,0.0490739238370223,1.01652067455661e-08,0.00121589813761697,2.37941548905202e-21,3.70767324745053e-24,0.00206019650193091,-3.68948661478207,-1.61929709362334,-0.696310320524168,-1.44161230895096,-3.23446446676957,-18.6243320498737,-6.93230926611851,-47.7074690869542,-54.1716747077689,-6.40499091020755,0.220036998764481,0.36782754609336
0.0456821380173195,0.362091480927037,0.91131049025369,0.432499717985736,0.0720045647633241,1.49150756698103e-08,0.0017840476030897,3.49123859036211e-21,5.4401477932337e-24,0.00302285900229043,-3.68948661478207,-1.61929709362334,-0.696310320524168,-1.44161230895096,-3.23446446676957,-18.6243320498737,-6.93230926611851,-47.7074690869542,-54.1716747077689,-6.40499091020755,0.603438704284442,0.769650713676218
0.0604734895626113,0.479332543153953,1.20638235889399,0.572538158602092,0.0953188157267153,1.97444058441806e-08,0.00236170172384978,4.62166154252245e-21,7.20160515841994e-24,0.00400162602404796,-3.68948661478207,-1.61929709362334,-0.696310320524168,-1.44161230895096,-3.23446446676957,-18.6243320498737,-6.93230926611851,-47.7074690869542,-54.1716747077689,-6.40499091020755,0.883936415756107,0.906157045691454
0.0407602404406528,0.323078920222659,0.813123822811154,0.38590121348807,0.0642466289880068,1.33080914527579e-08,0.00159183025172633,3.11508459444024e-21,4.85401388176758e-24,0.0026971692897744,-3.68948661478207,-1.61929709362334,-0.696310320524168,-1.44161230895096,-3.23446446676957,-18.6243320498737,-6.93230926611851,-47.7074690869542,-54.1716747077689,-6.40499091020755,0.489438443073584,1.41887578572308
0.0352875817089791,0.27970084750617,0.703950050999909,0.334088328609879,0.0556205789129651,1.15212854353378e-08,0.00137810374687078,2.69683890399868e-21,4.20229148841228e-24,0.00233503484442005,-3.68948661478207,-1.61929709362334,-0.696310320524168,-1.44161230895096,-3.23446446676957,-18.6243320498737,-6.93230926611851,-47.7074690869542,-54.1716747077689,-6.40499091020755,0.345262444898762,1.53290062087868
0.0619338315748176,0.490907688819405,1.2355146423825,0.586364076911837,0.0976206189162825,2.02212029592281e-08,0.00241873319784909,4.73326757957374e-21,7.37551287640067e-24,0.0040982591544051,-3.68948661478207,-1.61929709362334,-0.696310320524168,-1.44161230895096,-3.23446446676957,-18.6243320498737,-6.93230926611851,-47.7074690869542,-54.1716747077689,-6.40499091020755,0.907797918282502,4.29324592963921
0.0824958030807385,0.653888561355093,1.64570429520783,0.781036376929185,0.130030568914647,2.69346225635168e-08,0.003221750253794,6.30470778642616e-21,9.82417593744348e-24,0.00545887718519751,-3.68948661478207,-1.61929709362334,-0.696310320524168,-1.44161230895096,-3.23446446676957,-18.6243320498737,-6.93230926611851,-47.7074690869542,-54.1716747077689,-6.40499091020755,1.19447875609793,4.60319287977048
0.165953478456193,1.31540123530151,3.31059692858248,1.57117936563835,0.261577248916579,5.41832934330685e-08,0.00648106499200895,1.26829262669674e-20,1.97628983402798e-23,0.0109814029746708,-3.68948661478207,-1.61929709362334,-0.696310320524168,-1.44161230895096,-3.23446446676957,-18.6243320498737,-6.93230926611851,-47.7074690869542,-54.1716747077689,-6.40499091020755,1.89343883461514,2.32653766840004
0.0949504863291997,0.75260843081923,1.89416209490203,0.898952201939803,0.149661743931686,3.10010378224499e-08,0.00370814928766222,7.25655182602162e-21,1.13073665351308e-23,0.00628302318650799,-3.68948661478207,-1.61929709362334,-0.696310320524168,-1.44161230895096,-3.23446446676957,-18.6243320498737,-6.93230926611851,-47.7074690869542,-54.1716747077689,-6.40499091020755,1.33508689499561,1.3286828807648
0.376966277386852,2.15163542826017,7.492469524628,1.82655926480416,0.481287236144602,1.49717626721847e-07,0.0138518546994653,4.83770669752441e-20,1.81313511643091e-23,0.0346119248082881,-3.49147029278449,-1.74964253005908,-0.501972294597211,-1.91343673342407,-3.24716176991361,-18.2303855528268,-6.79520688934282,-46.9911318216147,-54.8802704307772,-5.87942775600467,2.51587074734724,0.906306831844791
0.196138403320899,1.11951217587175,3.89838852344591,0.950372591026307,0.250417386643995,7.78992127831159e-08,0.0072072246955875,2.51709535920508e-20,9.43387905164953e-24,0.0180088460825208,-3.49147029278449,-1.74964253005908,-0.501972294597211,-1.91343673342407,-3.24716176991361,-18.2303855528268,-6.79520688934282,-46.9911318216147,-54.8802704307772,-5.87942775600467,1.8625355632261,0.677391100574255
0.00430271705199626,0.0683025781303661,0.243701691077546,0.0291854265574667,0.0146444763637083,4.36583051829554e-09,0.00037694295225181,3.26752204537622e-21,5.25365604935446e-25,0.000500215702763386,-4.42967018763303,-1.66496937032776,-0.392971983557869,-2.51524738915301,-3.2048536589967,-18.230619002463,-6.86457830661358,-46.1514166438783,-54.8868647046219,-6.58163275140419,-1.01883839563973,0.290558903173001
0.00520478520753162,0.0826222696015455,0.294793950297607,0.0353041751493575,0.0177147028328327,5.28113046375482e-09,0.000455969351053024,3.95256071954982e-21,6.35508934487169e-25,0.000605086334717268,-4.42967018763303,-1.66496937032776,-0.392971983557869,-2.51524738915301,-3.2048536589967,-18.230619002463,-6.86457830661358,-46.1514166438783,-54.8868647046219,-6.58163275140419,-0.82850665669819,0.145342202634828
0.00532451537256615,0.0763975736523903,0.226792642066795,0.036129458950923,0.0113194046443756,6.97611338571097e-09,0.000239706591945782,1.02837657239826e-20,2.55158265412419e-25,0.000324466649917226,-4.20409044918444,-1.54046120959995,-0.452376017850484,-2.28930357680854,-3.44989366865262,-17.7494307645956,-7.30475178389471,-44.992377312172,-55.5965703773368,-7.0019846686639,-1.03134313219059,0.165559591725557
0.0386821227496525,0.555021464868664,1.64762803847775,0.262477252524971,0.0822344512634395,5.06808329809576e-08,0.00174144671669504,7.47106281471857e-20,1.85370172732072e-24,0.00235722087402252,-4.20409044918444,-1.54046120959995,-0.452376017850484,-2.28930357680854,-3.44989366865262,-17.7494307645956,-7.30475178389471,-44.992377312172,-55.5965703773368,-7.0019846686639,0.95171271905541,0.60368103962725
0.399243262694063,5.72844933907858,17.0053850985721,2.70906215150729,0.848752557887129,5.23083524819023e-07,0.0179736999823113,7.71098192631459e-19,1.91322986710648e-23,0.0243291858289694,-4.20409044918444,-1.54046120959995,-0.452376017850484,-2.28930357680854,-3.44989366865262,-17.7494307645956,-7.30475178389471,-44.992377312172,-55.5965703773368,-7.0019846686639,3.28590608224975,0.336291708223906
0.353159191757939,5.06722273774609,15.0424781533415,2.39635903532197,0.750782280765985,4.62704751986105e-07,0.015899021854044,6.82091446298022e-19,1.69238851760472e-23,0.0215209031844617,-4.20409044918444,-1.54046120959995,-0.452376017850484,-2.28930357680854,-3.44989366865262,-17.7494307645956,-7.30475178389471,-44.992377312172,-55.5965703773368,-7.0019846686639,3.16325409363283,1.0354048095573
1.17066488395738,11.3491689255394,15.6841400053517,2.64941766226668,1.65567538581672,3.57816475062078e-07,0.0235941547839156,4.42120139981891e-18,8.15161901971448e-24,0.0413938517442757,-3.32594425530221,-1.05437160076328,-0.730866108564586,-2.50917625382886,-2.97930710589986,-18.326761741072,-7.230272395866,-43.4436363244134,-56.6473417911978,-6.6681390373621,3.48351611959036,1.21821759330273
1.05803342785525,10.2572480529227,14.1751449456035,2.39451314329364,1.49638032871498,3.23390405607141e-07,0.0213241251236528,3.99583086192507e-18,7.36733930622673e-24,0.0374112860591474,-3.32594425530221,-1.05437160076328,-0.730866108564586,-2.50917625382886,-2.97930710589986,-18.326761741072,-7.230272395866,-43.4436363244134,-56.6473417911978,-6.6681390373621,3.38235618356552,0.720584645296792
0.842144319448565,8.16428191541549,11.2827416214048,1.90591864905193,1.19104761757518,2.57403391874194e-07,0.0169729900467298,3.18049144124759e-18,5.8640519125808e-24,0.0297776055165306,-3.32594425530221,-1.05437160076328,-0.730866108564586,-2.50917625382886,-2.97930710589986,-18.326761741072,-7.230272395866,-43.4436363244134,-56.6473417911978,-6.6681390373621,3.15414037664524,0.465300773697408
0.970252295628957,9.40624200348556,12.9990854374278,2.19584921707427,1.37223117043931,2.96559896090197e-07,0.0195549410905132,3.66431150912394e-18,6.75609832955287e-24,0.0343074096013206,-3.32594425530221,-1.05437160076328,-0.730866108564586,-2.50917625382886,-2.97930710589986,-18.326761741072,-7.230272395866,-43.4436363244134,-56.6473417911978,-6.6681390373621,3.29574511258428,0.885182449039439
0.190791564121163,3.38788160795064,8.12563429467615,1.42680830903264,0.48522926645803,1.33689821284355e-07,0.0114911385375428,2.75353389440247e-18,6.74230370172539e-24,0.0142564545283528,-4.26973380360506,-1.39295523780359,-0.518136277252429,-2.25772007142853,-3.33629385485065,-18.4409035562019,-7.07933917205941,-43.0468066041359,-55.9668006392817,-6.86370559491821,2.61316006945822,0.432009246347582
0.0842298090937421,0.818253312426957,2.58850882324221,0.353801238501694,0.142298778375116,2.417744056946e-08,0.00756737378832631,1.63192894198338e-18,1.8081561919697e-24,0.00630867029596146,-3.86074273246129,-1.58711965674072,-0.435454373330823,-2.42555633600867,-3.33636269809447,-18.9243821857495,-6.27044553464373,-42.3433052980663,-56.0562709235708,-6.4523666935934,1.38653633931617,1.22329614600288
0.0599483315685689,0.582370082613608,1.84230246837184,0.251808643320856,0.101277379583513,1.72076517723586e-08,0.0053858774921477,1.1614821209138e-18,1.28690718986818e-24,0.00449002868139205,-3.86074273246129,-1.58711965674072,-0.435454373330823,-2.42555633600867,-3.33636269809447,-18.9243821857495,-6.27044553464373,-42.3433052980663,-56.0562709235708,-6.4523666935934,1.0464705041829,0.913034839883824
0.0374820362061535,0.5071692259832,0.969262490355171,0.118901198817876,0.136649052965719,2.68864638188417e-08,0.00435201803382712,6.57129390892985e-19,6.58521152726988e-25,0.00483269486087609,-3.85974743877615,-1.25476449551734,-0.607073759389554,-2.7053163362578,-2.56619324049049,-18.0074968242428,-6.01296956912901,-42.4422599552765,-56.2556548110737,-5.90820496819329,0.575853943494119,1.22815936596145
0.0295617347788973,0.399999670884278,0.764448348361314,0.0937762741867776,0.107773842363902,2.12051049783824e-08,0.00343239631276633,5.18271863944455e-19,5.19369533611756e-25,0.0038115016739967,-3.85974743877615,-1.25476449551734,-0.607073759389554,-2.7053163362578,-2.56619324049049,-18.0074968242428,-6.01296956912901,-42.4422599552765,-56.2556548110737,-5.90820496819329,0.338472940853545,0.632342844214485
0.0294019693578364,0.397837885849637,0.760316912463904,0.0932694634044258,0.10719138218579,2.10905026875882e-08,0.00341384604004862,5.15470880741461e-19,5.16562618089232e-25,0.00379090253885206,-3.85974743877615,-1.25476449551734,-0.607073759389554,-2.7053163362578,-2.56619324049049,-18.0074968242428,-6.01296956912901,-42.4422599552765,-56.2556548110737,-5.90820496819329,0.333053816855674,0.563202719673183
0.0209610602582286,0.45972639709711,1.13524739910871,0.126101923533037,0.0938312911813405,3.33710102025987e-08,0.00467868635907948,1.10711299047628e-18,1.27295230842763e-24,0.00485882810680306,-4.47778793700382,-1.38982285640973,-0.48584850107055,-2.68336388313307,-2.9789559849508,-17.8282773728977,-5.97743700199279,-41.9574750573251,-55.6334024779397,-5.93965710146806,0.612699101034306,0.376273940210016
0.0423989039186376,0.929909799373336,2.29631730483662,0.255072180222073,0.189796882903268,6.75010823792854e-08,0.00946379481573108,2.23940853811781e-18,2.57485937987528e-24,0.00982817584223329,-4.47778793700382,-1.38982285640973,-0.48584850107055,-2.68336388313307,-2.9789559849508,-17.8282773728977,-5.97743700199279,-41.9574750573251,-55.6334024779397,-5.93965710146806,1.31715516894992,0.330231284559193
0.0433823395688709,0.951478905262487,2.3495800096027,0.260988537774488,0.194199190597552,6.90667589582957e-08,0.00968330599050446,2.2913512533363e-18,2.63458282257007e-24,0.0100561387753922,-4.47778793700382,-1.38982285640973,-0.48584850107055,-2.68336388313307,-2.9789559849508,-17.8282773728977,-5.97743700199279,-41.9574750573251,-55.6334024779397,-5.93965710146806,1.34008509393642,1.10811855874071
0.0362137409539388,0.794254319631885,1.96132994817457,0.217862185231117,0.162109265006322,5.76540071904876e-08,0.00808321400373425,1.91272304692265e-18,2.1992382339543e-24,0.00839443903274923,-4.47778793700382,-1.38982285640973,-0.48584850107055,-2.68336388313307,-2.9789559849508,-17.8282773728977,-5.97743700199279,-41.9574750573251,-55.6334024779397,-5.93965710146806,1.15947128919244,0.249019669592864
0.039422326874442,0.443248059492545,2.19283226552573,0.23095692260725,0.186038753801472,1.63345442289683e-07,0.0053766821428208,1.01149339507006e-18,2.28295876337904e-24,0.00669955588233198,-4.36629969417257,-1.94650245488136,-0.347682762734409,-2.59840081100657,-2.81467701613677,-16.7602753437269,-6.35856054006186,-42.5679805690619,-55.56944666988,-6.13859078393791,1.13287674293656,0.171483362772559
0.18733536169614,2.10632000010079,10.4203647569964,1.09751001686577,0.884058349571767,7.76219465944117e-07,0.0255500568791519,4.80662852860555e-18,1.08486469364712e-23,0.0318363684725529,-4.36629969417257,-1.94650245488136,-0.347682762734409,-2.59840081100657,-2.81467701613677,-16.7602753437269,-6.35856054006186,-42.5679805690619,-55.56944666988,-6.13859078393791,2.69144480391686,0.321290138023757
0.0850903386791117,0.956719972953488,4.73307526301895,0.498504383760186,0.401551654188886,3.52569726550805e-07,0.011605192812684,2.1832378345479e-18,4.92760701277398e-24,0.0144605233689756,-4.36629969417257,-1.94650245488136,-0.347682762734409,-2.59840081100657,-2.81467701613677,-16.7602753437269,-6.35856054006186,-42.5679805690619,-55.56944666988,-6.13859078393791,1.90225791528974,0.124034988309168
0.161804062435364,1.8192568115248,9.00020868710909,0.947934109633962,0.763573044061137,6.70431155090114e-07,0.0220679265306406,4.15154947525382e-18,9.37012174506185e-24,0.0274974980986431,-4.36629969417257,-1.94650245488136,-0.347682762734409,-2.59840081100657,-2.81467701613677,-16.7602753437269,-6.35856054006186,-42.5679805690619,-55.56944666988,-6.13859078393791,2.54493052725837,0.509541108465362
0.100103572304244,1.12552245618191,5.56817318120931,0.586459877800095,0.472400929094594,4.14776691007931e-07,0.013652798612193,2.56844560523154e-18,5.79702787117019e-24,0.0170119201438649,-4.36629969417257,-1.94650245488136,-0.347682762734409,-2.59840081100657,-2.81467701613677,-16.7602753437269,-6.35856054006186,-42.5679805690619,-55.56944666988,-6.13859078393791,2.06474978822991,0.278664145008757
0.18469871667518,1.43206403226261,8.67438268866023,1.09805333076406,0.403145844245269,7.76330017217002e-07,0.0118748417440116,6.97161626344873e-18,7.86656149048152e-24,0.037805395914031,-4.16068403810937,-2.11253791534415,-0.311280534657766,-2.37811578541891,-3.380111584264,-16.5403428254003,-6.9049879541204,-41.9763392855659,-55.6710758765872,-5.74695813564592,2.47165469815009,0.476116236798819
0.355989571130481,2.76017002095965,16.7190645866181,2.11639550795873,0.777026060491272,1.49630379062583e-06,0.0228876512830752,1.34371409200209e-17,1.51620644781903e-23,0.0728663789338739,-4.16068403810937,-2.11253791534415,-0.311280534657766,-2.37811578541891,-3.380111584264,-16.5403428254003,-6.9049879541204,-41.9763392855659,-55.6710758765872,-5.74695813564592,3.12783019497287,0.347061362551421
0.102668729676187,0.796043403300582,4.82184103604837,0.610376415254224,0.224097234934702,4.31539634448758e-07,0.0066008846131158,3.87532192125034e-18,4.3727963555249e-24,0.0210149374249575,-4.16068403810937,-2.11253791534415,-0.311280534657766,-2.37811578541891,-3.380111584264,-16.5403428254003,-6.9049879541204,-41.9763392855659,-55.6710758765872,-5.74695813564592,1.88443634747939,0.895950126158347
0.223142056898726,1.63914037829081,5.38346404543819,1.73260477390966,0.165509576677784,5.72747596535988e-07,0.013221205729263,3.05633589085474e-18,3.7548443217818e-24,0.0469967803122573,-3.71959348161951,-1.72547485289627,-0.53631475614182,-1.67002087191947,-4.01837301845053,-16.5924675097135,-6.54558004151478,-42.5489616944335,-56.1586422041474,-5.27732298134706,2.21964679773395,0.998861807694949
0.339822657990964,2.49624408734344,8.19846821592169,2.63858085607338,0.252054252126619,8.72236338222565e-07,0.0201345516627671,4.65448871709029e-18,5.71824601558317e-24,0.0715713166074158,-3.71959348161951,-1.72547485289627,-0.53631475614182,-1.67002087191947,-4.01837301845053,-16.5924675097135,-6.54558004151478,-42.5489616944335,-56.1586422041474,-5.27732298134706,2.64026209002581,0.421285988237719
0.177881688013259,1.3066701160391,4.29152480294584,1.38117693332351,0.131938923979562,4.56576006752497e-07,0.0105395209911471,2.436412906454e-18,2.99324141521508e-24,0.0374643253240549,-3.71959348161951,-1.72547485289627,-0.53631475614182,-1.67002087191947,-4.01837301845053,-16.5924675097135,-6.54558004151478,-42.5489616944335,-56.1586422041474,-5.27732298134706,1.99295685785289,0.210663217931504
0.165278419206429,1.21408995841733,3.98746179743469,1.28331782059026,0.122590790714296,4.242266952066e-07,0.00979277511960605,2.26378824155774e-18,2.78116435106624e-24,0.0348099039049686,-3.71959348161951,-1.72547485289627,-0.53631475614182,-1.67002087191947,-4.01837301845053,-16.5924675097135,-6.54558004151478,-42.5489616944335,-56.1586422041474,-5.27732298134706,1.91946964362625,0.0759641463838888
0.641359108096087,4.7112481872568,15.4732538842583,4.97988531575675,0.47571074657433,1.64620194320973e-06,0.0380006388411283,8.78457825586104e-18,1.0792244360957e-23,0.135079032269283,-3.71959348161951,-1.72547485289627,-0.53631475614182,-1.67002087191947,-4.01837301845053,-16.5924675097135,-6.54558004151478,-42.5489616944335,-56.1586422041474,-5.27732298134706,3.27542773372635,0.417903435508322
0.120858757911335,0.887795303654723,2.91580523561853,0.938417722935167,0.0896437100998244,3.10212983048099e-07,0.00716090245262088,1.65538027506929e-18,2.03370815519076e-24,0.0254545134759119,-3.71959348161951,-1.72547485289627,-0.53631475614182,-1.67002087191947,-4.01837301845053,-16.5924675097135,-6.54558004151478,-42.5489616944335,-56.1586422041474,-5.27732298134706,1.60646077643155,0.26968891932984
0.0557276622175886,0.409360129588024,1.34447028970819,0.432701996830837,0.0413344840101646,1.4303840808539e-07,0.00330187369082113,7.63291584366578e-19,9.37737596184547e-25,0.0117370106512209,-3.71959348161951,-1.72547485289627,-0.53631475614182,-1.67002087191947,-4.01837301845053,-16.5924675097135,-6.54558004151478,-42.5489616944335,-56.1586422041474,-5.27732298134706,0.832314854973418,0.361118180001882
0.0192320951297495,0.141273698577628,0.463988250751151,0.14932917755263,0.0142648856418688,4.93637838380006e-08,0.0011395049855195,2.63418485149412e-19,3.23621302938343e-25,0.00405054323832593,-3.71959348161951,-1.72547485289627,-0.53631475614182,-1.67002087191947,-4.01837301845053,-16.5924675097135,-6.54558004151478,-42.5489616944335,-56.1586422041474,-5.27732298134706,-0.231581292591663,0.381658245625305
0.107637706490109,0.795243175378349,2.50761376862691,0.758197717977024,0.0768073932883036,4.0706862711247e-07,0.0048363249404966,4.20350632633551e-18,1.52299696529156e-24,0.070514990301295,-3.69243674620528,-1.69255981574885,-0.544120874466595,-1.74026357132275,-4.02990686231513,-16.1777365343622,-6.79505264211811,-41.4740651429126,-56.3048146361601,-4.11538244900702,1.46345248562806,0.324981363275716
0.550422090734827,6.49857868659985,13.1185302181277,4.09686790250266,0.294336887695926,2.68561908665218e-06,0.0201909429193205,5.08407781503232e-17,5.05673067174322e-24,0.659444229724711,-3.82543545732192,-1.35678211054505,-0.654339848753038,-1.81814284438518,-4.45139589107835,-16.0559648842075,-7.13088674538993,-40.7461985217571,-56.8696876696182,-3.6447234748179,3.22836559993625,0.595521380075129
0.229703699207789,6.81380224870895,10.4562387618643,4.49986821278755,0.433442312207566,4.29588285175976e-06,0.0109863626716652,4.68751259859602e-17,2.6138595567489e-24,0.673628028907968,-4.61156249474179,-1.22164713234783,-0.793398618867505,-1.63654931954283,-3.97659399595214,-15.498450900116,-7.65169796228278,-40.7396419317484,-57.4418117752755,-3.53567463615118,3.14059742984305,0.254405624168456
0.651204845154642,19.3169768427239,29.6432028186898,12.7570256501348,1.22879925215861,1.2178731717995e-05,0.0311460922357312,1.32889932833335e-16,7.41023333006441e-24,1.90972038225654,-4.61156249474179,-1.22164713234783,-0.793398618867505,-1.63654931954283,-3.97659399595214,-15.498450900116,-7.65169796228278,-40.7396419317484,-57.4418117752755,-3.53567463615118,4.18263147076834,1.2229682156625
0.671200164852851,19.9101068392942,30.5534007719894,13.1487315905476,1.26652967458199,1.25526810766829e-05,0.0321024365815038,1.36970333511319e-16,7.63776539708668e-24,1.96835856632646,-4.61156249474179,-1.22164713234783,-0.793398618867505,-1.63654931954283,-3.97659399595214,-15.498450900116,-7.65169796228278,-40.7396419317484,-57.4418117752755,-3.53567463615118,4.21287461652175,1.55701341557836
0.503265682443999,11.3609461981697,21.0594586437029,4.47751522191531,0.501575404080124,4.92893633567798e-06,0.00360451791661653,1.1263039567033e-16,3.04979113058136e-24,1.09386166374381,-4.35020465413477,-1.23338589960302,-0.616217800571604,-2.1644993469268,-4.35356892731349,-15.8839549481198,-9.28913484502718,-40.3859876523491,-57.8105367268792,-3.57385335547547,3.66356760151983,0.420186180207856
0.053910706571965,0.43361836890706,0.772152332381574,0.315430684730944,0.0526309694157008,1.25486965360384e-07,0.000110361718212048,4.48818929613046e-18,9.49327575066017e-26,0.0222284670914449,-3.42125117662222,-1.33641545956645,-0.759398420212917,-1.65464131440981,-3.44527555386316,-16.3918889389668,-9.61257223310844,-40.4459073218077,-58.1174536791065,-4.30720650366175,0.500824993527973,0.616854847775136
0.055392453689982,0.445536461050586,0.793375101770604,0.324100363497077,0.0540775426886007,1.28936001017582e-07,0.000113395033267598,4.61154812367206e-18,9.75420043294577e-26,0.0228394211884148,-3.42125117662222,-1.33641545956645,-0.759398420212917,-1.65464131440981,-3.44527555386316,-16.3918889389668,-9.61257223310844,-40.4459073218077,-58.1174536791065,-4.30720650366175,0.527939267132943,0.931727203246001
0.0516226089191674,0.415214581696782,0.739380364591353,0.302043061840307,0.0503971868288639,1.20161002316021e-07,0.000105677706362516,4.29769994722758e-18,9.09035871722357e-26,0.0212850384738042,-3.42125117662222,-1.33641545956645,-0.759398420212917,-1.65464131440981,-3.44527555386316,-16.3918889389668,-9.61257223310844,-40.4459073218077,-58.1174536791065,-4.30720650366175,0.457455631512904,0.652454537743121
0.0544716745543961,0.239800582659049,0.457042085888017,0.158819648101007,0.0727098005155187,9.87972370438525e-08,7.52412133134682e-05,2.80941032417395e-18,5.77365891889851e-26,0.0245350626009843,-2.9175009944876,-1.43537415574064,-0.790406349789242,-1.8474125583469,-2.62870564500696,-16.1376227468466,-9.50223797687128,-40.4209836107368,-58.1213329593606,-3.71507860706612,0.00742654911981377,0.748661492561432
0.0340756768505158,0.150011308264355,0.285910403034395,0.0993523156846994,0.0454848448574514,6.18042817807669e-08,4.70684129262473e-05,1.75747412081953e-18,3.6118099392927e-26,0.0153483231704843,-2.9175009944876,-1.43537415574064,-0.790406349789242,-1.8474125583469,-2.62870564500696,-16.1376227468466,-9.50223797687128,-40.4209836107368,-58.1213329593606,-3.71507860706612,-0.461670443557767,0.705493645085657
0.0448765010110246,0.197559762540375,0.376534222551804,0.130843601869776,0.0599019850782748,8.13941253753337e-08,6.1987490066249e-05,2.31453331083614e-18,4.75663016477525e-26,0.0202132166970396,-2.9175009944876,-1.43537415574064,-0.790406349789242,-1.8474125583469,-2.62870564500696,-16.1376227468466,-9.50223797687128,-40.4209836107368,-58.1213329593606,-3.71507860706612,-0.186339989531853,0.352007508709377
0.109387476457655,0.481556346573373,0.917810601917661,0.318934210482428,0.146012430445655,1.98400003848305e-07,0.000151095895569603,5.6417267912075e-18,1.15943925761793e-25,0.0492701684794392,-2.9175009944876,-1.43537415574064,-0.790406349789242,-1.8474125583469,-2.62870564500696,-16.1376227468466,-9.50223797687128,-40.4209836107368,-58.1213329593606,-3.71507860706612,0.704642124147689,0.546666290724937
0.138754480106845,0.610838668874547,1.16421309851621,0.404557742776955,0.185212051065704,2.51663995538139e-07,0.000191660262353289,7.15634817777232e-18,1.47071124242014e-25,0.0624976170356,-2.9175009944876,-1.43537415574064,-0.790406349789242,-1.8474125583469,-2.62870564500696,-16.1376227468466,-9.50223797687128,-40.4209836107368,-58.1213329593606,-3.71507860706612,0.942451756669067,1.18616399354052
0.160217488857166,0.705325244623259,1.34429748859464,0.467136092438498,0.213861272839495,2.90592227147068e-07,0.000221306915094229,8.26331613615174e-18,1.69820579424255e-25,0.0721649582290256,-2.9175009944876,-1.43537415574064,-0.790406349789242,-1.8474125583469,-2.62870564500696,-16.1376227468466,-9.50223797687128,-40.4209836107368,-58.1213329593606,-3.71507860706612,1.08627791307739,0.342059628661873
0.423691979227779,1.86521865387719,3.55496811038754,1.2353321537229,0.565551904575897,7.68465395047557e-07,0.000585241758199448,2.1852176024505e-17,4.49087162226189e-25,0.190838804184506,-2.9175009944876,-1.43537415574064,-0.790406349789242,-1.8474125583469,-2.62870564500696,-16.1376227468466,-9.50223797687128,-40.4209836107368,-58.1213329593606,-3.71507860706612,2.05875244264909,2.59569084156007
0.392417718656926,1.72754001688885,3.29256286210324,1.14414775193768,0.523806442076735,7.11742142820305e-07,0.000542042915313083,2.02391866819263e-17,4.15938389959873e-25,0.176752291383451,-2.9175009944876,-1.43537415574064,-0.790406349789242,-1.8474125583469,-2.62870564500696,-16.1376227468466,-9.50223797687128,-40.4209836107368,-58.1213329593606,-3.71507860706612,1.98207259675655,3.00029006735201
0.10599485194621,0.466621000060836,0.889344941626686,0.309042547788846,0.141483892384925,1.92246678642131e-07,0.000146409695142567,5.46675008255163e-18,1.12347954657688e-25,0.0477420668477034,-2.9175009944876,-1.43537415574064,-0.790406349789242,-1.8474125583469,-2.62870564500696,-16.1376227468466,-9.50223797687128,-40.4209836107368,-58.1213329593606,-3.71507860706612,0.673136241892942,2.10268875837003
0.0890424077623576,0.391991276887498,0.747106236573646,0.259615368585043,0.118855455771921,1.6149942036146e-07,0.000122993442944406,4.59241728298742e-18,9.43794175491976e-26,0.040106368428424,-2.9175009944876,-1.43537415574064,-0.790406349789242,-1.8474125583469,-2.62870564500696,-16.1376227468466,-9.50223797687128,-40.4209836107368,-58.1213329593606,-3.71507860706612,0.498858463463356,1.1843603094112
0.154999393895805,0.682353631902691,1.3005153022563,0.451922019944852,0.206896062997586,2.81127980471485e-07,0.000214099209451078,7.99418965937476e-18,1.64289723110441e-25,0.0698146305113233,-2.9175009944876,-1.43537415574064,-0.790406349789242,-1.8474125583469,-2.62870564500696,-16.1376227468466,-9.50223797687128,-40.4209836107368,-58.1213329593606,-3.71507860706612,1.05316692206742,0.606341578448657
0.0268138871553734,0.118042740852247,0.224980689808236,0.0781795705212599,0.0357916734167206,4.86333123963553e-08,3.70377709098333e-05,1.38294282343596e-18,2.84210536928437e-26,0.0120774770615111,-2.9175009944876,-1.43537415574064,-0.790406349789242,-1.8474125583469,-2.62870564500696,-16.1376227468466,-9.50223797687128,-40.4209836107368,-58.1213329593606,-3.71507860706612,-0.701334353745991,0.193082864104026
0.0173412512741326,0.0763413681255808,0.145500973103427,0.0505607996728388,0.023147423521422,3.14524516968283e-08,2.39533077863524e-05,8.94385765853259e-19,1.83806484567998e-26,0.00781082441600663,-2.9175009944876,-1.43537415574064,-0.790406349789242,-1.8474125583469,-2.62870564500696,-16.1376227468466,-9.50223797687128,-40.4209836107368,-58.1213329593606,-3.71507860706612,-1.13716615460765,0.269212201977808
0.014147093032802,0.0622797294180834,0.118700534945127,0.0412477926463984,0.0188838019154765,2.56590919092715e-08,1.95412469573258e-05,7.29645077896649e-19,1.49950392627928e-26,0.0063721157100674,-2.9175009944876,-1.43537415574064,-0.790406349789242,-1.8474125583469,-2.62870564500696,-16.1376227468466,-9.50223797687128,-40.4209836107368,-58.1213329593606,-3.71507860706612,-1.3407451208888,0.771679366274245
0.0271323431909201,0.119444679446941,0.227652680561973,0.0791080728284666,0.0362167544337258,4.92109075720008e-08,3.7477651245761e-05,1.39936739054133e-18,2.87585972960012e-26,0.0122209156253466,-2.9175009944876,-1.43537415574064,-0.790406349789242,-1.8474125583469,-2.62870564500696,-16.1376227468466,-9.50223797687128,-40.4209836107368,-58.1213329593606,-3.71507860706612,-0.689527792555126,0.351150391799794
0.0218307859413519,0.150200931890748,0.319656584640825,0.0554082317015503,0.0183142943325651,5.49705265784574e-08,4.96983433175785e-05,2.11447343729179e-18,1.41057508422892e-26,0.00524104318351573,-3.26354535220252,-1.3348925812834,-0.579619278392842,-2.33213835554081,-3.43918465891871,-16.1555799216854,-9.34865020501219,-40.1368371041558,-58.9623261813972,-4.69034596558412,-0.560888754055409,0.662087068518555
0.0251678538680816,0.173160742578465,0.368519494983979,0.0638779695014072,0.0211138290988387,6.33733564927456e-08,5.72952639205397e-05,2.437693201732e-18,1.62619649540807e-26,0.00604219240266439,-3.26354535220252,-1.3348925812834,-0.579619278392842,-2.33213835554081,-3.43918465891871,-16.1555799216854,-9.34865020501219,-40.1368371041558,-58.9623261813972,-4.69034596558412,-0.418642386739227,0.721135426100281
0.107675265563539,1.05272997829046,1.22982437238508,0.198387256472856,0.11049960110415,2.83950085285197e-07,0.000160716296923248,2.80823201641273e-17,4.33166971217043e-26,0.0485266359525196,-3.23943746895581,-0.959415317859757,-0.803930714743782,-2.62833640493624,-3.21354545520237,-16.0852694575245,-9.74667196552459,-39.1221935584753,-59.4120614225954,-4.03644452414804,1.01080208725432,0.802483616677093
0.136793013513857,1.33741120017719,1.562395793601,0.25203551171791,0.140381111186544,3.60736401720393e-07,0.000204177500393029,3.56763940316923e-17,5.50304798760711e-26,0.0616493001702226,-3.23943746895581,-0.959415317859757,-0.803930714743782,-2.62833640493624,-3.21354545520237,-16.0852694575245,-9.74667196552459,-39.1221935584753,-59.4120614225954,-4.03644452414804,1.25015112305282,0.627148980258689
0.239724877494585,2.34376542987617,2.73804290583241,0.441683245502451,0.246012890697366,6.32177678441878e-07,0.000357813787499543,6.25216081509135e-17,9.64389533345797e-26,0.108038199841517,-3.23943746895581,-0.959415317859757,-0.803930714743782,-2.62833640493624,-3.21354545520237,-16.0852694575245,-9.74667196552459,-39.1221935584753,-59.4120614225954,-4.03644452414804,1.8111741119885,1.16584141089134
0.268492821260444,2.62502665228962,3.06661900175835,0.49468700089794,0.275535421188254,7.0804152742375e-07,0.00040075287260834,7.00244511025263e-17,1.0801201331635e-25,0.121003215780156,-3.23943746895581,-0.959415317859757,-0.803930714743782,-2.62833640493624,-3.21354545520237,-16.0852694575245,-9.74667196552459,-39.1221935584753,-59.4120614225954,-4.03644452414804,1.92450636710499,1.88749235990982
0.424847085373665,4.15368618430075,4.85243567679877,0.782763313808914,0.435990876998099,1.12036283814719e-06,0.000634127531170088,1.1080253027302e-16,1.70911791337169e-25,0.191468298123223,-3.23943746895581,-0.959415317859757,-0.803930714743782,-2.62833640493624,-3.21354545520237,-16.0852694575245,-9.74667196552459,-39.1221935584753,-59.4120614225954,-4.03644452414804,2.38341149503406,0.685934329571206
0.401181340785972,3.11705913976455,3.53017292648539,0.407228814714685,0.309381847775695,1.53069159512906e-06,0.000293862920950186,1.36518220954535e-16,1.36884210494124e-25,0.260301673578065,-2.99598079872023,-0.945749092333278,-0.821292208816518,-2.98101911943241,-3.25581807791446,-15.4724299679661,-10.2150362208626,-38.6127126475648,-59.3333011874859,-3.42855310381692,2.08263906623478,0.316228536644557
0.149696762692016,1.16309911479968,1.31724834909456,0.151953316468468,0.115442709665811,5.71162098470934e-07,0.000109651978966119,5.09403943995239e-17,5.10769596972725e-26,0.0971289387029058,-2.99598079872023,-0.945749092333278,-0.821292208816518,-2.98101911943241,-3.25581807791446,-15.4724299679661,-10.2150362208626,-38.6127126475648,-59.3333011874859,-3.42855310381692,1.09683718562602,1.39664636665326
0.151566318229733,1.23920741260893,1.8127834230547,0.132998999707645,0.182536012084988,2.1313168887036e-07,0.000139869391618687,8.02778229288815e-17,1.00370535257814e-25,0.117688157063381,-3.17786928676926,-1.07666528917292,-0.696273814182701,-3.30855095282901,-2.99194507997801,-16.6524928857174,-10.1659387688475,-38.3521755498519,-58.8520661012263,-3.43085417050601,1.29113728104519,0.516432761751023
0.0653868476087472,0.534603381478691,0.782048378659424,0.0573767669992372,0.0787474060511168,9.19466107215062e-08,6.03407056509552e-05,3.46324555186236e-17,4.33006024687064e-26,0.0507715545322787,-3.17786928676926,-1.07666528917292,-0.696273814182701,-3.30855095282901,-2.99194507997801,-16.6524928857174,-10.1659387688475,-38.3521755498519,-58.8520661012263,-3.43085417050601,0.450435139125678,0.585168662169762
0.19306664886936,1.57851444305615,2.30914113836698,0.169415418124835,0.232516145822115,2.71489216197081e-07,0.000178166990097927,1.02258670873794e-16,1.2785296307111e-25,0.149912317995334,-3.17786928676926,-1.07666528917292,-0.696273814182701,-3.30855095282901,-2.99194507997801,-16.6524928857174,-10.1659387688475,-38.3521755498519,-58.8520661012263,-3.43085417050601,1.53314946800833,0.333010694115866
0.189435799586368,1.54882859069725,2.26571497700941,0.166229358528169,0.228143401558482,2.66383536724516e-07,0.000174816346721465,1.00335574243712e-16,1.25448535159745e-25,0.147093037526685,-3.17786928676926,-1.07666528917292,-0.696273814182701,-3.30855095282901,-2.99194507997801,-16.6524928857174,-10.1659387688475,-38.3521755498519,-58.8520661012263,-3.43085417050601,1.51416418644538,0.136386525526227
0.139500933960179,1.13765540379383,4.14104808296216,0.305772192208264,0.262356828602214,3.40665438046566e-07,0.000306294750827295,1.13679646241234e-16,1.04120324032676e-25,0.210711975142689,-3.79380609513762,-1.69515263121821,-0.40317319651615,-3.00903703664227,-3.16217187304149,-16.7164870738238,-9.91508479407977,-38.5372694144405,-59.3483724310593,-3.38138523719772,1.82412211244954,0.490063895543844
0.0074053758672932,0.0603921825710169,0.219826610964643,0.016231848409809,0.013927153546549,1.80841485581094e-08,1.62595883171829e-05,6.03465858599605e-18,5.52720410536054e-27,0.0111855980556859,-3.79380609513762,-1.69515263121821,-0.40317319651615,-3.00903703664227,-3.16217187304149,-16.7164870738238,-9.91508479407977,-38.5372694144405,-59.3483724310593,-3.38138523719772,-1.11174297883181,0.835108797205641
0.0224283548262814,0.132846833784596,0.240025074039093,0.0226535487725636,0.0267620231919656,1.63888901873545e-08,3.63800674661136e-05,2.53348147902716e-17,7.31265057610182e-27,0.0523645607281542,-3.09849899322993,-1.31962815313772,-0.728081599001615,-3.08850847369275,-2.92184115456631,-17.2277318723416,-9.52255924345962,-37.5154218584883,-59.4812614199568,-2.25059495151302,-0.698930286932795,1.2467833112061
0.583196945798642,1.53088644378056,5.91201946771429,0.659311812621104,0.25159576950443,1.74055183639136e-07,0.00021211880746574,3.42929691428386e-16,6.05921766960397e-26,0.632932036930118,-2.7978797129377,-1.83280243501411,-0.481661901109907,-2.67520807377536,-3.63858094633305,-17.8225428183266,-10.717013405356,-37.8676556066623,-60.3242811011884,-2.71604160688678,2.25864937766552,1.2007810908233
0.0552234277266511,0.468449493323713,1.50710311170445,0.381531644344153,0.172106299289681,4.39012018998824e-08,4.59823937321636e-05,1.12199873406702e-16,1.26787055877639e-26,0.296465039082365,-3.95447943803331,-1.81643842582055,-0.647922098495288,-2.02167292216409,-2.81775441157119,-17.999435576744,-11.0453634173271,-37.7843612467208,-60.6879850876583,-2.27393741716241,1.05811143763339,2.09067008986369
0.116181000265648,1.05672480607006,2.38578116327455,0.699755602611194,0.319484466781092,4.73063452262214e-08,0.000103394526965882,1.75351760772404e-16,2.18192933404589e-26,0.481189351702985,-3.77381824495403,-1.56603796889433,-0.751685685634407,-1.97823643214804,-2.76225891173917,-18.4878336900189,-10.7981708161075,-37.9009499440026,-60.7082152049414,-2.35270671187618,1.62121228811919,1.90731898235741
0.0854226881024768,0.776962440611414,1.75415807855998,0.51449896672555,0.234902625188507,3.4782237752195e-08,7.60213667322086e-05,1.28928299243694e-16,1.60427495492098e-26,0.353796987586366,-3.77381824495403,-1.56603796889433,-0.751685685634407,-1.97823643214804,-2.76225891173917,-18.4878336900189,-10.7981708161075,-37.9009499440026,-60.7082152049414,-2.35270671187618,1.31367470013002,1.20304389241943
0.0635749173260733,0.578245944076099,1.30551329276281,0.382910325119804,0.174823753592506,2.58863065378941e-08,5.65780849604888e-05,9.5953500732453e-17,1.19396438923858e-26,0.263309604692303,-3.77381824495403,-1.56603796889433,-0.751685685634407,-1.97823643214804,-2.76225891173917,-18.4878336900189,-10.7981708161075,-37.9009499440026,-60.7082152049414,-2.35270671187618,1.01828197686356,1.9406068442092
0.238352623714674,2.16793735202203,4.89457999651664,1.43559259655243,0.655442462358215,9.70519403107252e-08,0.000212120370144053,3.59745157620651e-16,4.47636515730378e-26,0.987190196501358,-3.77381824495403,-1.56603796889433,-0.751685685634407,-1.97823643214804,-2.76225891173917,-18.4878336900189,-10.7981708161075,-37.9009499440026,-60.7082152049414,-2.35270671187618,2.3398141553854,1.8696089771971
0.309570159925325,2.815696770248,6.35703475243798,1.8645342466813,0.851282544038511,1.26050152982665e-07,0.000275499954166734,4.67233648370911e-16,5.81386122810014e-26,1.28215340047387,-3.77381824495403,-1.56603796889433,-0.751685685634407,-1.97823643214804,-2.76225891173917,-18.4878336900189,-10.7981708161075,-37.9009499440026,-60.7082152049414,-2.35270671187618,2.60124772037222,1.80578170102148
0.0270274478976667,0.429500248547712,0.67761192205098,0.20557741489431,0.0747140447393402,6.42668234306564e-09,2.31492348725605e-05,4.9712861017309e-17,1.19241413721071e-26,0.17428743793323,-4.07384464202956,-1.30807526034492,-0.852122842750595,-2.04487490264866,-3.05702949074157,-19.3257496986392,-11.1364911303173,-38.0032103027599,-60.1541747804739,-2.20999170205598,0.46294230147776,0.866125323272308
0.0417943680555132,0.66416524178323,1.0478370794102,0.317898240874436,0.115535373394306,9.93801295035115e-09,3.57972253292491e-05,7.68743544827761e-17,1.84391051326323e-26,0.269512436246808,-4.07384464202956,-1.30807526034492,-0.852122842750595,-2.04487490264866,-3.05702949074157,-19.3257496986392,-11.1364911303173,-38.0032103027599,-60.1541747804739,-2.20999170205598,0.898850957986452,0.870375075523309
0.00842737275162275,0.133921586127215,0.211284775006823,0.0641006694819644,0.0232964321005756,2.00389055845565e-09,7.21811515184803e-06,1.55008645998961e-17,3.71804191303122e-27,0.0543442063397871,-4.07384464202956,-1.30807526034492,-0.852122842750595,-2.04487490264866,-3.05702949074157,-19.3257496986392,-11.1364911303173,-38.0032103027599,-60.1541747804739,-2.20999170205598,-0.702425568124977,1.77810889542064
0.00673973782214335,0.363297479496708,0.354731452090782,0.259700796555122,0.0715528391668897,3.40221039007279e-09,3.06713861685568e-05,9.79702941872643e-17,1.31206812427725e-26,0.139144466881365,-5.17804565279007,-1.19084467676435,-1.21470564794429,-1.52653649228928,-2.81563049207177,-19.6771519010138,-10.5704917838073,-37.0401787608945,-59.7739192038633,-2.15055395468304,0.178311399183785,1.51507772126126
0.515486626682433,27.7866880181449,27.1315182343823,19.8631298569366,5.47269532807445,2.60216940706576e-07,0.00234589086533272,7.49322567114601e-15,1.00353098178252e-24,10.6424187033718,-5.17804565279007,-1.19084467676435,-1.21470564794429,-1.52653649228928,-2.81563049207177,-19.6771519010138,-10.5704917838073,-37.0401787608945,-59.7739192038633,-2.15055395468304,4.51540173450833,0.61477075178167
0.0192896086063285,1.03978320404881,1.01526662486845,0.74328213537347,0.204789310596942,9.7373679144121e-09,8.77836868759481e-05,2.80397944221248e-16,3.75523221378053e-26,0.39824135251365,-5.17804565279007,-1.19084467676435,-1.21470564794429,-1.52653649228928,-2.81563049207177,-19.6771519010138,-10.5704917838073,-37.0401787608945,-59.7739192038633,-2.15055395468304,1.22985691054194,0.813936934776543
0.0383043355778579,2.06474924343665,2.01606545231829,1.47597231874531,0.406660323490955,1.93359759573525e-08,0.00017431643476969,5.56800149240378e-16,7.45695145116839e-26,0.790807668469657,-5.17804565279007,-1.19084467676435,-1.21470564794429,-1.52653649228928,-2.81563049207177,-19.6771519010138,-10.5704917838073,-37.0401787608945,-59.7739192038633,-2.15055395468304,1.91585346405411,2.52950603051913
0.0277809828455712,0.981070385661025,1.23016380318783,0.953884135570217,0.158888309518289,1.23227021865874e-08,5.99122933504726e-05,1.32651203826226e-16,5.70028209092621e-26,0.580820181656437,-4.95272156820327,-1.38842907863235,-1.1621706716907,-1.41653107162558,-3.20887178499112,-19.5811405750959,-11.091946848205,-37.9281265236748,-59.4960147601248,-1.91263207357587,1.36931800553168,2.18931514593745
0.02772268694412,0.979011697426806,1.2275824147525,0.951882495244092,0.158554896647876,1.22968441009942e-08,5.97865727750599e-05,1.32372847169494e-16,5.68832056008827e-26,0.579601382585902,-4.95272156820327,-1.38842907863235,-1.1621706716907,-1.41653107162558,-3.20887178499112,-19.5811405750959,-11.091946848205,-37.9281265236748,-59.4960147601248,-1.91263207357587,1.36721739045133,2.93489706464957
0.0104326990119674,0.368425123763682,0.461968129976427,0.358215767023566,0.0596679361179941,4.62759160255101e-09,2.24990932508287e-05,4.98150152133579e-17,2.14064879088403e-26,0.218117629926252,-4.95272156820327,-1.38842907863235,-1.1621706716907,-1.41653107162558,-3.20887178499112,-19.5811405750959,-11.091946848205,-37.9281265236748,-59.4960147601248,-1.91263207357587,0.389911298675874,2.72142514266893
0.0127689570625919,0.45092881340889,0.565419476703801,0.438433213018072,0.0730297417216932,5.66387647227269e-09,2.75374527087891e-05,6.09703960214008e-17,2.62001735749614e-26,0.266962043851527,-4.95272156820327,-1.38842907863235,-1.1621706716907,-1.41653107162558,-3.20887178499112,-19.5811405750959,-11.091946848205,-37.9281265236748,-59.4960147601248,-1.91263207357587,0.591983285029148,2.22378080087682
0.00899432302686944,0.317629653701664,0.39827570836276,0.308827880324342,0.0514414046812074,3.98957677797732e-09,1.93971006234799e-05,4.2946924655201e-17,1.8455134850725e-26,0.188045338906208,-4.95272156820327,-1.38842907863235,-1.1621706716907,-1.41653107162558,-3.20887178499112,-19.5811405750959,-11.091946848205,-37.9281265236748,-59.4960147601248,-1.91263207357587,0.24155989274295,3.09858102794758
0.00565449150930523,0.199685309788651,0.250385338015105,0.19415186911944,0.0323398420456623,2.50814074048728e-09,1.21944409215622e-05,2.6999588528024e-17,1.16022521099989e-26,0.118219099873675,-4.95272156820327,-1.38842907863235,-1.1621706716907,-1.41653107162558,-3.20887178499112,-19.5811405750959,-11.091946848205,-37.9281265236748,-59.4960147601248,-1.91263207357587,-0.222583524032639,1.46307102565162
0.00625432309459609,0.220868037843457,0.276946353092771,0.214747606728994,0.0357704703683653,2.77420569681859e-09,1.34880339559986e-05,2.98637198053128e-17,1.28330254279236e-26,0.130759847343575,-4.95272156820327,-1.38842907863235,-1.1621706716907,-1.41653107162558,-3.20887178499112,-19.5811405750959,-11.091946848205,-37.9281265236748,-59.4960147601248,-1.91263207357587,-0.12176079100601,1.82887889634244
0.0353188909305098,1.24726753329531,1.56394831071927,1.21270474597046,0.202000012209941,1.56662626702791e-08,7.61684986454462e-05,1.68643903845404e-16,7.24695892012539e-26,0.738416087011584,-4.95272156820327,-1.38842907863235,-1.1621706716907,-1.41653107162558,-3.20887178499112,-19.5811405750959,-11.091946848205,-37.9281265236748,-59.4960147601248,-1.91263207357587,1.60938426385544,2.30245607632719
0.0463563021086567,1.63704774018854,2.05269357173949,1.59168382958046,0.265126490250785,2.05620840893868e-08,9.99717103608423e-05,2.21346354584638e-16,9.51168647201651e-26,0.96917650326986,-4.95272156820327,-1.38842907863235,-1.1621706716907,-1.41653107162558,-3.20887178499112,-19.5811405750959,-11.091946848205,-37.9281265236748,-59.4960147601248,-1.91263207357587,1.88132353981451,3.45674799080628
0.027722238513157,0.978995861329855,1.22756255787624,0.951867097978135,0.158552331928045,1.22966451922214e-08,5.97856056916581e-05,1.32370705959897e-16,5.68822854811729e-26,0.579592007188538,-4.95272156820327,-1.38842907863235,-1.1621706716907,-1.41653107162558,-3.20887178499112,-19.5811405750959,-11.091946848205,-37.9281265236748,-59.4960147601248,-1.91263207357587,1.36720121472526,1.40731952447646
0.00651452980485824,0.230057097100558,0.288468511185249,0.223682029757427,0.0372586756110916,2.8896245722175e-09,1.40491941152214e-05,3.11061788483139e-17,1.33669344183619e-26,0.136200018757336,-4.95272156820327,-1.38842907863235,-1.1621706716907,-1.41653107162558,-3.20887178499112,-19.5811405750959,-11.091946848205,-37.9281265236748,-59.4960147601248,-1.91263207357587,-0.0809986739717993,1.323905155298
0.0579017930485141,2.04477050910481,2.5639370048173,1.98810827237714,0.331158838645007,2.56832724663664e-08,0.000124870643703448,2.76474831516151e-16,1.18806651219533e-25,1.21055940114202,-4.95272156820327,-1.38842907863235,-1.1621706716907,-1.41653107162558,-3.20887178499112,-19.5811405750959,-11.091946848205,-37.9281265236748,-59.4960147601248,-1.91263207357587,2.10371464134328,1.34375270744714
0.130575334422214,4.61119732197816,5.78197866102353,4.48341733244265,0.746802021600843,5.79187917124217e-08,0.000281597947190227,6.23483171830263e-16,2.67922932914631e-25,2.72995343183299,-4.95272156820327,-1.38842907863235,-1.1621706716907,-1.41653107162558,-3.20887178499112,-19.5811405750959,-11.091946848205,-37.9281265236748,-59.4960147601248,-1.91263207357587,2.91691662469062,1.70856282177347
0.0913378751897392,4.11710838769619,4.54523579097253,2.42512898844736,0.564674506425448,2.55892407620436e-08,0.000117669536027471,2.79426683770597e-16,1.40468949079699e-25,1.7457748116402,-4.99509229918622,-1.18675149573792,-1.0878229595568,-1.71601785095527,-3.17340837370673,-20.0829964215795,-11.6495329695363,-38.4156942928408,-59.8267136145241,-2.04470408980301,2.60190256504244,1.11824780794079
0.0223932413388965,1.00938850999714,1.11435219834052,0.594567134427454,0.138440843670161,6.27369580114717e-09,2.8848955737424e-05,6.85068396128556e-17,3.44386714802429e-26,0.428010358235454,-4.99509229918622,-1.18675149573792,-1.0878229595568,-1.71601785095527,-3.17340837370673,-20.0829964215795,-11.6495329695363,-38.4156942928408,-59.8267136145241,-2.04470408980301,1.19609620759452,1.78050044781379
0.0232100144929433,1.04620503979254,1.15499718340468,0.616253431034965,0.143490347796076,6.50252316157634e-09,2.99011952150419e-05,7.1005564411895e-17,3.56947907664332e-26,0.443621647595939,-4.99509229918622,-1.18675149573792,-1.0878229595568,-1.71601785095527,-3.17340837370673,-20.0829964215795,-11.6495329695363,-38.4156942928408,-59.8267136145241,-2.04470408980301,1.23192086491692,0.998052919698158
0.209785240389883,9.45619296518381,10.4395179005105,5.57004711091699,1.29694693276387,5.87734826708885e-08,0.000270263916812269,6.41788457465101e-16,3.22629710717306e-25,4.00970339813296,-4.99509229918622,-1.18675149573792,-1.0878229595568,-1.71601785095527,-3.17340837370673,-20.0829964215795,-11.6495329695363,-38.4156942928408,-59.8267136145241,-2.04470408980301,3.43342136283302,0.454838556235147
0.0217530078474709,1.41348256179641,2.11896706654608,0.513592238226343,0.171602118287208,3.826350634513e-09,1.41461030412189e-05,7.2901982724556e-17,5.12053046135528e-26,0.426455343611061,-5.36827679818266,-1.19421699783289,-0.789344821825339,-2.20659919821976,-3.30285030668494,-20.9216278839448,-12.7063449342645,-38.6976893963919,-59.7742279374385,-2.39252118085551,1.54027355901153,0.407641696026426
0.0984830473205033,6.39930215610557,9.5932633936648,2.32520160224963,0.776899436348181,1.73231524231438e-08,6.40440781788737e-05,3.3005134116456e-16,2.31823317155821e-25,1.93070411592815,-5.36827679818266,-1.19421699783289,-0.789344821825339,-2.20659919821976,-3.30285030668494,-20.9216278839448,-12.7063449342645,-38.6976893963919,-59.7742279374385,-2.39252118085551,3.05040594414493,0.413546595056082
0.120513175614287,5.3446512951297,13.3001680650598,2.71823463871827,0.345441768954874,5.09443933722124e-08,8.10299769445554e-05,1.54694663489493e-16,1.59330522741258e-25,1.52784928597466,-5.26689031753475,-1.47479782380647,-0.563117455084886,-2.15091148698957,-4.2138253180577,-19.9434252517984,-12.5715855127248,-39.5559725394784,-60.2497108335741,-2.72703307565716,3.15089412670341,0.219667040265734
0.0614632198216412,2.72583869562916,6.7832512858505,1.38633350481998,0.176179602542421,2.59822748222829e-08,4.13262969770694e-05,7.88962041604548e-17,8.12605500902754e-26,0.779222155913923,-5.26689031753475,-1.47479782380647,-0.563117455084886,-2.15091148698957,-4.2138253180577,-19.9434252517984,-12.5715855127248,-39.5559725394784,-60.2497108335741,-2.72703307565716,2.47757398278022,1.15253205822517
0.0016423100439611,0.107606453705418,0.262253281801452,0.0925641314747817,0.0165813048615811,2.40679997256423e-09,2.92743162484334e-06,1.79199512870297e-18,7.37992688880543e-27,0.0526871234985695,-5.7830506839419,-1.60067387347016,-0.70984373685709,-1.75125278054541,-3.47087865052394,-19.2163670030736,-12.1127843169986,-40.2346012967934,-59.5424329980338,-2.31478340827216,-0.628600780908057,0.770998400160867
0.00210379740330147,0.163279550720063,0.289384586156376,0.0796896696822699,0.0238873740549577,3.51531985664095e-09,4.99962240964345e-06,2.72094277769014e-18,1.88343275123248e-26,0.146276498492998,-5.81392384727492,-1.46220407940173,-0.889911294909487,-2.17952788394013,-3.38431780917966,-19.1160478855274,-11.8560607337785,-40.0954658115206,-58.8840289418086,-1.57216919033094,-0.350087432674574,1.27339676620296
0.00392670664150167,0.304758859017377,0.540132036775605,0.14873958619275,0.0445854292825153,6.56129235943193e-09,9.33172105362383e-06,5.07859932688148e-18,3.51539928772628e-26,0.273022914291407,-5.81392384727492,-1.46220407940173,-0.889911294909487,-2.17952788394013,-3.38431780917966,-19.1160478855274,-11.8560607337785,-40.0954658115206,-58.8840289418086,-1.57216919033094,0.273969638144766,0.963342732741456
0.00105957906938637,0.0822358626977523,0.145748754140083,0.0401357592271667,0.0120308930562974,1.77049336426112e-09,2.51806340847265e-06,1.37040477933576e-18,9.48592254497024e-27,0.0736722632621751,-5.81392384727492,-1.46220407940173,-0.889911294909487,-2.17952788394013,-3.38431780917966,-19.1160478855274,-11.8560607337785,-40.0954658115206,-58.8840289418086,-1.57216919033094,-1.03595970680254,0.485466539339852
0.00122849147356632,0.0953454622353636,0.168983237699948,0.0465339863916337,0.0139487934086967,2.05273590696743e-09,2.91947955238442e-06,1.58886734873264e-18,1.09981173676404e-26,0.0854166997733638,-5.81392384727492,-1.46220407940173,-0.889911294909487,-2.17952788394013,-3.38431780917966,-19.1160478855274,-11.8560607337785,-40.0954658115206,-58.8840289418086,-1.57216919033094,-0.888044459276161,0.399104731455695
0.101315265034441,1.72982807590565,3.78338156133621,0.705699153092528,0.140804997092249,2.46383973653063e-08,0.000107901183289411,1.50856708260523e-16,2.1229485204593e-25,1.0918263830634,-4.31145817216874,-1.47391795896307,-0.691321781777412,-2.3705062455169,-3.98231932962119,-19.5408997268341,-11.1562347036679,-38.4521412239801,-58.8337613753576,-1.93408810963141,2.02193998444521,0.148682357922986
0.0310870907467075,0.530772163045727,1.16087468050048,0.2165333486973,0.0432039310237074,7.5599278597193e-09,3.31078823655526e-05,4.62881499431528e-17,6.51395357685457e-26,0.335010778863413,-4.31145817216874,-1.47391795896307,-0.691321781777412,-2.3705062455169,-3.98231932962119,-19.5408997268341,-11.1562347036679,-38.4521412239801,-58.8337613753576,-1.93408810963141,0.840495537668395,0.239456645223638
0.0830975939201111,1.41878473055714,3.10308525099232,0.578806181215777,0.115486609706017,2.02081249889498e-08,8.84992869478749e-05,1.23730905494807e-16,1.74121751550922e-25,0.895503213461701,-4.31145817216874,-1.47391795896307,-0.691321781777412,-2.3705062455169,-3.98231932962119,-19.5408997268341,-11.1562347036679,-38.4521412239801,-58.8337613753576,-1.93408810963141,1.82371864059888,0.0830543761557004
0.115281315208752,1.96828045218693,4.30491103368396,0.802977976542367,0.160214605836949,2.80347374301673e-08,0.000122775085451886,1.71651919682827e-16,2.41559154462881e-25,1.24233185765616,-4.31145817216874,-1.47391795896307,-0.691321781777412,-2.3705062455169,-3.98231932962119,-19.5408997268341,-11.1562347036679,-38.4521412239801,-58.8337613753576,-1.93408810963141,2.15107825363264,0.265331074109892
0.00769448859576084,0.0451633938415114,0.161223050260533,0.026355275981568,0.00800646197654238,1.57187826320299e-09,1.06160016741852e-05,5.42477264534358e-18,2.12883137539158e-26,0.0589343598687689,-3.68760534265171,-1.91782276049102,-0.64532083690285,-2.45644116649459,-3.64786068574815,-19.0913489561102,-10.273502472692,-38.5759100534985,-57.9319936081998,-1.65168536847225,-1.17964563053844,0.0921970927215556
0.14920010209157,1.96183972607145,4.36390229512266,0.742982454778396,0.181544382771585,4.27093361372797e-08,0.000362807217051677,7.88718197514081e-17,5.60532463477429e-25,0.565977407798809,-3.9776254419604,-1.40127586625745,-0.60179185612267,-2.37224138357712,-3.78141365700136,-19.0440068307175,-9.99679748228349,-39.1538662089608,-57.9160688862296,-2.64435965213295,2.07515853500754,0.116279012315697
0.00993211930087687,0.174317689000074,0.518066459057917,0.0650825633512899,0.013646342486396,3.15517797633778e-09,3.52515545031203e-05,7.4089419766471e-18,6.40049238666075e-26,0.0706669225059348,-4.4515160664371,-1.58641051245776,-0.49718641240915,-2.5716332765069,-4.13381840976713,-19.4137555984571,-10.0925355970955,-39.2833786947543,-57.8503721618196,-2.48931233941423,-0.160465333203551,0.471260927668984
0.00680677587459136,0.119465081324131,0.355046306646667,0.0446030105616042,0.00935224316169971,2.16233702785687e-09,2.41589356173458e-05,5.07756763437551e-18,4.38644722674462e-26,0.0484301374836031,-4.4515160664371,-1.58641051245776,-0.49718641240915,-2.5716332765069,-4.13381840976713,-19.4137555984571,-10.0925355970955,-39.2833786947543,-57.8503721618196,-2.48931233941423,-0.538320644346076,0.137257820390675
0.0273442306214061,0.479916012384966,1.42629466124559,0.179179545452382,0.0375699007213658,8.6865563756312e-09,9.70514556758587e-05,2.03976424298658e-17,1.76212683929355e-25,0.194553908161043,-4.4515160664371,-1.58641051245776,-0.49718641240915,-2.5716332765069,-4.13381840976713,-19.4137555984571,-10.0925355970955,-39.2833786947543,-57.8503721618196,-2.48931233941423,0.8522663478698,1.21141962866526
0.0897085801333038,1.57446682813555,4.67926381559583,0.587836711663799,0.123256071678406,2.84981007326547e-08,0.000318397998067493,6.69188161036657e-17,5.7810328970844e-25,0.638275587350017,-4.4515160664371,-1.58641051245776,-0.49718641240915,-2.5716332765069,-4.13381840976713,-19.4137555984571,-10.0925355970955,-39.2833786947543,-57.8503721618196,-2.48931233941423,2.04032720560521,1.136775305942
0.0352274967160377,0.618274472020816,1.83749146907054,0.230836513061867,0.0484011992368033,1.11908665646153e-08,0.00012503112204706,2.62782263528196e-17,2.27014313563683e-25,0.250643262036787,-4.4515160664371,-1.58641051245776,-0.49718641240915,-2.5716332765069,-4.13381840976713,-19.4137555984571,-10.0925355970955,-39.2833786947543,-57.8503721618196,-2.48931233941423,1.10558772182053,0.666183872154081
0.00391642795970942,0.0399227798008673,0.0924927974746104,0.025716000390008,0.0061515708277709,5.46520719262302e-10,6.89746936149272e-06,9.47403790936807e-18,2.18028371004707e-26,0.0263404612478265,-3.90549344507789,-1.5837263653763,-0.743542672338085,-2.02356006724007,-3.45396598033122,-19.6903670660856,-10.247274142541,-37.5608946376916,-57.4506755769919,-1.99956724121665,-1.63708183029667,0.351015712219652
0.481919268909947,4.91252668309371,11.3813050557701,3.16437228891606,0.756955201644272,6.7249766414845e-08,0.00084873855110205,1.16578715857358e-15,2.68285474001188e-24,3.24121264527106,-3.90549344507789,-1.5837263653763,-0.743542672338085,-2.02356006724007,-3.45396598033122,-19.6903670660856,-10.247274142541,-37.5608946376916,-57.4506755769919,-1.99956724121665,3.17551477422995,0.274206538946748
0.219453485655176,2.23703672695525,5.18274994781405,1.4409727386166,0.344697687356205,3.06237924094956e-08,0.00038649343461731,5.30869114363681e-16,1.22170218579108e-24,1.47596383594133,-3.90549344507789,-1.5837263653763,-0.743542672338085,-2.02356006724007,-3.45396598033122,-19.6903670660856,-10.247274142541,-37.5608946376916,-57.4506755769919,-1.99956724121665,2.38887846570001,1.01010053520344
0.222101467121437,1.94694255317042,3.10816684380293,0.728479822840465,0.120747951803885,3.54016538205627e-08,0.000186272859585162,1.94950758989082e-16,1.20837418233718e-24,0.716271271543148,-3.42783200820357,-1.2569508451302,-0.789177952667741,-2.24000641636595,-4.03726101465957,-19.0797183655825,-10.5115090379879,-38.0969957310014,-56.9959774924974,-2.25690737868421,1.92321106577959,1.57837214682655
0.229135684640796,2.00860453854221,3.20660618303436,0.75155164491682,0.124572182994312,3.65228662859567e-08,0.000192172342507346,2.01125081302511e-16,1.24664482932344e-24,0.738956434285215,-3.42783200820357,-1.2569508451302,-0.789177952667741,-2.24000641636595,-4.03726101465957,-19.0797183655825,-10.5115090379879,-38.0969957310014,-56.9959774924974,-2.25690737868421,1.95439106665976,0.937731088066772
0.227984065154341,1.99850943645982,3.1904900107692,0.74777440035223,0.12394609215372,3.63393049843549e-08,0.000191206498122453,2.00114241095731e-16,1.24037928198895e-24,0.73524249234423,-3.42783200820357,-1.2569508451302,-0.789177952667741,-2.24000641636595,-4.03726101465957,-19.0797183655825,-10.5115090379879,-38.0969957310014,-56.9959774924974,-2.25690737868421,1.94935246605953,0.444564048497948
0.0148414505316109,0.130100228356295,0.207696531923728,0.0486790897605912,0.00806872091714212,2.3656390060126e-09,1.24472812662842e-05,1.30271631391542e-17,8.07469931795962e-26,0.0478632797054388,-3.42783200820357,-1.2569508451302,-0.789177952667741,-2.24000641636595,-4.03726101465957,-19.0797183655825,-10.5115090379879,-38.0969957310014,-56.9959774924974,-2.25690737868421,-0.782499293098322,0.92056623620487
0.0134837893569008,0.118198963821264,0.188696939066264,0.0442260405086046,0.00733061320351646,2.14923588389171e-09,1.13086330950736e-05,1.18354687307825e-17,7.33604471421294e-26,0.0434848588488008,-3.42783200820357,-1.2569508451302,-0.789177952667741,-2.24000641636595,-4.03726101465957,-19.0797183655825,-10.5115090379879,-38.0969957310014,-56.9959774924974,-2.25690737868421,-0.878435095235928,0.688493810723591
0.0207367403422354,0.181778367831624,0.290197312136826,0.0680152955610184,0.0112737612941785,3.30531316374118e-09,1.73915641894937e-05,1.82017855220556e-17,1.1282114422813e-25,0.0668754311490967,-3.42783200820357,-1.2569508451302,-0.789177952667741,-2.24000641636595,-4.03726101465957,-19.0797183655825,-10.5115090379879,-38.0969957310014,-56.9959774924974,-2.25690737868421,-0.448016248013246,0.886917624357291
0.0178622744556104,0.156580785731695,0.249971015218374,0.0585872155623183,0.00971102569932381,2.84714038552321e-09,1.49807967712447e-05,1.56787076083948e-17,9.71822094186294e-26,0.0576053557988308,-3.42783200820357,-1.2569508451302,-0.789177952667741,-2.24000641636595,-4.03726101465957,-19.0797183655825,-10.5115090379879,-38.0969957310014,-56.9959774924974,-2.25690737868421,-0.597232354300112,1.13219097787844
0.060040773031955,0.526317711702668,0.840231910364572,0.196930224137639,0.0326418391660895,9.57014237476457e-09,5.03552120988511e-05,5.27011119042761e-17,3.26660246596712e-25,0.1936298818797,-3.42783200820357,-1.2569508451302,-0.789177952667741,-2.24000641636595,-4.03726101465957,-19.0797183655825,-10.5115090379879,-38.0969957310014,-56.9959774924974,-2.25690737868421,0.615100611186201,0.951273134572761
0.097199868494397,0.5810339782746,1.14610037953869,0.183958973499801,0.0225395099872119,5.56801701389685e-09,2.10130442140156e-05,3.75880888182323e-17,2.39378436207052e-25,0.109633547294943,-3.09201942249537,-1.30397954348032,-0.624668296363243,-2.45407601838487,-4.55351901234501,-19.7672603603026,-11.5314006620686,-38.580877962474,-57.4527852981358,-2.97164536488664,0.761033502040405,0.845353911912969
0.832001602809424,4.97347587706942,9.81027410352566,1.57463341436345,0.19293141777224,4.76605488442545e-08,0.000179865330445113,3.21742720723074e-16,2.0490073257019e-24,0.938430148970141,-3.09201942249537,-1.30397954348032,-0.624668296363243,-2.45407601838487,-4.55351901234501,-19.7672603603026,-11.5314006620686,-38.580877962474,-57.4527852981358,-2.97164536488664,2.90809851078622,0.317423597852828
0.149762124158164,0.895236630896148,1.76587098312882,0.283437488712998,0.0347280808652903,8.57900394585471e-09,3.23761563185839e-05,5.79143995939532e-17,3.6882583936926e-25,0.168919497281332,-3.09201942249537,-1.30397954348032,-0.624668296363243,-2.45407601838487,-4.55351901234501,-19.7672603603026,-11.5314006620686,-38.580877962474,-57.4527852981358,-2.97164536488664,1.19331233989035,1.2314046289361
0.100427434222692,0.600327475110579,1.18415716257229,0.190067414668264,0.0232879446414367,5.75290554478674e-09,2.17107918797567e-05,3.88362183593629e-17,2.47327105775874e-25,0.113273978968377,-3.09201942249537,-1.30397954348032,-0.624668296363243,-2.45407601838487,-4.55351901234501,-19.7672603603026,-11.5314006620686,-38.580877962474,-57.4527852981358,-2.97164536488664,0.793699562675091,1.068070007286
0.169665154713144,1.01421145259302,2.00055104212856,0.321105657684238,0.039343360319044,9.71913319165324e-09,3.66788705868526e-05,6.56110857298575e-17,4.17841917310834e-25,0.191368497217868,-3.09201942249537,-1.30397954348032,-0.624668296363243,-2.45407601838487,-4.55351901234501,-19.7672603603026,-11.5314006620686,-38.580877962474,-57.4527852981358,-2.97164536488664,1.31809096003851,1.00016617146736
0.0308912073587444,0.616269163004361,1.01735973113649,0.126361712360876,0.0243319539958536,6.81746852841121e-09,4.430141897366e-05,4.25419316823982e-17,2.60961595206496e-25,0.197378632930513,-4.17672934502074,-1.1835171159085,-0.682234885498266,-2.76805240964572,-4.41541047116333,-19.503223275467,-10.7239395083709,-38.3954871144915,-57.304869917099,-2.32207705829424,0.699445657952903,1.34313844597331
0.0500806526468584,0.709328783903457,1.40147355416532,0.159530077632777,0.0516943268257969,2.29517305831936e-08,8.94141055878748e-05,1.47414685959931e-16,3.74923435702375e-25,0.713034244583771,-4.12074707808531,-1.47006268877515,-0.789102336115678,-2.96214935793093,-4.08903379396121,-18.7164990545036,-10.4488586655018,-37.5799086236185,-57.3697022350709,-1.46485238874788,1.12662655789593,0.958892102142535
0.0869893283972821,1.23209325884241,2.43433814856725,0.277101307171406,0.0897922557885788,3.98668053123428e-08,0.000155310935126578,2.56057056963195e-16,6.51236278850632e-25,1.23852958742335,-4.12074707808531,-1.47006268877515,-0.789102336115678,-2.96214935793093,-4.08903379396121,-18.7164990545036,-10.4488586655018,-37.5799086236185,-57.3697022350709,-1.46485238874788,1.67877724813394,1.50323322862093
0.0579601135684321,0.820931331752148,1.62197499572066,0.184629810685117,0.0598276758650585,2.65628509391522e-08,0.000103482112164888,1.70608238677343e-16,4.33912174947257e-25,0.825219792674747,-4.12074707808531,-1.47006268877515,-0.789102336115678,-2.96214935793093,-4.08903379396121,-18.7164990545036,-10.4488586655018,-37.5799086236185,-57.3697022350709,-1.46485238874788,1.27274687598148,1.21901938074086
0.131388246618185,0.797670133173315,2.35920019809862,0.247040106603571,0.100364845665823,4.18789209390449e-08,0.000280683352166216,2.04737331002477e-16,1.70201399429384e-24,0.45954690762568,-3.43948527652354,-1.6359467861838,-0.551563989753586,-2.80809123286336,-3.70882992805056,-18.3983698690604,-9.58817003687484,-37.5346904807609,-56.1401166317165,-2.18740091057745,1.40988665224107,0.533447476206864
0.0225674349423889,0.137008973779728,0.405219632326628,0.0424319653959462,0.017238810802068,7.19318392683786e-09,4.82105778291585e-05,3.51659795803775e-17,2.92340381091174e-25,0.0789324403647464,-3.43948527652354,-1.6359467861838,-0.551563989753586,-2.80809123286336,-3.70882992805056,-18.3983698690604,-9.58817003687484,-37.5346904807609,-56.1401166317165,-2.18740091057745,-0.351762067073565,0.412473131473791
0.205299385092574,1.24639145480862,3.68634457378388,0.38601003730799,0.15682408153282,6.54374872823396e-08,0.000438578952749879,3.1991026018065e-16,2.65946487179254e-24,0.718060404831431,-3.43948527652354,-1.6359467861838,-0.551563989753586,-2.80809123286336,-3.70882992805056,-18.3983698690604,-9.58817003687484,-37.5346904807609,-56.1401166317165,-2.18740091057745,1.85619932639655,0.35991733464484
0.00832020260850991,0.0505127155098246,0.14939710474453,0.015643893516158,0.00635563585179843,2.65199602100781e-09,1.77743627681186e-05,1.29650567635353e-17,1.0778057885342e-25,0.0291009544458799,-3.43948527652354,-1.6359467861838,-0.551563989753586,-2.80809123286336,-3.70882992805056,-18.3983698690604,-9.58817003687484,-37.5346904807609,-56.1401166317165,-2.18740091057745,-1.34958339593762,0.665061061056995
0.00271594971441635,0.016488780588466,0.0487674451041047,0.00510660979386635,0.00207465949915343,8.65686591396529e-10,5.80205528103717e-06,4.23216162768685e-18,3.51826326990131e-26,0.00949937551228522,-3.43948527652354,-1.6359467861838,-0.551563989753586,-2.80809123286336,-3.70882992805056,-18.3983698690604,-9.58817003687484,-37.5346904807609,-56.1401166317165,-2.18740091057745,-2.4691283075078,0.181443965469946
2.83143822345277,23.6893200838976,61.3520670147817,6.22449310582376,1.77634531923954,4.94420090992458e-07,0.00336710786720143,3.2352312760712e-15,3.5376231041226e-23,5.6121309269211,-3.5791672284498,-1.45492769997324,-0.503323154417156,-2.79146000692705,-4.04539395500059,-19.1398323116869,-10.3136531199045,-37.9846279948619,-56.3159540939262,-2.89502152539603,4.61995201717899,0.0822600437378692
1.15157686630525,9.6347053455577,24.9525560858172,2.53156936491527,0.722459052527512,2.01086053832086e-07,0.00136943956400193,1.31580391329451e-15,1.43878997418024e-23,2.28251497510603,-3.5791672284498,-1.45492769997324,-0.503323154417156,-2.79146000692705,-4.04539395500059,-19.1398323116869,-10.3136531199045,-37.9846279948619,-56.3159540939262,-2.89502152539603,3.72029941969656,0.0532526366137177
0.0064820641393295,0.0190072322445016,0.0803628933303226,0.00504460915270561,0.00167488124634073,3.93603002798414e-10,2.94088040006476e-06,1.98657910340238e-18,4.77406805211621e-26,0.0087587374333873,-2.92950278936735,-1.85372223784124,-0.411989245121542,-3.18022161043297,-4.28279952397178,-19.5464648317648,-10.6275880756836,-38.6509040679699,-56.1948001453391,-2.6284900230764,-2.10921348995372,0.235201189565744
0.00741016112045278,0.0217286732062777,0.091869190875524,0.00576689242928813,0.00191468946098601,4.49958779416209e-10,3.36195340435427e-06,2.27101597860137e-18,5.45761546102914e-26,0.0100128067538459,-2.92950278936735,-1.85372223784124,-0.411989245121542,-3.18022161043297,-4.28279952397178,-19.5464648317648,-10.6275880756836,-38.6509040679699,-56.1948001453391,-2.6284900230764,-1.97540030689233,0.427234038205421
0.0040003394678585,0.0117301186301278,0.0495951362144105,0.00311322885113813,0.00103363580021686,2.42908060290342e-10,1.81493420641276e-06,1.22599693902219e-18,2.94626718289436e-26,0.00540536506431625,-2.92950278936735,-1.85372223784124,-0.411989245121542,-3.18022161043297,-4.28279952397178,-19.5464648317648,-10.6275880756836,-38.6509040679699,-56.1948001453391,-2.6284900230764,-2.59187326513127,0.214050962581345
0.0129174967261781,0.0349754107031699,0.0670152697404213,0.00451531665771243,0.000732443333242169,2.33037787638274e-10,3.15634451606184e-06,3.96926063676522e-18,1.34074330716811e-25,0.00906575173994016,-2.3029711475854,-1.30690861207717,-0.656633375326079,-3.35407855631556,-5.1729231771687,-20.133619093149,-10.6198945950297,-38.0217504304703,-55.225201754181,-2.65705010681777,-2.0462014036584,0.213341874872683
0.00330828903854547,0.00895752252163782,0.0171632234168175,0.00115641388737487,0.000187585435637088,5.96831084809336e-11,8.08368694469955e-07,1.01656394687747e-18,3.43376621696254e-26,0.00232182192441649,-2.3029711475854,-1.30690861207717,-0.656633375326079,-3.35407855631556,-5.1729231771687,-20.133619093149,-10.6198945950297,-38.0217504304703,-55.225201754181,-2.65705010681777,-3.40835298243398,0.107482559908021
0.000385319058643641,0.0010432897807908,0.00199901429808753,0.000134688446291751,2.18482250591741e-05,6.95133916923733e-12,9.41513455327045e-08,1.18400012362314e-19,3.9993348552884e-27,0.000270424448357049,-2.3029711475854,-1.30690861207717,-0.656633375326079,-3.35407855631556,-5.1729231771687,-20.133619093149,-10.6198945950297,-38.0217504304703,-55.225201754181,-2.65705010681777,-5.5584676955433,0.114399760226854
0.617353383809492,1.67154585795023,3.20279574426459,0.215796146629633,0.0350049533443576,1.11373488070961e-08,0.00015084811002974,1.89699021201443e-16,6.40768436056776e-24,0.433270674037537,-2.3029711475854,-1.30690861207717,-0.656633375326079,-3.35407855631556,-5.1729231771687,-20.133619093149,-10.6198945950297,-38.0217504304703,-55.225201754181,-2.65705010681777,1.82065747378688,0.0798050872849294
0.573441446869239,1.55264990915974,2.97498300614238,0.200446709773426,0.0325150742181289,1.03451565695141e-08,0.000140118383962139,1.76205855576881e-16,5.9519100197226e-24,0.40245241821298,-2.3029711475854,-1.30690861207717,-0.656633375326079,-3.35407855631556,-5.1729231771687,-20.133619093149,-10.6198945950297,-38.0217504304703,-55.225201754181,-2.65705010681777,1.74687170208631,0.214755996590854
1.600022941414,4.3322216909906,8.30083190905107,0.559288722361166,0.0907239352418982,2.88651752225312e-08,0.000390959931615129,4.91651611291328e-16,1.66070880100852e-23,1.12292738078827,-2.3029711475854,-1.30690861207717,-0.656633375326079,-3.35407855631556,-5.1729231771687,-20.133619093149,-10.6198945950297,-38.0217504304703,-55.225201754181,-2.65705010681777,2.77298911511209,0.413279347876491
0.368650925090575,1.79371593120718,4.08430664057468,0.877800322882749,0.106350536170277,1.02604294674527e-08,0.000284191093338934,4.35361861636469e-16,2.3357655171241e-23,1.74183047372064,-3.19211835872424,-1.60992386628514,-0.787061292699104,-2.32454940747161,-4.43522796936045,-20.589184413229,-10.3600769557803,-37.5645673963571,-54.3053307304541,-1.63927671691815,2.19421327357534,0.112814343586703
1.9212873338863,9.34825729345913,21.2860624568238,4.57480648291217,0.554264004751291,5.34739826604458e-08,0.00148111047843225,2.26896278698826e-15,1.21732413986927e-22,9.07784735957035,-3.19211835872424,-1.60992386628514,-0.787061292699104,-2.32454940747161,-4.43522796936045,-20.589184413229,-10.3600769557803,-37.5645673963571,-54.3053307304541,-1.63927671691815,3.84511380648747,0.352686748646868
0.0250786425179931,0.145078636448494,0.294025956539103,0.0589661497503487,0.0073491324340567,1.0576138419721e-09,1.792487089375e-05,1.67819277506644e-17,9.86124286372087e-25,0.0572883007538167,-3.15437823713501,-1.39911890960554,-0.692726774368494,-2.29943127914503,-4.38181255528286,-20.135890105195,-10.3979609204606,-38.0948686419985,-54.7446546594689,-2.32829839781001,-0.531360453624109,0.889362660086097
0.0917179028725803,0.530583275275867,1.07531514532825,0.21565168815227,0.0268773325470442,3.86791763410231e-09,6.55550461496058e-05,6.1375061203802e-17,3.60646520053373e-24,0.209515439302741,-3.15437823713501,-1.39911890960554,-0.692726774368494,-2.29943127914503,-4.38181255528286,-20.135890105195,-10.3979609204606,-38.0948686419985,-54.7446546594689,-2.32829839781001,0.765340551430462,2.21613112502141
0.0911741426275583,0.491776548823378,1.47938872082622,0.260496621521573,0.0218436456699545,5.68301569930694e-09,0.0001534079814594,5.45425795676928e-17,3.78382651735886e-24,0.363826041411825,-3.39143767406769,-1.70618456285873,-0.604824752156393,-2.34161911522455,-4.82029894390083,-19.9822375402765,-9.77886336815519,-38.4440037289345,-54.9277601562271,-2.00753316193392,0.996453728144724,2.6435839993667
0.127691431168777,0.688744083846404,2.07191707619248,0.36483135961694,0.0305925155658889,7.95919091845442e-09,0.000214851317936529,7.6388105705427e-17,5.29933388317799e-24,0.509546529152711,-3.39143767406769,-1.70618456285873,-0.604824752156393,-2.34161911522455,-4.82029894390083,-19.9822375402765,-9.77886336815519,-38.4440037289345,-54.9277601562271,-2.00753316193392,1.33329905461014,2.72656994502225
0.105950707522076,0.571478620900707,1.71915278997469,0.302715227825775,0.025383838519296,6.60406028341018e-09,0.00017827076522729,6.33822784479844e-17,4.39707010234923e-24,0.422791214610088,-3.39143767406769,-1.70618456285873,-0.604824752156393,-2.34161911522455,-4.82029894390083,-19.9822375402765,-9.77886336815519,-38.4440037289345,-54.9277601562271,-2.00753316193392,1.14665635766407,3.80865883471486
0.194310278001709,1.04807388545388,3.15287235319116,0.55517024331264,0.0465531645308477,1.21116396447103e-08,0.00032694299793774,1.16241112812234e-16,8.06408880094042e-24,0.775385840915214,-3.39143767406769,-1.70618456285873,-0.604824752156393,-2.34161911522455,-4.82029894390083,-19.9822375402765,-9.77886336815519,-38.4440037289345,-54.9277601562271,-2.00753316193392,1.75313864765977,3.1540990158354
0.188636923365733,1.01747285447377,3.06081668240745,0.538960716436117,0.045193933230648,1.1758011274486e-08,0.000317397112912381,1.12847174709493e-16,7.82863838599464e-24,0.752746591460857,-3.39143767406769,-1.70618456285873,-0.604824752156393,-2.34161911522455,-4.82029894390083,-19.9822375402765,-9.77886336815519,-38.4440037289345,-54.9277601562271,-2.00753316193392,1.72350652218761,6.85877762894502
0.175549983787165,0.946884310450947,2.84846841956986,0.501569593821451,0.042058543493822,1.09422834712129e-08,0.000295377262477039,1.05018250601289e-16,7.28551609735691e-24,0.700523787013808,-3.39143767406769,-1.70618456285873,-0.604824752156393,-2.34161911522455,-4.82029894390083,-19.9822375402765,-9.77886336815519,-38.4440037289345,-54.9277601562271,-2.00753316193392,1.65160620534547,4.0221273124503
0.0736042238739221,1.02489108011411,2.78668992334241,0.377983595118306,0.0276048511105314,5.00834966333619e-09,0.000127132018437592,4.17770836978663e-17,1.4085763864786e-24,0.62567633572606,-4.20166545172492,-1.5680262427815,-0.567758102331512,-2.56551706988446,-5.18237634325176,-20.7047719710545,-10.5628970825931,-39.3067963080143,-56.5120752789139,-2.06153466359462,1.59261258642222,4.19007890013255
0.113917244805702,1.58622375086147,4.31295952170829,0.585005146055039,0.0427240233817278,7.75142192448232e-09,0.000196762203373078,6.46583853534027e-17,2.18005343444518e-24,0.968359158682647,-4.20166545172492,-1.5680262427815,-0.567758102331512,-2.56551706988446,-5.18237634325176,-20.7047719710545,-10.5628970825931,-39.3067963080143,-56.5120752789139,-2.06153466359462,2.02938243477077,5.48083990674458
0.111833469535968,1.55720853169999,4.23406682722618,0.574304226645552,0.041942515160578,7.60963284470726e-09,0.000193163027373811,6.34756535851776e-17,2.14017587735411e-24,0.950645924215601,-4.20166545172492,-1.5680262427815,-0.567758102331512,-2.56551706988446,-5.18237634325176,-20.7047719710545,-10.5628970825931,-39.3067963080143,-56.5120752789139,-2.06153466359462,2.01092105839298,6.12362831337006
0.0465955671427991,0.64881305207856,1.7641297006498,0.239284636916763,0.0174754059711437,3.17056387161061e-09,8.04816380002231e-05,2.64472173744903e-17,8.91707189309539e-25,0.396087916923383,-4.20166545172492,-1.5680262427815,-0.567758102331512,-2.56551706988446,-5.18237634325176,-20.7047719710545,-10.5628970825931,-39.3067963080143,-56.5120752789139,-2.06153466359462,1.13541558365864,7.62438050825947
0.105673906962944,1.47144061776462,4.00086294229905,0.542672704931579,0.0396324057838987,7.19050957276369e-09,0.000182523996332025,5.99795422533568e-17,2.02229929453379e-24,0.898286258730004,-4.20166545172492,-1.5680262427815,-0.567758102331512,-2.56551706988446,-5.18237634325176,-20.7047719710545,-10.5628970825931,-39.3067963080143,-56.5120752789139,-2.06153466359462,1.95426817575859,4.67608966282639
0.14918732997469,2.07733681179775,5.64830124209928,0.766129446953023,0.0559518708951179,1.01513510302429e-08,0.000257682037616284,8.46773628330053e-17,2.85502297428061e-24,1.26817425743402,-4.20166545172492,-1.5680262427815,-0.567758102331512,-2.56551706988446,-5.18237634325176,-20.7047719710545,-10.5628970825931,-39.3067963080143,-56.5120752789139,-2.06153466359462,2.29911293716587,4.68471204888053
0.300533311453563,4.18473144575936,11.3783300275121,1.54334432913265,0.112713331922924,2.04495860430239e-08,0.000519092580315376,1.70579956499492e-16,5.75135642471863e-24,2.55469823845946,-4.20166545172492,-1.5680262427815,-0.567758102331512,-2.56551706988446,-5.18237634325176,-20.7047719710545,-10.5628970825931,-39.3067963080143,-56.5120752789139,-2.06153466359462,2.99946877399709,2.12035127238595
0.0610991123144251,0.850765512060929,2.31324062194342,0.313765445998078,0.0229148791965309,4.15744779965689e-09,0.000105532713538062,3.46792968484712e-17,1.16926396762667e-24,0.519376018073179,-4.20166545172492,-1.5680262427815,-0.567758102331512,-2.56551706988446,-5.18237634325176,-20.7047719710545,-10.5628970825931,-39.3067963080143,-56.5120752789139,-2.06153466359462,1.40640751040931,2.90682829596392
0.0561609266917534,0.782004480013459,2.12627863267137,0.288406124796401,0.0210628403909385,3.82143229675365e-09,9.70032912768457e-05,3.18764278931876e-17,1.07476108050896e-24,0.47739872760109,-4.20166545172492,-1.5680262427815,-0.567758102331512,-2.56551706988446,-5.18237634325176,-20.7047719710545,-10.5628970825931,-39.3067963080143,-56.5120752789139,-2.06153466359462,1.32213143324573,4.36553021340105
0.026057000955151,0.362826838568444,0.98653009531929,0.133811870849964,0.00977253198112678,1.77303101768754e-09,4.50066443405876e-05,1.47897152163901e-17,4.98657200852302e-25,0.22149882193657,-4.20166545172492,-1.5680262427815,-0.567758102331512,-2.56551706988446,-5.18237634325176,-20.7047719710545,-10.5628970825931,-39.3067963080143,-56.5120752789139,-2.06153466359462,0.554196655512743,6.69787852324788
0.0206808451371309,0.578172097853045,1.04734367991073,0.099822209017505,0.0207871374194722,2.50647868335003e-09,4.28864752651677e-05,1.01588175968455e-17,6.64379119446607e-25,0.14278055107719,-4.52545655955001,-1.1947929042162,-0.600652066649937,-2.95127378191562,-4.52033007359262,-20.4512961805485,-10.7038632403591,-39.7750988135174,-56.3178537580173,-2.5933556320299,0.64690919673915,0.89882630720293
0.0809725885439664,1.59977549039574,3.59416620937964,0.27724856092626,0.10795892259459,5.02814968691181e-09,6.99413117242047e-05,2.63704741836024e-17,1.56647156186473e-24,0.286360872512726,-4.29645624974205,-1.31294835422278,-0.503499621478883,-3.06565249841289,-4.00881612567462,-20.8910254311152,-11.3506657266323,-39.9570983468755,-56.5960282096646,-3.03331412667056,1.78281165512029,1.15259467087791
0.0160646783204005,0.355987105463834,0.777343036842581,0.0207829715850673,0.0315857635250938,1.15164180257379e-09,3.17485149197812e-05,1.15461856372501e-17,3.87756872965463e-25,0.19394069355372,-4.46455418420513,-1.36628264335465,-0.585295411145489,-4.20704317532746,-3.78847065522366,-20.9154991322503,-10.691086481861,-39.3335984132873,-56.5428408576516,-1.97362474394829,0.333421873961358,0.176260714982386
0.0345319154941639,0.765213992942417,1.6709418964298,0.0446741481017881,0.0678953474892856,2.47551781696885e-09,6.82451906231357e-05,2.48191652987615e-17,8.33504867166913e-25,0.416886258604502,-4.46455418420513,-1.36628264335465,-0.585295411145489,-4.20704317532746,-3.78847065522366,-20.9154991322503,-10.691086481861,-39.3335984132873,-56.5428408576516,-1.97362474394829,1.09868288841859,0.197411031139166
0.0165359870518055,0.366431126049023,0.800148881644063,0.0213927065437901,0.0325124329448335,1.18542889909565e-09,3.26799591723458e-05,1.18849299305827e-17,3.99132961315696e-25,0.199630564239182,-4.46455418420513,-1.36628264335465,-0.585295411145489,-4.20704317532746,-3.78847065522366,-20.9154991322503,-10.691086481861,-39.3335984132873,-56.5428408576516,-1.97362474394829,0.362337944571518,0.845643376136303
0.0115245871253632,0.255380427208053,0.557655582994794,0.0149094281241783,0.0226592077604072,8.2617255237023e-10,2.27759634520208e-05,8.28308041332691e-18,2.78171636980371e-25,0.139130480887058,-4.46455418420513,-1.36628264335465,-0.585295411145489,-4.20704317532746,-3.78847065522366,-20.9154991322503,-10.691086481861,-39.3335984132873,-56.5428408576516,-1.97362474394829,0.0012816692005016,0.281925169383144
0.368726200747414,6.9883957565567,10.3667212887442,0.437373409441561,0.603468180662282,2.89467473296548e-08,0.000641278638779276,4.30489130669453e-16,1.08157247620323e-23,2.20795360079997,-4.04095014818365,-1.09899821002119,-0.704648434912836,-3.8702171993288,-3.54831119893024,-20.4010572284279,-10.3952957360389,-38.4248588329251,-55.9242903946043,-2.25118312036313,3.04324923442673,0.489349866784292
0.0152431499646552,0.206679354300046,0.268197477797488,0.0177932657328664,0.0238021686605734,1.05195183621781e-09,2.68619894016839e-05,1.32362270156011e-17,2.16020181581802e-25,0.0470468557569842,-3.63680800392841,-1.02976964416248,-0.76921465680552,-3.48211816732444,-3.19116152670513,-20.1258014511833,-9.97798124846565,-38.3167570770468,-56.247608618712,-2.50979418731948,-0.546817055558614,0.165468246551803
0.040821354278955,0.553490004598187,0.718236341128925,0.0476505975434953,0.0637425179017246,2.81714072814449e-09,7.19367577269964e-05,3.54467884638927e-17,5.78504861803634e-25,0.125992092908612,-3.63680800392841,-1.02976964416248,-0.76921465680552,-3.48211816732444,-3.19116152670513,-20.1258014511833,-9.97798124846565,-38.3167570770468,-56.247608618712,-2.50979418731948,0.438258058626114,0.198801997293213
0.116147288241223,1.57482190971415,2.04356775545366,0.135578247843779,0.181363914321915,8.01549242908322e-09,0.000204678641422829,1.00855261410666e-16,1.64599563438531e-24,0.358480020804107,-3.63680800392841,-1.02976964416248,-0.76921465680552,-3.48211816732444,-3.19116152670513,-20.1258014511833,-9.97798124846565,-38.3167570770468,-56.247608618712,-2.50979418731948,1.48391183684945,0.332939425291076
0.485877003957151,6.58792609663711,8.54882273567239,0.56716221154714,0.758696622633653,3.35310751172744e-08,0.000856228729697088,4.21906124452565e-16,6.88566594599003e-24,1.49962346193613,-3.63680800392841,-1.02976964416248,-0.76921465680552,-3.48211816732444,-3.19116152670513,-20.1258014511833,-9.97798124846565,-38.3167570770468,-56.247608618712,-2.50979418731948,2.91500823853959,0.806551374538105
1.85391387769609,25.1369122562319,32.6189158543189,2.16406598033764,2.89488530267163,1.2794127935198e-07,0.00326702912782329,1.60982638165062e-15,2.62729693944849e-23,5.721968162229,-3.63680800392841,-1.02976964416248,-0.76921465680552,-3.48211816732444,-3.19116152670513,-20.1258014511833,-9.97798124846565,-38.3167570770468,-56.247608618712,-2.50979418731948,4.25410701783353,0.282245381676279
0.171002783703899,1.85962070839963,4.21570723810542,0.631920734628599,0.208747809105709,7.12856489422422e-09,0.00037840508863633,1.03105150370485e-16,7.13134432374049e-24,1.27220521314542,-3.88948397706622,-1.50303598670911,-0.684591165273551,-2.58239984601688,-3.69003694403266,-20.882564433311,-10.002953806531,-38.9341908624452,-55.4209510039235,-1.88265675042978,2.12340853342442,0.629611325786578
0.108189683349758,0.931286725014032,4.44132334459225,0.352778870824886,0.169702796315045,6.38527810060615e-09,0.000182022480193492,3.84023923151975e-17,2.50766526545659e-24,0.693448676838987,-4.12551580849901,-1.97283461722366,-0.410694160794664,-2.9435603900095,-3.67535317230126,-20.7709173365223,-10.5130269043829,-39.7000584597792,-56.2443366281321,-2.26772459138023,1.90164654341439,0.571785452352015
0.153562157707167,1.32184876144677,6.30392080607121,0.500726898536473,0.240872574576552,9.06312924051637e-09,0.000258358874379542,5.450754676834e-17,3.5593272579043e-24,0.984266445538245,-4.12551580849901,-1.97283461722366,-0.410694160794664,-2.9435603900095,-3.67535317230126,-20.7709173365223,-10.5130269043829,-39.7000584597792,-56.2443366281321,-2.26772459138023,2.25186595078263,0.416312559334481
0.149488206937387,1.28678057238486,6.13667997405907,0.487442787631804,0.234482308737189,8.8226875659703e-09,0.000251504703072799,5.30614804624785e-17,3.46489954056336e-24,0.958154198202441,-4.12551580849901,-1.97283461722366,-0.410694160794664,-2.9435603900095,-3.67535317230126,-20.7709173365223,-10.5130269043829,-39.7000584597792,-56.2443366281321,-2.26772459138023,2.2249780358742,0.375463463670297
0.0826921060699098,0.711805952859656,3.39461554679381,0.269637796342988,0.129708131115215,4.88042923902664e-09,0.000139124376495385,2.93519178570891e-17,1.9166718646231e-24,0.53002032877598,-4.12551580849901,-1.97283461722366,-0.410694160794664,-2.9435603900095,-3.67535317230126,-20.7709173365223,-10.5130269043829,-39.7000584597792,-56.2443366281321,-2.26772459138023,1.63288467438978,0.661995891521164
0.0134170522128666,0.115492736717495,0.550786963817753,0.0437495737384853,0.0210455489685424,7.91864871186887e-10,2.25733641605765e-05,4.76244025159302e-18,3.10985990135983e-25,0.0859974520307415,-4.12551580849901,-1.97283461722366,-0.410694160794664,-2.9435603900095,-3.67535317230126,-20.7709173365223,-10.5130269043829,-39.7000584597792,-56.2443366281321,-2.26772459138023,-0.185713019336817,1.03903328521044
0.121294963754788,0.469098086296614,2.33912555740236,0.178433020432571,0.130397359248765,2.37913687793349e-09,0.000119529312401359,3.11116670990631e-17,7.22169022883317e-25,0.527484530858318,-3.43553094608115,-2.08294435644254,-0.476223797154278,-3.04954294711814,-3.36316984411973,-21.1825290346345,-10.3579498878756,-39.3349497404435,-56.9135392588932,-1.9656367027143,1.32600096326531,0.445741444335004
0.156304313684921,0.604493807160294,3.01426706892601,0.229934120379663,0.16803393243027,3.06582685180281e-09,0.000154029042606374,4.00914236088456e-17,9.30608575921443e-25,0.679732323774794,-3.43553094608115,-2.08294435644254,-0.476223797154278,-3.04954294711814,-3.36316984411973,-21.1825290346345,-10.3579498878756,-39.3349497404435,-56.9135392588932,-1.9656367027143,1.5795805028975,1.01143896505743
0.0749091116775087,0.339975692682752,2.00173491876421,0.0624503362510933,0.0587844097558633,8.80161341852006e-10,8.19599447317892e-05,3.32971773643472e-17,4.12940085208833e-25,0.581533524657372,-3.72914284567009,-2.21654425708447,-0.443648837130704,-3.9110467591474,-3.97154170048715,-21.9885789832952,-10.5469430099726,-39.0787221453798,-57.2841581015831,-1.67974975769923,1.13766310104731,0.501062592090044
0.101692123715523,0.461530639281971,2.71743544204612,0.0847788363512123,0.0798021940931935,1.19485432493933e-09,0.000111263912396454,4.52022538258129e-17,5.60582728746515e-25,0.78945508510065,-3.72914284567009,-2.21654425708447,-0.443648837130704,-3.9110467591474,-3.97154170048715,-21.9885789832952,-10.5469430099726,-39.0787221453798,-57.2841581015831,-1.67974975769923,1.44333742048497,0.338633442566683
0.0190259693128476,0.0863495368085946,0.508415415481403,0.01586159753443,0.0149304984539647,2.23549876716252e-10,2.08167919553357e-05,8.45706297340496e-18,1.04881571991553e-25,0.147702178636905,-3.72914284567009,-2.21654425708447,-0.443648837130704,-3.9110467591474,-3.97154170048715,-21.9885789832952,-10.5469430099726,-39.0787221453798,-57.2841581015831,-1.67974975769923,-0.232807581435235,0.280116172512476
1.56409887645143,5.17929733766924,23.8534390292604,0.768402686748135,0.86234763195042,1.88365265205377e-08,0.00143795215456552,4.06555970333812e-16,1.41291992187801e-23,8.53935535911866,-3.26059689340679,-2.06323735579746,-0.535978352730735,-3.97134810531408,-3.85600355805988,-21.4953747058401,-10.2524420462135,-39.1467168197542,-56.3217054629504,-1.56322123369845,3.70790675376908,0.106907780697932
0.0964747720885049,0.319462879075699,1.47129770919339,0.0473956443498047,0.0531902378462337,1.16185084611201e-09,8.86939492601768e-05,2.50766720504025e-17,8.71499426888835e-25,0.526713735593753,-3.26059689340679,-2.06323735579746,-0.535978352730735,-3.97134810531408,-3.85600355805988,-21.4953747058401,-10.2524420462135,-39.1467168197542,-56.3217054629504,-1.56322123369845,0.922123159456375,0.324538796349544
0.258336270822749,1.8340458799862,7.10862113301132,0.0733538641101962,0.0863685427556246,3.96076336722386e-09,0.000301840407443601,8.14926088022755e-17,3.16464068058755e-24,0.380617155895255,-3.62990313027448,-1.66988557296817,-0.315101671304465,-4.88887005818147,-4.72554172078469,-21.6232390235964,-10.3820220952827,-39.3224293101409,-56.3864126745858,-3.24237121205541,2.2764099628397,0.36335217185573
0.636984191098743,4.51373258385068,7.7923090010424,0.145097273381785,0.326368432529931,1.23344247756394e-08,0.000654559592727886,1.13046473804981e-16,8.06475765686636e-24,0.455428733517776,-3.08078011597632,-1.12264523938056,-0.576632452771779,-4.56012058508958,-3.749498049149,-20.8406413960807,-9.96131760050784,-39.3485023416364,-55.804308243994,-3.41628570673963,2.629769674517,0.628405649546803
0.585170813885962,4.79276772198429,11.7581067220736,0.144719756260174,0.702424033208746,3.88078518924985e-08,0.000907126560321262,1.3816407514949e-16,1.40722465392756e-23,0.549402910395135,-3.45543134286581,-1.35247180096727,-0.455036921554768,-4.85253598015664,-3.27279787944622,-19.9842231004711,-9.92480843833793,-39.4376696026623,-55.5374175627726,-3.51850306597202,2.91957985804353,0.448058749457817
0.549233428900142,4.30440072651379,10.9467559288542,0.075985225746663,0.434528263756263,3.95107611514248e-08,0.000993021116372778,2.53808843768754e-16,1.86103096360587e-23,0.461563375762787,-3.41902961455715,-1.36015995184258,-0.426754725807559,-5.39701423163444,-3.65329216344173,-19.8664906439002,-9.73455650488647,-38.7297481497657,-55.1581243991573,-3.59293378484168,2.81979787597065,0.10640375191427
0.640073011460965,5.01632018479225,12.757277078238,0.0885526803559703,0.506396369398599,4.60455801569671e-08,0.0011572602521188,2.957871506325e-16,2.16883319662954e-23,0.537902910418604,-3.41902961455715,-1.36015995184258,-0.426754725807559,-5.39701423163444,-3.65329216344173,-19.8664906439002,-9.73455650488647,-38.7297481497657,-55.1581243991573,-3.59293378484168,2.97285658582981,0.34976783945097
0.105430153246577,0.826267310676635,2.10132540082845,0.0145860276767731,0.083411495053265,7.58443565866963e-09,0.000190619075546664,4.87208241265689e-17,3.57241146232679e-24,0.0886011209061451,-3.41902961455715,-1.36015995184258,-0.426754725807559,-5.39701423163444,-3.65329216344173,-19.8664906439002,-9.73455650488647,-38.7297481497657,-55.1581243991573,-3.59293378484168,1.16932301470144,0.554715795193115
0.0509926900803284,0.399635129034662,1.01633386296767,0.0070547254833752,0.0403430743996009,3.66831276506076e-09,9.21954407105567e-05,2.35644719147268e-17,1.72784412170772e-24,0.0428531056819216,-3.41902961455715,-1.36015995184258,-0.426754725807559,-5.39701423163444,-3.65329216344173,-19.8664906439002,-9.73455650488647,-38.7297481497657,-55.1581243991573,-3.59293378484168,0.442956626268094,0.485765963024883
0.0661937583722262,0.518767516024396,1.31930592492405,0.0091577595395202,0.0523694614775798,4.76184740247422e-09,0.000119679168049417,3.05891090984877e-17,2.24291944819977e-24,0.0556277403396467,-3.41902961455715,-1.36015995184258,-0.426754725807559,-5.39701423163444,-3.65329216344173,-19.8664906439002,-9.73455650488647,-38.7297481497657,-55.1581243991573,-3.59293378484168,0.703860509665461,0.484498724286374
0.0197274339456918,0.154605995447388,0.393186927712195,0.00272924669710575,0.015607439696367,1.4191523853885e-09,3.56674547635425e-05,9.1163373109083e-18,6.68447393650845e-25,0.0165784901792028,-3.41902961455715,-1.36015995184258,-0.426754725807559,-5.39701423163444,-3.65329216344173,-19.8664906439002,-9.73455650488647,-38.7297481497657,-55.1581243991573,-3.59293378484168,-0.506715411354034,1.28383792982622
0.106783191507693,0.836871215260175,2.12829276812162,0.0147732175168391,0.084481956783127,7.68177054170968e-09,0.000193065386156778,4.93460830029566e-17,3.61825801802392e-24,0.0897381837185588,-3.41902961455715,-1.36015995184258,-0.426754725807559,-5.39701423163444,-3.65329216344173,-19.8664906439002,-9.73455650488647,-38.7297481497657,-55.1581243991573,-3.59293378484168,1.18207486682835,0.729277091860073
0.0878005585421075,0.688102304212943,1.74995044766707,0.0121470123820852,0.0694637694150052,6.31619765837235e-09,0.000158744541162095,4.05739291769776e-17,2.9750475748711e-24,0.0737856074705922,-3.41902961455715,-1.36015995184258,-0.426754725807559,-5.39701423163444,-3.65329216344173,-19.8664906439002,-9.73455650488647,-38.7297481497657,-55.1581243991573,-3.59293378484168,0.986342197723269,1.4102185550674
0.0549398445226918,0.430569397699616,1.09500448645934,0.00760080553891832,0.0434658817095139,3.95226320979663e-09,9.93319468017839e-05,2.53885100239859e-17,1.86159010745521e-24,0.0461702051758884,-3.41902961455715,-1.36015995184258,-0.426754725807559,-5.39701423163444,-3.65329216344173,-19.8664906439002,-9.73455650488647,-38.7297481497657,-55.1581243991573,-3.59293378484168,0.517513186290772,1.02643699263945
0.127259410678479,0.833160779807096,2.21368638408094,0.0287185694583793,0.082640670710628,9.07060364803919e-09,0.000142238446302482,4.60257336975834e-17,8.5133340523451e-24,0.162611961976337,-3.29938583493153,-1.42038680536305,-0.443198989917183,-4.78806950888453,-3.73111150104744,-19.7560851835715,-10.0958638722255,-38.8551891685139,-54.3582667483605,-3.05424668058105,1.23785816289685,0.44122418973115
0.0455234571440265,0.819978476755368,1.62127438684654,0.0218447677966522,0.0322889380837476,3.68057798340503e-09,0.000101095757551037,1.96214662759616e-17,1.21725409063444e-23,0.143378002122541,-4.07698073354056,-1.18593037622398,-0.504240690758478,-4.81124703551949,-4.42048377089494,-20.4076492256868,-10.1868955850124,-39.4573606781053,-53.7503127515303,-2.92972395409409,0.987453189296354,0.564876620426191
0.285069757105837,5.1347388767318,10.152486754203,0.136792832541766,0.202194655551268,2.30479303981428e-08,0.000633065783170342,1.22870427165761e-16,7.62249507666796e-23,0.89783893411435,-4.07698073354056,-1.18593037622398,-0.504240690758478,-4.81124703551949,-4.42048377089494,-20.4076492256868,-10.1868955850124,-39.4573606781053,-53.7503127515303,-2.92972395409409,2.82195936665266,0.565342796287586
0.230327044236063,4.14870114742669,8.2028773921226,0.110524136660088,0.163366671534231,1.86219742783583e-08,0.00051149645660405,9.92752882677943e-17,6.15872682720616e-23,0.725424506598357,-4.07698073354056,-1.18593037622398,-0.504240690758478,-4.81124703551949,-4.42048377089494,-20.4076492256868,-10.1868955850124,-39.4573606781053,-53.7503127515303,-2.92972395409409,2.60872568495553,0.832477819442655
0.0118909783293014,0.214182905018475,0.423485820482623,0.00570597394782214,0.00843404888638557,9.61387288788455e-10,2.64067699959696e-05,5.12523531634271e-18,3.17953488620029e-24,0.0374511257074285,-4.07698073354056,-1.18593037622398,-0.504240690758478,-4.81124703551949,-4.42048377089494,-20.4076492256868,-10.1868955850124,-39.4573606781053,-53.7503127515303,-2.92972395409409,-0.354994556433226,0.719189542901292
0.0247810247914453,0.446361243976669,0.882552496992225,0.0118913581325674,0.0175767181435996,2.00354937818196e-09,5.50322104548449e-05,1.06810877893292e-17,6.62621112058014e-24,0.0780488576231256,-4.07698073354056,-1.18593037622398,-0.504240690758478,-4.81124703551949,-4.42048377089494,-20.4076492256868,-10.1868955850124,-39.4573606781053,-53.7503127515303,-2.92972395409409,0.379303685491273,0.647848319502991
0.597413621109399,10.7607449381614,21.2763147401911,0.286673347114289,0.423734325830304,4.83009762172698e-08,0.00132670026369664,2.5749650740083e-16,1.59742739176295e-22,1.88157879056639,-4.07698073354056,-1.18593037622398,-0.504240690758478,-4.81124703551949,-4.42048377089494,-20.4076492256868,-10.1868955850124,-39.4573606781053,-53.7503127515303,-2.92972395409409,3.56183516073232,1.99219007909788
0.05564235453324,1.00224227191047,1.98164923949352,0.0267003955914873,0.0394660830497463,4.49869227620234e-09,0.000123567196701786,2.39829013762046e-17,1.48782381473867e-23,0.175247885966343,-4.07698073354056,-1.18593037622398,-0.504240690758478,-4.81124703551949,-4.42048377089494,-20.4076492256868,-10.1868955850124,-39.4573606781053,-53.7503127515303,-2.92972395409409,1.18817013799437,0.756049515304838
0.0609218318395414,1.09733737301383,2.16967277438376,0.0292337918464987,0.0432107177183829,4.92553876714395e-09,0.000135291542593739,2.62584553964664e-17,1.62899203329412e-23,0.191875817057647,-4.07698073354056,-1.18593037622398,-0.504240690758478,-4.81124703551949,-4.42048377089494,-20.4076492256868,-10.1868955850124,-39.4573606781053,-53.7503127515303,-2.92972395409409,1.27881705172525,0.992866342529493
0.0622517690086811,1.24522890200623,1.65760473703721,0.0302571048831789,0.0365955508159879,1.08858489640425e-08,0.000159771241820575,1.79344021828157e-17,1.98435492438315e-23,0.151749677112082,-3.93465870455857,-0.938771008277451,-0.652716747480075,-4.65611462823984,-4.46591898669643,-19.4938925296884,-9.89985788273097,-39.7179012742246,-53.4322536309892,-3.04361335513463,1.15809037832761,0.666956817184964
0.0178679310947665,0.357414167863348,0.475777117588566,0.00868460244245222,0.0105039068088798,3.12453127509391e-09,4.58586412119022e-05,5.14765552098113e-18,5.69563204725864e-24,0.0435562365129516,-3.93465870455857,-0.938771008277451,-0.652716747480075,-4.65611462823984,-4.46591898669643,-19.4938925296884,-9.89985788273097,-39.7179012742246,-53.4322536309892,-3.04361335513463,-0.0900890272895478,0.375214186717282
0.066379874547627,1.7619268786006,1.17117750223392,0.0484896988590715,0.0516099393649862,3.85222332044953e-09,0.000152989288775669,2.57562703893536e-17,1.28109170427103e-23,0.0753865799629139,-3.86770788134567,-0.588938491180084,-0.99733686385915,-4.18175041699732,-4.11938752043303,-20.5299618882378,-9.94048916576604,-39.3532000849021,-53.8670910492185,-3.74047252312746,1.15534651874136,0.543826379043899
0.21056956920033,3.5120627096577,2.46861977046853,0.0794333825005278,0.0926649315244518,8.51856041803685e-09,0.000618239546053942,3.69772092400445e-17,4.15523329833645e-23,0.104240996753989,-3.42483853359018,-0.610695816703936,-0.963240151069199,-4.39973591271389,-4.24566452683367,-20.447917823543,-9.25553390877832,-39.7031292656617,-53.401987911457,-4.12794913224717,1.86689934814248,1.71916691317207
0.612267835848633,6.24981086248244,3.52822965228793,0.112718794598641,0.541243940181435,1.8953352540143e-08,0.00149424974915418,8.96880688389787e-17,1.04216507882302e-22,0.119966401190851,-2.9034348751821,-0.580298221963667,-1.15205319303933,-4.59570852846664,-3.02673461894901,-20.1941344292697,-8.91898046138525,-39.3630433487548,-53.0284211133629,-4.53339298873214,2.41284942325126,0.848556224381797
0.556200836598322,5.67749900740074,3.2051402497627,0.102396833845145,0.491680788548087,1.72177434807742e-08,0.0013574173129876,8.1475093088934e-17,9.46731242073972e-23,0.108980757765197,-2.9034348751821,-0.580298221963667,-1.15205319303933,-4.59570852846664,-3.02673461894901,-20.1941344292697,-8.91898046138525,-39.3630433487548,-53.0284211133629,-4.53339298873214,2.31680904213089,1.1326973434859
0.121054415365089,2.43495436254583,2.31536707433411,0.0735988998077788,0.24306014283692,3.2689368184481e-09,0.000605971485427906,2.72292651416434e-17,3.1355827572809e-23,0.0793255406974292,-3.77315952840692,-0.771716393613731,-0.822076169296063,-4.27076960931458,-3.07609077257017,-21.2004454445688,-9.07032203444302,-39.8038837623492,-53.4782865022549,-4.19583953299797,1.66164440769167,0.821826990374439
0.116827486803208,1.41342099147491,1.55254650164022,0.0867216101544134,0.1054561275464,1.73084227230153e-09,0.000784431142983355,9.37085830007165e-18,2.05986295924314e-23,0.030699378858056,-3.34293398507293,-0.849864080095452,-0.755980593893643,-3.64092925520231,-3.44533734621535,-21.3705347653317,-8.34642884251166,-40.404804061994,-53.4326947639316,-4.67938993824817,1.19587708101789,0.371296667019674
0.0392559154081755,0.698934434326356,0.936892071163036,0.007765093525427,0.0693233213073066,4.01022051256733e-10,0.000485262091353123,1.0510455973523e-18,4.87068886749251e-24,0.0098369593654172,-3.80438245181259,-0.924927657134157,-0.631916505642537,-5.42484609470831,-3.23570321933718,-22.2037340162082,-8.19755073518424,-41.9634755149475,-54.2455361702748,-5.18833793998963,0.566729316739419,0.445298966503987
0.0563012937982393,1.0024199543827,1.34370158503056,0.0111367881095144,0.0994243196066081,5.75150524261517e-10,0.000695968576718767,1.50742190970673e-18,6.98559903844197e-24,0.0141082823710781,-3.80438245181259,-0.924927657134157,-0.631916505642537,-5.42484609470831,-3.23570321933718,-22.2037340162082,-8.19755073518424,-41.9634755149475,-54.2455361702748,-5.18833793998963,0.927344688142587,0.555977052447817
0.0244987487158075,0.222978487178839,0.387761069396414,0.00771758006929589,0.0180921643581187,2.59855149515395e-10,0.000318733591367993,8.82508109332099e-19,2.82860444467454e-24,0.00731231632875659,-3.30668223032415,-1.09822897698985,-0.544914924330841,-4.46180342137579,-3.60982533759773,-21.6684457521732,-7.64870393564213,-41.1690679698291,-53.8198077656846,-4.51574417893886,-0.402451005235747,0.843208211157492
0.0167689377746744,0.152624626668397,0.265415238940514,0.00528253999640341,0.0123837499559608,1.77866016064761e-10,0.000218167214266731,6.04060384581469e-19,1.93612712519106e-24,0.00500514450464712,-3.30668223032415,-1.09822897698985,-0.544914924330841,-4.46180342137579,-3.60982533759773,-21.6684457521732,-7.64870393564213,-41.1690679698291,-53.8198077656846,-4.51574417893886,-0.781544815635517,0.257290215255802
0.0089383657606351,0.0813536763970134,0.141474583302444,0.00281575823510709,0.0066009241659778,9.48081225738049e-11,0.000116289915574736,3.21982986128883e-19,1.03201601893837e-24,0.00266789780417308,-3.30668223032415,-1.09822897698985,-0.544914924330841,-4.46180342137579,-3.60982533759773,-21.6684457521732,-7.64870393564213,-41.1690679698291,-53.8198077656846,-4.51574417893886,-1.41072027700648,1.73351452465847
0.00634989734154923,0.0577944008236632,0.100504846687449,0.00200034057794939,0.00468935730935364,6.73525632772834e-11,8.26134268312303e-05,2.28739678191308e-19,7.33153682740696e-25,0.00189529916630308,-3.30668223032415,-1.09822897698985,-0.544914924330841,-4.46180342137579,-3.60982533759773,-21.6684457521732,-7.64870393564213,-41.1690679698291,-53.8198077656846,-4.51574417893886,-1.75263440256923,0.285369674708631
0.0454107900684406,0.413312099671577,0.718752485008058,0.0143052778910723,0.0335355689827595,4.81666544676746e-10,0.000590803406870857,1.63581376957095e-18,5.24309074368741e-24,0.0135540825195264,-3.30668223032415,-1.09822897698985,-0.544914924330841,-4.46180342137579,-3.60982533759773,-21.6684457521732,-7.64870393564213,-41.1690679698291,-53.8198077656846,-4.51574417893886,0.214676694856803,0.117303892338406
0.41994333159814,3.82216781219426,6.64677519800507,0.132290278322841,0.310125380871685,4.45428615503194e-09,0.0054635462326674,1.51274418091473e-17,4.84862956900118e-23,0.125343482494523,-3.30668223032415,-1.09822897698985,-0.544914924330841,-4.46180342137579,-3.60982533759773,-21.6684457521732,-7.64870393564213,-41.1690679698291,-53.8198077656846,-4.51574417893886,2.43904672874993,0.130036529026244
0.108794703873153,0.99020887818049,1.72197981243425,0.0342724376659544,0.0803441713125496,1.15397175461455e-09,0.00141544072677201,3.91906580757292e-18,1.25613428874467e-23,0.0324727315195727,-3.30668223032415,-1.09822897698985,-0.544914924330841,-4.46180342137579,-3.60982533759773,-21.6684457521732,-7.64870393564213,-41.1690679698291,-53.8198077656846,-4.51574417893886,1.0883896069426,0.53898992276154
0.0695436633622128,0.632960525015515,1.10072255476771,0.0219076001201536,0.0513575367546425,7.37640899560551e-10,0.00090477688625879,2.50514210263377e-18,8.02945152698267e-24,0.0207571934005324,-3.30668223032415,-1.09822897698985,-0.544914924330841,-4.46180342137579,-3.60982533759773,-21.6684457521732,-7.64870393564213,-41.1690679698291,-53.8198077656846,-4.51574417893886,0.640881756462477,0.146984589346564
0.00578501240354141,0.0526530284879478,0.0915639660657992,0.00182239088796373,0.00427219350803391,6.13608997140621e-11,7.52641614834558e-05,2.08391065924846e-19,6.6793255390208e-25,0.00172669392837931,-3.30668223032415,-1.09822897698985,-0.544914924330841,-4.46180342137579,-3.60982533759773,-21.6684457521732,-7.64870393564213,-41.1690679698291,-53.8198077656846,-4.51574417893886,-1.84580254392797,0.252105595220412
0.0387211061148919,0.352425087646168,0.61286956691117,0.0121978979530723,0.0285952815013267,4.10709907498028e-10,0.000503769288664826,1.3948341013291e-18,4.4707055911238e-24,0.0115573648187488,-3.30668223032415,-1.09822897698985,-0.544914924330841,-4.46180342137579,-3.60982533759773,-21.6684457521732,-7.64870393564213,-41.1690679698291,-53.8198077656846,-4.51574417893886,0.0553117803592005,0.790857173584862
0.0348001845712676,0.316738319955043,0.550810040997742,0.0109627317693062,0.0256997067997188,3.69121185323853e-10,0.000452757319867206,1.25359239554065e-18,4.01799936379068e-24,0.0103870593896916,-3.30668223032415,-1.09822897698985,-0.544914924330841,-4.46180342137579,-3.60982533759773,-21.6684457521732,-7.64870393564213,-41.1690679698291,-53.8198077656846,-4.51574417893886,-0.0514503581195622,0.372200081570402
0.0499342876987672,0.454483290497192,0.79034945915947,0.0157302672062527,0.036876142150426,5.29646715692689e-10,0.000649655010354112,1.79876182000473e-18,5.76536988745285e-24,0.014904243132586,-3.30668223032415,-1.09822897698985,-0.544914924330841,-4.46180342137579,-3.60982533759773,-21.6684457521732,-7.64870393564213,-41.1690679698291,-53.8198077656846,-4.51574417893886,0.309634846366781,1.10182891065102
0.0837299229339272,0.762078576501393,1.32525970342273,0.0263765464895605,0.0618339958904018,8.88112772423733e-10,0.00108934294364496,3.0161677577951e-18,9.6673848493473e-24,0.02499146751443,-3.30668223032415,-1.09822897698985,-0.544914924330841,-4.46180342137579,-3.60982533759773,-21.6684457521732,-7.64870393564213,-41.1690679698291,-53.8198077656846,-4.51574417893886,0.82652336714622,0.397741666773912
0.0986717281626244,0.898073323182722,1.56175547067202,0.0310835043660618,0.0728684205110422,1.04659862314099e-09,0.00128373880023787,3.55441011602124e-18,1.1392552823093e-23,0.0294512547314157,-3.30668223032415,-1.09822897698985,-0.544914924330841,-4.46180342137579,-3.60982533759773,-21.6684457521732,-7.64870393564213,-41.1690679698291,-53.8198077656846,-4.51574417893886,0.99072541462774,1.1096419669657
0.526554738087665,4.79250513067551,8.33419823620947,0.165874935050728,0.388857201465206,5.58509994861589e-09,0.00685058182641892,1.8967859614388e-17,6.07955569403503e-23,0.15716454966609,-3.30668223032415,-1.09822897698985,-0.544914924330841,-4.46180342137579,-3.60982533759773,-21.6684457521732,-7.64870393564213,-41.1690679698291,-53.8198077656846,-4.51574417893886,2.66528224349043,0.551114308581684
0.196388419079106,1.78745425301855,3.10839481161131,0.0618661535128725,0.145031552314249,2.08306728620655e-09,0.00255505237603327,7.07441732746099e-18,2.267483786759e-23,0.0586174526817462,-3.30668223032415,-1.09822897698985,-0.544914924330841,-4.46180342137579,-3.60982533759773,-21.6684457521732,-7.64870393564213,-41.1690679698291,-53.8198077656846,-4.51574417893886,1.67902137953149,1.56469497602638
0.308519885577982,2.80803310196733,4.88318820481581,0.0971897359958534,0.227839900820047,3.27243166274897e-09,0.00401390504794487,1.11136819300939e-17,3.56214404963988e-23,0.0920861315501531,-3.30668223032415,-1.09822897698985,-0.544914924330841,-4.46180342137579,-3.60982533759773,-21.6684457521732,-7.64870393564213,-41.1690679698291,-53.8198077656846,-4.51574417893886,2.13071325153384,1.60911712042106
0.289130672746362,2.63155970755296,4.57629980045039,0.0910817586356834,0.213521095015167,3.06677271837621e-09,0.00376164753425263,1.0415232480452e-17,3.33827786679736e-23,0.0862988948534923,-3.30668223032415,-1.09822897698985,-0.544914924330841,-4.46180342137579,-3.60982533759773,-21.6684457521732,-7.64870393564213,-41.1690679698291,-53.8198077656846,-4.51574417893886,2.06580569209496,2.96810272314574
0.074295920876399,1.67489274812842,2.73997079113508,0.116961933469901,0.292180188889432,6.82478281280839e-10,0.0012981805902788,4.71468170054683e-18,2.35814880483703e-23,0.0819034377511992,-4.20543092267207,-1.08998256092628,-0.59778443301165,-3.75163844526703,-2.83611627498001,-22.71102210486,-8.25252323391832,-41.5015819611086,-53.7073119255471,-4.10794600720505,1.60573169318513,5.25776256876434
0.0479834973144906,1.08171768697209,1.76959084088797,0.0755390410987343,0.188702517494161,4.40773792029813e-10,0.000838420792589627,3.04494397603908e-18,1.52299379978493e-23,0.0528967585168008,-4.20543092267207,-1.08998256092628,-0.59778443301165,-3.75163844526703,-2.83611627498001,-22.71102210486,-8.25252323391832,-41.5015819611086,-53.7073119255471,-4.10794600720505,1.16853278953489,1.94712639535198
0.0285287401409532,0.591006698135444,1.98266473982352,0.0330237795401487,0.0778841174964896,3.5466530089362e-10,0.000540704719536596,3.63444131016875e-18,1.64369613887187e-23,0.0488677826264718,-4.57298533625218,-1.54206999050084,-0.331700294337982,-4.42666944731487,-3.56867529254416,-22.7759886479894,-8.53877929546972,-41.1722183344832,-53.4786517521053,-4.0347790040506,1.01614206242308,0.530180044148511
0.0647429603301939,1.34122723342186,4.49944806410155,0.0749439771317389,0.17674977249307,8.04875413102794e-10,0.00122707220979078,8.2479804016614e-18,3.73019465241338e-23,0.110900267462862,-4.57298533625218,-1.54206999050084,-0.331700294337982,-4.42666944731487,-3.56867529254416,-22.7759886479894,-8.53877929546972,-41.1722183344832,-53.4786517521053,-4.0347790040506,1.83565503116996,7.74639557340751
0.076791759877604,0.902268941375328,3.56406787582773,0.0987941379522533,0.170739305160833,8.35280229701177e-10,0.000689951736868997,6.57385955117128e-18,3.02378208043353e-23,0.0685108328720047,-4.15218480733956,-1.68836951168509,-0.314624315222099,-3.90024387794998,-3.35314428647721,-22.4887807124421,-8.86441577888037,-41.1489574326613,-53.4384756159855,-4.26629027159492,1.58552686949435,3.1262930303439
0.323237541918843,1.89518670167072,4.12233015437174,0.290621268325654,0.268110767751285,2.59889013646832e-09,0.00136997844820021,8.29227013959595e-18,4.67059353090211e-23,0.165457674720416,-3.08470680096692,-1.31602164182277,-0.538920423877513,-3.19107334170589,-3.27169407016972,-21.7235203524564,-8.54829926931971,-41.286546900323,-53.3735099796596,-3.75437885755629,1.95533899881315,4.00980050488137
0.661314901942544,3.87738132253482,8.43391626365485,0.594584943395754,0.548530486380504,5.31709517884378e-09,0.00280285253302166,1.69652379537796e-17,9.55561375874312e-23,0.338511502357749,-3.08470680096692,-1.31602164182277,-0.538920423877513,-3.19107334170589,-3.27169407016972,-21.7235203524564,-8.54829926931971,-41.286546900323,-53.3735099796596,-3.75437885755629,2.67118165072656,4.42619862106482
0.128485851433775,0.730237696580876,0.955889482134877,0.184344627495617,0.140453249171376,8.08612045230372e-10,0.000592848271020835,2.80900163005867e-18,1.02580484688042e-23,0.0457929681297273,-2.83391688178906,-1.09636558159148,-0.827093372581272,-2.47292869319146,-2.74486098719821,-21.7176822579376,-8.21255245395638,-41.1956829409787,-53.7159600134315,-3.86560512944142,0.781980395506399,1.97052312268733
0.207560229637982,1.17964976144288,1.5441750060917,0.297796316003244,0.226892753763144,1.30625823717689e-09,0.000957706408140891,4.5377527321672e-18,1.65711856368868e-23,0.0739754523532888,-2.83391688178906,-1.09636558159148,-0.827093372581272,-2.47292869319146,-2.74486098719821,-21.7176822579376,-8.21255245395638,-41.1956829409787,-53.7159600134315,-3.86560512944142,1.261583163675,1.34309017555094
0.0678760709778498,1.13803991291745,3.32304827804293,0.166948736031346,0.242580680132869,1.59636110368167e-10,0.000515258718546317,3.08547931352648e-18,6.23894347531361e-24,0.0459330309708332,-4.29649348418566,-1.4771143540608,-0.405539244294334,-3.39649024557479,-3.02284268437099,-24.1645459630774,-9.17726317934712,-41.926246421564,-55.0376531406771,-4.68699255374257,1.60642176201233,2.63732494580479
0.0812209121016675,0.605135825805189,1.86673999121697,0.115867181347365,0.200312637138318,1.28120373689493e-10,0.000360069937112466,2.01614618200048e-18,3.36793971140034e-24,0.0310075068984395,-3.57551535102491,-1.56723516493677,-0.440739234940409,-3.22024355651156,-2.67280877149653,-23.8429836987281,-8.99414509987621,-41.8102766396506,-55.1126738603038,-4.53845877004935,1.06493282425101,1.26860860740916
0.0249356487942138,0.528563757512796,0.982471465749139,0.0975094009401209,0.0591597049275232,1.79583673048298e-10,0.000144838213383685,1.44939925551336e-18,5.24244224856834e-24,0.0201324524578423,-4.22965474297564,-1.1757897643962,-0.555881900227106,-2.86600440779989,-3.36571255092655,-22.9785777935684,-9.37809113031802,-41.6135804319236,-54.1434526862058,-4.44362013783268,0.538197922072129,0.448044002889292
0.00827847877969592,0.175479847602818,0.326174355758023,0.0323725086588069,0.0196406504557932,5.96206514929408e-11,4.80853771193688e-05,4.81191449201785e-19,1.7404578989188e-24,0.00668384776473749,-4.22965474297564,-1.1757897643962,-0.555881900227106,-2.86600440779989,-3.36571255092655,-22.9785777935684,-9.37809113031802,-41.6135804319236,-54.1434526862058,-4.44362013783268,-0.564441306747278,1.02449309072361
0.00502671566876245,0.106551858496101,0.198053988959742,0.0196566785810315,0.0119258583633705,3.62018277773974e-11,2.91975766365571e-05,2.92180805404682e-19,1.05681094608518e-24,0.00405845121799816,-4.22965474297564,-1.1757897643962,-0.555881900227106,-2.86600440779989,-3.36571255092655,-22.9785777935684,-9.37809113031802,-41.6135804319236,-54.1434526862058,-4.44362013783268,-1.06333371371477,1.3158184073797
0.016234442721549,0.34412331184338,0.639641537619099,0.063483841845827,0.0385161360346269,1.16918588238398e-10,9.42974333041841e-05,9.43636533722257e-19,3.41311064764275e-24,0.0131073046852903,-4.22965474297564,-1.1757897643962,-0.555881900227106,-2.86600440779989,-3.36571255092655,-22.9785777935684,-9.37809113031802,-41.6135804319236,-54.1434526862058,-4.44362013783268,0.109034543215347,1.75094303094852
0.056726375291578,0.690711720170851,1.29114556679547,0.206047952193551,0.0627543779274611,2.03816679077575e-10,0.000111780826052197,4.23704188043506e-18,6.88374576711692e-24,0.0209223665879838,-3.71470598980993,-1.21522272058397,-0.589660125514979,-2.42483634573566,-3.61371692172879,-23.158990144162,-9.94416050026114,-40.8478563039356,-54.1780692712654,-4.71212650665618,0.84518998609319,1.98272983603053
0.0492115207667466,0.599209344618034,1.1201004214821,0.178751648174213,0.0544409607824884,1.76815964063979e-10,9.6972606028795e-05,3.67573766906207e-18,5.97181815390507e-24,0.0181506657624732,-3.71470598980993,-1.21522272058397,-0.589660125514979,-2.42483634573566,-3.61371692172879,-23.158990144162,-9.94416050026114,-40.8478563039356,-54.1780692712654,-4.71212650665618,0.703078468840171,0.681019146649036
0.0457909227390667,0.557559457143863,1.04224439848526,0.166326965383219,0.050656874451155,1.64525826947382e-10,9.02322269518449e-05,3.42024422311357e-18,5.55672857567944e-24,0.0168890479432949,-3.71470598980993,-1.21522272058397,-0.589660125514979,-2.42483634573566,-3.61371692172879,-23.158990144162,-9.94416050026114,-40.8478563039356,-54.1780692712654,-4.71212650665618,0.631036588834848,0.200352516952797
0.00181859414499237,0.0221435669690464,0.0413929103708432,0.00660570321161507,0.00201184622999282,6.53417069779354e-12,3.58358796478781e-06,1.35835570600801e-19,2.2068640351772e-25,0.000670751360028117,-3.71470598980993,-1.21522272058397,-0.589660125514979,-2.42483634573566,-3.61371692172879,-23.158990144162,-9.94416050026114,-40.8478563039356,-54.1780692712654,-4.71212650665618,-2.59498553438143,0.332704861472847
0.0131188150883397,0.159737323065233,0.298596549768167,0.0476516430014095,0.0145128800453495,4.71356280212596e-11,2.58509728475169e-05,9.79878736571269e-19,1.59196823999005e-24,0.00483860738620061,-3.71470598980993,-1.21522272058397,-0.589660125514979,-2.42483634573566,-3.61371692172879,-23.158990144162,-9.94416050026114,-40.8478563039356,-54.1780692712654,-4.71212650665618,-0.619001823123508,0.531510849838884
0.0139826110851489,0.177574039495198,0.439721755612688,0.0723411170244751,0.0209122738395623,5.67205609704067e-11,2.30672342566099e-05,1.44212980663804e-18,2.86931909887309e-24,0.00603139218295818,-3.95603281070939,-1.41445965711558,-0.507705149703409,-2.31245463525941,-3.55351105132671,-23.2789763675777,-10.3631894018046,-40.766502644602,-53.8940595020062,-4.79686944277189,-0.313907976006473,0.488040562066991
0.0272392352101289,0.345928310497016,0.856612849717777,0.140926232589422,0.0407387677756035,1.10496150691365e-10,4.49368015556336e-05,2.80938322372947e-18,5.58966114062427e-24,0.011749630259732,-3.95603281070939,-1.41445965711558,-0.507705149703409,-2.31245463525941,-3.55351105132671,-23.2789763675777,-10.3631894018046,-40.766502644602,-53.8940595020062,-4.79686944277189,0.352935936627968,0.846564168448067
0.0336365153490276,0.427171425186317,1.05779296097829,0.174023512371305,0.0503064853698613,1.36446762916328e-10,5.54904498456777e-05,3.46918190607417e-18,6.90242296826889e-24,0.0145090937953322,-3.95603281070939,-1.41445965711558,-0.507705149703409,-2.31245463525941,-3.55351105132671,-23.2789763675777,-10.3631894018046,-40.766502644602,-53.8940595020062,-4.79686944277189,0.563889774933477,0.321571750374765
0.0303432175878398,0.385347749826016,0.954226133260187,0.15698514684088,0.0453810573365861,1.23087477206411e-10,5.00574680891606e-05,3.12951981902751e-18,6.22661770508103e-24,0.0130885314803238,-3.95603281070939,-1.41445965711558,-0.507705149703409,-2.31245463525941,-3.55351105132671,-23.2789763675777,-10.3631894018046,-40.766502644602,-53.8940595020062,-4.79686944277189,0.4608505510411,0.285426669582678
0.329181564685879,4.1804853051163,10.3520218546838,1.70306975916204,0.492321139573008,1.33532735026366e-09,0.000543053669970947,3.39509225664914e-17,6.7550112407354e-23,0.141992300574611,-3.95603281070939,-1.41445965711558,-0.507705149703409,-2.31245463525941,-3.55351105132671,-23.2789763675777,-10.3631894018046,-40.766502644602,-53.8940595020062,-4.79686944277189,2.84488699861543,0.249205544990326
0.0145523229372115,0.184809171353116,0.457637915495613,0.075288605981245,0.0217643300247357,5.9031601136202e-11,2.40070928188102e-05,1.50088839171569e-18,2.98622752806582e-24,0.00627713710070949,-3.95603281070939,-1.41445965711558,-0.507705149703409,-2.31245463525941,-3.55351105132671,-23.2789763675777,-10.3631894018046,-40.766502644602,-53.8940595020062,-4.79686944277189,-0.273971835356252,0.14122539461085
0.0120848019489999,0.153472558559723,0.380039915069214,0.0625225193410929,0.0180739266876112,4.9022084758659e-11,1.99364021358209e-05,1.24639475358651e-18,2.47987681465252e-24,0.00521277317690762,-3.95603281070939,-1.41445965711558,-0.507705149703409,-2.31245463525941,-3.55351105132671,-23.2789763675777,-10.3631894018046,-40.766502644602,-53.8940595020062,-4.79686944277189,-0.459773842418748,0.252121898279994
0.0307438693381946,0.39043588031238,0.966825732146437,0.159057978229952,0.0459802686760632,1.24712723871395e-10,5.07184267416237e-05,3.17084198895343e-18,6.30883394583104e-24,0.0132613524091519,-3.95603281070939,-1.41445965711558,-0.507705149703409,-2.31245463525941,-3.55351105132671,-23.2789763675777,-10.3631894018046,-40.766502644602,-53.8940595020062,-4.79686944277189,0.473968134987094,0.995373553034727
0.131023741976179,2.50972998561048,7.86139059874852,1.12462438933025,0.773121179714974,1.40683157504623e-09,0.000299420247789234,2.56522250642806e-17,5.83817775466717e-23,0.186622553012943,-4.56502632457119,-1.61247441692519,-0.470686077075419,-2.4152004850718,-2.78996906603076,-22.914575359821,-10.6463120492071,-40.7345509477212,-53.7276880078525,-4.21131672382295,2.53264958882824,0.632992131483554
0.009478917522757,0.181566509849162,0.568732597434612,0.0813609935860366,0.0559314807155118,1.01777283011028e-10,2.16615690456591e-05,1.85581118347028e-18,4.22363188419289e-24,0.0135012155905122,-4.56502632457119,-1.61247441692519,-0.470686077075419,-2.4152004850718,-2.78996906603076,-22.914575359821,-10.6463120492071,-40.7345509477212,-53.7276880078525,-4.21131672382295,-0.09365883002685,0.280568996969434
0.0309419650814063,0.592686305605868,1.85650989453497,0.265586130112824,0.182576746669207,3.32230882845754e-10,7.07097104084e-05,6.05791164431601e-18,1.37871724238191e-23,0.0440719249170828,-4.56502632457119,-1.61247441692519,-0.470686077075419,-2.4152004850718,-2.78996906603076,-22.914575359821,-10.6463120492071,-40.7345509477212,-53.7276880078525,-4.21131672382295,1.08938440136762,0.178000781513996
0.39770187076589,16.3062635993935,55.2382267459661,10.2436372653435,3.99012353634954,8.30279109060332e-09,0.00138127381360869,9.32400029241493e-17,3.57879987245976e-22,2.45147877925253,-5.40650963161474,-1.6929077048963,-0.472801781677602,-2.15780025056182,-3.10063481688411,-23.0911311114933,-11.0692061610228,-41.3958118371614,-53.8663015416131,-3.58776558295585,4.48445700879769,0.234546160511137
0.263438588709341,10.8013046593774,36.5899221664208,6.78540772070202,2.64306655426978,5.49978697119225e-09,0.000914958794077293,6.17623817918922e-17,2.37060486001322e-22,1.62386490315844,-5.40650963161474,-1.6929077048963,-0.472801781677602,-2.15780025056182,-3.10063481688411,-23.0911311114933,-11.0692061610228,-41.3958118371614,-53.8663015416131,-3.58776558295586,4.07257463352473,0.331170740605586
0.777382105465601,31.8736180565657,107.973364387926,20.0230898829396,7.79943687411313,1.62293458837001e-08,0.00269995598305775,1.82254887680581e-16,6.99542844627577e-22,4.7918701796638,-5.40650963161474,-1.6929077048963,-0.472801781677602,-2.15780025056182,-3.10063481688411,-23.0911311114933,-11.0692061610228,-41.3958118371614,-53.8663015416131,-3.58776558295586,5.1546863523469,0.227736590008989
0.128254393898744,5.25858716899136,17.8137087404239,3.30345815637009,1.28677009929599,2.67755702768635e-09,0.000445445316692696,3.00688554447191e-17,1.15412282985569e-22,0.790574417925601,-5.40650963161474,-1.6929077048963,-0.472801781677602,-2.15780025056182,-3.10063481688411,-23.0911311114933,-11.0692061610228,-41.3958118371614,-53.8663015416131,-3.58776558295586,3.35277009651566,0.215426014045465
0.773394816157101,31.7101343133632,107.419555600202,19.9203889696409,7.75943259431067,1.61461035542574e-08,0.00268610757369898,1.81320079739979e-16,6.95954802549413e-22,4.76729208273983,-5.40650963161474,-1.6929077048963,-0.472801781677602,-2.15780025056182,-3.10063481688411,-23.0911311114933,-11.0692061610228,-41.3958118371614,-53.8663015416131,-3.58776558295586,5.14954402911602,0.168413262766766
0.184445465052464,6.90775423224776,30.7341600578306,5.83248229804795,2.3988259197875,3.74654366136912e-09,0.000476860042163191,5.70727525719147e-17,1.42896240834486e-22,0.610354253817245,-5.53347084096295,-1.91042481701111,-0.41769465793479,-2.07962670954193,-2.96808998182889,-23.2455015116802,-11.4913569221825,-41.2452742584005,-54.1429928529309,-4.33678514581544,3.84306939939684,0.4871363917158
0.11278131597461,4.22382633544546,18.7927581505487,3.5663388567746,1.46678989342831,2.2908675166687e-09,0.000291581596086275,3.48977956141288e-17,8.73755615761765e-23,0.373208178019611,-5.53347084096295,-1.91042481701111,-0.41769465793479,-2.07962670954193,-2.96808998182889,-23.2455015116802,-11.4913569221825,-41.2452742584005,-54.1429928529309,-4.33678514581544,3.35116624880223,0.23015885309033
0.03007506752748,1.12635555956333,5.01141049402715,0.95102527414664,0.391144621006309,6.10899018733143e-10,7.77552213882603e-05,9.30609428153335e-18,2.33001884394273e-23,0.0995223460442197,-5.53347084096295,-1.91042481701111,-0.41769465793479,-2.07962670954193,-2.96808998182889,-23.2455015116802,-11.4913569221825,-41.2452742584005,-54.1429928529309,-4.33678514581544,2.02941206914178,0.801114993095535
0.0579098877750916,2.16881056009481,9.64952843543442,1.83121008279652,0.753153457946835,1.17629307347108e-09,0.000149718571384995,1.79189913696987e-17,4.48647803178777e-23,0.191631419788786,-5.53347084096295,-1.91042481701111,-0.41769465793479,-2.07962670954193,-2.96808998182889,-23.2455015116802,-11.4913569221825,-41.2452742584005,-54.1429928529309,-4.33678514581544,2.6846037052973,0.977013661957809
0.0139007113465327,0.520602106470621,2.31627645234063,0.439564360315745,0.180787240673346,2.82357833894481e-10,3.5938502456108e-05,4.3012814602333e-18,1.07693588225648e-23,0.0459992784264368,-5.53347084096295,-1.91042481701111,-0.41769465793479,-2.07962670954193,-2.96808998182889,-23.2455015116802,-11.4913569221825,-41.2452742584005,-54.1429928529309,-4.33678514581544,1.25765557681756,0.509802565061302
0.0249236334580325,0.933426769011345,4.15302669384683,0.788128083852114,0.324147074786607,5.06260649585061e-10,6.44368507421786e-05,7.71209183776236e-18,1.93091954203181e-23,0.0824755745410439,-5.53347084096295,-1.91042481701111,-0.41769465793479,-2.07962670954193,-2.96808998182889,-23.2455015116802,-11.4913569221825,-41.2452742584005,-54.1429928529309,-4.33678514581544,1.84153205016854,1.7873082177453
0.0134621123539763,0.5041759284335,2.2431926731618,0.425695107096104,0.175082992908632,2.73448803385231e-10,3.48045611362512e-05,4.16556626781396e-18,1.04295611091741e-23,0.0445478967904035,-5.53347084096295,-1.91042481701111,-0.41769465793479,-2.07962670954193,-2.96808998182889,-23.2455015116802,-11.4913569221825,-41.2452742584005,-54.1429928529309,-4.33678514581544,1.22559480954374,0.700607075343366
0.0390198951806912,1.46135252498409,6.50188771831296,1.2338760828212,0.507477567530377,7.92590595355236e-10,0.000100880923560658,1.20738822306973e-17,3.02300538399818e-23,0.129121954829649,-5.53347084096295,-1.91042481701111,-0.41769465793479,-2.07962670954193,-2.96808998182889,-23.2455015116802,-11.4913569221825,-41.2452742584005,-54.1429928529309,-4.33678514581544,2.28978721087517,2.49016973467306
0.0154279744854078,1.06072984387527,3.96594193455377,0.590066096071724,0.42624031453021,2.7578928556356e-10,3.91348908947233e-05,1.61567998969535e-17,2.11235910841817e-23,0.0531149920711705,-5.98175499974087,-1.75122490416612,-0.432438718136527,-2.33770282843527,-2.66293408047087,-23.8215661072155,-11.9586782459506,-40.4743727739068,-54.0218338623965,-4.74547816134535,1.81018210731852,2.31268851065034
0.00638299361914165,0.502558717786549,1.90502175177775,0.336978472710668,0.0983091925799668,1.12489263870997e-10,1.78915409200624e-05,3.51989626530896e-18,1.99014010014115e-23,0.0183370487164228,-6.10759563171706,-1.74152035390284,-0.408984132574356,-2.14121378921084,-3.37311529998093,-23.9616408904397,-11.984660090458,-41.2415777141436,-53.3247296598676,-5.05230930503442,1.05347755934387,1.36971221426044
0.0105596177743761,0.831401108265583,3.15154655494557,0.557475705340936,0.162636461712707,1.86095067780812e-10,2.95986248433498e-05,5.82309201369918e-18,3.29236092480617e-23,0.0303356445437866,-6.10759563171706,-1.74152035390284,-0.408984132574356,-2.14121378921084,-3.37311529998093,-23.9616408904397,-11.984660090458,-41.2415777141436,-53.3247296598676,-5.05230930503442,1.55687743474964,1.73901068377186
0.00670620596791497,0.528006523826208,2.00148535359146,0.354041877462356,0.103287224352471,1.18185324584342e-10,1.87975056301956e-05,3.69813143319903e-18,2.0909137957666e-23,0.0192655723745747,-6.10759563171706,-1.74152035390284,-0.408984132574356,-2.14121378921084,-3.37311529998093,-23.9616408904397,-11.984660090458,-41.2415777141436,-53.3247296598676,-5.05230930503442,1.10287371428209,0.160484404019975
0.135804336728649,10.6924207368047,40.531172501566,7.16954155195587,2.09162275403414,2.39331742762245e-09,0.000380659764474165,7.48891830677109e-17,4.23421473407489e-22,0.390138371911704,-6.10759563171706,-1.74152035390284,-0.408984132574356,-2.14121378921084,-3.37311529998093,-23.9616408904397,-11.984660090458,-41.2415777141436,-53.3247296598676,-5.05230930503442,4.11105550202302,0.0658369664850101
0.000274208775922714,0.0215895579811138,0.0818383526335665,0.0144763507576126,0.00422329160387412,4.83245718090833e-12,7.6860762015319e-07,1.51212190372689e-19,8.54949751379811e-25,0.000787746311932179,-6.10759563171706,-1.74152035390284,-0.408984132574356,-2.14121378921084,-3.37311529998093,-23.9616408904397,-11.984660090458,-41.2415777141436,-53.3247296598676,-5.05230930503442,-2.09402515407787,0.15722865390103
7.02284520746494e-05,0.00552936802583174,0.0209598719313586,0.00370758266935759,0.00108164018821753,1.23765545573884e-12,1.9685045905078e-07,3.87274186573963e-20,2.18963807554918e-25,0.000201752128203597,-6.10759563171706,-1.74152035390284,-0.408984132574356,-2.14121378921084,-3.37311529998093,-23.9616408904397,-11.984660090458,-41.2415777141436,-53.3247296598676,-5.05230930503442,-3.45616139711871,0.319529019302025
0.00039429271725672,0.0296597279015283,0.0752793410009522,0.00664972811915889,0.0091687366539045,1.172202066058e-11,1.8966228547119e-06,2.41568232618994e-19,4.90362191038635e-25,0.00137897817102892,-5.73903965124441,-1.41858778017122,-0.487172201652439,-2.91380197342381,-2.59257843561755,-23.0701745992652,-11.0760583621465,-40.7677576469003,-53.8752758913344,-4.48703517379858,-2.09937733606336,0.233443330749022
0.0817593613481672,6.15015267809397,15.6096995292495,1.37886778113479,1.90120187460801,2.43064322766844e-09,0.000393278055954101,5.00908679174895e-17,1.01680040776669e-22,0.285940798909002,-5.73903965124441,-1.41858778017122,-0.487172201652439,-2.91380197342381,-2.59257843561755,-23.0701745992652,-11.0760583621465,-40.7677576469003,-53.8752758913344,-4.48703517379858,3.23506468738783,0.393951056259018
0.00861886113962252,0.648333243385318,1.64553429057392,0.145356687473276,0.200419801297822,2.56232144109182e-10,4.14583589895554e-05,5.28045018729455e-18,1.07188478196803e-23,0.0301431420122592,-5.73903965124441,-1.41858778017122,-0.487172201652439,-2.91380197342381,-2.59257843561755,-23.0701745992652,-11.0760583621465,-40.7677576469003,-53.8752758913344,-4.48703517379858,0.985237329836213,0.305568206733157
0.0207989815696621,1.56455371095131,3.97099301490694,0.350773845268866,0.483651805715402,6.18337800847234e-10,0.000100047051526109,1.27427492270596e-17,2.58666562365928e-23,0.0727412409839735,-5.73903965124441,-1.41858778017122,-0.487172201652439,-2.91380197342381,-2.59257843561755,-23.0701745992652,-11.0760583621465,-40.7677576469003,-53.8752758913344,-4.48703517379858,1.8661883947738,0.948807497071793
0.00698854822805958,0.525696848557306,1.33427091634351,0.117861536950398,0.162509109328717,2.07764189221472e-10,3.36162442532871e-05,4.28161913760577e-18,8.69130894715267e-24,0.0244413732029506,-5.73903965124441,-1.41858778017122,-0.487172201652439,-2.91380197342381,-2.59257843561755,-23.0701745992652,-11.0760583621465,-40.7677576469003,-53.8752758913344,-4.48703517379858,0.775557214241535,1.77020970411228
0.00362967959718423,0.273033978337773,0.692987407988889,0.0612143755757435,0.0844032235649039,1.07907595974635e-10,1.74594482170436e-05,2.22376738623384e-18,4.51405152097863e-24,0.0126942464653417,-5.73903965124441,-1.41858778017122,-0.487172201652439,-2.91380197342381,-2.59257843561755,-23.0701745992652,-11.0760583621465,-40.7677576469003,-53.8752758913344,-4.48703517379858,0.12042875140492,2.25333513170605
0.0085780582052828,0.645263940105968,1.63774409340931,0.144668547906025,0.199470984991322,2.5501910410512e-10,4.12620891260224e-05,5.25545177291174e-18,1.06681032448811e-23,0.0300004400213123,-5.73903965124441,-1.41858778017122,-0.487172201652439,-2.91380197342381,-2.59257843561755,-23.0701745992652,-11.0760583621465,-40.7677576469003,-53.8752758913344,-4.48703517379858,0.980491943748113,2.50553944287535
0.0100063979207011,0.752707383659782,1.91044624537974,0.168757429981786,0.232685067143532,2.9748255047803e-10,4.81326744297605e-05,6.13054148553367e-18,1.24444581247608e-23,0.0349958386228366,-5.73903965124441,-1.41858778017122,-0.487172201652439,-2.91380197342381,-2.59257843561755,-23.0701745992652,-11.0760583621465,-40.7677576469003,-53.8752758913344,-4.48703517379858,1.13450905274673,2.41530256003685
0.0150202045813924,1.12985901441169,2.86769461646056,0.253315043339674,0.349274268245971,4.46539184528187e-10,7.22500366979113e-05,9.20231116503288e-18,1.86798794551019e-23,0.0525308567356645,-5.73903965124441,-1.41858778017122,-0.487172201652439,-2.91380197342381,-2.59257843561755,-23.0701745992652,-11.0760583621465,-40.7677576469003,-53.8752758913344,-4.48703517379858,1.54068063910419,5.83826550268136
0.0454506892700806,1.85957585010277,2.24336007011314,0.256617398753337,0.264634353834876,7.87878385307779e-10,0.000202610147153206,1.25716231623938e-17,1.81554456824995e-23,0.0488709413173336,-4.64266315586186,-0.931187438705103,-0.743561089602221,-2.91170488698345,-2.88094206548819,-22.5132132341936,-10.055762745585,-40.4666253926095,-53.9146075413918,-4.57010816907192,1.55153586284653,3.48055895731224
0.0171632544748381,0.802372166095112,1.12535316751151,0.156893649222038,0.109568339839681,5.52869777428351e-10,0.00010436026131973,1.31656189872985e-17,1.83994794086656e-23,0.0105282217934925,-4.86338466051237,-1.01858284357095,-0.680303199250107,-2.65058720897738,-3.00960692859384,-22.1142987383103,-9.96606170599565,-39.6673229767234,-53.1481199729684,-5.35209594992874,0.798400112318719,0.976892596478269
0.0927055997559012,0.819700546663389,3.00568271583765,0.195830924609035,0.276969509603603,4.092017015442e-10,0.000151126194489652,1.41920295324289e-17,2.00514903165343e-23,0.0152137536428874,-3.8613513364287,-1.68184112790192,-0.382520200012122,-3.11352855706154,-2.76687278797175,-23.0998378591235,-10.2804202805613,-40.2768761028921,-53.7467636863503,-5.6685803508137,1.48302493548521,1.06762285300311
0.0604664632437391,0.534642924550409,1.96043177475879,0.127729106289568,0.180651079505223,2.66898436673162e-10,9.85708145822445e-05,9.25663427383249e-18,1.30784192691632e-23,0.00992304540253398,-3.8613513364287,-1.68184112790192,-0.382520200012122,-3.11352855706154,-2.76687278797175,-23.0998378591235,-10.2804202805613,-40.2768761028921,-53.7467636863503,-5.6685803508137,1.05568494223783,1.50924974592782
0.0731829307437073,0.647081605587987,2.37272258212971,0.1545913195198,0.218643107782157,3.23028812317351e-10,0.000119300860509154,1.12033611466742e-17,1.58288909300718e-23,0.0120099226166581,-3.8613513364287,-1.68184112790192,-0.382520200012122,-3.11352855706154,-2.76687278797175,-23.0998378591235,-10.2804202805613,-40.2768761028921,-53.7467636863503,-5.6685803508137,1.24655826466025,0.317274592831106
0.0704944430029537,0.62331006560986,2.28555696154797,0.148912169161482,0.210610916273851,3.11161851087459e-10,0.000114918159547594,1.07917884098081e-17,1.5247392228356e-23,0.0115687196012259,-3.8613513364287,-1.68184112790192,-0.382520200012122,-3.11352855706154,-2.76687278797175,-23.0998378591235,-10.2804202805613,-40.2768761028921,-53.7467636863503,-5.6685803508137,1.20912994150498,0.535034483858248
0.118990048113725,1.05210696811348,3.85787192913712,0.251354084356711,0.355497568221811,5.25221025301257e-10,0.000193974400693342,1.82158389713413e-17,2.57366092641499e-23,0.0195272484372475,-3.8613513364287,-1.68184112790192,-0.382520200012122,-3.11352855706154,-2.76687278797175,-23.0998378591235,-10.2804202805613,-40.2768761028921,-53.7467636863503,-5.6685803508137,1.73263591776454,0.987243948406644
0.0403627132897307,0.356886080619999,1.30863194908064,0.0852620282277417,0.120588626097702,1.78160661282461e-10,6.57982179589494e-05,6.17900990366397e-18,8.730136656352e-24,0.00662385420045104,-3.8613513364287,-1.68184112790192,-0.382520200012122,-3.11352855706154,-2.76687278797175,-23.0998378591235,-10.2804202805613,-40.2768761028921,-53.7467636863503,-5.6685803508137,0.651502477870812,0.910418183027684
0.018962843452083,0.167668977762859,0.614809579541422,0.0400570318968399,0.056653853331864,8.37018241307988e-11,3.09127212936659e-05,2.90296632565238e-18,4.10151353159435e-24,0.00311195903384753,-3.8613513364287,-1.68184112790192,-0.382520200012122,-3.11352855706154,-2.76687278797175,-23.0998378591235,-10.2804202805613,-40.2768761028921,-53.7467636863503,-5.6685803508137,-0.103922485869674,0.522835406706289
0.079364237364852,0.701736560949772,2.57313168925362,0.167648686001415,0.237110530117764,3.50313045349647e-10,0.000129377461589207,1.21496393256329e-17,1.71658588174892e-23,0.0130243260224163,-3.8613513364287,-1.68184112790192,-0.382520200012122,-3.11352855706154,-2.76687278797175,-23.0998378591235,-10.2804202805613,-40.2768761028921,-53.7467636863503,-5.6685803508137,1.32764391321213,0.673657508766815
0.137143160635947,1.73982069834703,3.87263573436054,0.326114451991205,0.512064776993753,9.17626837980832e-10,0.000404815498258209,1.43166598299187e-16,4.40885890060316e-23,0.0513188759837604,-3.87976696880838,-1.33925497721107,-0.539101694670671,-3.01354391770268,-2.56234118258018,-22.7022673407244,-9.70511619271373,-38.3755597368752,-53.3688782737851,-4.86273367978447,1.89303703820081,0.310998536759315
0.120356168066715,1.52685814885119,3.39860620934014,0.286196450561824,0.449385547737995,8.05304831990294e-10,0.00035526410444711,1.25642307545888e-16,3.86919304151094e-23,0.0450371949593045,-3.87976696880838,-1.33925497721107,-0.539101694670671,-3.01354391770268,-2.56234118258018,-22.7022673407244,-9.70511619271373,-38.3755597368752,-53.3688782737851,-4.86273367978447,1.76246710381569,0.720249681685576
0.183624486596749,2.32949044650085,5.18517106650221,0.436642983441416,0.685616631144717,1.22863405094561e-09,0.000542017827862331,1.91689421394306e-16,5.90313398310699e-23,0.0687121560531561,-3.87976696880838,-1.33925497721107,-0.539101694670671,-3.01354391770268,-2.56234118258018,-22.7022673407244,-9.70511619271373,-38.3755597368752,-53.3688782737851,-4.86273367978447,2.18490452838308,1.38431534507897
0.039563906712863,0.446021636704524,0.730028879211345,0.057476487106544,0.106949281468879,2.26160400420495e-10,4.7625288089311e-05,2.92323754207545e-17,3.30144175309751e-24,0.0129048572105806,-3.56129245856658,-1.13884225092832,-0.646125620638664,-3.18783377027551,-2.56685499743979,-22.5412310676061,-10.2836011109963,-38.4027092671187,-54.3991373994974,-4.68160594611134,0.331454435579952,0.448638364015881
0.135187879916836,1.52403350611274,2.49447197353135,0.196394266455866,0.36544031724011,7.72778716618729e-10,0.000162733214744166,9.9885556973574e-17,1.12808604698553e-23,0.0440952482167462,-3.56129245856658,-1.13884225092832,-0.646125620638664,-3.18783377027551,-2.56685499743979,-22.5412310676061,-10.2836011109963,-38.4027092671187,-54.3991373994974,-4.68160594611134,1.56020269358937,0.83029759317554
0.200592990186117,1.16423189755977,3.1609162937546,0.32469552872276,0.384329608823108,1.68726133862974e-09,0.000132639471631598,2.19308948302744e-16,3.11841237282165e-23,0.0333260364675348,-3.26817084134512,-1.5096319388692,-0.510831541098812,-2.78656086349904,-2.61794823130489,-21.8618526251876,-10.5895693431059,-37.7177437084109,-53.4838266144606,-5.06310980464306,1.66169349304354,0.747680244141329
0.14739292754228,0.855461337707875,2.32259714469738,0.238581739541007,0.282400028700194,1.23977606594727e-09,9.74616312030806e-05,1.61145152163933e-16,2.29136585724053e-23,0.0244875061375435,-3.26817084134512,-1.5096319388692,-0.510831541098812,-2.78656086349904,-2.61794823130489,-21.8618526251876,-10.5895693431059,-37.7177437084109,-53.4838266144606,-5.06310980464306,1.35351755957141,0.879397186289646
0.0923185919979423,1.06618797311448,2.83202008087981,0.210768453556426,0.158988279299467,6.87485827017752e-10,0.000100471383534533,1.46754528729754e-16,4.67809318767779e-23,0.0360645051537023,-3.86330675082864,-1.4167073779652,-0.43980675665539,-3.03779214774223,-3.31972181774456,-22.5787769250151,-10.6864346351293,-37.93856737866,-52.8973635736574,-4.80324315724505,1.48079702316787,0.889849945891194
0.126340030997073,1.45910177632467,3.87568199491889,0.288441281211455,0.217578969741151,9.4083952989022e-10,0.000137497306180262,2.00836812037722e-16,6.40207379193544e-23,0.049355071393576,-3.86330675082864,-1.4167073779652,-0.43980675665539,-3.03779214774223,-3.31972181774456,-22.5787769250151,-10.6864346351293,-37.93856737866,-52.8973635736574,-4.80324315724505,1.79452840266349,3.03693909303751
0.0615613514053476,0.710972416894302,1.88849266017758,0.140547971472941,0.10601909235687,4.58440230372872e-10,6.69979254892528e-05,9.78611882822034e-17,3.11952048228827e-23,0.0240491067614693,-3.86330675082864,-1.4167073779652,-0.43980675665539,-3.03779214774223,-3.31972181774456,-22.5787769250151,-10.6864346351293,-37.93856737866,-52.8973635736574,-4.80324315724505,1.07558573322969,2.46877855294291
0.0983975895498487,1.13639435232984,3.01850302831256,0.224647141320828,0.169457344519448,7.32755415396054e-10,0.000107087226360177,1.56418025557123e-16,4.98613641515809e-23,0.0384392818243101,-3.86330675082864,-1.4167073779652,-0.43980675665539,-3.03779214774223,-3.31972181774456,-22.5787769250151,-10.6864346351293,-37.93856737866,-52.8973635736574,-4.80324315724505,1.54456777916004,1.55977446720923
0.0852236178782062,0.984248074419,2.61437043149106,0.194570235073274,0.146769530046919,6.34650379197176e-10,9.27498417462068e-05,1.35475981681345e-16,4.31856701447719e-23,0.0332928345165212,-3.86330675082864,-1.4167073779652,-0.43980675665539,-3.03779214774223,-3.31972181774456,-22.5787769250151,-10.6864346351293,-37.93856737866,-52.8973635736574,-4.80324315724505,1.40083007241079,1.67382402185261
0.0867784925096325,0.969052791250367,4.34777245959335,0.537664789548474,0.199524931627095,5.71310783742112e-10,0.000279153392862336,5.29012525323242e-16,2.14299810255529e-22,0.158541667770467,-4.28488487728658,-1.87192459556141,-0.370824771431243,-2.46100838788208,-3.4523044870191,-23.1235761817011,-10.02423753914,-37.0160079720758,-51.7351546219137,-3.68222623919267,1.84048840712059,0.551966316594156
0.0507918421091199,0.567190958786558,2.54477078257073,0.314697620442623,0.116782840205613,3.34390772227875e-10,0.000163389736839632,3.09633411262386e-16,1.25430643143576e-22,0.09279515147397,-4.28488487728658,-1.87192459556141,-0.370824771431243,-2.46100838788208,-3.4523044870191,-23.1235761817011,-10.02423753914,-37.0160079720758,-51.7351546219137,-3.68222623919267,1.30486535159003,0.754544357184593
0.0302584610415266,0.33789531580048,1.51600816955221,0.187476281477778,0.0695715861828503,1.99208174658552e-10,9.73369301338965e-05,1.84459356518507e-16,7.4723382168729e-23,0.0552812884731645,-4.28488487728658,-1.87192459556141,-0.370824771431243,-2.46100838788208,-3.4523044870191,-23.1235761817011,-10.02423753914,-37.0160079720758,-51.7351546219137,-3.68222623919267,0.786905447523583,1.98103815332614
0.0858451054253811,0.958629686018267,4.30100793831986,0.531881681825491,0.197378846937433,5.65165780628819e-10,0.000276150826628614,5.23322481116849e-16,2.11994807376759e-22,0.156836397942275,-4.28488487728658,-1.87192459556141,-0.370824771431243,-2.46100838788208,-3.4523044870191,-23.1235761817011,-10.02423753914,-37.0160079720758,-51.7351546219137,-3.68222623919267,1.82967417092281,3.68802711099717
0.0616738279699034,0.688709764515624,3.08997959022485,0.382120555187175,0.14180318132987,4.06032900259826e-10,0.000198395452959678,3.75971355772149e-16,1.52303747731218e-22,0.112676208831952,-4.28488487728658,-1.87192459556141,-0.370824771431243,-2.46100838788208,-3.4523044870191,-23.1235761817011,-10.02423753914,-37.0160079720758,-51.7351546219137,-3.68222623919267,1.49898925721386,3.55020084540419
0.0161986904492729,0.180890284452984,0.811586122091357,0.100364332676123,0.0372447424571347,1.06644933191743e-10,5.21087572285183e-05,9.874923951402e-17,4.00027263585144e-23,0.0295945150146529,-4.28488487728658,-1.87192459556141,-0.370824771431243,-2.46100838788208,-3.4523044870191,-23.1235761817011,-10.02423753914,-37.0160079720758,-51.7351546219137,-3.68222623919267,0.162060000810701,3.14683589109303
0.0159227207903969,0.177808539650786,0.797759501602288,0.098654471577247,0.0366102208639846,1.04828072382783e-10,5.12210042338033e-05,9.70668940165073e-17,3.93212182587186e-23,0.0290903268372956,-4.28488487728658,-1.87192459556141,-0.370824771431243,-2.46100838788208,-3.4523044870191,-23.1235761817011,-10.02423753914,-37.0160079720758,-51.7351546219137,-3.68222623919267,0.144876668037674,5.52555056634823
0.0199559626901529,0.247714606404192,1.01011968834454,0.143249232124182,0.0384274562909151,2.00369346411503e-10,6.89971131048366e-05,8.83764947183885e-17,3.39301818622195e-23,0.0344129400579529,-4.31565017000731,-1.7969008475186,-0.391354044273096,-2.34459215520804,-3.66040593872541,-22.7322815918529,-9.98286876471936,-37.3663485078736,-52.1391601645681,-3.77074549227626,0.401422871416728,8.26763346425965
0.0223154552577561,0.345264638913704,0.864055565044254,0.180871628231308,0.0451946077700057,1.940610383431e-10,0.000129783137731933,8.16211893115223e-17,5.37245017587541e-23,0.0434880295097264,-4.20882030636457,-1.46978861336164,-0.552462727530797,-2.11631226231311,-3.50312202306283,-22.7691929023952,-9.35599019842721,-37.4507872993753,-51.6845175899682,-3.54161408912057,0.406344526678639,6.21246102609824
0.0267932553956281,0.414545145624083,1.0374362146252,0.217165174227856,0.0542633190540054,2.33001160075382e-10,0.000155825310984372,9.79992272467056e-17,6.45048142643143e-23,0.0522143002617764,-4.20882030636457,-1.46978861336164,-0.552462727530797,-2.11631226231311,-3.50312202306283,-22.7691929023952,-9.35599019842721,-37.4507872993753,-51.6845175899682,-3.54161408912057,0.589215218884222,8.98986951304304
0.0184211163963838,0.285011442855247,0.713266565829583,0.14930716303869,0.0373075575023649,1.6019484854914e-10,0.000107134282443864,6.73772240517589e-17,4.43488734065492e-23,0.0358987994730518,-4.20882030636457,-1.46978861336164,-0.552462727530797,-2.11631226231311,-3.50312202306283,-22.7691929023952,-9.35599019842721,-37.4507872993753,-51.6845175899682,-3.54161408912057,0.214562664211436,0.757294496974309
0.0110592321768506,0.171108398197523,0.428214033599112,0.0896374870111513,0.0223978249467471,9.61739769468122e-11,6.4318734986093e-05,4.04503368952361e-17,2.66251228878323e-23,0.0215520682731595,-4.20882030636457,-1.46978861336164,-0.552462727530797,-2.11631226231311,-3.50312202306283,-22.7691929023952,-9.35599019842721,-37.4507872993753,-51.6845175899682,-3.54161408912057,-0.295669402364529,1.37774451606492
0.00813782245546367,0.185100514789456,0.442634947228251,0.0310996937473436,0.015200774690689,9.70904848292038e-11,7.78134342579348e-05,2.96832914074949e-17,1.17127090931104e-23,0.0369740173910131,-4.481652422539,-1.35727605443406,-0.485429671709,-3.14097708336763,-3.85682866210585,-22.7257975151229,-9.13161624101955,-37.7263671414332,-52.4717875084886,-2.96795962186399,-0.329580223830103,0.612141434438373
0.0343805610397013,0.563725733634173,1.03082658392364,0.0737466109312223,0.0189848922416201,1.69479068599013e-10,0.00041091530465275,4.86342727963117e-17,9.69021292197384e-24,0.059450808130375,-3.94773431992807,-1.15065779319184,-0.547109370481426,-3.18459059784184,-4.54158212083798,-23.0757620453736,-8.37459379565696,-38.1396735495028,-53.5683961923727,-3.40007642204035,0.577470359548791,1.54356046944444
0.0162669143646701,0.266722763005488,0.487728159704776,0.0348926768041265,0.00898256476851278,8.01877983410639e-11,0.000194421611218032,2.30109552270553e-17,4.58485431913527e-24,0.028128720867891,-3.94773431992807,-1.15065779319184,-0.547109370481426,-3.18459059784184,-4.54158212083798,-23.0757620453736,-8.37459379565696,-38.1396735495028,-53.5683961923727,-3.40007642204035,-0.170887707642732,3.77649115752023
0.0136241609180041,0.188199737921996,0.567981228027889,0.0444052312962074,0.0120914924987502,1.11711691361498e-10,0.000192136836561129,3.45115346451846e-17,5.2898513451085e-24,0.0225578544494774,-4.13227549229163,-1.50661641234506,-0.402031878016529,-2.9507629624605,-4.25161814090923,-22.7514647157777,-8.39366771731989,-37.741603036155,-53.4326170554582,-3.62803692902753,-0.16363503203727,1.11835322667797
0.00496525341508426,0.0685883994661488,0.206997755615352,0.0161832517736734,0.00440668051296629,4.0712735292529e-11,7.00232542495832e-05,1.2577546337577e-17,1.92785835506969e-24,0.00822109078983561,-4.13227549229163,-1.50661641234506,-0.402031878016529,-2.9507629624605,-4.25161814090923,-22.7514647157777,-8.39366771731989,-37.741603036155,-53.4326170554582,-3.62803692902753,-1.17301545019693,1.23916776957728
0.0662619964828304,0.915321717594908,2.76241380004276,0.215967742723904,0.0588077635199963,5.43317107353357e-10,0.000934470053976787,1.67849102857728e-16,2.57275375220411e-23,0.109711598474752,-4.13227549229163,-1.50661641234506,-0.402031878016529,-2.9507629624605,-4.25161814090923,-22.7514647157777,-8.39366771731989,-37.741603036155,-53.4326170554582,-3.62803692902753,1.41813674076913,1.28588416304997
0.0432846408385314,0.597919982807481,1.80450477693102,0.141077641373736,0.038415276592819,3.54913632270553e-10,0.000610428342152792,1.09644872142496e-16,1.68061223689501e-23,0.0716674321310455,-4.13227549229163,-1.50661641234506,-0.402031878016529,-2.9507629624605,-4.25161814090923,-22.7514647157777,-8.39366771731989,-37.741603036155,-53.4326170554582,-3.62803692902753,0.992318070346214,0.693330740539789
0.0399095088925821,0.454215066656368,1.75189680472101,0.102240303606345,0.0365526276780952,2.31195211170592e-10,0.00210820321478861,2.09376877247939e-16,2.40691276661675e-23,0.0569985448815848,-4.11474440660015,-1.68278821923665,-0.332904651865917,-3.17403306004211,-4.20260594390338,-23.0813624335052,-7.0555229924774,-36.9959995466238,-52.9747159634878,-3.7583332810971,0.893603741230413,3.09457545043975
0.0681588277772202,0.775724065795363,2.99194943535464,0.174609496302041,0.062425830932217,3.94843109282743e-10,0.00360046174015604,3.57581010462571e-16,4.11060815546933e-23,0.0973440694194607,-4.11474440660015,-1.68278821923665,-0.332904651865917,-3.17403306004211,-4.20260594390338,-23.0813624335052,-7.0555229924774,-36.9959995466238,-52.9747159634878,-3.7583332810971,1.42882981188702,1.24411761902115
0.012222145029493,0.139101747260208,0.53651216008788,0.0313107290269966,0.0111941121072973,7.08027104181292e-11,0.000645629729800536,6.41209233226701e-17,7.37108466709198e-24,0.0174556014680071,-4.11474440660015,-1.68278821923665,-0.332904651865917,-3.17403306004211,-4.20260594390338,-23.0813624335052,-7.0555229924774,-36.9959995466238,-52.9747159634878,-3.7583332810971,-0.289761399714481,0.857963162649804
0.00506757899940518,0.0415382943908411,0.174975132530252,0.0325416435782572,0.00867516552965197,7.37825656013733e-11,0.0006171348370902,3.81486712739531e-17,2.13980174909701e-24,0.0108845794250776,-3.99135749352602,-1.88760492400785,-0.449576818173091,-2.13170007218383,-3.45375627529357,-22.0363640538848,-6.09688842451177,-36.5115061489512,-53.2077944509138,-3.22687362625916,-1.2935345968098,0.926510510716612
0.0399359199572111,0.994030064226933,2.59262960438344,0.145571856007291,0.125023381690231,1.05757554493585e-09,0.00896217616787148,3.68823808986572e-16,2.72905213064279e-23,0.22398609430669,-4.63879019677359,-1.42429891334166,-0.465638434340243,-3.34539654481682,-3.49756559191016,-22.0855978565279,-6.1330532918662,-36.9545237125644,-53.3738138811083,-2.91448239430191,1.41831108625984,3.11462991855524
0.0413048125290702,1.02810265783647,2.68149775643365,0.150561655480388,0.129308836455961,1.09382630137751e-09,0.00926937470986165,3.81466066207326e-16,2.82259646851847e-23,0.231663716382873,-4.63879019677359,-1.42429891334166,-0.465638434340243,-3.34539654481682,-3.49756559191016,-22.0855978565279,-6.1330532918662,-36.9545237125644,-53.3738138811083,-2.91448239430191,1.45201393709741,1.90553120213104
0.0269573589848726,0.953380574189411,3.81398006807593,0.286446728611339,0.190374393406764,9.39573997614968e-10,0.0152020567105975,3.96454879658468e-16,3.27913512964739e-23,0.187107116028601,-5.31340777768815,-1.74764993116845,-0.361235538274872,-2.95011151809533,-3.35867147352902,-22.4855033568645,-5.88623336982565,-37.163878255317,-53.4717862506721,-3.37598283258503,1.69990881944991,0.509317054482708
0.00390913379523525,0.138251385247939,0.55307192321161,0.0415381413282187,0.027606523896922,1.36249269420719e-10,0.00220447684351525,5.74906157991411e-17,4.75513122841187e-24,0.0271327302873718,-5.31340777768815,-1.74764993116845,-0.361235538274872,-2.95011151809533,-3.35867147352902,-22.4855033568645,-5.88623336982565,-37.163878255317,-53.4717862506721,-3.37598283258503,-0.231031687584846,0.379327386249479
0.01439197690612,0.508990187583923,2.03620514498299,0.152927989174363,0.101636954679583,5.01619141654556e-10,0.00811606393739169,2.11659067773113e-16,1.7506624845711e-23,0.0998926228034976,-5.31340777768815,-1.74764993116845,-0.361235538274872,-2.95011151809533,-3.35867147352902,-22.4855033568645,-5.88623336982565,-37.163878255317,-53.4717862506721,-3.37598283258503,1.07232339071983,1.37249554427938
0.00405561613514225,1.10712284006241,1.85100609444607,0.161439686505902,0.166670639533733,3.99838307682812e-10,0.00831186949167595,2.29187466594254e-16,1.15512771600523e-23,0.102333942807825,-6.73170472511206,-1.12228745250006,-0.60832274060155,-3.04767573094301,-3.01578769901269,-22.8640129480398,-6.01412279320534,-37.2360434405215,-54.0392982910775,-3.50356593100692,1.22405206670293,2.16623047170392
0.00233060462341843,0.636220372875869,1.06370110433057,0.0927730996317976,0.0957791245871447,2.29771501407807e-10,0.00477650764299247,1.31705110019095e-16,6.63806905252422e-24,0.0588073309438564,-6.73170472511206,-1.12228745250006,-0.60832274060155,-3.04767573094301,-3.01578769901269,-22.8640129480398,-6.01412279320534,-37.2360434405215,-54.0392982910775,-3.50356593100692,0.670077175073892,10.0799308301495
0.00402731654161801,1.0993974722487,1.83809000023542,0.160313180112161,0.165507632189335,3.9704828485871e-10,0.00825387028262784,2.27588224474353e-16,1.14706737603659e-23,0.101619869066945,-6.73170472511206,-1.12228745250006,-0.60832274060155,-3.04767573094301,-3.01578769901269,-22.8640129480398,-6.01412279320534,-37.2360434405215,-54.0392982910775,-3.50356593100692,1.217049729732,8.43715983371635
0.0035172160032401,0.960147617738866,1.60527723545323,0.140007887831502,0.144544409802173,3.46758087459157e-10,0.00720843379126669,1.98761864630734e-16,1.00177964411252e-23,0.0887486806750549,-6.73170472511206,-1.12228745250006,-0.60832274060155,-3.04767573094301,-3.01578769901269,-22.8640129480398,-6.01412279320534,-37.2360434405215,-54.0392982910775,-3.50356593100692,1.08161921463663,2.0276164950694
0.000522276440175841,0.142573694471427,0.238369915084967,0.0207899717236057,0.0214636063663001,5.14906048856585e-11,0.00107039065450567,2.95144338608781e-17,1.4875569367526e-24,0.0131784186613988,-6.73170472511206,-1.12228745250006,-0.60832274060155,-3.04767573094301,-3.01578769901269,-22.8640129480398,-6.01412279320534,-37.2360434405215,-54.0392982910775,-3.50356593100692,-0.82560880626606,0.867722286815128
0.000147663406434758,0.0469431794646882,0.0503324849067648,0.012698670643922,0.00818016186189678,1.46875767348472e-11,0.000610385058581881,1.04916253163581e-17,3.53591974956352e-25,0.0136606112359748,-6.7999544944598,-1.03819669550742,-0.968483926443284,-2.3456373040121,-2.78542268035421,-22.9233984388465,-5.38079989567939,-37.0753336631998,-54.2810332149014,-2.27261801873845,-2.0206206606911,0.852968382243878
0.000259410188247445,0.0506485418829496,0.0814058852679154,0.0270883081814916,0.0106188722660965,1.76794704640986e-11,0.00078886398202834,9.30324942677035e-18,5.41561229954158e-25,0.0153799375378233,-6.57611141899023,-1.3018562451391,-0.827319116340069,-1.92766448494902,-2.86413386678147,-23.0776284186347,-5.46392805318775,-37.5351793423733,-54.1943527844246,-2.49370278451426,-1.68098859165849,1.05205283175007
0.000386100986462694,0.075384286623509,0.121162907355935,0.040317701402317,0.0158049191697527,2.63137736896259e-11,0.00117412952707739,1.38467721921476e-17,8.0604900882226e-25,0.0228911944253472,-6.57611141899023,-1.3018562451391,-0.827319116340069,-1.92766448494902,-2.86413386678147,-23.0776284186347,-5.46392805318775,-37.5351793423733,-54.1943527844246,-2.49370278451426,-1.28330018076618,0.650585272226658
0.000314307212238767,0.0613669112641148,0.0986331995333238,0.0328208027846148,0.0128660642113744,2.14208436182466e-11,0.000955805324000577,1.12720260212019e-17,6.56167753446613e-25,0.0186346778612586,-6.57611141899023,-1.3018562451391,-0.827319116340069,-1.92766448494902,-2.86413386678147,-23.0776284186347,-5.46392805318775,-37.5351793423733,-54.1943527844246,-2.49370278451426,-1.4890282484444,0.504875149361018
0.00133812915778103,0.261263025752945,0.419920240711855,0.139731038543623,0.0547758848563883,9.11969382620109e-11,0.0040692383865373,4.79894386730727e-17,2.79356365076209e-24,0.0793351371557591,-6.57611141899023,-1.3018562451391,-0.827319116340069,-1.92766448494902,-2.86413386678147,-23.0776284186347,-5.46392805318775,-37.5351793423733,-54.1943527844246,-2.49370278451426,-0.0403713724655357,0.584121723787835
0.00222010483170061,0.433464365114559,0.696694298836755,0.231829305867353,0.0908792741890493,1.51305845250047e-10,0.00675131824963297,7.96198065404709e-17,4.63483223772261e-24,0.13162580031901,-6.57611141899023,-1.3018562451391,-0.827319116340069,-1.92766448494902,-2.86413386678147,-23.0776284186347,-5.46392805318775,-37.5351793423733,-54.1943527844246,-2.49370278451426,0.465910556264148,0.531389067059167
0.00317398356936785,1.03591462706166,2.53841895644939,0.246137091058081,0.258351753926043,3.8755491877813e-10,0.00874379939976872,8.28922236061585e-17,1.43084127628639e-23,0.46447933145897,-7.26904156138636,-1.48098899373178,-0.584732298730161,-2.91814034541146,-2.8697069631812,-23.1874372791606,-6.25568419770542,-38.5452641485234,-54.1174682903418,-2.28311194590142,1.51627372786235,1.16992916883051
0.00721368582264811,2.35437975509017,5.76920341201615,0.55940921097684,0.58717014244776,8.80817232347599e-10,0.019872510486484,1.88393684203796e-16,3.25195112187132e-23,1.05564754669665,-7.26904156138636,-1.48098899373178,-0.584732298730161,-2.91814034541146,-2.8697069631812,-23.1874372791606,-6.25568419770542,-38.5452641485234,-54.1174682903418,-2.28311194590142,2.33726631287649,0.499378201375173
0.00137155257755253,0.26317104828053,0.263586158105339,0.0517959759843344,0.0716851667854921,5.55688258576858e-11,0.00184125790921668,5.81029935226748e-18,2.89328239920311e-24,0.0404333741196352,-6.22636220241736,-0.969501374413468,-0.967925278611808,-2.59499310633235,-2.27002172154039,-23.247949047826,-5.93185658452553,-39.3214498706282,-53.834200885868,-2.84265003286912,-0.36544971010199,0.390125950137313
0.000933951549634871,0.0968446663636557,0.187151827771895,0.015029798861667,0.0304403487849882,2.16906468723118e-11,0.00121341052823434,7.87161238611912e-18,8.61704064692985e-25,0.0307344947709463,-5.96093716833592,-1.31949813495118,-0.660686251534487,-3.18257163096647,-2.47683746114274,-23.5389911412093,-5.69917143905662,-38.3681199281258,-54.3957367847443,-2.46722082019243,-1.01514882679762,0.333199912032337
0.00744153336262006,0.7716383317943,1.49118717216579,0.119754338119884,0.242542422186505,1.72826601572879e-10,0.00966820487844412,6.27193843318952e-17,6.86588030034869e-24,0.244886116748437,-5.96093716833592,-1.31949813495118,-0.660686251534487,-3.18257163096647,-2.47683746114274,-23.5389911412093,-5.69917143905662,-38.3681199281258,-54.3957367847443,-2.46722082019243,1.06025881409004,0.551658398372144
0.028031500844078,2.9066832727871,5.61715071858877,0.451102436354277,0.913632685757651,6.51020265823761e-10,0.0364191464318592,2.36257554615137e-16,2.58630741886239e-23,0.922461145282013,-5.96093716833592,-1.31949813495118,-0.660686251534487,-3.18257163096647,-2.47683746114274,-23.5389911412093,-5.69917143905662,-38.3681199281258,-54.3957367847443,-2.46722082019243,2.38651079730246,0.228160945880765
0.00565904489543149,0.586805937684103,1.13399950568878,0.091069292149824,0.184445649749378,1.31429028100389e-10,0.00735235640280478,4.76960586551815e-17,5.22127940210587e-24,0.186227953489865,-5.96093716833592,-1.31949813495118,-0.660686251534487,-3.18257163096647,-2.47683746114274,-23.5389911412093,-5.69917143905662,-38.3681199281258,-54.3957367847443,-2.46722082019243,0.786437020939405,0.825157231476049
0.00797592994279806,0.827051761466803,1.59827334464921,0.12835422011117,0.259960047647358,1.85237745935714e-10,0.0103625047453847,6.72234324715158e-17,7.35893768162016e-24,0.262472049236599,-5.96093716833592,-1.31949813495118,-0.660686251534487,-3.18257163096647,-2.47683746114274,-23.5389911412093,-5.69917143905662,-38.3681199281258,-54.3957367847443,-2.46722082019243,1.129610138474,0.281978005953163
0.102298493433211,10.6076845955415,20.4992968123684,1.6462586102607,3.33422201773014,2.37584112098404e-09,0.132908467257106,8.62201136991527e-16,9.43850113400737e-23,3.36644070319054,-5.96093716833592,-1.31949813495118,-0.660686251534487,-3.18257163096647,-2.47683746114274,-23.5389911412093,-5.69917143905662,-38.3681199281258,-54.3957367847443,-2.46722082019243,3.68107683525484,0.461609479862049
0.172086738026311,17.8442690483071,34.483959654565,2.7693396518342,5.60883520011265,3.99664486599551e-09,0.22357889953956,1.45039654258759e-15,1.58774662020747e-22,5.66303353968053,-5.96093716833592,-1.31949813495118,-0.660686251534487,-3.18257163096647,-2.47683746114274,-23.5389911412093,-5.69917143905662,-38.3681199281258,-54.3957367847443,-2.46722082019243,4.20118052990599,0.288467829286214
0.101079156432068,10.4812473246716,20.254957426109,1.62663618993394,3.29448008077877,2.34752251246471e-09,0.131324277632676,8.51924213906174e-16,9.32599983235788e-23,3.32631473873308,-5.96093716833592,-1.31949813495118,-0.660686251534487,-3.18257163096647,-2.47683746114274,-23.5389911412093,-5.69917143905662,-38.3681199281258,-54.3957367847443,-2.46722082019243,3.66908582629155,1.24826740534041
0.0392898212001418,1.96905015974196,2.98058501028872,0.613620699562057,0.672804140602364,4.74434482298857e-10,0.0347233007542701,3.67719374378858e-16,1.66261183815881e-23,0.505071510578465,-5.15593708535906,-1.24159601510247,-0.827027695736244,-2.40752558404362,-2.31544830522247,-23.3880448739234,-5.27949161506559,-37.4583588854149,-54.3702146656691,-2.60220254379023,1.91914728916426,0.606195191090179
0.0917873332202446,4.60001745029471,6.9631253381639,1.43351651652054,1.57177854108449,1.10835515631673e-09,0.0811192079649233,8.59051523185102e-16,3.88412830966141e-23,1.17992817542653,-5.15593708535906,-1.24159601510247,-0.827027695736244,-2.40752558404362,-2.31544830522247,-23.3880448739234,-5.27949161506559,-37.4583588854149,-54.3702146656691,-2.60220254379023,2.76765611213265,0.599816045618136
0.0477972481794453,2.3954086908042,3.62597123389785,0.746488020793196,0.818486455326844,5.77163804839185e-10,0.0422419388295759,4.47341669183089e-16,2.02261726389004e-23,0.614434670407689,-5.15593708535906,-1.24159601510247,-0.827027695736244,-2.40752558404362,-2.31544830522247,-23.3880448739234,-5.27949161506559,-37.4583588854149,-54.3702146656691,-2.60220254379023,2.11514987474947,1.96193933019277
0.0140346539414318,0.866496563171392,1.21036680392154,0.216510746652453,0.275569987160808,1.88485202716373e-10,0.0153890793226768,2.99866678973956e-16,3.91238640492967e-24,0.154806224229814,-5.27898017552064,-1.15605158538985,-0.821830991814595,-2.54286954387523,-2.30166809499102,-23.4047560615215,-5.18685160523003,-36.7559481506545,-54.9106491595174,-2.87833555965318,1.01275444922128,0.531263057727045
0.00263294963567363,0.162557753104229,0.227068999970766,0.040618165143005,0.0516978829920201,3.53604761394863e-11,0.00288704452315557,5.62560264364163e-17,7.33977225406612e-25,0.029042183254881,-5.27898017552064,-1.15605158538985,-0.821830991814595,-2.54286954387523,-2.30166809499102,-23.4047560615215,-5.18685160523003,-36.7559481506545,-54.9106491595174,-2.87833555965318,-0.660670351245104,0.262793388111528
0.00143303109239181,0.0884750362678748,0.123586464650764,0.0221071807744394,0.0281375202680033,1.92455871783883e-11,0.00157132689161482,3.06183733731672e-17,3.99480556279627e-25,0.0158067404827276,-5.27898017552064,-1.15605158538985,-0.821830991814595,-2.54286954387523,-2.30166809499102,-23.4047560615215,-5.18685160523003,-36.7559481506545,-54.9106491595174,-2.87833555965318,-1.26898325743856,0.316548164359455
0.10982387952912,3.59768643875676,5.01015826455184,1.13079913905839,1.38717509010144,9.50850311397678e-10,0.0265380263678299,4.87649693578059e-16,1.53650154781206e-23,1.15960741282598,-4.72832933929716,-1.23916106482559,-0.907984543466197,-2.39652746231414,-2.19218267787465,-23.2931165148312,-6.14862866507564,-37.7763864146344,-55.0494010767079,-2.37137053717844,2.51945204779493,0.364245651246437
0.0112028464473522,0.366990575382347,0.511073128679855,0.115349859902829,0.141502099512682,9.69937510737884e-11,0.00270707459697553,4.97438686438393e-17,1.56734500548157e-24,0.118288516493867,-4.72832933929716,-1.23916106482559,-0.907984543466197,-2.39652746231414,-2.19218267787465,-23.2931165148312,-6.14862866507564,-37.7763864146344,-55.0494010767079,-2.37137053717844,0.236741953411187,0.913347049440468
0.00700293245058512,0.229406894174772,0.319473324415701,0.0721055386129024,0.0884533809474374,6.0631080689243e-11,0.00169220033769143,3.10950394241921e-17,9.79751998898781e-25,0.0739425015400674,-4.72832933929716,-1.23916106482559,-0.907984543466197,-2.39652746231414,-2.19218267787465,-23.2931165148312,-6.14862866507564,-37.7763864146344,-55.0494010767079,-2.37137053717844,-0.233096956840622,0.313702412783804
0.00505781893446412,0.618633290932321,1.21100027218814,0.168921901177275,0.185816639363443,5.80570245742265e-10,0.00397576193534987,8.14938906199712e-17,1.78202196967183e-24,0.124388793506181,-6.12743600697743,-1.32085868135602,-0.649169388416172,-2.61893487183251,-2.52361097912325,-22.1076263908312,-6.36815494514566,-37.8866196959241,-55.5249096519749,-2.92495926484057,0.84061607775022,0.741381437615201
0.0545260357023991,6.66920294006971,13.055240793024,1.82106985913388,2.00320431460925,6.25886263570788e-09,0.042860873439728,8.78548411291194e-16,1.92111648913903e-23,1.34097876645617,-6.12743600697743,-1.32085868135602,-0.649169388416172,-2.61893487183251,-2.52361097912325,-22.1076263908312,-6.36815494514566,-37.8866196959241,-55.5249096519749,-2.92495926484057,3.21835903490303,0.862466363480227
0.0147064558654141,3.16709113635256,4.42481730287705,0.359905898989069,0.524821469740927,1.46666669998731e-09,0.00513045805651415,4.72402879111926e-16,1.07953263209745e-23,0.425638882576135,-6.40800135278642,-1.03571910168392,-0.701303655575907,-3.21044531909581,-2.83322977755759,-22.5288062076697,-7.46109297971475,-37.4772321406378,-55.0714615851453,-3.04269663138935,2.18853264569804,0.659917493006182
0.00100282399054071,0.215961955812374,0.301725513318284,0.0245417572490841,0.0357872464598879,1.0001108127849e-10,0.000349842713201547,3.22128556811606e-17,7.36126522899945e-25,0.029024048122846,-6.40800135278642,-1.03571910168392,-0.701303655575907,-3.21044531909581,-2.83322977755759,-22.5288062076697,-7.46109297971475,-37.4772321406378,-55.0714615851453,-3.04269663138935,-0.49693391562512,0.357434220703954
0.00110679248456902,0.238351965948763,0.333007121582069,0.0270861414740962,0.0394975148169982,1.10379801617002e-10,0.000386112906556942,3.55525465193461e-17,8.12444966337798e-25,0.0320331370580941,-6.40800135278642,-1.03571910168392,-0.701303655575907,-3.21044531909581,-2.83322977755759,-22.5288062076697,-7.46109297971475,-37.4772321406378,-55.0714615851453,-3.04269663138935,-0.398287747522128,0.210591613362796
0.000558748353248986,0.120328580401763,0.168113881688147,0.0136740510579213,0.0199397553462959,5.57236638713403e-11,0.000194923577558335,1.79481945337097e-17,4.10151219289711e-25,0.016171471012092,-6.40800135278642,-1.03571910168392,-0.701303655575907,-3.21044531909581,-2.83322977755759,-22.5288062076697,-7.46109297971475,-37.4772321406378,-55.0714615851453,-3.04269663138935,-1.08181000645981,0.392603710119867
0.00754911971312908,0.400147001350409,0.570172461796147,0.0454762540599322,0.0300902537826839,3.08376705315859e-10,0.000705589940164833,5.6433163642498e-17,3.87487322365729e-24,0.0574461000311923,-4.99211284373815,-1.02171182294272,-0.667604926294085,-3.19635350498105,-3.60934248118708,-22.0054875380192,-7.3622648374411,-37.5192632072837,-54.0133178129943,-2.96269668849794,0.105788526931762,0.515217954134096
0.00145690294025949,0.0772242811025428,0.110037457029739,0.00877645219172719,0.00580711140835457,5.9513552010687e-11,0.000136171646166354,1.0891023743591e-17,7.47810924611645e-25,0.0110865101127392,-4.99211284373815,-1.02171182294272,-0.667604926294085,-3.19635350498105,-3.60934248118708,-22.0054875380192,-7.3622648374411,-37.5192632072837,-54.0133178129943,-2.96269668849794,-1.53932952640672,0.376333413203291
0.0876894728505881,4.64804916924768,6.62304010385102,0.528245530243678,0.349523996493927,3.58205880369333e-09,0.00819602976942144,6.55519392876401e-16,4.50099618574638e-23,0.667285514137041,-4.99211284373815,-1.02171182294272,-0.667604926294085,-3.19635350498105,-3.60934248118708,-22.0054875380192,-7.3622648374411,-37.5192632072837,-54.0133178129943,-2.96269668849794,2.55815942101807,0.459616273831576
0.0968617786264367,5.13423441880621,7.31580911047667,0.583499933886587,0.386084154374012,3.95674162007344e-09,0.0090533332603568,7.24086623559903e-16,4.97179971517274e-23,0.737083479348759,-4.99211284373815,-1.02171182294272,-0.667604926294085,-3.19635350498105,-3.60934248118708,-22.0054875380192,-7.3622648374411,-37.5192632072837,-54.0133178129943,-2.96269668849794,2.65764256442061,1.34927298751244
0.0372957715166897,0.626539585344989,1.39329479555076,0.046766627812992,0.0595123570917718,5.68149847889588e-10,0.00138171627126521,6.27761020607751e-17,2.80597262139002e-24,0.134150968265171,-4.12132426278158,-1.29999226159309,-0.500777641068775,-3.89503435119983,-3.65402024563806,-22.1210848551531,-7.41687781756529,-38.1394061531353,-55.0627409472504,-2.84123842421586,0.832448939859195,0.320043580105047
0.0204306683368312,0.343219135776584,0.763248558904116,0.0256188147670224,0.0326009405420385,3.1123316761684e-10,0.000756905829423316,3.43888239477448e-17,1.53711516503135e-24,0.0734880611992162,-4.12132426278158,-1.29999226159309,-0.500777641068775,-3.89503435119983,-3.65402024563806,-22.1210848551531,-7.41687781756529,-38.1394061531353,-55.0627409472504,-2.84123842421586,0.230606105595179,0.443578051232424
0.0264169349793948,0.443783700269316,0.986883405930422,0.0331252288369611,0.0421531450840301,4.02425716908307e-10,0.000978682231621107,4.44648854001382e-17,1.98749598892334e-24,0.0950203538355017,-4.12132426278158,-1.29999226159309,-0.500777641068775,-3.89503435119983,-3.65402024563806,-22.1210848551531,-7.41687781756529,-38.1394061531353,-55.0627409472504,-2.84123842421586,0.487574264785839,0.598885066107518
0.0149663174328137,0.251422344602803,0.559111431127481,0.0187668512715517,0.0238815498698517,2.27991287674939e-10,0.000554465117006226,2.51912490995349e-17,1.12600102509516e-24,0.0538330725797538,-4.12132426278158,-1.29999226159309,-0.500777641068775,-3.89503435119983,-3.65402024563806,-22.1210848551531,-7.41687781756529,-38.1394061531353,-55.0627409472504,-2.84123842421586,-0.080628844503147,1.09373752999829
0.0131634784101204,0.122742585894628,0.401790250613462,0.014813286227864,0.0162997391070529,2.92356873350556e-11,0.000265746237184896,2.12389218368452e-17,7.98539428545311e-25,0.0287847180151527,-3.81591007803765,-1.58326692108101,-0.397426098078366,-3.69783178972663,-3.60220718390537,-23.7412319907917,-7.71856970697703,-37.8762972466902,-54.9726141730429,-3.03351166405067,-0.514398993094418,0.621548477520294
0.0312374847469993,0.690674397097524,3.31950894233283,0.52526671995552,0.12433104834961,2.70018777570843e-10,0.00152762796768468,4.4045439667147e-16,4.15970748609777e-24,0.20710485328661,-5.05530046430723,-1.95925076481945,-0.389347130141807,-2.23301310058232,-3.67397151925519,-23.6216936059845,-8.07320308772391,-36.9478887533555,-55.4257614690928,-3.16369406954187,1.58916399319471,0.58826391431909
0.00862775797638231,0.190763487742515,0.91684461751152,0.145078074292129,0.0343400950107984,7.45788811368249e-11,0.000421929117849423,1.21653006472615e-16,1.14890650554202e-24,0.0572021263671904,-5.05530046430723,-1.95925076481945,-0.389347130141807,-2.23301310058232,-3.67397151925519,-23.6216936059845,-8.07320308772391,-36.9478887533555,-55.4257614690928,-3.16369406954187,0.302529862506123,0.554754858971374
0.00853470226698621,0.188705985465869,0.906955880887001,0.143513317473726,0.0339697158334145,7.37745017477469e-11,0.000417378351186307,1.20340903508153e-16,1.13651483783465e-24,0.0565851660325779,-5.05530046430723,-1.95925076481945,-0.389347130141807,-2.23301310058232,-3.67397151925519,-23.6216936059845,-8.07320308772391,-36.9478887533555,-55.4257614690928,-3.16369406954187,0.291685657188726,0.100707907789941
0.000958240896359238,0.0211871236985777,0.101829236577029,0.0161130787780922,0.00381397849989374,8.28309441521744e-12,4.68615064533398e-05,1.35113764533292e-17,1.27603162109698e-25,0.0063531472479638,-5.05530046430723,-1.95925076481945,-0.389347130141807,-2.23301310058232,-3.67397151925519,-23.6216936059845,-8.07320308772391,-36.9478887533555,-55.4257614690928,-3.16369406954187,-1.89511088971885,0.185697659928692
0.0137831411244024,0.304751255208573,1.46469091818554,0.231767230548046,0.0548594869089831,1.19142336447401e-10,0.000674046327184027,1.94344876271434e-16,1.83541779312517e-24,0.0913823710045094,-5.05530046430723,-1.95925076481945,-0.389347130141807,-2.23301310058232,-3.67397151925519,-23.6216936059845,-8.07320308772391,-36.9478887533555,-55.4257614690928,-3.16369406954187,0.770991373004229,0.45651375822561
0.0217196221051246,0.455596718549487,2.97187906441903,0.215254915777656,0.0524038602402032,1.5609852770379e-10,0.000356796496250212,2.56539008247801e-16,4.36227856664387e-24,0.148900288968225,-5.18178834375069,-2.13839641112442,-0.263054726829467,-2.88818145961622,-4.30102418287038,-23.9327828814099,-9.29059413844118,-37.251500103114,-55.1412968651872,-3.25672755981553,1.352249161208,1.17799836471577
0.0227538211939554,0.477290360773907,3.11338772445287,0.225504469691905,0.0548991165687581,1.6353129768191e-10,0.000373785678176767,2.687543408763e-16,4.56999233334814e-24,0.155990308418482,-5.18178834375069,-2.13839641112442,-0.263054726829467,-2.88818145961622,-4.30102418287038,-23.9327828814099,-9.29059413844118,-37.251500103114,-55.1412968651872,-3.25672755981553,1.39876616063051,0.241120752388966
0.0285046044914125,0.597920360077278,3.90026294737357,0.282498296212377,0.068774277137069,2.04862072293537e-10,0.000468255983474704,3.36679106631298e-16,5.72500868669397e-24,0.19541517919388,-5.18178834375069,-2.13839641112442,-0.263054726829467,-2.88818145961622,-4.30102418287038,-23.9327828814099,-9.29059413844118,-37.251500103114,-55.1412968651872,-3.25672755981553,1.62409870009576,0.506278917526653
0.0253432205574592,0.531606308229923,3.46769323311093,0.251167022162108,0.0611466710471166,1.82141263652944e-10,0.000416322726741379,2.99338756270619e-16,5.09006037547255e-24,0.173742105001945,-5.18178834375069,-2.13839641112442,-0.263054726829467,-2.88818145961622,-4.30102418287038,-23.9327828814099,-9.29059413844118,-37.251500103114,-55.1412968651872,-3.25672755981553,1.50654432540819,0.262626225788689
0.0380866895454472,0.798916790233871,5.21137222117853,0.377462697586281,0.0918933831487198,2.73728342711493e-10,0.000625664540470014,4.49856885913568e-16,7.64952302919312e-24,0.261105789581029,-5.18178834375069,-2.13839641112442,-0.263054726829467,-2.88818145961622,-4.30102418287038,-23.9327828814099,-9.29059413844118,-37.251500103114,-55.1412968651872,-3.25672755981553,1.91389793009972,0.200233085801496
0.0741901636499821,1.55623311234343,10.1513826101598,0.735270501057173,0.179001777668781,5.33203352241245e-10,0.00121875004631401,8.76289233412478e-16,1.49007270559167e-23,0.508615516080998,-5.18178834375069,-2.13839641112442,-0.263054726829467,-2.88818145961622,-4.30102418287038,-23.9327828814099,-9.29059413844118,-37.251500103114,-55.1412968651872,-3.25672755981553,2.5806646407902,0.490718127801608
0.00292876371709758,0.0614345467180862,0.400740470222947,0.0290258635350634,0.00706635335387106,2.10489713871838e-11,4.81119159231877e-05,3.45927813909377e-17,5.88227692361394e-25,0.0200783310908797,-5.18178834375069,-2.13839641112442,-0.263054726829467,-2.88818145961622,-4.30102418287038,-23.9327828814099,-9.29059413844118,-37.251500103114,-55.1412968651872,-3.25672755981553,-0.651386540801156,0.548073607017266
0.0112259363575739,0.235478303554339,1.53603617402269,0.111255986567315,0.0270852962864818,8.06805997375194e-11,0.000184412727814689,1.32593954254179e-16,2.25467373815857e-24,0.0769601404431094,-5.18178834375069,-2.13839641112442,-0.263054726829467,-2.88818145961622,-4.30102418287038,-23.9327828814099,-9.29059413844118,-37.251500103114,-55.1412968651872,-3.25672755981553,0.692259912073657,0.19797371658908
0.88154517780153,5.23359805424522,31.9711604332196,1.46541246730598,0.68028056118746,1.85168597037437e-09,0.00341526598788221,1.76371723118068e-15,6.93298031759122e-23,1.64415469313416,-3.86087706604704,-2.07969903262004,-0.269963778660534,-3.35266128814956,-4.12004801456289,-23.8419673161732,-9.41429793952707,-37.7061507886003,-54.7579653964928,-3.23757165085296,3.73479803864062,0.414626525082379
0.299062305817986,1.77548688511967,10.8461474234144,0.49713802818353,0.230783717448545,6.28180483423447e-10,0.00115862164190495,5.98337277827593e-16,2.35199866346084e-23,0.55777594391296,-3.86087706604704,-2.07969903262004,-0.269963778660534,-3.35266128814956,-4.12004801456289,-23.8419673161732,-9.41429793952707,-37.7061507886003,-54.7579653964928,-3.23757165085296,2.65377371940952,0.74163113427444
0.0709222401454783,0.759423268235144,3.35104476014051,0.160035398960691,0.123228992879546,1.47671437034746e-10,0.00142251168589458,2.65846241071444e-16,2.84335668344875e-23,0.107093666470711,-4.16637801343369,-1.79540279345964,-0.310934636179678,-3.3525670468091,-3.61391772584879,-24.156238132192,-8.07553797905178,-37.3838203754205,-53.4346786559228,-3.75425824196612,1.52020680209438,1.19753766636719
0.0168102896478216,0.180001718475639,0.794278817550411,0.0379322678600617,0.029208257650426,3.50017092547011e-11,0.00033716974278094,6.30120016658906e-17,6.73944440034586e-24,0.0253837942671728,-4.16637801343369,-1.79540279345964,-0.310934636179678,-3.3525670468091,-3.61391772584879,-24.156238132192,-8.07553797905178,-37.3838203754205,-53.4346786559228,-3.75425824196612,0.0806139124090289,1.85130507762632
0.120185874810951,0.836839913227531,3.98274952839789,0.139471525610283,0.134211722034143,1.57434493042667e-10,0.00563719528684554,4.80509633246851e-16,1.7019659458562e-23,0.0511215713393153,-3.7807873787945,-1.84019409031349,-0.280099183896478,-3.6319664170007,-3.67040831171795,-24.234083262326,-6.84044022768419,-36.9337559982591,-54.0897447181783,-4.63562033209191,1.66207160095616,0.77587115679696
0.0106896562045436,0.0744308013293032,0.354236496379875,0.0124049740574112,0.0119371529260111,1.40026488804105e-11,0.000501387369098399,4.27378241449729e-17,1.51377446489959e-24,0.0045468905818834,-3.7807873787945,-1.84019409031349,-0.280099183896478,-3.6319664170007,-3.67040831171795,-24.234083262326,-6.84044022768419,-36.9337559982591,-54.0897447181783,-4.63562033209191,-0.757691336140849,1.23124849285768
0.0172366913118328,0.0673317464836401,0.442238116163065,0.048259500743136,0.0133350359497372,4.81766677998109e-11,0.00145458127284432,7.46707345831853e-17,1.71973825613982e-24,0.00483021513223243,-3.54099301776442,-2.17840150393313,-0.296184883945211,-2.51144063031894,-3.79763849179022,-23.236424348947,-6.01331527109518,-36.6137214974969,-54.2001481956064,-4.81314233780643,-0.51972193366827,1.65745880998011
0.049085741639049,0.191743801186081,1.25938241395656,0.137430864326083,0.0379748130040991,1.37194977033e-10,0.00414227993413219,2.12643384941985e-16,4.8973800250004e-24,0.0137552322399035,-3.54099301776442,-2.17840150393313,-0.296184883945211,-2.51144063031894,-3.79763849179022,-23.236424348947,-6.01331527109518,-36.6137214974969,-54.2001481956064,-4.81314233780643,0.526806337093443,1.81423958294123
1.02363886412351,3.9986440113742,26.2632842180399,2.86599670610559,0.791930470047024,2.86107748939031e-09,0.0863835114856146,4.43448597814871e-15,1.02130442743163e-22,0.286852960465582,-3.54099301776442,-2.17840150393313,-0.296184883945211,-2.51144063031894,-3.79763849179022,-23.236424348947,-6.01331527109518,-36.6137214974969,-54.2001481956064,-4.81314233780643,3.56435681042405,1.86211761788587
0.121711572875833,0.475442335233729,3.12272789075834,0.34076956159314,0.0941612383975401,3.40184662343298e-10,0.0102710764723204,5.27264333362774e-16,1.21434006273484e-23,0.0341070725487251,-3.54099301776442,-2.17840150393313,-0.296184883945211,-2.51144063031894,-3.79763849179022,-23.236424348947,-6.01331527109518,-36.6137214974969,-54.2001481956064,-4.81314233780643,1.43489182772906,0.914515052073907
0.109166478995572,0.426437391913813,2.80086109020323,0.305645653153613,0.084455821339263,3.05121040824944e-10,0.00921241281731973,4.72917976599329e-16,1.0891752182618e-23,0.0305915775387217,-3.54099301776442,-2.17840150393313,-0.296184883945211,-2.51144063031894,-3.79763849179022,-23.236424348947,-6.01331527109518,-36.6137214974969,-54.2001481956064,-4.81314233780643,1.32611178606347,2.39591119149718
0.0538086876213507,0.210193061301214,1.3805580326508,0.150654226688337,0.0416286844648837,1.50395642723961e-10,0.00454084301414716,2.33103567207539e-16,5.36859754235945e-24,0.0150787371249024,-3.54099301776442,-2.17840150393313,-0.296184883945211,-2.51144063031894,-3.79763849179022,-23.236424348947,-6.01331527109518,-36.6137214974969,-54.2001481956064,-4.81314233780643,0.618672672864294,3.24906018312212
0.0904018637073703,0.353137110752494,2.31942135415121,0.253108252032787,0.0699387185540333,2.52673815265458e-10,0.00762889208839604,3.91628152328998e-16,9.01956997612276e-24,0.0253331942982347,-3.54099301776442,-2.17840150393313,-0.296184883945211,-2.51144063031894,-3.79763849179022,-23.236424348947,-6.01331527109518,-36.6137214974969,-54.2001481956064,-4.81314233780643,1.13750262219987,4.54468446213077
0.237691941907794,0.928496849204059,6.09841150570948,0.665492828038406,0.183888574260616,6.6435057151152e-10,0.0200585043353263,1.02970063022331e-15,2.37149878871697e-23,0.0666080974499195,-3.54099301776442,-2.17840150393313,-0.296184883945211,-2.51144063031894,-3.79763849179022,-23.236424348947,-6.01331527109518,-36.6137214974969,-54.2001481956064,-4.81314233780643,2.10421321231211,1.97830921278267
0.114102350253206,0.445718402763427,2.92749968731617,0.319465166325626,0.088274420829911,3.18916834088261e-10,0.00962894437587911,4.943005683014e-16,1.13842136693134e-23,0.0319747501910629,-3.54099301776442,-2.17840150393313,-0.296184883945211,-2.51144063031894,-3.79763849179022,-23.236424348947,-6.01331527109518,-36.6137214974969,-54.2001481956064,-4.81314233780643,1.37033359362578,3.2711191252504
0.424088122247352,1.6566168887807,10.8807385870542,1.18736715071885,0.328092570303369,1.18532914546834e-09,0.0357882281173788,1.83718389123059e-15,4.23120977575667e-23,0.118841651708003,-3.54099301776442,-2.17840150393313,-0.296184883945211,-2.51144063031894,-3.79763849179022,-23.236424348947,-6.01331527109518,-36.6137214974969,-54.2001481956064,-4.81314233780643,2.68317900790847,2.1425341823097
0.185680964283703,0.725326188640712,4.76397693539915,0.519871851953632,0.143650674547108,5.18979540284714e-10,0.0156693676578949,8.04384887467368e-16,1.8525751371808e-23,0.0520331302118844,-3.54099301776442,-2.17840150393313,-0.296184883945211,-2.51144063031894,-3.79763849179022,-23.236424348947,-6.01331527109518,-36.6137214974969,-54.2001481956064,-4.81314233780643,1.8572676939906,2.52150834389497
0.0567895809844079,0.393020555130822,1.51558402873765,0.145407247162225,0.045012016647887,2.32594992769264e-10,0.00486494784362044,2.51692918380878e-16,9.55190505949542e-24,0.00808474588679219,-3.64255941892738,-1.70805038082206,-0.358356153280429,-2.70237388766673,-3.87498280371332,-22.9558794187662,-6.0998562996107,-36.6924789227781,-53.7794586300621,-5.59193323212534,0.774157015473286,7.30192790407624
0.0184932838607365,0.206644055754048,0.868146908782243,0.0422551282616358,0.0476519502354601,1.64576470493587e-10,0.00346655037539214,1.74621291191927e-16,6.13975253132382e-24,0.0070459382801689,-4.16740857102312,-1.75381842689575,-0.318455252551267,-3.34109047722864,-3.22089264503571,-22.704706711175,-5.84165623128303,-36.4609730188992,-53.6243187185124,-5.13236488231487,0.177060923657486,3.36549755578787
0.104433308196807,0.870527218740842,2.11201967053384,0.0952117757754488,0.0886963195820642,3.19770824122214e-10,0.00914878171119826,1.45213941518425e-16,1.27910504703917e-23,0.0243748594914185,-3.45446513574088,-1.33391477767806,-0.447613845853892,-3.54691017506844,-3.61779540875586,-23.0586750766827,-5.88939308023086,-37.6635820854985,-53.9085550128282,-4.90946155192374,1.19525852535427,5.35346186345953
0.0820423352284452,0.683882251157165,1.65919311387194,0.0747979410088608,0.0696794280515144,2.51210515130584e-10,0.00718724159027405,1.14079416573177e-16,1.00485914765642e-23,0.0191487795232207,-3.45446513574088,-1.33391477767806,-0.447613845853892,-3.54691017506844,-3.61779540875586,-23.0586750766827,-5.88939308023086,-37.6635820854985,-53.9085550128282,-4.90946155192374,0.953945254068359,1.4560547045909
0.0843677669918676,1.11015879597168,1.15349329511615,0.10336363321055,0.0918674129587941,3.25182094289402e-10,0.00411311272656557,1.45475505824936e-16,7.23053225170862e-24,0.0199234261027881,-3.41541973001902,-0.838346807488023,-0.800054886042535,-3.21235196054895,-3.33025877691358,-22.7894856723957,-6.43642505474078,-37.4093738183128,-54.2265794532998,-4.85870892051714,0.942849872014185,2.57631162898396
0.0976020380508703,1.28430281978875,1.33443494471298,0.119577673101918,0.106278108985669,3.76191480134294e-10,0.00475831231712542,1.68295385326053e-16,8.3647429477105e-24,0.0230486957510143,-3.41541973001902,-0.838346807488023,-0.800054886042535,-3.21235196054895,-3.33025877691358,-22.7894856723957,-6.43642505474078,-37.4093738183128,-54.2265794532998,-4.85870892051714,1.08856282590666,1.59812329429618
0.112483415787471,0.443406584789117,0.777596908163972,0.093079128660189,0.0969076489168929,1.86444736898938e-10,0.0108207419948833,7.16883969086403e-17,3.93406495916457e-24,0.0122861550051057,-2.62099590223077,-1.24931455003954,-0.687593420774334,-2.81035172058844,-2.77004324581381,-22.8389326564549,-4.96233685048208,-37.6102491865182,-54.3284154185873,-4.83532867872268,0.436046418803941,1.57765530483849
0.194721295238921,0.767586082829645,1.346106677784,0.161130317438679,0.16775791154235,3.22756562869998e-10,0.0187319071166093,1.2410058320088e-16,6.81030371490464e-24,0.0212686999176887,-2.62099590223077,-1.24931455003954,-0.687593420774334,-2.81035172058844,-2.77004324581381,-22.8389326564549,-4.96233685048208,-37.6102491865182,-54.3284154185873,-4.83532867872268,0.984809904267912,1.9322065976426
0.229565403529367,0.906411695066279,5.04624306608607,0.627752578846984,0.312125867028142,4.03192775763174e-10,0.0348060831500783,1.86216338213303e-16,1.02999789682278e-23,0.021670664570222,-3.44266825274421,-2.06936261194807,-0.352456926250124,-2.43671011823484,-3.1354496979242,-23.6027072619475,-5.32906404967641,-38.1907235127544,-54.9010013239048,-5.80289674151203,1.97110094536158,0.974474799084247
0.0981484008606684,0.38752728862641,2.15747094150982,0.268389360081039,0.133446304386814,1.72381053814441e-10,0.0148809940386624,7.96149399202792e-17,4.40365337759075e-24,0.00926507670779386,-3.44266825274421,-2.06936261194807,-0.352456926250124,-2.43671011823484,-3.1354496979242,-23.6027072619475,-5.32906404967641,-38.1907235127544,-54.9010013239048,-5.80289674151203,1.12139360154151,1.51707734188113
0.0468296759304384,0.664518191814563,2.91551722324655,0.324375215354623,0.31411852074208,5.70722766993876e-10,0.0178072794869567,1.54875984447951e-16,2.14652392490257e-24,0.00802775388643594,-4.51780315944751,-1.86525800801704,-0.386517744370861,-2.58241934466543,-2.61454989320892,-22.7406825295882,-5.48471292885361,-37.8604719610701,-55.95475746074,-6.28141548892393,1.45656498350958,3.0865733270564
0.0698366399567242,0.990989512192694,4.34788246047108,0.483737601756101,0.468441892901181,8.51113307998579e-10,0.0265558225939172,2.30965048314686e-16,3.20109023868943e-24,0.0119717112426956,-4.51780315944751,-1.86525800801704,-0.386517744370861,-2.58241934466543,-2.61454989320892,-22.7406825295882,-5.48471292885361,-37.8604719610701,-55.95475746074,-6.28141548892393,1.8562066802541,1.50625259434463
0.0636342418739698,0.902976809200933,3.96173418853849,0.440775437832586,0.426838186018769,7.75523423476521e-10,0.024197321623015,2.10452360795098e-16,2.91679196816161e-24,0.0109084682386651,-4.51780315944751,-1.86525800801704,-0.386517744370861,-2.58241934466543,-2.61454989320892,-22.7406825295882,-5.48471292885361,-37.8604719610701,-55.95475746074,-6.28141548892393,1.76319960017408,1.19767024355004
0.0728657830035996,1.03397338129414,4.53647054162631,0.504719573308279,0.488760417727491,8.88030089227235e-10,0.0277076733332178,2.40983087135099e-16,3.33993655553622e-24,0.01249098058172,-4.51780315944751,-1.86525800801704,-0.386517744370861,-2.58241934466543,-2.61454989320892,-22.7406825295882,-5.48471292885361,-37.8604719610701,-55.95475746074,-6.28141548892393,1.89866704034265,0.848493077838696
0.13838016095574,2.04157016720546,7.28252231279441,0.731813698561401,0.29397058610921,5.62363059655777e-09,0.056560236796138,8.58900266157818e-16,6.85463321308463e-24,0.0392022996799888,-4.33709585793433,-1.64562606456184,-0.373867992426384,-2.67157457374132,-3.58362083006137,-21.3556336341607,-5.23179433693175,-37.0502241294038,-55.6964626929189,-5.59836513476589,2.35934526616527,0.904209863540356
0.100416948526016,1.4814858212088,5.2846351902809,0.531047933399771,0.213322697485031,4.08084381636532e-09,0.0410435018123273,6.23269572893016e-16,4.97413318331948e-24,0.0284475410483586,-4.33709585793433,-1.64562606456184,-0.373867992426384,-2.67157457374132,-3.58362083006137,-21.3556336341607,-5.23179433693175,-37.0502241294038,-55.6964626929189,-5.59836513476589,2.0386715819831,3.35755930100252
0.204980632756727,3.02414986223987,10.7875003283096,1.08402558542431,0.435454593609014,8.33020680212387e-09,0.0837819023136623,1.27227717337503e-15,1.01536740789221e-23,0.0580698283512845,-4.33709585793433,-1.64562606456184,-0.373867992426384,-2.67157457374132,-3.58362083006137,-21.3556336341607,-5.23179433693175,-37.0502241294038,-55.6964626929189,-5.59836513476589,2.75225607927019,1.90755144662547
0.155601516157853,2.29564275085224,8.1888292765221,0.822887618100552,0.330555106949443,6.3234891554719e-09,0.0635991354464543,9.6579005776186e-16,7.70768955098328e-24,0.0440810100591789,-4.33709585793433,-1.64562606456184,-0.373867992426384,-2.67157457374132,-3.58362083006137,-21.3556336341607,-5.23179433693175,-37.0502241294038,-55.6964626929189,-5.59836513476589,2.47663893459409,0.594767298251325
0.379337806948858,5.59650129477472,19.9633822081992,2.00610117512585,0.805853647458939,1.54159070408295e-08,0.155047053266671,2.35448015887412e-15,1.8790421347479e-23,0.107464207912833,-4.33709585793433,-1.64562606456184,-0.373867992426384,-2.67157457374132,-3.58362083006137,-21.3556336341607,-5.23179433693175,-37.0502241294038,-55.6964626929189,-5.59836513476589,3.36776769826337,0.592833695747833
0.117461986215279,1.73295713187176,6.18166310553373,0.621189410236813,0.249532654787862,4.77353700884886e-09,0.0480103340608615,7.29064994049236e-16,5.81845566897168e-24,0.0332763016953773,-4.33709585793433,-1.64562606456184,-0.373867992426384,-2.67157457374132,-3.58362083006137,-21.3556336341607,-5.23179433693175,-37.0502241294038,-55.6964626929189,-5.59836513476589,2.19545533861992,1.15920788604288
0.377394297824823,3.49281517520547,8.6794424486527,1.50747904877792,1.22252165475856,6.82406580396002e-09,0.162250321324441,1.21982421594052e-15,4.07254813924904e-24,0.093307277962218,-3.71757383077129,-1.49240102399245,-0.582151782924259,-2.33267032397604,-2.5421934197933,-21.545919459292,-4.56172401847915,-37.0831787073487,-56.6008824253756,-5.11496624365247,2.74310907550724,0.802411322621546
0.263729561553136,2.44083871974837,6.06534217581464,1.05345202849164,0.854318949324311,4.76877338333156e-09,0.113383287324103,8.52433933146543e-16,2.84596598665815e-24,0.0652047146671905,-3.71757383077129,-1.49240102399245,-0.582151782924259,-2.33267032397604,-2.5421934197933,-21.545919459292,-4.56172401847915,-37.0831787073487,-56.6008824253756,-5.11496624365247,2.38474274183512,0.67472685725827
0.082882220394358,0.767081746641844,1.90615350066389,0.33106809371742,0.268486592962798,1.49868116505552e-09,0.0356329360792561,2.67894189421182e-16,8.9440098695012e-25,0.0204918686398698,-3.71757383077129,-1.49240102399245,-0.582151782924259,-2.33267032397604,-2.5421934197933,-21.545919459292,-4.56172401847915,-37.0831787073487,-56.6008824253756,-5.11496624365247,1.22723912041393,0.523032211995767
0.191649619046288,1.7737329408139,4.40762313687787,0.765532990518716,0.620824985328924,3.4654196399194e-09,0.0823944941701276,6.19455163037341e-16,2.06813484976669e-24,0.0473836101360643,-3.71757383077129,-1.49240102399245,-0.582151782924259,-2.33267032397604,-2.5421934197933,-21.545919459292,-4.56172401847915,-37.0831787073487,-56.6008824253756,-5.11496624365247,2.0654873558563,0.5895413145269
0.0764772918102519,0.707803607349297,1.75885077416832,0.305483987902603,0.247738627409576,1.38286687114721e-09,0.032879312808261,2.47192003316907e-16,8.25283938447893e-25,0.0189083088055801,-3.71757383077129,-1.49240102399245,-0.582151782924259,-2.33267032397604,-2.5421934197933,-21.545919459292,-4.56172401847915,-37.0831787073487,-56.6008824253756,-5.11496624365247,1.14681240947452,0.979749675616388
0.0149744348629473,0.138589622659603,0.344387147191022,0.0598144883303478,0.0485078099834515,2.70768608510608e-10,0.00643784731822542,4.84007796914989e-17,1.61592549725564e-25,0.00370229164599808,-3.71757383077129,-1.49240102399245,-0.582151782924259,-2.33267032397604,-2.5421934197933,-21.545919459292,-4.56172401847915,-37.0831787073487,-56.6008824253756,-5.11496624365247,-0.483837043622809,1.04306721109247
0.0105736164679973,0.09785968751803,0.24317562861193,0.0422356813210724,0.0342519088808242,1.91192752458972e-10,0.00454583622323379,3.41763335908101e-17,1.14102312409245e-25,0.00261422967048449,-3.71757383077129,-1.49240102399245,-0.582151782924259,-2.33267032397604,-2.5421934197933,-21.545919459292,-4.56172401847915,-37.0831787073487,-56.6008824253756,-5.11496624365247,-0.831819562286984,0.747467845993724
0.0167508759276948,0.155030730393797,0.385242343132685,0.0669103763761674,0.0542623687634156,3.02890319921099e-10,0.00720157940223007,5.41426412974103e-17,1.80762531345374e-25,0.00414150040237636,-3.71757383077129,-1.49240102399245,-0.582151782924259,-2.33267032397604,-2.5421934197933,-21.545919459292,-4.56172401847915,-37.0831787073487,-56.6008824253756,-5.11496624365247,-0.371730897116331,0.584394366862011
0.0403599116422253,0.373534292029369,0.928210978147856,0.161215263616473,0.130740888908887,7.29790286912072e-10,0.0173516363928124,1.30452415042207e-16,4.35533032709187e-25,0.00997861789602263,-3.71757383077129,-1.49240102399245,-0.582151782924259,-2.33267032397604,-2.5421934197933,-21.545919459292,-4.56172401847915,-37.0831787073487,-56.6008824253756,-5.11496624365247,0.507655558030964,1.24414577730946
0.0892697057381385,1.3337443578224,3.22493285387064,0.840092769135101,0.485854293009153,3.82499042008353e-09,0.0823625171496679,3.88760034018351e-16,1.39883055999982e-24,0.0456579105253961,-4.22469564993299,-1.52061226651003,-0.637690430297928,-1.9828455136199,-2.53044906848006,-21.1903124340481,-4.30522739434411,-37.2921719595765,-56.7350082184148,-4.89518096035013,1.80860255982369,0.846697658031861
0.0266275478806606,0.397831957155251,0.961939476200928,0.250584565607958,0.144921598465611,1.14092585734075e-09,0.0245672577369946,1.15960127058965e-16,4.17246000816753e-25,0.013618933641522,-4.22469564993299,-1.52061226651003,-0.637690430297928,-1.9828455136199,-2.53044906848006,-21.1903124340481,-4.30522739434411,-37.2921719595765,-56.7350082184148,-4.89518096035013,0.598886685450245,3.8605659955656
0.0532274930479104,0.46585863148323,1.89168362360988,0.240043579316161,0.244829066177283,1.06747085367326e-09,0.0185743982383082,9.94483064435305e-17,1.21185676357744e-24,0.0319207804361999,-4.01367524482068,-1.84436807210983,-0.443027776630756,-2.50742980695266,-2.48769001632079,-21.7384686898619,-5.06646610053844,-37.9273887132761,-56.1503835483736,-4.52499307225657,1.08049501531278,1.2503658436751
0.0535856556941873,0.468993349101676,1.90441257952634,0.241658809316046,0.24647649725484,1.07465376167592e-09,0.0186993835653467,1.00117484467217e-16,1.2200112303858e-24,0.0321355722766114,-4.01367524482068,-1.84436807210983,-0.443027776630756,-2.50742980695266,-2.48769001632079,-21.7384686898619,-5.06646610053844,-37.9273887132761,-56.1503835483736,-4.52499307225657,1.08720138045354,1.7515658837465
0.0491344239681998,0.430035197936886,1.74621760022563,0.221584792399451,0.226002286571438,9.85384854606398e-10,0.0171460706814379,9.18009654769517e-17,1.11866782748436e-24,0.0294661474651141,-4.01367524482068,-1.84436807210983,-0.443027776630756,-2.50742980695266,-2.48769001632079,-21.7384686898619,-5.06646610053844,-37.9273887132761,-56.1503835483736,-4.52499307225657,1.00047985413249,0.407618103382843
0.0824363350794091,0.721500789263532,2.92975408253342,0.371768644455154,0.379180190177333,1.65325060306155e-09,0.0287671883342939,1.5402104145088e-16,1.87686897334422e-24,0.0494374617580852,-4.01367524482068,-1.84436807210983,-0.443027776630756,-2.50742980695266,-2.48769001632079,-21.7384686898619,-5.06646610053844,-37.9273887132761,-56.1503835483736,-4.52499307225657,1.51794626526137,2.40438286035846
0.0771306397371421,0.675064186115782,2.74119181111862,0.347841195916999,0.354775726211706,1.54684553282384e-09,0.0269156997036027,1.44108073808034e-16,1.75607157301917e-24,0.0462556110568052,-4.01367524482068,-1.84436807210983,-0.443027776630756,-2.50742980695266,-2.48769001632079,-21.7384686898619,-5.06646610053844,-37.9273887132761,-56.1503835483736,-4.52499307225657,1.45142057002131,0.780727728354888
0.0416412469963155,0.364453278336772,1.47991311442605,0.187792311901421,0.191536122270289,8.35110108213545e-10,0.0145312330256306,7.78009869495989e-17,9.48066946734871e-25,0.0249724536389965,-4.01367524482068,-1.84436807210983,-0.443027776630756,-2.50742980695266,-2.48769001632079,-21.7384686898619,-5.06646610053844,-37.9273887132761,-56.1503835483736,-4.52499307225657,0.835011156214604,0.567445164414033
0.0946175559988367,0.607568244460815,3.87715073625849,0.365642498424643,0.345230968809768,7.50913873787785e-10,0.070852081960578,8.28123478240539e-17,2.11571198476312e-24,0.0324725258866803,-4.04311318102843,-2.18349171578479,-0.330100404723373,-2.69130014547111,-2.74874255340723,-22.6949310950502,-4.33236187007588,-38.7151554375794,-56.1978517824553,-5.11256184676446,1.68520094226909,1.04532706917108
0.0666430681757113,1.01769941805744,2.30330330203686,0.218102967897776,0.16531566863124,8.6994534825626e-10,0.0545757751098712,1.0728803991867e-16,1.16215298241323e-24,0.0136017248498731,-4.05367917304115,-1.32773032451557,-0.510930621072862,-2.86806292980918,-3.14517342149948,-22.2078656562591,-4.25344010590229,-38.1162894263239,-56.4570428596025,-5.6428335989953,1.34527493190983,1.33912360281962
0.0747010836200051,1.14075254050273,2.58180268822614,0.244474459065212,0.185304487385833,9.75133078110742e-10,0.0611746975598421,1.20260562137683e-16,1.30267242332833e-24,0.0152463506438167,-4.05367917304115,-1.32773032451557,-0.510930621072862,-2.86806292980918,-3.14517342149948,-22.2078656562591,-4.25344010590229,-38.1162894263239,-56.4570428596025,-5.6428335989953,1.45941849238447,1.85611192615932
0.0815429124954467,1.24523340333796,2.81826849738165,0.266865732823018,0.202276417793088,1.06444495054829e-09,0.0667776525897909,1.31275157197588e-16,1.42198343421683e-24,0.0166427550468719,-4.05367917304115,-1.32773032451557,-0.510930621072862,-2.86806292980918,-3.14517342149948,-22.2078656562591,-4.25344010590229,-38.1162894263239,-56.4570428596025,-5.6428335989953,1.54705330942207,0.986104004499827
0.581690705141374,8.62266885337555,17.7441931603147,3.01577053444887,1.37465238732924,2.02538199403264e-08,0.590536049994973,1.84965858098355e-15,1.00662982593117e-23,0.194988652531781,-4.0114353971809,-1.31522434168759,-0.593560673704094,-2.36576362569501,-3.15141810026206,-21.1845414123594,-3.99634358546291,-37.3933943138756,-56.422468183775,-5.10443290446019,3.46961899020386,1.02879994477927
0.601545141001576,8.91698028757922,18.34984310775,3.11870568901826,1.42157242131477,2.09451291969038e-08,0.610692397731202,1.91279166414066e-15,1.04098840711059e-23,0.201644061774084,-4.0114353971809,-1.31522434168759,-0.593560673704094,-2.36576362569501,-3.15141810026206,-21.1845414123594,-3.99634358546291,-37.3933943138756,-56.422468183775,-5.10443290446019,3.50318169818175,1.18359778998371
0.186001854293543,2.75719103212631,5.67389645663874,0.964325038329413,0.439559873988604,6.47637659005167e-09,0.188830248369799,5.91448209215045e-16,3.218807049098e-24,0.062349717154748,-4.0114353971809,-1.31522434168759,-0.593560673704094,-2.36576362569501,-3.15141810026206,-21.1845414123594,-3.99634358546291,-37.3933943138756,-56.422468183775,-5.10443290446019,2.32943676118239,1.46210502405065
0.14521694587324,2.15261757682579,4.42977258352354,0.752876026033005,0.343176914399542,5.05629168216794e-09,0.147425153694823,4.61760464220209e-16,2.51301435031712e-24,0.0486782002021535,-4.0114353971809,-1.31522434168759,-0.593560673704094,-2.36576362569501,-3.15141810026206,-21.1845414123594,-3.99634358546291,-37.3933943138756,-56.422468183775,-5.10443290446019,2.08190892089569,1.45229291383173
0.134095773923714,1.98776333017093,4.09052662085425,0.695218404246236,0.31689534339421,4.66906490993273e-09,0.136134870222282,4.26397390777192e-16,2.32055978151012e-24,0.0449502700257803,-4.0114353971809,-1.31522434168759,-0.593560673704094,-2.36576362569501,-3.15141810026206,-21.1845414123594,-3.99634358546291,-37.3933943138756,-56.422468183775,-5.10443290446019,2.00223439362526,0.477195744792456
0.208343823147805,3.08837631196659,6.3554273929727,1.08015678663951,0.492358449849779,7.25429896406764e-09,0.211511955193875,6.62491143272775e-16,3.60544022064334e-24,0.0698389728077858,-4.0114353971809,-1.31522434168759,-0.593560673704094,-2.36576362569501,-3.15141810026206,-21.1845414123594,-3.99634358546291,-37.3933943138756,-56.422468183775,-5.10443290446019,2.44286982910894,1.08172961853485
0.0662654087743441,0.982282631034762,2.02139419238855,0.343552450586789,0.156598518016308,2.30728743939874e-09,0.0672730583504728,2.10710573296953e-16,1.14673891657876e-24,0.0222128403499875,-4.0114353971809,-1.31522434168759,-0.593560673704094,-2.36576362569501,-3.15141810026206,-21.1845414123594,-3.99634358546291,-37.3933943138756,-56.422468183775,-5.10443290446019,1.29734814129445,1.38321210204658
0.0661703286495683,0.980873214615979,2.01849381924382,0.343059508485125,0.156373824516213,2.30397685576711e-09,0.0671765324118221,2.10408237765169e-16,1.14509353203666e-24,0.0221809685231752,-4.0114353971809,-1.31522434168759,-0.593560673704094,-2.36576362569501,-3.15141810026206,-21.1845414123594,-3.99634358546291,-37.3933943138756,-56.422468183775,-5.10443290446019,1.29591227295618,4.42988038738232
0.0860153295267344,1.27504478972678,2.62385595709244,0.445945747464867,0.203271561735028,2.99495759678489e-09,0.0873233016941337,2.73511319587931e-16,1.48851606916884e-24,0.0288332150630098,-4.0114353971809,-1.31522434168759,-0.593560673704094,-2.36576362569501,-3.15141810026206,-21.1845414123594,-3.99634358546291,-37.3933943138756,-56.422468183775,-5.10443290446019,1.55820564887844,2.32497159604564
0.0552002172589202,0.818258208101113,1.68385588574183,0.286185058886523,0.130449240060704,1.92200984328492e-09,0.0560396065655277,1.75525506291703e-16,9.5525310271555e-25,0.0185036753856372,-4.0114353971809,-1.31522434168759,-0.593560673704094,-2.36576362569501,-3.15141810026206,-21.1845414123594,-3.99634358546291,-37.3933943138756,-56.422468183775,-5.10443290446019,1.11464700732407,3.4371805194837
0.0417810611400445,0.619339885215602,1.2745110292448,0.216613557635461,0.098737069259775,1.45476983174514e-09,0.0424163951601113,1.32855308804529e-16,7.23031362387008e-25,0.0140054374963155,-4.0114353971809,-1.31522434168759,-0.593560673704094,-2.36576362569501,-3.15141810026206,-21.1845414123594,-3.99634358546291,-37.3933943138756,-56.422468183775,-5.10443290446019,0.836123272282403,4.49352295477939
0.0307187178757237,0.455357683218022,0.937059607118146,0.159260932668917,0.0725945222956487,1.06959140854998e-09,0.0311858349375395,9.76792986606787e-17,5.31594838197615e-25,0.0102972272947623,-4.0114353971809,-1.31522434168759,-0.593560673704094,-2.36576362569501,-3.15141810026206,-21.1845414123594,-3.99634358546291,-37.3933943138756,-56.422468183775,-5.10443290446019,0.528552289790985,4.80664583665222
0.0397771114549658,0.589634417377569,1.21338151491477,0.206224097464682,0.0940013322188821,1.38499454441062e-09,0.0403819728787248,1.26483154843492e-16,6.88352528690063e-25,0.0133336931390802,-4.0114353971809,-1.31522434168759,-0.593560673704094,-2.36576362569501,-3.15141810026206,-21.1845414123594,-3.99634358546291,-37.3933943138756,-56.422468183775,-5.10443290446019,0.786971775990797,3.75741714424306
0.0457151074391062,0.677656062852326,1.39451720574921,0.237009587355386,0.108034013648038,1.59174892505683e-09,0.0464102636221844,1.45364778924526e-16,7.91110984533747e-25,0.0153241699086982,-4.0114353971809,-1.31522434168759,-0.593560673704094,-2.36576362569501,-3.15141810026206,-21.1845414123594,-3.99634358546291,-37.3933943138756,-56.422468183775,-5.10443290446019,0.926108940006115,2.5455375825854
0.0367160615386796,0.544259066631034,1.12000567014388,0.190354110097823,0.0867674542525251,1.27841220901342e-09,0.0372743758165339,1.16749636335402e-16,6.35380319968781e-25,0.0123075980111477,-4.0114353971809,-1.31522434168759,-0.593560673704094,-2.36576362569501,-3.15141810026206,-21.1845414123594,-3.99634358546291,-37.3933943138756,-56.422468183775,-5.10443290446019,0.706894421626748,1.16906855922744
0.384626102722618,1.31324710894134,2.19417346263009,0.485948534145901,0.0990105965494371,2.87750948796146e-09,0.0564041170369679,7.73223732952753e-16,2.47632074614572e-24,0.0773888176602425,-2.48388468336625,-1.25589832563322,-0.742595684027136,-2.25005366253758,-3.84092950375192,-21.194741783074,-4.40361423106226,-36.3243643376039,-55.8836694483918,-4.08731408852714,1.52840110502934,1.14158481427226
0.112588261338483,0.384415430094002,0.642281357099463,0.142247497432405,0.0289825127329602,8.4230838193582e-10,0.016510687716128,2.26339073460089e-16,7.24871882983015e-25,0.0226533570283742,-2.48388468336625,-1.25589832563322,-0.742595684027136,-2.25005366253758,-3.84092950375192,-21.194741783074,-4.40361423106226,-36.3243643376039,-55.8836694483918,-4.08731408852714,0.299866863664811,0.915276711025056
0.0230734051758588,0.078780619479903,0.131626670605588,0.0291516549282386,0.00593956466999374,1.72619439614565e-10,0.00338363682747522,4.63850590371275e-17,1.48552455272156e-25,0.00464249184679796,-2.48388468336625,-1.25589832563322,-0.742595684027136,-2.25005366253758,-3.84092950375192,-21.194741783074,-4.40361423106226,-36.3243643376039,-55.8836694483918,-4.08731408852714,-1.2851899324212,1.19263034426245
0.518113229500627,1.76901852456086,2.95567641083294,0.65460030563501,0.133372903112631,3.87616889018472e-09,0.0759795526832202,1.04157633236764e-15,3.33574484410446e-24,0.104247137574279,-2.48388468336625,-1.25589832563322,-0.742595684027136,-2.25005366253758,-3.84092950375192,-21.194741783074,-4.40361423106226,-36.3243643376039,-55.8836694483918,-4.08731408852714,1.82632321252589,0.448699463486991
0.0434471820861101,0.148343770384663,0.247852793361115,0.054892515869474,0.0111841900128137,3.25042106588724e-10,0.00637138230079698,8.73429860352652e-17,2.79724016648438e-25,0.00874180412747012,-2.48388468336625,-1.25589832563322,-0.742595684027136,-2.25005366253758,-3.84092950375192,-21.194741783074,-4.40361423106226,-36.3243643376039,-55.8836694483918,-4.08731408852714,-0.65232460018229,0.393900234757329
0.0158915669848133,0.0542593293893117,0.0906564955182783,0.0200778980596663,0.0040908131718934,1.1888983730871e-10,0.00233044454800992,3.19472252649678e-17,1.02313953043478e-25,0.0031974678031932,-2.48388468336625,-1.25589832563322,-0.742595684027136,-2.25005366253758,-3.84092950375192,-21.194741783074,-4.40361423106226,-36.3243643376039,-55.8836694483918,-4.08731408852714,-1.65808200540366,0.308975134981559
0.0821193785837974,0.280384081449107,0.468465764493851,0.103752167014384,0.02113920143302,6.14361036205565e-10,0.0120425291155654,1.65086695902479e-16,5.28705460727159e-25,0.0165228557568207,-2.48388468336625,-1.25589832563322,-0.742595684027136,-2.25005366253758,-3.84092950375192,-21.194741783074,-4.40361423106226,-36.3243643376039,-55.8836694483918,-4.08731408852714,-0.0156965706662469,0.140932292760877
0.0256956231837078,0.0877337825477385,0.146585616775194,0.0324646463973698,0.00661457701939491,1.9223708164062e-10,0.00376817622915443,5.16565712467584e-17,1.65434962225763e-25,0.00517009605732441,-2.48388468336625,-1.25589832563322,-0.742595684027136,-2.25005366253758,-3.84092950375192,-21.194741783074,-4.40361423106226,-36.3243643376039,-55.8836694483918,-4.08731408852714,-1.17754992235399,0.74789850156147
0.0568876837437231,0.194234311405253,0.324526716042952,0.0718736620591617,0.0146440490229644,4.25594749191441e-10,0.00834238640885225,1.14362771720357e-16,3.66257387258899e-25,0.0114461045498295,-2.48388468336625,-1.25589832563322,-0.742595684027136,-2.25005366253758,-3.84092950375192,-21.194741783074,-4.40361423106226,-36.3243643376039,-55.8836694483918,-4.08731408852714,-0.382791732329353,1.47646806056702
0.0361601347777331,0.123463259824655,0.206282432660709,0.0456858345426183,0.00930835554401615,2.70525401610434e-10,0.00530276146012556,7.26936476723668e-17,2.32808151344068e-25,0.00727561144986019,-2.48388468336625,-1.25589832563322,-0.742595684027136,-2.25005366253758,-3.84092950375192,-21.194741783074,-4.40361423106226,-36.3243643376039,-55.8836694483918,-4.08731408852714,-0.835913332838538,1.40965912342162
0.076653244297395,0.261720800413603,0.437283151796745,0.0968460836125574,0.0197321070816875,5.73467157292367e-10,0.011240939010662,1.54097985755572e-16,4.93513096925478e-25,0.0154230404645085,-2.48388468336625,-1.25589832563322,-0.742595684027136,-2.25005366253758,-3.84092950375192,-21.194741783074,-4.40361423106226,-36.3243643376039,-55.8836694483918,-4.08731408852714,-0.0845786650699132,2.53467237478744
0.0706088015951901,0.241082973579586,0.402801467689281,0.0892093474418361,0.0181761443596623,5.28246770267367e-10,0.0103545419326033,1.41946687347236e-16,4.54597436349124e-25,0.0142068664429651,-2.48388468336625,-1.25589832563322,-0.742595684027136,-2.25005366253758,-3.84092950375192,-21.194741783074,-4.40361423106226,-36.3243643376039,-55.8836694483918,-4.08731408852714,-0.166715790400049,2.27363833523847
0.0591195790405993,0.22802072479674,0.841116104548742,0.0585791903576263,0.0119581800605398,6.88824913677414e-10,0.0128393713944499,1.28625960834646e-16,1.26512787251398e-25,0.0242974501785875,-3.0400173322448,-1.69014296538175,-0.384849782643051,-3.04919996827231,-4.63816392034407,-21.3078582032409,-4.56706314819167,-36.801447219175,-57.5412783322435,-3.92920807451797,0.211824209454375,1.88761668675161
0.184438550154639,0.719877557591801,1.05548512155878,0.0701420121453429,0.0180434927683297,1.88145880385193e-09,0.0258719373989909,5.73072678611234e-16,4.27734258096526e-25,0.0624314509898694,-2.44950967041747,-1.08774487828012,-0.705070245846532,-3.41630408506938,-4.77404090859915,-20.8502891394559,-4.41366713373967,-35.8545898644045,-56.8703661383349,-3.53275684625592,0.759070737946151,0.9464018813835
0.0600673194076809,0.386860391537334,0.924477703505797,0.050488098511261,0.0158766489546156,6.15192100443011e-10,0.0276437371204971,6.10639615852115e-16,6.01118537356909e-25,0.0165823140920388,-3.20567932763483,-1.34308136846049,-0.471916317842554,-3.37940761556272,-4.53629584048303,-21.6024765104942,-3.98174605430017,-35.4254146875357,-56.1643953342554,-4.49280853976341,0.393389972042303,1.4181836994733
0.0451886406777165,0.500433212229369,1.43985895872424,0.107756234912489,0.0379169262759333,1.15680771236917e-09,0.0363590592212358,9.61554026291109e-16,9.0467710585599e-25,0.0605463376970614,-3.89804050549699,-1.49341210055909,-0.436585805868307,-3.02901465638418,-4.0734886323337,-21.3787325668894,-4.11544285333989,-35.3791118901811,-56.163350389242,-3.60547726408727,0.801130969328874,1.1561138369692
0.0270280556443763,0.515467076292725,0.771443968798775,0.174591867975171,0.0220454792141831,3.03563234658076e-09,0.0343742336111472,2.85988516979435e-15,5.68604629398968e-25,0.0770306357641032,-4.09452829371453,-1.14633028427414,-0.74313967531832,-2.22895265102015,-4.29829616159774,-20.0964945218982,-3.8540964573804,-33.9716433604945,-56.3102606090936,-3.0472005083783,0.483648439188014,2.23540599112813
0.0403943877943734,0.77038382815867,1.15295037302367,0.260933739131194,0.0329477505969171,4.53686021008473e-09,0.0513735113207068,4.27419982095851e-15,8.49799785964138e-25,0.115125017279951,-4.09452829371453,-1.14633028427414,-0.74313967531832,-2.22895265102015,-4.29829616159774,-20.0964945218982,-3.8540964573804,-33.9716433604945,-56.3102606090936,-3.0472005083783,0.885463874068925,0.685059884477657
0.0582474664631854,2.80586051079792,4.85736608777611,0.98692899735632,0.147250605865087,2.18519031426275e-08,0.408478530461562,2.06244533892338e-14,4.13074452123291e-24,0.421800083860599,-5.11372923662139,-1.23896428554878,-0.69017822119214,-2.28383173491677,-4.18629389687013,-19.9096523737937,-3.1659904780178,-33.7829735203262,-56.1142591245911,-3.13389836706638,2.27067455494492,0.922222644502367
0.0273277246885019,1.52964148508422,1.90673678354529,0.864408030980316,0.0658362306953299,1.38581125062503e-08,0.0917019763844142,5.23532465301242e-15,3.6525786748585e-24,0.199293867830022,-5.14420794937495,-1.11932102913868,-0.898961122976504,-1.69006477718838,-4.26493938732615,-19.6387494488792,-3.9335657608427,-34.4277019502645,-55.5109632410547,-3.15732923438715,1.54435441361062,1.25350369296143
0.0392244581482863,2.19554899273459,2.7368073273015,1.24071568418924,0.094497090591535,1.9891043261438e-08,0.131623118126589,7.51444824205136e-15,5.24267647593767e-24,0.286053598205265,-5.14420794937495,-1.11932102913868,-0.898961122976504,-1.69006477718838,-4.26493938732615,-19.6387494488792,-3.9335657608427,-34.4277019502645,-55.5109632410547,-3.15732923438715,1.90575315497861,0.805871627333124
0.0134815655711901,2.05936092291344,3.84797943480932,1.20185250555053,0.131152957739028,2.62073431265768e-08,0.0636633733254819,5.04961064798847e-15,2.60556058200051e-24,0.365647067217679,-6.34546007831429,-1.31663233529426,-0.691479849963644,-1.8551639173134,-4.07041905895487,-19.49625423181,-4.79317390718211,-34.9584932923725,-56.3434224235454,-3.04511474640245,2.03902803836855,0.836605007673596
0.00532031248831883,0.812698167603463,1.51855160542774,0.474294388187535,0.0517576920317057,1.03423637400055e-08,0.0251238655008941,1.9927586636564e-15,1.02824827207846e-24,0.144297533380883,-6.34546007831429,-1.31663233529426,-0.691479849963644,-1.8551639173134,-4.07041905895487,-19.49625423181,-4.79317390718211,-34.9584932923725,-56.3434224235454,-3.04511474640245,1.10923683936647,3.37046789960321
0.00567866105918474,0.867437288199378,1.62083334146973,0.506240390710862,0.0552438209031961,1.10389715565094e-08,0.0268160783768558,2.12698052013e-15,1.09750572633582e-24,0.154016664537191,-6.34546007831429,-1.31663233529426,-0.691479849963644,-1.8551639173134,-4.07041905895487,-19.49625423181,-4.79317390718211,-34.9584932923725,-56.3434224235454,-3.04511474640245,1.17442027525999,3.75710748919641
0.00306805978082538,0.468657915761366,0.875701778034632,0.273510914981833,0.0298470613557889,5.96412152463705e-09,0.0144881567485741,1.14916233252823e-15,5.92958999155325e-25,0.0832119277975134,-6.34546007831429,-1.31663233529426,-0.691479849963644,-1.8551639173134,-4.07041905895487,-19.49625423181,-4.79317390718211,-34.9584932923725,-56.3434224235454,-3.04511474640245,0.558750167922872,1.79394823035322
0.0024932696052297,0.380856508703284,0.711642139460523,0.222269610026736,0.0242553197134232,4.8467643988584e-09,0.011773851697018,9.33870823858815e-16,4.81870222666805e-25,0.0676224667024886,-6.34546007831429,-1.31663233529426,-0.691479849963644,-1.8551639173134,-4.07041905895487,-19.49625423181,-4.79317390718211,-34.9584932923725,-56.3434224235454,-3.04511474640245,0.351299742923928,3.04479796440174
0.00419472558406242,0.640760444664055,1.19728066424528,0.373950742343739,0.0408076246299631,8.15429128930532e-09,0.0198085585421028,1.57116255251069e-15,8.10707894155748e-25,0.113769361540107,-6.34546007831429,-1.31663233529426,-0.691479849963644,-1.8551639173134,-4.07041905895487,-19.49625423181,-4.79317390718211,-34.9584932923725,-56.3434224235454,-3.04511474640245,0.871532722108668,0.810748951506442
0.00285608453850541,0.678597406199125,1.44494187264112,0.51828398254222,0.0470631184714889,5.5289020204659e-09,0.0129904915247132,9.07017458354011e-16,1.33586338361453e-24,0.208548623372594,-6.92758377281938,-1.45700738711529,-0.701211043984173,-1.72651209629273,-4.12554577020944,-20.0825567289638,-5.412817748509,-35.7056501136956,-56.0417445579384,-2.63686319750106,1.06928013819352,0.751587874350967
0.0126105038996084,2.99621916710363,6.37986896885891,2.2883854083582,0.207798344555662,2.44118265932436e-08,0.0573570711306578,4.00476492953239e-15,5.89825342397973e-24,0.920807207504545,-6.92758377281938,-1.45700738711529,-0.701211043984173,-1.72651209629273,-4.12554577020944,-20.0825567289638,-5.412817748509,-35.7056501136956,-56.0417445579384,-2.63686319750106,2.55435860333356,1.57641450151895
0.0024658680951343,0.0934329078552542,0.356424715971261,0.190068207452856,0.0081038489668652,1.49781932913095e-09,0.00469605767795663,1.72456923524615e-16,7.13080783313632e-25,0.029348509767067,-5.62620333725981,-1.99150363549156,-0.6526242090117,-1.28136425683501,-4.43640812125913,-19.940247539369,-4.9820238863601,-35.9173761594913,-55.2211947684499,-3.14950548073044,-0.379008027812932,0.434235376833685
0.00860727518302516,0.326133725744405,1.24412397339897,0.663445611028091,0.0282870191788114,5.22823713309048e-09,0.0163918989784121,6.01972263205524e-16,2.48905549401388e-24,0.102442908554316,-5.62620333725981,-1.99150363549156,-0.6526242090117,-1.28136425683501,-4.43640812125913,-19.940247539369,-4.9820238863601,-35.9173761594913,-55.2211947684499,-3.14950548073044,0.871055855436378,0.879548549056297
0.00148545047947724,0.0562844209089705,0.214711916781669,0.114497977589044,0.00488179653939901,9.0229337287673e-10,0.00282892712028602,1.03888857739106e-16,4.29563200711897e-25,0.0176796796193017,-5.62620333725981,-1.99150363549156,-0.6526242090117,-1.28136425683501,-4.43640812125913,-19.940247539369,-4.9820238863601,-35.9173761594913,-55.2211947684499,-3.14950548073044,-0.88583386228661,0.850769965178077
0.0485613919771366,1.84001409924385,7.01922393041763,3.74309426474297,0.159592553624415,2.9497194799829e-08,0.0924814665052364,3.39626773993916e-15,1.40430039620472e-23,0.577972718636332,-5.62620333725981,-1.99150363549156,-0.6526242090117,-1.28136425683501,-4.43640812125913,-19.940247539369,-4.9820238863601,-35.9173761594913,-55.2211947684499,-3.14950548073044,2.60127686971562,2.22921923321029
0.0164940441996086,0.575671837703758,2.2781838095389,0.842454464347128,0.134105189346659,1.84735091820474e-08,0.0321301874961119,8.94367711173646e-16,3.6611470093152e-24,0.160590435372806,-5.5009090211093,-1.94837060712398,-0.572774549504893,-1.56758876674229,-3.40528389212777,-19.2030811674413,-4.83411237059815,-36.0465677735198,-55.3604188432904,-3.22505113510283,1.39615310027334,1.17194832525941
0.0550722147816064,1.92211944542357,7.60666253543093,2.81288401090554,0.447765854247101,6.16814804866251e-08,0.107279971203251,2.98621793948252e-15,1.22242593753221e-23,0.536197844609433,-5.5009090211093,-1.94837060712398,-0.572774549504893,-1.56758876674229,-3.40528389212777,-19.2030811674413,-4.83411237059815,-36.0465677735198,-55.3604188432904,-3.22505113510283,2.60179906216333,1.0461561411751
0.0204551103547709,0.713920177844775,2.82529261281332,1.04477099906758,0.166310724891743,2.2909946425851e-08,0.0398462937893695,1.10915127960158e-15,4.54037622273132e-24,0.19915643717927,-5.5009090211093,-1.94837060712398,-0.572774549504893,-1.56758876674229,-3.40528389212777,-19.2030811674413,-4.83411237059815,-36.0465677735198,-55.3604188432904,-3.22505113510283,1.61138648849621,0.913314347171649
0.0320771008008082,1.11954856812183,4.43054055251548,1.63837906858495,0.260803573976498,3.59267023299993e-08,0.0624857827824972,1.73933832582951e-15,7.1200840887263e-24,0.312311251307391,-5.5009090211093,-1.94837060712398,-0.572774549504893,-1.56758876674229,-3.40528389212777,-19.2030811674413,-4.83411237059815,-36.0465677735198,-55.3604188432904,-3.22505113510283,2.06129614700185,0.773839413444912
0.042829026220889,1.49481012256695,5.91561371692346,2.18754745087226,0.348222340220334,4.79689759269905e-08,0.0834303962145145,2.32234724785578e-15,9.50666551895208e-24,0.416994879131529,-5.5009090211093,-1.94837060712398,-0.572774549504893,-1.56758876674229,-3.40528389212777,-19.2030811674413,-4.83411237059815,-36.0465677735198,-55.3604188432904,-3.22505113510283,2.35036979758398,0.677453168222303
0.0681414756887238,2.37826018039314,9.4118097898527,3.48041327563127,0.554025767665513,7.63191950730778e-08,0.132738724575044,3.69488131050146e-15,1.51252147083501e-23,0.663443671871408,-5.5009090211093,-1.94837060712398,-0.572774549504893,-1.56758876674229,-3.40528389212777,-19.2030811674413,-4.83411237059815,-36.0465677735198,-55.3604188432904,-3.22505113510283,2.81473981084288,0.649245200254403
0.0661018020920619,2.30707189973278,9.13008680497253,3.37623433039966,0.537442156601089,7.4034738425556e-08,0.128765466452384,3.58428270993319e-15,1.46724728096364e-23,0.643584863022447,-5.5009090211093,-1.94837060712398,-0.572774549504893,-1.56758876674229,-3.40528389212777,-19.2030811674413,-4.83411237059815,-36.0465677735198,-55.3604188432904,-3.22505113510283,2.7843497517306,0.991900932583409
0.119867082621794,4.18357698682011,16.5562334877284,6.12236499799077,0.974581953151836,1.34252438312945e-07,0.233499546420615,6.49963386978558e-15,2.66066348401403e-23,1.16705804544641,-5.5009090211093,-1.94837060712398,-0.572774549504893,-1.56758876674229,-3.40528389212777,-19.2030811674413,-4.83411237059815,-36.0465677735198,-55.3604188432904,-3.22505113510283,3.37953722619894,0.686330061037331
0.0240680156423225,0.840017076892966,3.32431287927367,1.2293047708901,0.195685530840799,2.69564397052273e-08,0.0468841871580244,1.30505628589418e-15,5.342324927875e-24,0.234332651458021,-5.5009090211093,-1.94837060712398,-0.572774549504893,-1.56758876674229,-3.40528389212777,-19.2030811674413,-4.83411237059815,-36.0465677735198,-55.3604188432904,-3.22505113510283,1.77403754940705,0.631035653624574
0.0367997961620376,1.28437913875765,5.08284680191868,1.87959679194437,0.29920155254256,4.12161725814342e-08,0.0716855330442868,1.99542022967778e-15,8.16837047552298e-24,0.358292679210376,-5.5009090211093,-1.94837060712398,-0.572774549504893,-1.56758876674229,-3.40528389212777,-19.2030811674413,-4.83411237059815,-36.0465677735198,-55.3604188432904,-3.22505113510283,2.19864604821164,0.54248290900914
0.0173905784971306,0.606962498767416,2.40201456302745,0.888246103574435,0.141394481182545,1.94776373617018e-08,0.0338766248602582,9.42981096584756e-16,3.86014877155125e-24,0.169319333599544,-5.5009090211093,-1.94837060712398,-0.572774549504893,-1.56758876674229,-3.40528389212777,-19.2030811674413,-4.83411237059815,-36.0465677735198,-55.3604188432904,-3.22505113510283,1.44908233602001,0.570971006825615
0.0321508687979683,1.12212320403131,4.44072950646507,1.64214686366185,0.261403346300809,3.6009323290413e-08,0.0626294818990561,1.74333829781817e-15,7.13645821013146e-24,0.313029476300434,-5.5009090211093,-1.94837060712398,-0.572774549504893,-1.56758876674229,-3.40528389212777,-19.2030811674413,-4.83411237059815,-36.0465677735198,-55.3604188432904,-3.22505113510283,2.06359321571062,0.356372858843081
0.116957789858769,4.08203743163033,16.1543973103954,5.97376913837973,0.950927884317729,1.30993998725867e-07,0.227832281265638,6.34188132116185e-15,2.59608654721387e-23,1.13873239130198,-5.5009090211093,-1.94837060712398,-0.572774549504893,-1.56758876674229,-3.40528389212777,-19.2030811674413,-4.83411237059815,-36.0465677735198,-55.3604188432904,-3.22505113510283,3.35496684139373,0.237934957502092
0.0981917533527,3.42706897203806,13.5624022835871,5.01526975270366,0.798350211524032,1.09975833410552e-07,0.191276281766548,5.32431783493498e-15,2.1795409286898e-23,0.956021229851164,-5.5009090211093,-1.94837060712398,-0.572774549504893,-1.56758876674229,-3.40528389212777,-19.2030811674413,-4.83411237059815,-36.0465677735198,-55.3604188432904,-3.22505113510283,3.18007597588281,1.28275529221961
0.37586940741093,11.7545046710544,64.0432321914499,12.3427043929792,7.34649473543095,6.00054144205077e-07,0.824515033139354,2.69724849684383e-14,7.67866068534548e-23,3.55582791739305,-5.58611224082736,-2.14336218080947,-0.448040365888068,-2.09453357308039,-2.61337543146523,-18.9338446696496,-4.80055862830097,-35.8515578479493,-55.5286107210298,-3.33901079989315,4.60759872418969,0.895913570381111
0.0730215817189024,0.902093886156511,6.25133307176256,1.29376600123282,0.186115734788023,2.81338775008351e-08,0.0767595807441024,1.07190007875832e-15,1.41360185660803e-23,0.13711113155721,-4.80531872331622,-2.29135515946268,-0.355523749287621,-1.93076113571683,-3.8697050505052,-19.5746098635275,-4.75539555153801,-36.6576620284945,-54.8016346652252,-4.17528198450692,2.18831848177455,0.455716012821194
0.514708544819314,6.35860550407421,44.0638845777679,9.1193918312354,1.31187734866503,1.98307771589001e-07,0.541056646209436,7.5555214875137e-15,9.96408099415706e-23,0.966457714843949,-4.80531872331622,-2.29135515946268,-0.355523749287621,-1.93076113571683,-3.8697050505052,-19.5746098635275,-4.75539555153801,-36.6576620284945,-54.8016346652252,-4.17528198450692,4.14116425240796,0.956900657006088
0.150230330786969,2.27560168936781,9.37236258658484,1.59524702739827,0.206468907706108,4.12332515633306e-08,0.196629398368478,1.0256603991196e-15,2.63838358326678e-23,0.391831710698733,-4.54800835825018,-1.83017823793266,-0.414657526030397,-2.1853941338537,-4.23002818013692,-19.6564435635326,-4.27885728273935,-37.1658624321734,-54.6417134225,-3.58934557502357,2.65242273421021,1.34374644244035
0.130525071025235,1.97711787342774,8.14301803024686,1.38600328218151,0.17938700328802,3.58248102145026e-08,0.17083811273829,8.91127615452662e-16,2.29231475956772e-23,0.340436326013385,-4.54800835825018,-1.83017823793266,-0.414657526030397,-2.1853941338537,-4.23002818013692,-19.6564435635326,-4.27885728273935,-37.1658624321734,-54.6417134225,-3.58934557502357,2.51181840271494,0.691075520782355
0.0474730555190703,1.0095232365613,1.35183906443031,0.647467332676997,0.122534577040673,1.24572092956444e-08,0.0220985561723821,3.16274446588664e-16,4.38302931213444e-24,0.0691641556946689,-4.23241354371236,-1.17534238619513,-0.883354627241466,-1.61950750073756,-3.28418258986144,-19.3857868843274,-4.99706356675135,-36.8747418979649,-54.9691226853476,-3.85609309444038,1.1848205625923,0.853430916507295
0.0215423537299762,0.458102104927664,0.613438401921682,0.293808143516885,0.0556038193434342,5.65284046288781e-09,0.010027897062492,1.43519222212872e-16,1.98893386613644e-24,0.0313853551476411,-4.23241354371236,-1.17534238619513,-0.883354627241466,-1.61950750073756,-3.28418258986144,-19.3857868843274,-4.99706356675135,-36.8747418979649,-54.9691226853476,-3.85609309444038,0.394679203003803,1.40296996782049
0.00279262972682767,0.0994967959803722,0.181588423388941,0.0786942508241588,0.0199829875771916,1.33669024326298e-09,0.00373321582831618,2.42487546059651e-17,5.57415802373383e-25,0.0191431354965149,-4.97796807811076,-1.40482634199328,-0.803209068160106,-1.63938168347172,-3.01007049400695,-19.5302657515552,-4.68768176985763,-37.3553629197381,-54.9436825514986,-3.05300759278446,-0.902803494545071,1.4283306119808
0.00264927072476887,0.0943891509378634,0.172266623612771,0.0746544996328214,0.0189571655250594,1.26807155833851e-09,0.00354157205596922,2.3003950388605e-17,5.2880099089573e-25,0.0181604270569775,-4.97796807811076,-1.40482634199328,-0.803209068160106,-1.63938168347172,-3.01007049400695,-19.5302657515552,-4.68768176985763,-37.3553629197381,-54.9436825514986,-3.05300759278446,-0.955502796947645,1.03567573817459
0.014424482201056,0.513920534789731,0.93793994811731,0.406471294577235,0.103216064006651,6.90426820177651e-09,0.0192827945469945,1.25249590323902e-16,2.87916233315177e-24,0.0988780627052755,-4.97796807811076,-1.40482634199328,-0.803209068160106,-1.63938168347172,-3.01007049400695,-19.5302657515552,-4.68768176985763,-37.3553629197381,-54.9436825514986,-3.05300759278446,0.739139714937852,1.39334957489002
0.0405340556475588,1.39142827139037,3.79924697408108,0.61623786835098,0.114102576797963,4.51473299033379e-08,0.0398889737502709,5.60452425268606e-16,1.10964545462343e-23,0.191160148949654,-5.02896763349048,-1.49302410249989,-0.488551973086177,-2.30747709553068,-3.99401229415425,-18.7366895526515,-5.04501019585401,-36.9411421695414,-54.6787714402761,-3.47799858154988,1.82335485546579,0.975499061638633
0.0389685325553638,1.40633575554632,1.64982624096942,0.712024723332351,0.15877827172074,5.08894082350761e-08,0.0328547188939664,4.83590474734894e-16,1.56150967018597e-23,0.377260349931768,-4.72114699720095,-1.13515861427582,-0.975476207245159,-1.81578882550056,-3.31639274859487,-18.2697572058367,-4.89180607573686,-36.7414394330331,-53.9899502293677,-2.45096592761264,1.47614618110893,0.850081584250563
0.00939675178429969,0.339119467777736,0.397834012650802,0.171695446317694,0.0382873028636671,1.22713149887161e-08,0.00792248560940611,1.16611515968157e-16,3.76537627088592e-24,0.0909713975328771,-4.72114699720095,-1.13515861427582,-0.975476207245159,-1.81578882550056,-3.31639274859487,-18.2697572058367,-4.89180607573686,-36.7414394330331,-53.9899502293677,-2.45096592761264,0.0537557929152022,1.35306448411312
0.0621946223665215,2.24454233970637,2.63315843063089,1.13640688728442,0.253413562228714,8.12205982645004e-08,0.0524368432828554,7.71820876586834e-16,2.49220326993094e-23,0.602115693336223,-4.72114699720095,-1.13515861427582,-0.975476207245159,-1.81578882550056,-3.31639274859487,-18.2697572058367,-4.89180607573686,-36.7414394330331,-53.9899502293677,-2.45096592761264,1.94366025709644,1.45169113037643
0.0163390194767386,0.57528922406523,1.60793469064524,0.467889764051757,0.164843907188639,2.3491308799527e-08,0.0127066360850096,2.92958837045511e-16,6.46736317146966e-24,0.47537037467788,-5.31427651756318,-1.7529596849406,-0.725126764007267,-1.95959987637682,-3.00283358854548,-18.7667126411902,-5.56570821427709,-36.9665768813132,-54.5953510719964,-1.94373836128869,1.20007731866884,1.64119379718958
0.0132725449085857,0.780428987030105,1.55452502242886,0.356507584012161,0.215320963044559,2.84004005464483e-08,0.00971254654890503,3.6367430860708e-16,1.5459349296136e-23,0.339319108410279,-5.50656834512819,-1.43242220230953,-0.743340628040482,-2.2159104410252,-2.72013618787682,-18.5613732633281,-5.81884744581734,-36.7347836385612,-53.7083389542937,-2.26532496682146,1.18451067519754,0.882395809562858
0.00110898176974594,0.0652084076685111,0.129887668292788,0.0297878375374648,0.0179910502699516,2.37298322789023e-09,0.000811527641061285,3.03866501223378e-17,1.29169926789696e-24,0.0283516618662956,-5.50656834512819,-1.43242220230953,-0.743340628040482,-2.2159104410252,-2.72013618787682,-18.5613732633281,-5.81884744581734,-36.7347836385612,-53.7083389542937,-2.26532496682146,-1.29774466408256,0.954765769399168
0.0251899678182164,1.48117645885489,2.95033360650107,0.676615873599884,0.408657734220299,5.390113054556e-08,0.0184334456341965,6.90217602819969e-16,2.93403046621694e-23,0.643993859491984,-5.50656834512819,-1.43242220230953,-0.743340628040482,-2.2159104410252,-2.72013618787682,-18.5613732633281,-5.81884744581734,-36.7347836385612,-53.7083389542937,-2.26532496682146,1.82525887894788,2.05649094730969
0.0293583056225839,1.72627577271425,3.43854332539484,0.788579634145936,0.476280825082916,6.28204797790565e-08,0.0214837404522077,8.04432124562782e-16,3.41954240492828e-23,0.750559456148274,-5.50656834512819,-1.43242220230953,-0.743340628040482,-2.2159104410252,-2.72013618787682,-18.5613732633281,-5.81884744581734,-36.7347836385612,-53.7083389542937,-2.26532496682146,1.9783885578246,0.815775831552921
0.00379048683881524,0.222881581817359,0.443954545168946,0.101814483540513,0.0614932013538309,8.11082917630635e-09,0.0027737920736806,1.03861218016949e-16,4.41501313028108e-24,0.0969056517379481,-5.50656834512819,-1.43242220230953,-0.743340628040482,-2.2159104410252,-2.72013618787682,-18.5613732633281,-5.81884744581734,-36.7347836385612,-53.7083389542937,-2.26532496682146,-0.0686924694958031,0.779722521532867
0.00553374151247572,0.325385396155202,0.648130385547401,0.148639227122475,0.0897740832607883,1.18410204340809e-08,0.0040494662025789,1.51627260063598e-16,6.44548905617573e-24,0.141472810912967,-5.50656834512819,-1.43242220230953,-0.743340628040482,-2.2159104410252,-2.72013618787682,-18.5613732633281,-5.81884744581734,-36.7347836385612,-53.7083389542937,-2.26532496682146,0.309677237434654,0.617573240222023
0.00308666239039253,0.181496526794924,0.361520262670301,0.0829093861832184,0.0500750325631077,6.60479575262905e-09,0.00225874934716167,8.45760793021191e-17,3.59522551108166e-24,0.0789120351436156,-5.50656834512819,-1.43242220230953,-0.743340628040482,-2.2159104410252,-2.72013618787682,-18.5613732633281,-5.81884744581734,-36.7347836385612,-53.7083389542937,-2.26532496682146,-0.274096559266919,0.964045876617307
0.00254830344410657,0.149840885016929,0.298465855334403,0.06844877982674,0.041341216435429,5.45282302866453e-09,0.00186479051245172,6.98247773535126e-17,2.96816573809488e-24,0.0651486251181366,-5.50656834512819,-1.43242220230953,-0.743340628040482,-2.2159104410252,-2.72013618787682,-18.5613732633281,-5.81884744581734,-36.7347836385612,-53.7083389542937,-2.26532496682146,-0.465759112141183,0.526437727740551
0.0231691849630062,1.36235391746878,2.71365273369518,0.622336576111265,0.375874502859271,4.95770884797283e-08,0.0169546826929793,6.34847151050906e-16,2.69865745956675e-23,0.592331556486542,-5.50656834512819,-1.43242220230953,-0.743340628040482,-2.2159104410252,-2.72013618787682,-18.5613732633281,-5.81884744581734,-36.7347836385612,-53.7083389542937,-2.26532496682146,1.74163622758001,1.17809313738848
0.0490888810019246,1.73891372499932,4.45286842872027,0.894725810363473,0.612802062399482,1.01994993855947e-07,0.04633148751024,5.55296350065376e-16,4.17753682406062e-23,1.08627970337707,-5.19803803783567,-1.63065468954116,-0.690366832593881,-2.29515327661632,-2.67362860686333,-18.2822574165466,-5.25584878505791,-37.310945050409,-53.7136506543949,-2.10115656973164,2.18391531183632,1.49631018454419
0.0131960828569651,0.467455137046314,1.19702098595918,0.240520372166534,0.16473357357699,2.74183147476098e-08,0.0124548397843414,1.49274876429669e-16,1.12300628865762e-23,0.292013928185514,-5.19803803783567,-1.63065468954116,-0.690366832593881,-2.29515327661632,-2.67362860686333,-18.2822574165466,-5.25584878505791,-37.310945050409,-53.7136506543949,-2.10115656973164,0.870202791145671,0.920568759793311
0.0112820710088281,0.399653602266856,1.02340034607473,0.205634349773755,0.140839967040117,2.34414543526196e-08,0.0106483407518429,1.27623460231963e-16,9.6012103207646e-24,0.24965907755095,-5.19803803783567,-1.63065468954116,-0.690366832593881,-2.29515327661632,-2.67362860686333,-18.2822574165466,-5.25584878505791,-37.310945050409,-53.7136506543949,-2.10115656973164,0.713497588144427,0.535531265077285
0.0108963265363301,0.3859890749059,0.988409338985518,0.198603520618462,0.136024517930638,2.26399692851383e-08,0.0102842641046489,1.23259895749251e-16,9.27293603427692e-24,0.241123002117735,-5.19803803783567,-1.63065468954116,-0.690366832593881,-2.29515327661632,-2.67362860686333,-18.2822574165466,-5.25584878505791,-37.310945050409,-53.7136506543949,-2.10115656973164,0.678708476270713,0.816742836992963
0.0155854843560447,0.552096770273206,1.41376437634877,0.284071154928599,0.194561716664606,3.23829215229905e-08,0.0147100251430627,1.76303928716023e-16,1.32634791197715e-23,0.344888597534101,-5.19803803783567,-1.63065468954116,-0.690366832593881,-2.29515327661632,-2.67362860686333,-18.2822574165466,-5.25584878505791,-37.310945050409,-53.7136506543949,-2.10115656973164,1.03662274993734,1.27075845452937
0.00901410913375642,0.319313819573851,0.817672783642579,0.164297004429349,0.112527818013276,1.87291701694786e-08,0.00850777357769069,1.01968140216308e-16,7.67114101478341e-24,0.199471725494039,-5.19803803783567,-1.63065468954116,-0.690366832593881,-2.29515327661632,-2.67362860686333,-18.2822574165466,-5.25584878505791,-37.310945050409,-53.7136506543949,-2.10115656973164,0.489073790188302,1.00980554988185
0.0045127478085864,0.159858585929141,0.409352827636123,0.0822522709337204,0.0563349807073841,9.37641428396311e-09,0.00425926023292702,5.10484723979615e-17,3.84041554080842e-24,0.099861847548217,-5.19803803783567,-1.63065468954116,-0.690366832593881,-2.29515327661632,-2.67362860686333,-18.2822574165466,-5.25584878505791,-37.310945050409,-53.7136506543949,-2.10115656973164,-0.202811002965074,0.941658822518769
0.146903962098642,5.20389364630443,13.3257063826189,2.67756697344883,1.83387865258477,3.05231417091743e-07,0.138652153935047,1.66178638214059e-15,1.25017457872674e-22,3.25081340450953,-5.19803803783567,-1.63065468954116,-0.690366832593881,-2.29515327661632,-2.67362860686333,-18.2822574165466,-5.25584878505791,-37.310945050409,-53.7136506543949,-2.10115656973164,3.28006181306952,1.06603889699026
0.0087716122980956,0.310723664997238,0.79567581647732,0.159877099689848,0.109500603744276,1.82253195467206e-08,0.00827889814025199,9.92250015462789e-17,7.46477259896e-24,0.194105553250244,-5.19803803783567,-1.63065468954116,-0.690366832593881,-2.29515327661632,-2.67362860686333,-18.2822574165466,-5.25584878505791,-37.310945050409,-53.7136506543949,-2.10115656973164,0.461803390768905,0.614382213623712
0.00858378716359534,0.304070188739152,0.778638137180789,0.156453676864916,0.10715588478872,1.78350636873826e-08,0.0081016234153939,9.71003124209662e-17,7.30493061441194e-24,0.189949202010872,-5.19803803783567,-1.63065468954116,-0.690366832593881,-2.29515327661632,-2.67362860686333,-18.2822574165466,-5.25584878505791,-37.310945050409,-53.7136506543949,-2.10115656973164,0.440157969325997,0.634056738055703
0.00797398861264683,0.663077910750547,0.871795143778685,0.173713875791193,0.282443758335455,5.00631728117327e-08,0.00649921597677548,2.04538971921167e-16,2.49177346287646e-23,0.376913132188332,-5.69968600835717,-1.27897833352889,-1.00531635980493,-2.6184612755416,-2.13239138402684,-17.6780957230456,-5.90418927858605,-36.9938886950976,-52.9145779980907,-1.84385608695599,0.868115550272832,0.445803662343265
0.0053598814304006,0.445701537007963,0.585995143615055,0.116765375809469,0.189850416018121,3.3650997428685e-08,0.00436858248967563,1.37485101954465e-16,1.67489708867333e-23,0.25334996025531,-5.69968600835717,-1.27897833352889,-1.00531635980493,-2.6184612755416,-2.13239138402684,-17.6780957230456,-5.90418927858605,-36.9938886950976,-52.9145779980907,-1.84385608695599,0.470872583019147,0.747355175198333
0.00279696903950772,0.363161822153279,0.336185965170902,0.0298435975825196,0.159398113066617,1.72239937392821e-08,0.00163455372324491,9.83238734952163e-17,6.28140285101796e-24,0.123383062546386,-5.89548994080104,-1.02917775979569,-1.10636181115414,-3.52805595529572,-1.85262135722016,-17.8932334471714,-6.43265647083388,-36.8745358193913,-53.4407198992024,-2.10873244024261,0.016271006798956,0.180857453325388
0.00263439118831961,0.308686164758006,0.463812226489529,0.038607631408801,0.102029638730145,3.31648969808463e-08,0.00187491584073705,2.08590192581083e-16,7.55718571291323e-24,0.168259530152741,-6.02151648124351,-1.25784347571962,-0.850688802435407,-3.3367186266441,-2.36490524160403,-17.3041871497179,-6.3616048149903,-36.1885734573454,-53.3219566806513,-1.86466097873462,0.0824133094829316,0.351827023647877
0.00196291839784551,0.23000598948646,0.345592392108902,0.0287670374565418,0.0760235821759946,2.47115867738229e-08,0.00139702365180711,1.55423206865764e-16,5.63095524217677e-24,0.12537231707047,-6.02151648124351,-1.25784347571962,-0.850688802435407,-3.3367186266441,-2.36490524160403,-17.3041871497179,-6.3616048149903,-36.1885734573454,-53.3219566806513,-1.86466097873462,-0.21180645343291,1.08530274290895
0.00471853895082758,0.552897268427822,0.830748321002733,0.0691513141287963,0.182748418921847,5.94026653665387e-08,0.0033582193347999,3.73612299045945e-16,1.35359073865429e-23,0.301374811149473,-6.02151648124351,-1.25784347571962,-0.850688802435407,-3.3367186266441,-2.36490524160403,-17.3041871497179,-6.3616048149903,-36.1885734573454,-53.3219566806513,-1.86466097873462,0.665260409623919,0.394847942942856
0.00324023787291669,0.379676566763913,0.570477895939142,0.0474864591215859,0.125494004474066,4.07920265316653e-08,0.00230610144105545,2.56560925695827e-16,9.29515687275958e-24,0.206955179814371,-6.02151648124351,-1.25784347571962,-0.850688802435407,-3.3367186266441,-2.36490524160403,-17.3041871497179,-6.3616048149903,-36.1885734573454,-53.3219566806513,-1.86466097873462,0.289407946937555,0.532981436545162
0.00223026369221688,0.26133231412325,0.392661337971487,0.0326850465319332,0.0863778317353832,2.80772521258226e-08,0.00158729529012182,1.76591515766062e-16,6.39787932239535e-24,0.142447758948244,-6.02151648124351,-1.25784347571962,-0.850688802435407,-3.3367186266441,-2.36490524160403,-17.3041871497179,-6.3616048149903,-36.1885734573454,-53.3219566806513,-1.86466097873462,-0.084118971626407,0.582893683181624
0.0424096292153038,4.96937047516916,7.46666047098813,0.621523234737501,1.64251959492657,5.33903616956224e-07,0.0301832491575701,3.35797992512847e-15,1.21659017619277e-22,2.70871855226281,-6.02151648124351,-1.25784347571962,-0.850688802435407,-3.3367186266441,-2.36490524160403,-17.3041871497179,-6.3616048149903,-36.1885734573454,-53.3219566806513,-1.86466097873462,2.86113664284957,1.22175808977144
0.0206105681802775,2.41505410178338,3.62870691311658,0.30205279419329,0.798244708219698,2.59470716971092e-07,0.0146686949679795,1.6319377338458e-15,5.91248149013019e-23,1.31640453914766,-6.02151648124351,-1.25784347571962,-0.850688802435407,-3.3367186266441,-2.36490524160403,-17.3041871497179,-6.3616048149903,-36.1885734573454,-53.3219566806513,-1.86466097873462,2.139565164968,1.14963528868175
0.0224023334573677,2.62500513486603,3.94416600142454,0.328311541829441,0.867639551598042,2.82027621614573e-07,0.0159439076682777,1.77380909519313e-15,6.42647891818707e-23,1.43084524370357,-6.02151648124351,-1.25784347571962,-0.850688802435407,-3.3367186266441,-2.36490524160403,-17.3041871497179,-6.3616048149903,-36.1885734573454,-53.3219566806513,-1.86466097873462,2.22292632790074,0.891390266603648
0.0162420547596506,1.90317125785109,2.8595842615324,0.238031187722784,0.629052733971308,2.04474595591353e-07,0.0115595914114836,1.28604033647299e-15,4.65930134910148e-23,1.03738598682343,-6.02151648124351,-1.25784347571962,-0.850688802435407,-3.3367186266441,-2.36490524160403,-17.3041871497179,-6.3616048149903,-36.1885734573454,-53.3219566806513,-1.86466097873462,1.90136505360037,1.67003736369553
0.00397122028812822,0.465329813425857,0.699175024530821,0.0581991808228771,0.153804861294725,4.9994515745412e-08,0.00282634707338864,3.14439863128661e-16,1.1392100519216e-23,0.253643294426485,-6.02151648124351,-1.25784347571962,-0.850688802435407,-3.3367186266441,-2.36490524160403,-17.3041871497179,-6.3616048149903,-36.1885734573454,-53.3219566806513,-1.86466097873462,0.492834627092003,1.31031961433079
0.00385236351190539,0.451402708533311,0.678249041230504,0.0564573064090865,0.149201553330284,4.84982031414287e-08,0.00274175582000638,3.05028824270116e-16,1.10511402491025e-23,0.246051868592921,-6.02151648124351,-1.25784347571962,-0.850688802435407,-3.3367186266441,-2.36490524160403,-17.3041871497179,-6.3616048149903,-36.1885734573454,-53.3219566806513,-1.86466097873462,0.462448061398247,2.39234270467865
0.00146914583179457,0.172147930913841,0.258658547866271,0.0215306826910095,0.0568998329194653,1.8495381542931e-08,0.00104560203685674,1.1632646409632e-16,4.21448717997949e-24,0.093834882412164,-6.02151648124351,-1.25784347571962,-0.850688802435407,-3.3367186266441,-2.36490524160403,-17.3041871497179,-6.3616048149903,-36.1885734573454,-53.3219566806513,-1.86466097873462,-0.50155763263914,2.32272100316873
0.000807150565713128,0.0945782895178789,0.142107331157027,0.0118289841199837,0.0312608396906584,1.01613858559035e-08,0.00057445507266547,6.39099055184076e-17,2.31544455144794e-24,0.0515530022843871,-6.02151648124351,-1.25784347571962,-0.850688802435407,-3.3367186266441,-2.36490524160403,-17.3041871497179,-6.3616048149903,-36.1885734573454,-53.3219566806513,-1.86466097873462,-1.10048385124015,0.754910231167246
0.0224653622100674,1.24648955700973,2.44704596174102,0.274148835565208,0.612010839924733,1.73868014200788e-07,0.00554149454899184,1.45358139214454e-15,1.99283445032429e-23,0.619614369960432,-5.44967868030789,-1.43356682092763,-0.759016499845917,-2.94798219160169,-2.14490335135517,-17.218867431668,-6.84938910744302,-35.818644025138,-53.9237972336737,-2.13255604541385,1.65389806702381,0.981289671426336
0.0158790840951313,0.842808978610338,1.35964120556512,0.094332897891679,0.257977759527116,8.77300255077585e-08,0.00226698206520784,6.92078173539914e-16,4.73464694285158e-24,0.272355884933974,-5.18840796561524,-1.21667040795777,-0.738434618655641,-3.40658075016665,-2.40053736531923,-17.2946570942129,-7.13496128289264,-35.952488221272,-54.7527905354425,-2.34630113156334,1.04565546415972,1.8601806190023
0.0160661622934333,0.85273846725632,1.37565971302754,0.0954442736153956,0.261017104502254,8.87636100023461e-08,0.00229369033867004,7.00231838890785e-16,4.79042781877355e-24,0.275564624678983,-5.18840796561524,-1.21667040795777,-0.738434618655641,-3.40658075016665,-2.40053736531923,-17.2946570942129,-7.13496128289264,-35.952488221272,-54.7527905354425,-2.34630113156334,1.05736802600389,3.30142699171019
0.0169341415943741,0.988826136475202,1.079195367259,0.176638917510779,0.161189247946827,5.7151385196628e-08,0.00151732124013576,8.0915339734498e-16,2.28100200516444e-24,0.201909472465608,-5.04396547641078,-0.976778754265683,-0.88932626100968,-2.69918963829174,-2.79071814537293,-17.6431042032451,-7.45635083504859,-35.7160851554367,-55.4029694036398,-2.56547783230081,0.96554199415706,1.38754372624306
0.00329063266343773,0.19214812661229,0.209708623607644,0.0343243729453849,0.0313222020338491,1.11056243294443e-08,0.00029484499145663,1.57234223193197e-16,4.4324299886891e-25,0.0392349326625179,-5.04396547641078,-0.976778754265683,-0.88932626100968,-2.69918963829174,-2.79071814537293,-17.6431042032451,-7.45635083504859,-35.7160851554367,-55.4029694036398,-2.56547783230081,-0.672709957363903,1.48030251189908
0.00623996910975705,0.364367128510107,0.397666791526434,0.0650887074910465,0.0593957433512499,2.10594009870133e-08,0.000559109395375015,2.98160504702823e-16,8.40513938790299e-25,0.0744005159122623,-5.04396547641078,-0.976778754265683,-0.88932626100968,-2.69918963829174,-2.79071814537293,-17.6431042032451,-7.45635083504859,-35.7160851554367,-55.4029694036398,-2.56547783230081,-0.0328145705617262,1.26273949426022
0.0125344293160313,0.731916126035605,0.798806244397435,0.130745808026944,0.119310165421374,4.23027051042492e-08,0.00112310126428334,5.98924723070505e-16,1.68836774182625e-24,0.149450741081445,-5.04396547641078,-0.976778754265683,-0.88932626100968,-2.69918963829174,-2.79071814537293,-17.6431042032451,-7.45635083504859,-35.7160851554367,-55.4029694036398,-2.56547783230081,0.664689400761276,2.70114729907466
0.0270544918209992,1.57977825286085,1.72415484269181,0.282203625287577,0.257520770445148,9.13067647830837e-08,0.00242411785990494,1.29272770328531e-15,3.64419712380969e-24,0.322576620784714,-5.04396547641078,-0.976778754265683,-0.88932626100968,-2.69918963829174,-2.79071814537293,-17.6431042032451,-7.45635083504859,-35.7160851554367,-55.4029694036398,-2.56547783230081,1.4340632451645,3.66516337538385
0.0565956665963509,0.688480774506916,1.28902097354248,0.334661481776956,0.245038375896939,7.69556343806755e-08,0.00353099330946962,2.33374846604648e-15,2.96327057753794e-24,0.252750377545014,-3.92616231661795,-1.42760734295255,-0.800456463013964,-2.14897521822894,-2.46067990240157,-17.4343762160328,-6.70051551484731,-34.7456400943404,-55.2300881066694,-2.42969238534587,1.05433945801201,6.20694772651072
0.0931814193043832,0.587497309089452,1.02879714389653,0.335715744651632,0.275565148660258,4.18955775290794e-08,0.00211274329230349,8.68485253621933e-16,3.29572353279987e-24,0.420438352181988,-3.38237139695445,-1.54104806934898,-0.980774157754377,-2.10065493123927,-2.29809566018029,-17.9972500199223,-7.16893249351135,-35.6889455235914,-55.078580959041,-1.87562187240638,1.0091644561014,4.41441014242937
0.0356375163999018,0.215809221218333,0.661944212256995,0.200585014542305,0.149603755218327,9.47191004366573e-09,0.000715942513500914,1.47838414022802e-16,1.50736557307494e-24,0.145936298279619,-3.67811057307554,-1.87711470519896,-0.756328206630024,-1.9502713179424,-2.24351932054875,-18.8186894644478,-7.5856648911522,-36.7941660022354,-55.1954329668223,-2.26833927415811,0.343754208518739,8.92255889630579
0.0395510629205951,0.229964419135274,0.483468356251422,0.231908596892495,0.136409223162546,7.1540769078035e-09,0.000834765020544981,2.38018992900905e-16,2.71319205828119e-24,0.109114047431598,-3.4381930114688,-1.67786098313988,-0.934799715189072,-1.66944226555946,-2.20012621906696,-18.9636137475473,-7.29639058694023,-36.1822115030026,-54.4719467105407,-2.42339193874033,0.208030301701895,8.03720028979085
0.0489708295861666,0.284734405317112,0.598614670149964,0.287141622484075,0.168897428493532,8.85794350967858e-09,0.00103357868403366,2.94707314516994e-16,3.35938546550267e-24,0.135101436665745,-3.4381930114688,-1.67786098313988,-0.934799715189072,-1.66944226555946,-2.20012621906696,-18.9636137475473,-7.29639058694023,-36.1822115030026,-54.4719467105407,-2.42339193874033,0.421662538759184,13.1252785577437
0.092661636151562,0.538768815809046,1.13268685111457,0.543323704569312,0.319584377031323,1.67608256891116e-08,0.00195571716393776,5.57639357547084e-16,6.35656280132096e-24,0.255636269053749,-3.4381930114688,-1.67786098313988,-0.934799715189072,-1.66944226555946,-2.20012621906696,-18.9636137475473,-7.29639058694023,-36.1822115030026,-54.4719467105407,-2.42339193874033,1.05939226990142,6.58158610573535
0.0218192574417124,0.466552533580267,0.5577418760428,0.25853465618324,0.124206329596182,7.25534734192867e-09,0.00152629748498435,3.9156112835097e-16,3.05082388855619e-24,0.0843835580315044,-4.24022232188496,-1.17764464450175,-0.999119003007544,-1.76798551918996,-2.50107113949218,-19.1567870671859,-6.90017041247356,-35.8916500234659,-54.5618905419632,-2.88764269805452,0.415259991643086,6.58871084253588
0.0357782015230218,0.765031102094242,0.914559136221526,0.423933080872214,0.203667750957996,1.18969804546507e-08,0.00250275148674197,6.42063690579171e-16,5.00259883672038e-24,0.138368225983214,-4.24022232188496,-1.17764464450175,-0.999119003007544,-1.76798551918996,-2.50107113949218,-19.1567870671859,-6.90017041247356,-35.8916500234659,-54.5618905419632,-2.88764269805452,0.909805854852045,2.60284197509298
0.0171866952998842,0.367496293467069,0.439324743527162,0.203643793660329,0.0978354257375246,5.71492611027954e-09,0.00120224117990639,3.08426710772559e-16,2.40308730607784e-24,0.0664676377773995,-4.24022232188496,-1.17764464450175,-0.999119003007544,-1.76798551918996,-2.50107113949218,-19.1567870671859,-6.90017041247356,-35.8916500234659,-54.5618905419632,-2.88764269805452,0.176602598317749,4.7108482381868
0.0235962505674788,0.504549273258316,0.603165212851019,0.279590107224013,0.134321879791175,7.84623373602783e-09,0.0016506014465622,4.2345045525661e-16,3.2992875721793e-24,0.0912558818468437,-4.24022232188496,-1.17764464450175,-0.999119003007544,-1.76798551918996,-2.50107113949218,-19.1567870671859,-6.90017041247356,-35.8916500234659,-54.5618905419632,-2.88764269805452,0.493554868053165,4.46401641949161
0.0282260262907005,0.603545932486879,0.721511119187437,0.334447953693178,0.16067692193553,9.38572842675854e-09,0.00197446283649593,5.06534868694574e-16,3.94663455054437e-24,0.109161025936049,-4.24022232188496,-1.17764464450175,-0.999119003007544,-1.76798551918996,-2.50107113949218,-19.1567870671859,-6.90017041247356,-35.8916500234659,-54.5618905419632,-2.88764269805452,0.67271151332978,2.3017496306216
0.0750332578044749,1.34562031679109,1.82580736183679,0.904499938559645,0.286211016659974,3.9674208690981e-08,0.0108911857120179,2.5738965946445e-15,1.39228489695292e-23,0.258491288773776,-4.13877991799829,-1.25210098284819,-0.946933812399773,-1.64932913373037,-2.79998201138475,-18.5915206071658,-6.06875755881078,-35.1423115512207,-54.1774670221972,-2.90184937639197,1.54895609165616,1.98474692536867
0.068429789818225,1.22719602143752,1.66512314238884,0.824897418788906,0.261022382431253,3.61825921113918e-08,0.00993268279896268,2.34737512589869e-15,1.2697537819009e-23,0.235742190572681,-4.13877991799829,-1.25210098284819,-0.946933812399773,-1.64932913373037,-2.79998201138475,-18.5915206071658,-6.06875755881078,-35.1423115512207,-54.1774670221972,-2.90184937639197,1.45683289249002,2.170711248134
0.0786586864545024,1.21775554168213,2.35673789848365,1.45975801445152,0.192365741958995,1.06784303945827e-07,0.00767990427380178,4.38789847031892e-15,2.23477738907573e-23,0.365581640359279,-4.27933093439613,-1.53968427880145,-0.879415306802292,-1.35842304479388,-3.38505053620142,-17.7891486112712,-6.60584191949976,-34.7966197140474,-53.8920092412122,-2.74295938174956,1.73669372325079,3.51281922689877
0.217384596025774,3.36544262838456,6.51318422787083,4.0342512768819,0.531630402055371,2.95113786175213e-07,0.0212245203082902,1.21265886752905e-14,6.17612881461937e-23,1.01033745649833,-4.27933093439613,-1.53968427880145,-0.879415306802292,-1.35842304479388,-3.38505053620142,-17.7891486112712,-6.60584191949976,-34.7966197140474,-53.8920092412122,-2.74295938174956,2.75324377214351,3.3426655378634
0.18257105981701,2.82647638632437,5.4701159558004,3.3881771967924,0.446491277250778,2.47852137150652e-07,0.0178254726306953,1.01845493511888e-14,5.18703902606672e-23,0.848534733269937,-4.27933093439613,-1.53968427880145,-0.879415306802292,-1.35842304479388,-3.38505053620142,-17.7891486112712,-6.60584191949976,-34.7966197140474,-53.8920092412122,-2.74295938174956,2.57871512151248,1.2857616417668
0.0519752007375842,0.804654788697037,1.55725871967633,0.96456245647199,0.127109267952704,7.05597294256607e-08,0.00507464063116744,2.89938612111047e-15,1.47667102816687e-23,0.24156491800355,-4.27933093439613,-1.53968427880145,-0.879415306802292,-1.35842304479388,-3.38505053620142,-17.7891486112712,-6.60584191949976,-34.7966197140474,-53.8920092412122,-2.74295938174956,1.32234235134559,0.342860122368707
0.224760959629307,3.47963990347965,6.7341916771561,4.17114278083542,0.549669854803842,3.05127681506534e-07,0.021944717516219,1.25380719587187e-14,6.38569919187591e-23,1.04462055004612,-4.27933093439613,-1.53968427880145,-0.879415306802292,-1.35842304479388,-3.38505053620142,-17.7891486112712,-6.60584191949976,-34.7966197140474,-53.8920092412122,-2.74295938174956,2.78661309122223,0.807029552518774
0.119506484356146,1.85014128955512,3.58060213679746,2.21781669871533,0.292262108208204,1.62237857307283e-07,0.0116681119571538,6.66655322553391e-15,3.39530700454203e-23,0.555429775829794,-4.27933093439613,-1.53968427880145,-0.879415306802292,-1.35842304479388,-3.38505053620142,-17.7891486112712,-6.60584191949976,-34.7966197140474,-53.8920092412122,-2.74295938174956,2.15494628770793,1.62014763679355
0.555057056116204,6.11414465303699,13.7151790387101,6.33044706840128,1.21682434570738,8.12819193534836e-07,0.0777812610075685,1.17584758008869e-14,3.43716863374154e-23,1.59325351003579,-3.97654952613856,-1.57726027693056,-0.769361980901482,-1.54249429885013,-3.1916206896913,-17.4106223057398,-5.9417198973266,-35.4620672290402,-55.1126742374058,-2.92208700115549,3.38786515943188,2.48966098036013
0.584872497981348,6.44257201460095,14.4519035227839,6.67049332935499,1.28218727576972,8.56480584998415e-07,0.081959358808893,1.23900940242766e-14,3.62179956573452e-23,1.67883670708097,-3.97654952613856,-1.57726027693056,-0.769361980901482,-1.54249429885013,-3.1916206896913,-17.4106223057398,-5.9417198973266,-35.4620672290402,-55.1126742374058,-2.92208700115549,3.44018811846461,0.692028821118852
0.0389111522403542,0.428619744208896,0.961474885686776,0.443783187536845,0.0853030095624564,5.69810455249749e-08,0.00545269797971653,8.24304162898604e-16,2.40955754925648e-24,0.111691814748325,-3.97654952613856,-1.57726027693056,-0.769361980901482,-1.54249429885013,-3.1916206896913,-17.4106223057398,-5.9417198973266,-35.4620672290402,-55.1126742374058,-2.92208700115549,0.730075146676498,3.20204441221346
0.0443465956992991,0.350513015923903,0.672067680810436,0.317082461425475,0.0326202725943747,7.67109022129012e-08,0.00921697433722072,5.28601530798006e-16,1.10559815926486e-24,0.102225862845679,-3.53972675848764,-1.4723648633278,-0.821403653473121,-1.57260083368763,-3.84682875059473,-16.8072294231321,-5.11071588369653,-35.6003042012134,-55.5856631481812,-2.70457799754916,0.424007425434389,1.50358188448776
0.052440852529745,0.414489569897517,0.794735234658494,0.374957183007504,0.0385742102099784,9.07123770592841e-08,0.0108992806407522,6.25083267079593e-16,1.30739483184461e-24,0.120884395153266,-3.53972675848764,-1.4723648633278,-0.821403653473121,-1.57260083368763,-3.84682875059473,-16.8072294231321,-5.11071588369653,-35.6003042012134,-55.5856631481812,-2.70457799754916,0.591657395510373,1.50718870821642
0.0293902789020133,0.232299123176036,0.445406378292982,0.210143345374736,0.0216187712786153,5.08394111275123e-08,0.00610846091186877,3.50325570051143e-16,7.32724524666505e-25,0.0677492053822061,-3.53972675848764,-1.4723648633278,-0.821403653473121,-1.57260083368763,-3.84682875059473,-16.8072294231321,-5.11071588369653,-35.6003042012134,-55.5856631481812,-2.70457799754916,0.0126354495821299,1.49990591117418
0.0499842773110517,0.682347510941269,1.14961876710097,0.567855963691283,0.030554085467219,8.07269078041305e-08,0.0151315369321061,7.64159371766289e-16,3.16846966303957e-24,0.116903363232845,-3.95631442596652,-1.34248385326149,-0.820837268636719,-1.52615512665228,-4.44852452097374,-17.2924615363898,-5.15124182375845,-35.7680229538749,-55.0690611658537,-3.10667528993082,0.960267649182609,1.04028396465564
0.0996088278231941,1.35978430397164,2.29096395896384,1.13162518212887,0.0608882793215147,1.60872840275768e-07,0.030154175233763,1.52281924210032e-15,6.31413648665355e-24,0.232965396453538,-3.95631442596652,-1.34248385326149,-0.82083726863672,-1.52615512665228,-4.44852452097374,-17.2924615363898,-5.15124182375845,-35.7680229538749,-55.0690611658537,-3.10667528993082,1.64980994041028,0.992318331852627
0.0494099425326617,0.674507127373398,1.13640929253506,0.561331123349299,0.0302030095919688,7.9799330709932e-08,0.0149576709010636,7.55378944659043e-16,3.1320629683817e-24,0.115560107496695,-3.95631442596652,-1.34248385326149,-0.82083726863672,-1.52615512665228,-4.44852452097374,-17.2924615363898,-5.15124182375845,-35.7680229538749,-55.0690611658537,-3.10667528993082,0.948710816770363,0.886626854631806
0.212892263036183,2.90624399503469,4.89643852273678,2.41860336274382,0.130135489598825,3.43830800701298e-07,0.0644480087337259,3.25469581090976e-15,1.34950971228074e-23,0.497913001728614,-3.95631442596652,-1.34248385326149,-0.82083726863672,-1.52615512665228,-4.44852452097374,-17.2924615363898,-5.15124182375845,-35.7680229538749,-55.0690611658537,-3.10667528993082,2.40934537738826,0.502542355031281
0.324122236190737,4.42467137674445,7.45468426483017,3.68225279402348,0.198127472060264,5.23472325415677e-07,0.0981202060183144,4.95517906244158e-15,2.0545890182548e-23,0.758057964376528,-3.95631442596652,-1.34248385326149,-0.82083726863672,-1.52615512665228,-4.44852452097374,-17.2924615363898,-5.15124182375845,-35.7680229538749,-55.0690611658537,-3.10667528993082,2.82967986382109,0.412131451408657
0.317689539662097,2.84808618379631,3.89176815734348,2.19240824244128,0.296532956447911,2.5985992217505e-07,0.0821219844982303,4.65813216281461e-15,1.81768604726123e-23,0.666521572290718,-3.47835152414152,-1.28502360643064,-0.972807267165375,-1.54667026695243,-3.5472677758132,-17.4947939726668,-4.83122038197704,-35.3318327112416,-54.693563709983,-2.73735363404639,2.33167086068695,0.622221920492706
0.0284522167637534,0.255074074989734,0.34854604065587,0.196351679110765,0.0265574370608062,2.32730068538002e-08,0.00735482983323425,4.17181460087038e-16,1.62791628204487e-24,0.0596935494719275,-3.47835152414152,-1.28502360643064,-0.972807267165375,-1.54667026695243,-3.5472677758132,-17.4947939726668,-4.83122038197704,-35.3318327112416,-54.693563709983,-2.73735363404639,-0.0811776794213457,2.58154560915294
0.0172897481769963,0.155002563057621,0.211803295365944,0.119318333405938,0.016138334767389,1.41424631748319e-08,0.00446935846008594,2.53511438103673e-16,9.89246736150441e-25,0.036274377027646,-3.47835152414152,-1.28502360643064,-0.972807267165375,-1.54667026695243,-3.5472677758132,-17.4947939726668,-4.83122038197704,-35.3318327112416,-54.693563709983,-2.73735363404639,-0.579290019913345,1.06391491749203
0.094864223432291,0.850457602039547,1.16210802665265,0.654667779074377,0.0885467260440263,7.75959124890658e-08,0.0245221743669288,1.39094944939135e-15,5.42773222878385e-24,0.199027803759232,-3.47835152414152,-1.28502360643064,-0.972807267165375,-1.54667026695243,-3.5472677758132,-17.4947939726668,-4.83122038197704,-35.3318327112416,-54.693563709983,-2.73735363404639,1.12304288741226,0.702553392855364
0.179237110322536,2.67815706072849,4.79051067937301,0.996462737745874,0.355092628982982,1.31953236573598e-07,0.106889491476268,7.14001100783626e-15,1.60766447103876e-23,0.382525249641867,-3.96916578029323,-1.26499117519922,-0.683483049877623,-2.25366360242394,-3.28549666609498,-18.0909383147752,-4.48607983742211,-34.823182146112,-54.734794721434,-3.21108068502408,2.25012006926543,0.475705826142264
0.0110044677388636,0.164428521087862,0.294118891612222,0.0611789714237848,0.021801318783369,8.10142013726847e-09,0.00656260279167328,4.38369156083108e-16,9.8704402088538e-25,0.0234855759580688,-3.96916578029323,-1.26499117519922,-0.683483049877623,-2.25366360242393,-3.28549666609498,-18.0909383147752,-4.48607983742211,-34.823182146112,-54.734794721434,-3.21108068502408,-0.540288150271889,0.603573355248972
0.00830032057318695,0.124023212098146,0.221844540321582,0.0461453554324925,0.0164440424666002,6.11064395235754e-09,0.00494996289307174,3.30647934205583e-16,7.44495961786713e-25,0.0177144241705991,-3.96916578029323,-1.26499117519922,-0.683483049877623,-2.25366360242393,-3.28549666609498,-18.0909383147752,-4.48607983742211,-34.823182146112,-54.734794721434,-3.21108068502408,-0.822295361356674,0.447112785093352
0.013386591834979,0.200022168274333,0.357786459681679,0.0744223108984848,0.0265206244357041,9.85512495786479e-09,0.0079832016442711,5.33262408031268e-16,1.20070827088577e-24,0.0285694707659282,-3.96916578029323,-1.26499117519922,-0.683483049877623,-2.25366360242393,-3.28549666609498,-18.0909383147752,-4.48607983742211,-34.823182146112,-54.734794721434,-3.21108068502408,-0.34433590200567,0.887069574412737
0.0121219066962699,0.181125270038598,0.32398493469543,0.0673913360437974,0.02401511444432,8.92407168993998e-09,0.00722899649606852,4.828829648703e-16,1.08727253422974e-24,0.0258703980262901,-3.96916578029323,-1.26499117519922,-0.683483049877623,-2.25366360242393,-3.28549666609498,-18.0909383147752,-4.48607983742211,-34.823182146112,-54.734794721434,-3.21108068502408,-0.443575212246854,0.988971316060718
0.0431587847920182,0.981081576123376,1.49316971939489,0.470453693846365,0.065135385117114,4.2183434801053e-08,0.0311687265851449,2.15937847696886e-15,3.94429078213823e-24,0.158258644925881,-4.31919128663431,-1.19542165854605,-0.775420802909947,-1.93037973559128,-3.90760931901249,-18.157560224989,-4.64466203165975,-34.9452779485254,-55.0660950618729,-3.01984658292738,1.17632199176107,0.508339227817229
0.275371453974138,6.25971888194351,9.52705963899079,3.00169521283501,0.415591536955931,2.69148305049995e-07,0.198869768915761,1.37777556469417e-14,2.5166257409895e-23,1.00975765113007,-4.31919128663431,-1.19542165854605,-0.775420802909947,-1.93037973559128,-3.90760931901249,-18.157560224989,-4.64466203165975,-34.9452779485254,-55.0660950618729,-3.01984658292738,3.02955693561193,0.687891965570118
0.0620959534316029,1.41155957372617,2.1483412428742,0.676878897438563,0.0937154245763159,6.06926403422667e-08,0.0448449094171777,3.10686841608807e-15,5.67496276618177e-24,0.227699215648062,-4.31919128663431,-1.19542165854605,-0.775420802909947,-1.93037973559128,-3.90760931901249,-18.157560224989,-4.64466203165975,-34.9452779485254,-55.0660950618729,-3.01984658292738,1.54011683233647,0.553564641842086
0.00514129292489034,0.116871403825907,0.177873935769507,0.056042825564175,0.0077592568066133,5.02510429650319e-09,0.00371297649464133,2.57236095485562e-16,4.698638849458e-25,0.0188525709280545,-4.31919128663431,-1.19542165854605,-0.775420802909947,-1.93037973559128,-3.90760931901249,-18.157560224989,-4.64466203165975,-34.9452779485254,-55.0660950618729,-3.01984658292738,-0.951259402704626,0.545181538462128
0.420193944998607,10.6166520832253,17.6875805786769,6.66895878035902,0.407466952927377,7.96572290796974e-07,0.142582051675217,3.43091664505209e-14,2.76088596697907e-23,1.22449069889805,-4.48248508251803,-1.25302246232224,-0.742583450956811,-1.71798243918661,-4.5132416287353,-17.6583941331759,-5.56328382578856,-34.6188100150213,-55.5593516901504,-3.41292118049019,3.6154461820348,0.800159323215877
0.109600559675035,2.76917605321626,4.61350943723544,1.73948630977895,0.106280936747124,2.07772553441393e-07,0.0371901424311822,8.94897199190597e-15,7.20130908075932e-24,0.319387910067447,-4.48248508251803,-1.25302246232224,-0.742583450956811,-1.71798243918661,-4.5132416287353,-17.6583941331759,-5.56328382578856,-34.6188100150213,-55.5593516901504,-3.41292118049019,2.27157228456081,0.662055912336857
0.138880702088336,3.50897035213301,5.84602333814879,2.20419567830161,0.134674231206584,2.63279660087355e-07,0.0471256087279297,1.13397186737893e-14,9.12516198873732e-24,0.404713418619496,-4.48248508251803,-1.25302246232224,-0.742583450956811,-1.71798243918661,-4.5132416287353,-17.6583941331759,-5.56328382578856,-34.6188100150213,-55.5593516901504,-3.41292118049019,2.50834510979472,0.528085112123705
0.114099491690549,2.88284641073403,4.80288680330542,1.81088950947808,0.110643603419522,2.16301292668584e-07,0.0387167397673751,9.3163133332248e-15,7.49691158564706e-24,0.332498285582233,-4.48248508251803,-1.25302246232224,-0.742583450956811,-1.71798243918661,-4.5132416287353,-17.6583941331759,-5.56328382578856,-34.6188100150213,-55.5593516901504,-3.41292118049019,2.31180060544701,0.655079071163038
0.0757202855823815,1.91315447839989,3.18735828685785,1.20176758707837,0.0734268411248668,1.43544860805547e-07,0.025693739284618,6.1826209364714e-15,4.97520434000393e-24,0.220657119211553,-4.48248508251803,-1.25302246232224,-0.742583450956811,-1.71798243918661,-4.5132416287353,-17.6583941331759,-5.56328382578856,-34.6188100150213,-55.5593516901504,-3.41292118049019,1.90177590142803,1.67849096301515
0.0702689117433187,1.77541965353201,2.95788897824314,1.11524804565766,0.0681405805446999,1.33210553520402e-07,0.0238439552130632,5.73751197035092e-15,4.61702160766887e-24,0.204771224991514,-4.48248508251803,-1.25302246232224,-0.742583450956811,-1.71798243918661,-4.5132416287353,-17.6583941331759,-5.56328382578856,-34.6188100150213,-55.5593516901504,-3.41292118049019,1.82705928183082,0.772054363487897
0.0359071575052118,2.17822293694079,2.62337734781935,0.741439447861903,0.0772108708045591,2.39388509432096e-07,0.0250866312547436,5.47694022544228e-15,2.38706242637316e-24,0.185717043710971,-5.09615552762775,-0.990827519840679,-0.804874345975398,-2.0684986800937,-4.33055191600599,-17.014514940006,-5.45475709174123,-34.6075667005812,-56.1613156298652,-3.45286793161855,1.76933689767184,0.683983218592299
0.0370917748160294,1.71111977074334,1.89264411368254,0.617926908354193,0.0462355526428277,1.62504943673776e-07,0.0161440136299557,2.5696477795963e-15,1.1547443231853e-24,0.156662287811768,-4.79349738162621,-0.961989351711126,-0.861162491277203,-1.98052244439629,-4.57314358371895,-17.1316947576372,-5.62534331570319,-35.0941449007423,-56.6173006222015,-3.35280016808012,1.49913734460572,0.449770656912394
0.00283423319137313,0.0566687246666073,0.0942550336761429,0.0326228221556786,0.00196139118647077,1.0557041314163e-08,0.000757564954519107,9.99227119487498e-17,7.51321768522934e-26,0.0246816040124685,-4.32318250328236,-1.32773145927381,-0.81894969203609,-1.87994181507671,-4.69129991416547,-16.8236714221691,-5.64259992137724,-35.2993333129037,-56.3077472360635,-2.15889573531575,-1.54280135433963,0.196488376872865
0.00289283672315863,0.0578404657277703,0.0962039480699182,0.0332973653093444,0.00200194693576127,1.07753296004263e-08,0.000773229149697849,1.01988817110317e-16,7.66856873141984e-26,0.0251919463405679,-4.32318250328236,-1.32773145927381,-0.81894969203609,-1.87994181507671,-4.69129991416547,-16.8236714221691,-5.64259992137724,-35.2993333129037,-56.3077472360635,-2.15889573531575,-1.52233518988867,0.310472822284732
0.00646221720867407,0.12920800195581,0.214906981712055,0.0743819398388332,0.00447208645948159,2.40706707763926e-08,0.00172729234160509,2.27829619192256e-16,1.71305751290284e-25,0.0562754986683998,-4.32318250328236,-1.32773145927381,-0.81894969203609,-1.87994181507671,-4.69129991416547,-16.8236714221691,-5.64259992137724,-35.2993333129037,-56.3077472360635,-2.15889573531575,-0.718600295635201,1.14699890346353
0.0162686283019414,0.1031790328245,0.285602361833185,0.096500759805626,0.0103160621577169,2.88579534707443e-08,0.00130534947026068,1.22380450826573e-15,1.19011514727484e-25,0.0608908917098062,-3.56350073740006,-1.71627368455249,-0.698138846497566,-1.78318846470547,-4.0190372332819,-16.8058642660954,-6.08626854842521,-33.7817960067163,-56.8355613276638,-2.24365574453775,-0.555015932329297,1.5294119437171
0.024959127274433,0.15829598934363,0.438167592655768,0.148050265908447,0.015826774303688,4.42735134264529e-08,0.00200265092798033,1.87754566112892e-15,1.82585986235353e-25,0.093418049010156,-3.56350073740006,-1.71627368455249,-0.698138846497566,-1.78318846470547,-4.0190372332819,-16.8058642660954,-6.08626854842521,-33.7817960067163,-56.8355613276638,-2.24365574453775,-0.127014963658768,0.998038170027607
0.020906833266156,0.132595495808804,0.367027929364777,0.124013239338244,0.0132571835493316,3.70853897708968e-08,0.001677506131574,1.57271260550149e-15,1.52941836827341e-25,0.0782509561824927,-3.56350073740006,-1.71627368455249,-0.698138846497566,-1.78318846470547,-4.0190372332819,-16.8058642660954,-6.08626854842521,-33.7817960067163,-56.8355613276638,-2.24365574453775,-0.304178485514215,0.937925258915105
0.0501145023537496,0.317836623185002,0.879780395045206,0.29726461657745,0.031777990847737,8.88951391778635e-08,0.00402104823379842,3.76985402651883e-15,3.66607603556968e-25,0.18757062238301,-3.56350073740006,-1.71627368455249,-0.698138846497566,-1.78318846470547,-4.0190372332819,-16.8058642660954,-6.08626854842521,-33.7817960067163,-56.8355613276638,-2.24365574453775,0.570055892759635,1.29363194310729
0.0785961955224135,0.498473459911809,1.37978805930586,0.466209716331114,0.0498384512400795,1.39417123021531e-07,0.00630634004819225,5.91238404539524e-15,5.74962566439832e-25,0.294173076029214,-3.56350073740006,-1.71627368455249,-0.698138846497566,-1.78318846470547,-4.0190372332819,-16.8058642660954,-6.08626854842521,-33.7817960067163,-56.8355613276638,-2.24365574453775,1.02006875365889,1.15791069794784
0.31646561584641,2.00709092120236,5.55568211697002,1.87718176448162,0.200673277627354,5.61359559496255e-07,0.0253923205038457,2.38060665100885e-14,2.31507239590402e-24,1.18448053435958,-3.56350073740006,-1.71627368455249,-0.698138846497566,-1.78318846470547,-4.0190372332819,-16.8058642660954,-6.08626854842521,-33.7817960067163,-56.8355613276638,-2.24365574453775,2.41296005538461,1.06428439655944
0.128359897524106,0.814085234119506,2.2534100120276,0.761393487499518,0.0813939968902495,2.27689998290644e-07,0.0102992410377838,9.65584918132168e-15,9.39003925290095e-25,0.480430708413779,-3.56350073740006,-1.71627368455249,-0.698138846497566,-1.78318846470547,-4.0190372332819,-16.8058642660954,-6.08626854842521,-33.7817960067163,-56.8355613276638,-2.24365574453775,1.51058347631169,1.63630125305747
0.24118213678667,1.52962739982358,4.23405013746779,1.43062211635142,0.152935445339626,4.27818667449293e-07,0.0193517836075491,1.81428809383681e-14,1.76434367369298e-24,0.902706429875485,-3.56350073740006,-1.71627368455249,-0.698138846497566,-1.78318846470547,-4.0190372332819,-16.8058642660954,-6.08626854842521,-33.7817960067163,-56.8355613276638,-2.24365574453775,2.14129786077163,4.22418179978091
0.130221299264325,0.825890632072489,2.28608767381076,0.772434779912177,0.0825743260302475,2.30991828279788e-07,0.0104485947343857,9.79587277760127e-15,9.52620822579057e-25,0.487397639472039,-3.56350073740006,-1.71627368455249,-0.698138846497566,-1.78318846470547,-4.0190372332819,-16.8058642660954,-6.08626854842521,-33.7817960067163,-56.8355613276638,-2.24365574453775,1.52498076363289,4.80277822828696
0.20729436428224,1.3147040807404,3.63913655994288,1.22960973017456,0.131446948518997,3.67707160565622e-07,0.0166327230287482,1.55936796168862e-14,1.51644108094573e-24,0.775869879949049,-3.56350073740006,-1.71627368455249,-0.698138846497566,-1.78318846470547,-4.0190372332819,-16.8058642660954,-6.08626854842521,-33.7817960067163,-56.8355613276638,-2.24365574453775,1.98988529120085,1.30423570595419
0.0650384505389166,0.412487414332817,1.14177635256863,0.385789125985324,0.0412413810155704,1.15367844456646e-07,0.0052185043128325,4.89250522557242e-15,4.75782246081641e-25,0.24342858999773,-3.56350073740006,-1.71627368455249,-0.698138846497566,-1.78318846470547,-4.0190372332819,-16.8058642660954,-6.08626854842521,-33.7817960067163,-56.8355613276638,-2.24365574453775,0.830724100171309,2.09469805799951
0.0705400908243076,0.447379964156898,1.23835987702451,0.418423252099946,0.0447300133759716,1.25126877389351e-07,0.00565994062195531,5.30636508266403e-15,5.16028942465503e-25,0.264020355734001,-3.56350073740006,-1.71627368455249,-0.698138846497566,-1.78318846470547,-4.0190372332819,-16.8058642660954,-6.08626854842521,-33.7817960067163,-56.8355613276638,-2.24365574453775,0.911926670782518,0.896792368363205
0.142330536053222,0.90268993665628,2.49867023226123,0.844263241974672,0.090252886083271,2.52471684192319e-07,0.0114202062024381,1.07067878405596e-14,1.04120472686977e-24,0.53272058940465,-3.56350073740006,-1.71627368455249,-0.698138846497566,-1.78318846470547,-4.0190372332819,-16.8058642660954,-6.08626854842521,-33.7817960067163,-56.8355613276638,-2.24365574453775,1.61389752976345,0.706336628870651
0.232911152165894,1.47717109079498,4.08884965107536,1.38156104706937,0.147690750466165,4.13147259085066e-07,0.0186881428141838,1.7520697673815e-14,1.70383811724796e-24,0.871749448160128,-3.56350073740006,-1.71627368455249,-0.698138846497566,-1.78318846470547,-4.0190372332819,-16.8058642660954,-6.08626854842521,-33.7817960067163,-56.8355613276638,-2.24365574453775,2.10640251808579,2.19787207352364
0.17328570846243,1.09901409446599,3.04210082683498,1.02788029941561,0.109881798659639,3.07381225948657e-07,0.0139039631090586,1.30353848707107e-14,1.26765417845819e-24,0.648580882973627,-3.56350073740006,-1.71627368455249,-0.698138846497566,-1.78318846470547,-4.0190372332819,-16.8058642660954,-6.08626854842521,-33.7817960067163,-56.8355613276638,-2.24365574453775,1.81068718470155,0.759636801950056
0.307421396657789,1.94973059731916,5.39690718442706,1.82353409318738,0.194938268775581,5.45316556258343e-07,0.02466663752015,2.31257168204065e-14,2.24891031971738e-24,1.15062945847333,-3.56350073740006,-1.71627368455249,-0.698138846497566,-1.78318846470547,-4.0190372332819,-16.8058642660954,-6.08626854842521,-33.7817960067163,-56.8355613276638,-2.24365574453775,2.38396489236289,0.749583133570012
0.16768976432494,1.06352344994881,2.94386176004389,0.994686790345561,0.106333367502319,2.97454913013884e-07,0.0134549601212277,1.2614431024058e-14,1.22671761172541e-24,0.627636152897681,-3.56350073740006,-1.71627368455249,-0.698138846497566,-1.78318846470547,-4.0190372332819,-16.8058642660954,-6.08626854842521,-33.7817960067163,-56.8355613276638,-2.24365574453775,1.77786108975487,0.538844612676115
0.658274083177861,4.17491149070146,11.5562682605968,3.90468993501037,0.417416652027542,1.16767329800489e-06,0.0528180808986836,4.95185442629739e-14,4.81553787392723e-24,2.46381533650086,-3.56350073740006,-1.71627368455249,-0.698138846497566,-1.78318846470547,-4.0190372332819,-16.8058642660954,-6.08626854842521,-33.7817960067163,-56.8355613276638,-2.24365574453775,3.14536684279861,0.424690077884732
0.774564591414052,4.91245014139691,13.5977952531997,4.59449132420528,0.49115735647119,1.37395412349825e-06,0.0621489077210249,5.82664759021139e-14,5.66624939531387e-24,2.89907223784903,-3.56350073740006,-1.71627368455249,-0.698138846497566,-1.78318846470547,-4.0190372332819,-16.8058642660954,-6.08626854842521,-33.7817960067163,-56.8355613276638,-2.24365574453775,3.30804651236241,2.2707503609504
0.366190583024408,2.32245703108168,6.42862406416659,2.17213577196939,0.232204261228316,6.49563725362269e-07,0.0293821135189571,2.75466178261781e-14,2.67883039404586e-24,1.37059318845149,-3.56350073740006,-1.71627368455249,-0.698138846497566,-1.78318846470547,-4.0190372332819,-16.8058642660954,-6.08626854842521,-33.7817960067163,-56.8355613276638,-2.24365574453775,2.5588993749383,1.62089773590934
0.271989407042519,1.72501353133795,4.77488424980987,1.61336186134098,0.172470572024585,4.82465854360425e-07,0.0218236732568965,2.04603520568133e-14,1.98971116194828e-24,1.01801314917645,-3.56350073740006,-1.71627368455249,-0.698138846497566,-1.78318846470547,-4.0190372332819,-16.8058642660954,-6.08626854842521,-33.7817960067163,-56.8355613276638,-2.24365574453775,2.26150857925893,0.467252301690066
0.335699198394819,0.94216932200264,3.6682009185737,0.876205368878125,0.308143625154368,3.37515316649447e-07,0.0159681726256062,2.1824132242059e-14,9.40349613777989e-25,1.09974600047509,-3.07200770233887,-2.04003821268766,-0.680766610528003,-2.11262271564191,-3.1576572287417,-16.8821228844767,-6.11762568822778,-33.4362279932676,-57.3040137146509,-1.88538869499634,1.98046793947815,0.0422930852365405
0.128578199918634,0.315036506220502,1.58529909199741,0.181875149383823,0.0780600288410917,1.21663877903797e-07,0.00367938416974836,1.66607141977851e-14,1.54317287198854e-25,0.117367867982082,-2.93080173841858,-2.0346504924605,-0.418810647249454,-2.58401855805481,-3.42986088610881,-16.8015874319858,-6.48459362433459,-32.6053066284286,-58.0103704598127,-3.02202584431826,0.879583738352451,0.42641569087553
0.029981838890543,0.255709407897391,0.972482805415435,0.185919246408079,0.0860574101588107,7.54911986327623e-08,0.00184304938024273,1.11126257092897e-14,1.46722421962768e-25,0.0216934291864667,-3.94779443606714,-1.80434458976752,-0.468533869573927,-2.12307384376096,-2.89337163058285,-16.8398807470086,-6.73696479237118,-32.571325466834,-57.6218859802088,-4.27137685187795,0.440630985121333,0.447772637296713
0.00427207605627293,0.0364357250677757,0.138567901832827,0.0264914091453807,0.0122622165620494,1.0756649827776e-08,0.000262613882911203,1.58342463210134e-15,2.09063009134915e-26,0.00309107055588872,-3.94779443606714,-1.80434458976752,-0.468533869573927,-2.12307384376096,-2.89337163058285,-16.8398807470086,-6.73696479237118,-32.571325466834,-57.6218859802088,-4.27137685187795,-1.50786093798091,0.604684180099477
0.0178741782903846,0.186016917179792,0.321591622031508,0.150464282410061,0.0223341654175112,1.18237481272414e-07,0.00156758666353641,1.41008161061585e-14,1.00480245776719e-25,0.00966766344419646,-3.68122668185008,-1.33874617744802,-0.791301313536383,-1.55085806976119,-3.4584662120755,-15.6073992024194,-6.11504651986565,-31.5493722399548,-57.2166648827187,-4.29579714868555,-0.343171479377326,0.943233075868191
0.00729624977330017,0.0759322116940713,0.131273883544335,0.0614196059023736,0.0091168190625035,4.82646072962983e-08,0.000639889770183658,5.75596117742947e-15,4.10160936384929e-26,0.00394634573221229,-3.68122668185008,-1.33874617744802,-0.791301313536383,-1.55085806976119,-3.4584662120755,-15.6073992024194,-6.11504651986565,-31.5493722399548,-57.2166648827187,-4.29579714868555,-1.23916811066693,1.46881267196037
0.060476342489993,0.629378459224026,1.08808834509345,0.509087988701388,0.0755664744456626,4.00050301413369e-07,0.0053038470584,4.77093699285295e-14,3.39969628720806e-25,0.0327100309748914,-3.68122668185008,-1.33874617744802,-0.791301313536383,-1.55085806976119,-3.4584662120755,-15.6073992024194,-6.11504651986565,-31.5493722399548,-57.2166648827187,-4.29579714868555,0.875723658208051,1.00844636151038
0.149501937885446,1.55586954242343,2.6898339000735,1.25850270918178,0.186805846776646,9.88953578382353e-07,0.0131114975018542,1.17941048779347e-13,8.40429765149342e-25,0.0808615868237799,-3.68122668185008,-1.33874617744802,-0.791301313536383,-1.55085806976119,-3.4584662120755,-15.6073992024194,-6.11504651986565,-31.5493722399548,-57.2166648827187,-4.29579714868555,1.78078075805912,0.572929425712359
0.00615602654044951,0.064065886583856,0.110759025016393,0.0518212418416073,0.00769208591496209,4.07220438872113e-08,0.000539890838527448,4.8564469247913e-15,3.46062934890341e-26,0.00332962957959431,-3.68122668185008,-1.33874617744802,-0.791301313536383,-1.55085806976119,-3.4584662120755,-15.6073992024194,-6.11504651986565,-31.5493722399548,-57.2166648827187,-4.29579714868555,-1.40909706985064,0.377702910940476
0.00650471910267335,0.067694736784108,0.117032690012574,0.0547565250923602,0.00812778467761528,4.30286411263108e-08,0.00057047159034363,5.13152808475422e-15,3.6566479506179e-26,0.00351822803051655,-3.68122668185008,-1.33874617744802,-0.791301313536383,-1.55085806976119,-3.4584662120755,-15.6073992024194,-6.11504651986565,-31.5493722399548,-57.2166648827187,-4.29579714868555,-1.35400066785655,0.370402344934681
0.0655925141810337,0.682622556394182,1.18013833620261,0.552155764443181,0.0819592396399966,4.33893717579319e-07,0.00575254139169713,5.17454825268751e-14,3.68730346030435e-25,0.0354772309674256,-3.68122668185008,-1.33874617744802,-0.791301313536383,-1.55085806976119,-3.4584662120755,-15.6073992024194,-6.11504651986565,-31.5493722399548,-57.2166648827187,-4.29579714868555,0.95693297921259,0.745464822657982
0.0318187289157527,0.331138123684928,0.572481513653827,0.267849080149574,0.0397581776031437,2.1048052129547e-07,0.00279054031400406,2.51015760212092e-14,1.78869968163937e-25,0.0172098967226426,-3.68122668185008,-1.33874617744802,-0.791301313536383,-1.55085806976119,-3.4584662120755,-15.6073992024194,-6.11504651986565,-31.5493722399548,-57.2166648827187,-4.29579714868555,0.233526478900288,0.807432859299821
0.0389904912071985,0.405774791761508,0.701515622560036,0.328220754263311,0.0487194469129831,2.57921645348775e-07,0.00341951238418709,3.0759329881881e-14,2.19186251575094e-25,0.0210889105161201,-3.68122668185008,-1.33874617744802,-0.791301313536383,-1.55085806976119,-3.4584662120755,-15.6073992024194,-6.11504651986565,-31.5493722399548,-57.2166648827187,-4.29579714868555,0.436789204069789,0.93143245287936
0.0260123703945536,0.270711238901357,0.468013704024034,0.21897133292593,0.0325030093051081,1.72071527284231e-07,0.00228131577603248,2.05209797877085e-14,1.46229344253876e-25,0.0140693931925031,-3.68122668185008,-1.33874617744802,-0.791301313536383,-1.55085806976119,-3.4584662120755,-15.6073992024194,-6.11504651986565,-31.5493722399548,-57.2166648827187,-4.29579714868555,0.0320436121458166,0.816899839370699
0.0516401664314457,0.537420205067354,0.929108158980344,0.434705330752099,0.0645254847820421,3.41599099670334e-07,0.00452890392417549,4.0738571514247e-14,2.90296791868394e-25,0.0279307804336983,-3.68122668185008,-1.33874617744802,-0.791301313536383,-1.55085806976119,-3.4584662120755,-15.6073992024194,-6.11504651986565,-31.5493722399548,-57.2166648827187,-4.29579714868555,0.717771191758417,0.694893075820058
0.137052744761652,1.42631055019217,2.46584843094466,1.15370578484073,0.1712503155503,9.06602310820975e-07,0.0120196884801692,1.08119966094774e-13,7.70446241180937e-25,0.0741281522950784,-3.68122668185008,-1.33874617744802,-0.791301313536383,-1.55085806976119,-3.4584662120755,-15.6073992024194,-6.11504651986565,-31.5493722399548,-57.2166648827187,-4.29579714868555,1.69383725286348,0.637476251617709
0.372589421224256,3.87754527139429,6.70361648947785,3.13644627391045,0.465558395538318,2.46467468314341e-06,0.0326765347305556,2.93933227386992e-13,2.09452294870296e-24,0.20152362076425,-3.68122668185008,-1.33874617744802,-0.791301313536383,-1.55085806976119,-3.4584662120755,-15.6073992024194,-6.11504651986565,-31.5493722399548,-57.2166648827187,-4.29579714868555,2.69394846885636,1.63472887961896
0.0319703310099164,0.332715849594125,0.575209133495894,0.269125261909632,0.039947607639797,2.1148336738318e-07,0.00280383599770568,2.52211738688071e-14,1.79722204022523e-25,0.0172918942276467,-3.68122668185008,-1.33874617744802,-0.791301313536383,-1.55085806976119,-3.4584662120755,-15.6073992024194,-6.11504651986565,-31.5493722399548,-57.2166648827187,-4.29579714868555,0.238279719652634,0.951573223818575
0.67476978286652,5.49013615637234,9.07185134794916,3.38222808063967,1.21436970813253,4.658489452866e-06,0.0197840826863367,5.93068140483773e-13,1.94413980953056e-24,0.376879984362573,-3.40055153642825,-1.30421477171333,-0.801991466680583,-1.7886331399471,-2.81294264427167,-15.2839871418444,-6.93004539704046,-31.160634922171,-57.6043904376457,-3.9829963138058,3.00716782772366,0.984884528284869
0.784920217629905,6.38635424421493,10.5527540135077,3.93434808217371,1.41260524669806,5.41894828134816e-06,0.0230136661155725,6.8988147619819e-13,2.26150411762223e-24,0.438402440147123,-3.40055153642825,-1.30421477171333,-0.801991466680583,-1.7886331399471,-2.81294264427167,-15.2839871418444,-6.93004539704046,-31.160634922171,-57.6043904376457,-3.9829963138058,3.158378336471,0.388097501142402
0.375696106960876,7.42234249840779,13.55539825654,5.62143345774059,1.96017062760797,7.29517460927116e-06,0.0417348042110806,7.88362413071789e-13,2.64156665074007e-24,0.678316685067404,-4.36860879690164,-1.38513940040027,-0.782849245046689,-1.66304741331335,-2.71660258399527,-15.2179315491542,-6.56605397328153,-31.2584526040663,-57.6803041707478,-3.77777512132357,3.38963410835066,0.644371613131157
0.0142315026201359,0.281160982923458,0.513483323970198,0.212941905706481,0.0742519629718208,2.7634381789589e-07,0.001580929278947,2.9863449578987e-14,1.00063487522871e-25,0.0256948781261232,-4.36860879690164,-1.38513940040027,-0.782849245046689,-1.66304741331335,-2.71660258399527,-15.2179315491542,-6.56605397328153,-31.2584526040663,-57.6803041707478,-3.77777512132357,0.116311519677398,0.459254698473161
0.00722493946635806,0.0549529716528085,0.100903134035249,0.0184678805780315,0.0231162045266146,6.93283115550363e-08,7.82970522195654e-05,4.5460315556534e-15,1.16683141713564e-26,0.00747250968199904,-3.38006579808676,-1.35112689509002,-0.743443666008977,-2.44157161549428,-2.21707078743739,-14.9342618527403,-7.90484997764516,-31.4743711028029,-58.1627699080094,-3.34637374283224,-1.55015062529073,0.0543019016922237
0.023874976227124,0.181593340391262,0.333436693490836,0.0610275299632547,0.0763880218103003,2.29096976929758e-07,0.000258734383741253,1.50224643160493e-14,3.85582086533625e-26,0.0246930776161384,-3.38006579808676,-1.35112689509002,-0.743443666008977,-2.44157161549428,-2.21707078743739,-14.9342618527403,-7.90484997764516,-31.4743711028029,-58.1627699080094,-3.34637374283224,-0.354858590251638,0.353614239387232
0.026933225599138,0.20485441985498,0.376148047369224,0.068844811262729,0.0861728952069632,2.58443003462332e-07,0.000291876794400333,1.69467569990497e-14,4.34972970226385e-26,0.0278561211473338,-3.38006579808676,-1.35112689509002,-0.743443666008977,-2.44157161549428,-2.21707078743739,-14.9342618527403,-7.90484997764516,-31.4743711028029,-58.1627699080094,-3.34637374283224,-0.234328804076445,0.440819933032173
0.444965871885083,3.3844154761471,6.21437054538595,1.13739037144012,1.42366896632891,4.26975654827978e-06,0.00482211875533854,2.79978663378074e-13,7.18622157716684e-25,0.460213099542618,-3.38006579808676,-1.35112689509002,-0.743443666008977,-2.44157161549428,-2.21707078743739,-14.9342618527403,-7.90484997764516,-31.4743711028029,-58.1627699080094,-3.34637374283224,2.57030810593678,0.277648137365391
0.0164396913690478,0.125040479299627,0.229595886503023,0.0420219793338022,0.0525988168912495,1.5775025526636e-07,0.000178157807354574,1.0344080538929e-14,2.65501855991161e-26,0.0170030148344218,-3.38006579808676,-1.35112689509002,-0.743443666008977,-2.44157161549428,-2.21707078743739,-14.9342618527403,-7.90484997764516,-31.4743711028029,-58.1627699080094,-3.34637374283224,-0.72799086461584,0.432437172420251
0.0363790076047841,0.276699145089271,0.508067354405839,0.0929894528695776,0.116394688728286,3.49081841450893e-07,0.000394241235015295,2.28901733093784e-14,5.87522832476763e-26,0.037625572894287,-3.38006579808676,-1.35112689509002,-0.743443666008977,-2.44157161549428,-2.21707078743739,-14.9342618527403,-7.90484997764516,-31.4743711028029,-58.1627699080094,-3.34637374283224,0.0663024132294574,0.170167307024483
0.19739275860937,1.50137156426562,2.75677714288018,0.504561444416314,0.631558423614994,1.89412059869849e-06,0.00213915579508552,1.24202246077503e-13,3.18790314206724e-25,0.204156630894036,-3.38006579808676,-1.35112689509002,-0.743443666008977,-2.44157161549428,-2.21707078743739,-14.9342618527403,-7.90484997764516,-31.4743711028029,-58.1627699080094,-3.34637374283224,1.75750596158802,0.471150072304233
0.267045281511587,1.82801703429591,3.39554902560204,0.803782092170711,0.561107356521729,4.14097780533914e-06,0.000990141217493563,4.68095694310768e-14,5.09373047256907e-25,0.448589201044268,-3.30890762281276,-1.38533878999669,-0.766105117656004,-2.20699765770461,-2.5664136069466,-14.3831491946776,-8.90623356260327,-32.6812593193941,-57.9251874419854,-2.79021831128548,1.98857058152785,0.813018747404108
0.403062518085571,2.759101920004,5.12504296198464,1.21318164555684,0.846902603018558,6.25014953310095e-06,0.00149446120195145,7.06516243934179e-14,7.6881786455898e-25,0.677074284688503,-3.30890762281276,-1.38533878999669,-0.766105117656004,-2.20699765770461,-2.5664136069466,-14.3831491946776,-8.90623356260327,-32.6812593193941,-57.9251874419854,-2.79021831128548,2.40024402547161,0.983661085841597
0.0348392084901201,0.238486395344016,0.442989442733294,0.104862859703984,0.0732030765289985,5.40239424177621e-07,0.000129175606907036,6.1068607522701e-15,6.645372534643e-26,0.0585237552715177,-3.30890762281276,-1.38533878999669,-0.766105117656004,-2.20699765770461,-2.5664136069466,-14.3831491946776,-8.90623356260327,-32.6812593193941,-57.9251874419854,-2.79021831128548,-0.0481042228667873,0.750969689716685
0.108339550082607,0.741621577875989,1.37756507673474,0.326092225772778,0.22763974038226,1.6799835211207e-06,0.000401697620022704,1.89905160016968e-14,2.06651270719514e-25,0.181991428337383,-3.30890762281276,-1.38533878999669,-0.766105117656004,-2.20699765770461,-2.5664136069466,-14.3831491946776,-8.90623356260327,-32.6812593193941,-57.9251874419854,-2.79021831128548,1.08642262122369,1.52062459137268
0.0718439871309108,0.491796865099609,0.913514663568937,0.216243889272627,0.150956382650997,1.11405958746837e-06,0.00026638063958567,1.25933178252537e-14,1.37038147406361e-25,0.120685288294418,-3.30890762281276,-1.38533878999669,-0.766105117656004,-2.20699765770461,-2.5664136069466,-14.3831491946776,-8.90623356260327,-32.6812593193941,-57.9251874419854,-2.79021831128548,0.67564926643637,1.12110234454175
0.346451529179613,1.53722473358353,3.0508908317011,0.386197756604555,0.338281479506502,2.84516613728002e-06,0.000512191745509571,5.78755811872063e-14,4.96366235976958e-25,0.143446309380343,-2.81838870518594,-1.32839767851893,-0.642942724180136,-2.70978206602125,-2.84225329858377,-14.5282654439801,-9.33518784820626,-32.2388571885643,-57.7208598257173,-3.70017081257506,1.75837634812115,2.03502037032884
0.160406261136452,0.711731515876139,1.41255543771879,0.17880867301384,0.156623546929746,1.31730537738952e-06,0.000237143600077889,2.67962609699609e-14,2.29816425564569e-25,0.0664153113020163,-2.81838870518594,-1.32839767851893,-0.642942724180136,-2.70978206602125,-2.84225329858377,-14.5282654439801,-9.33518784820626,-32.2388571885643,-57.7208598257173,-3.70017081257506,0.988343155390924,2.46603187532761
0.107495797940796,1.11911836834468,1.08136660354971,0.329325992945867,0.122263221116747,5.03134572042847e-07,0.000282601232189025,5.73134993897634e-14,6.57982133447414e-25,0.0650595694538672,-3.26878096759991,-0.925936242294361,-0.960251831615927,-2.14918460527535,-3.14005645477917,-15.5408856102749,-9.20995117403439,-31.5287176539916,-56.7190971791967,-3.77092942213553,1.03847744649867,1.41580790040438
0.163053057094028,1.08527264638254,1.34053109166958,0.483702582230436,0.556606144161671,4.7238316298354e-07,0.000379752627879561,2.36723039736392e-14,7.54461904874323e-25,0.0578133132537072,-3.11859012736098,-1.22307925745148,-1.01184462735624,-2.03119556053674,-1.89080789107822,-15.8703858945639,-9.18090099635229,-32.6793811386975,-56.8487032243287,-4.15544669658241,1.30491049986513,0.513700519164009
0.179215526238813,1.19284919829424,1.47340987844536,0.531649110801464,0.611779164472619,5.19207665585995e-07,0.00041739522250577,2.60187971297858e-14,8.29247177078175e-25,0.0635439993768261,-3.11859012736098,-1.22307925745148,-1.01184462735624,-2.03119556053674,-1.89080789107822,-15.8703858945639,-9.18090099635229,-32.6793811386975,-56.8487032243287,-4.15544669658241,1.39942398712414,0.384886363653232
0.0455118518638033,0.302924513003865,0.374173005708847,0.13501249630613,0.155361554275921,1.31852986505269e-07,0.000105997677400049,6.60748354507638e-15,2.1058763977496e-25,0.0161370230981995,-3.11859012736098,-1.22307925745148,-1.01184462735624,-2.03119556053674,-1.89080789107822,-15.8703858945639,-9.18090099635229,-32.6793811386975,-56.8487032243287,-4.15544669658241,0.0288076209397342,0.443845525999914
0.0196831309241004,0.131009893146461,0.161823699938013,0.0583906945631614,0.0671913290308627,5.70242582939356e-08,4.58422603448283e-05,2.85762847193687e-15,9.10757069848978e-26,0.00697899833471094,-3.11859012736098,-1.22307925745148,-1.01184462735624,-2.03119556053674,-1.89080789107822,-15.8703858945639,-9.18090099635229,-32.6793811386975,-56.8487032243287,-4.15544669658241,-0.80940318097902,1.12390393416796
0.0453668879028954,0.301959640438526,0.372981193054537,0.134582455658803,0.154866697983366,1.31433009501509e-07,0.000105660054505491,6.58643744505842e-15,2.0991687782769e-25,0.0160856235903839,-3.11859012736098,-1.22307925745148,-1.01184462735624,-2.03119556053674,-1.89080789107822,-15.8703858945639,-9.18090099635229,-32.6793811386975,-56.8487032243287,-4.15544669658241,0.0256173459814364,0.848971376203097
0.453159756604822,3.01620771207604,3.72562621056454,1.34431422715531,1.5469290138338,1.31285510972292e-06,0.00105541479250343,6.57904592416415e-14,2.09681302070466e-24,0.160675717643615,-3.11859012736098,-1.22307925745148,-1.01184462735624,-2.03119556053674,-1.89080789107822,-15.8703858945639,-9.18090099635229,-32.6793811386975,-56.8487032243287,-4.15544669658241,2.32707957527749,1.31295038551512
0.0773318667539297,0.514716873007425,0.635779381313356,0.229407680568694,0.263983962900537,2.24039171467831e-07,0.000180106893682477,1.12271642695563e-14,3.57821855894502e-25,0.0274193659218588,-3.11859012736098,-1.22307925745148,-1.01184462735624,-2.03119556053674,-1.89080789107822,-15.8703858945639,-9.18090099635229,-32.6793811386975,-56.8487032243287,-4.15544669658241,0.558940966808377,1.03620562213382
0.40405045780452,2.6893387798348,3.32187700705262,1.19862977900949,1.37928703315045,1.17057991223421e-06,0.000941038615784569,5.86606925886762e-14,1.86957965396962e-24,0.143263156813342,-3.11859012736098,-1.22307925745148,-1.01184462735624,-2.03119556053674,-1.89080789107822,-15.8703858945639,-9.18090099635229,-32.6793811386975,-56.8487032243287,-4.15544669658241,2.21237461409693,0.335985494975089
0.211961252256032,1.41080304329287,1.74262693348077,0.628790449417428,0.723561627316648,6.1407574046843e-07,0.000493660431686679,3.07728740783098e-14,9.80764746069208e-25,0.0751545692716414,-3.11859012736098,-1.22307925745148,-1.01184462735624,-2.03119556053674,-1.89080789107822,-15.8703858945639,-9.18090099635229,-32.6793811386975,-56.8487032243287,-4.15544669658241,1.56723833396874,0.364058089880892
0.312252074970141,2.0783335300844,2.56716201705088,0.926306673801095,1.06591944090558,9.04629606162542e-07,0.000727239023567502,4.53332563450814e-14,1.44481986097985e-24,0.1107144345902,-3.11859012736098,-1.22307925745148,-1.01184462735624,-2.03119556053674,-1.89080789107822,-15.8703858945639,-9.18090099635229,-32.6793811386975,-56.8487032243287,-4.15544669658241,1.95464564258308,0.303871136018657
0.196307223392787,1.30661064338487,1.61392825849075,0.582352226679323,0.670124244409184,5.68724246913844e-07,0.00045720200089325,2.8500197096552e-14,9.08332075099348e-25,0.0696041595431599,-3.11859012736098,-1.22307925745148,-1.01184462735624,-2.03119556053674,-1.89080789107822,-15.8703858945639,-9.18090099635229,-32.6793811386975,-56.8487032243287,-4.15544669658241,1.49051574670603,0.319384215069735
0.359839975415777,2.39507611420314,2.95840313372534,1.06747784065143,1.22836789938814,1.04249714040504e-06,0.000838071844316638,5.22421439482541e-14,1.66501357374464e-24,0.12758755702398,-3.11859012736098,-1.22307925745148,-1.01184462735624,-2.03119556053674,-1.89080789107822,-15.8703858945639,-9.18090099635229,-32.6793811386975,-56.8487032243287,-4.15544669658241,2.09649426826997,0.414384613935745
0.343616459947599,2.28709324114592,2.82502245820244,1.01935021603236,1.17298648826696,9.95495779693658e-07,0.000800287072032777,4.98867879891061e-14,1.58994583443313e-24,0.121835225859179,-3.11859012736098,-1.22307925745148,-1.01184462735624,-2.03119556053674,-1.89080789107822,-15.8703858945639,-9.18090099635229,-32.6793811386975,-56.8487032243287,-4.15544669658241,2.05036094172922,0.891178262665379
0.459692315088949,3.05968808073683,3.77933325483707,1.36369328979699,1.5692288851405,1.33178067109603e-06,0.00107062920366098,6.67388665448706e-14,2.12703978618503e-24,0.162991950511136,-3.11859012736098,-1.22307925745148,-1.01184462735624,-2.03119556053674,-1.89080789107822,-15.8703858945639,-9.18090099635229,-32.6793811386975,-56.8487032243287,-4.15544669658241,2.34139223382038,0.375119792621393
0.740375653877248,4.92790174879826,6.08695476936263,2.1963502063899,2.52738369510083,2.14495207515708e-06,0.00172434424222906,1.07488923210787e-13,3.42578812137622e-24,0.262513137538661,-3.11859012736098,-1.22307925745148,-1.01184462735624,-2.03119556053674,-1.89080789107822,-15.8703858945639,-9.18090099635229,-32.6793811386975,-56.8487032243287,-4.15544669658241,2.81799254614593,0.396366730991573
0.0250313771919725,0.203692735577727,1.01362445372985,0.176457968381849,0.0934427683236774,1.11942121981406e-07,0.000107831529352355,1.24199846951348e-14,1.61249587736656e-25,0.0660018055532688,-4.14401088620773,-2.04752835155159,-0.442853257453379,-2.19105830325666,-2.82679186639795,-16.4616696000536,-9.59132619498439,-32.4758552834904,-57.5432298446471,-3.17445891327075,0.456385732808554,0.496714917126213
0.118994408200024,0.968316538831463,4.81857794254075,0.838847633461832,0.444209155252305,5.32151565440203e-07,0.000512610589588411,5.90422459506095e-14,7.66549883295058e-25,0.313760035323305,-4.14401088620773,-2.04752835155159,-0.442853257453379,-2.19105830325666,-2.82679186639795,-16.4616696000536,-9.59132619498439,-32.4758552834904,-57.5432298446471,-3.17445891327075,2.01533210931729,0.341319701359143
0.0646004194711602,0.99255054009674,2.41541231650665,0.272214828414285,0.201629316673212,3.37289403037597e-07,0.000200966933352255,2.84394977064827e-14,9.53785907005495e-25,0.266676554782792,-4.17777706981511,-1.4457200406675,-0.556372690957748,-2.73940640903762,-3.03956702831343,-16.340567207359,-9.95061286908592,-32.6292401466097,-56.7476009756749,-2.75996145519637,1.43824269496206,1.11791491975032
0.032735143860647,2.93752152643917,5.27118457776327,0.517859783031642,0.571058626758676,9.6034332105709e-07,0.000614041554781333,5.99948506685836e-14,1.10270823700651e-24,0.673673070702025,-5.72235580046025,-1.22548355047293,-0.6407946432071,-2.96110052055954,-2.86331315882953,-16.1590247483822,-9.69849771137615,-32.7475674166277,-57.4673228023157,-2.69806010212013,2.30304975806587,0.806207711810048
0.0351379047097377,3.15313572221408,5.65808973344845,0.555870711509121,0.61297435246168,1.03083255865887e-06,0.000659112229094667,6.43984750713714e-14,1.18364706504796e-24,0.723120700633337,-5.72235580046025,-1.22548355047293,-0.6407946432071,-2.96110052055954,-2.86331315882953,-16.1590247483822,-9.69849771137615,-32.7475674166277,-57.4673228023157,-2.69806010212013,2.37388097553096,0.723644179557755
0.0395463190943142,3.54872928390071,6.36795574214208,0.625610454411391,0.689878339056522,1.16016118873004e-06,0.000741804690577323,7.24779313222375e-14,1.33214785901742e-24,0.813843688380914,-5.72235580046025,-1.22548355047293,-0.6407946432071,-2.96110052055954,-2.86331315882953,-16.1590247483822,-9.69849771137615,-32.7475674166277,-57.4673228023157,-2.69806010212013,2.49207314168453,0.625724085458721
0.00827911638785959,0.742934954334189,1.33314674916263,0.130973043361659,0.144427678563222,2.42882516758798e-07,0.000155298584318378,1.51734280891486e-14,2.78888337100099e-25,0.170380120626682,-5.72235580046025,-1.22548355047293,-0.6407946432071,-2.96110052055954,-2.86331315882953,-16.1590247483822,-9.69849771137615,-32.7475674166277,-57.4673228023157,-2.69806010212013,0.928336767738602,1.45085106035409
0.0146303849925111,1.31287252130453,2.35586133568131,0.231448135072941,0.255224403422219,4.29208210352255e-07,0.000274434851610683,2.68136216717467e-14,4.92835654258817e-25,0.301086087338276,-5.72235580046025,-1.22548355047293,-0.6407946432071,-2.96110052055954,-2.86331315882953,-16.1590247483822,-9.69849771137615,-32.7475674166277,-57.4673228023157,-2.69806010212013,1.4977010514415,2.28766589568494
0.0136575510775538,1.22557427758815,2.19921051566115,0.216058205452645,0.238253492834357,4.00668407481548e-07,0.000256186560042838,2.50306747049742e-14,4.60065003369685e-25,0.281065646506786,-5.72235580046025,-1.22548355047293,-0.6407946432071,-2.96110052055954,-2.86331315882953,-16.1590247483822,-9.69849771137615,-32.7475674166277,-57.4673228023157,-2.69806010212013,1.4288930826493,1.90209903768217
0.00589544847353043,0.556223093687639,0.96304132447795,0.143121131433166,0.114251893257244,2.07482322007321e-07,0.000194674519115541,1.10181456924019e-14,3.09398399064674e-25,0.238533476339094,-5.83729636854491,-1.29030751516339,-0.741380653467407,-2.64778563192003,-2.87307137575891,-16.0919413936436,-9.24790322428858,-32.8429545704148,-57.1388894446291,-2.13696731408796,0.70372169759317,0.80410857026246
0.00723994598055821,0.683073589654483,1.18266951150033,0.175760888235188,0.140307822055072,2.5480009027273e-07,0.000239071379983351,1.35309094765338e-14,3.79958828536417e-25,0.292932673570739,-5.83729636854491,-1.29030751516339,-0.741380653467407,-2.64778563192003,-2.87307137575891,-16.0919413936436,-9.24790322428858,-32.8429545704148,-57.1388894446291,-2.13696731408796,0.909154834683699,0.817703946722056
0.00287893292132835,0.271621231736677,0.47028336963463,0.0698905501202623,0.0557927930842215,1.01320143853759e-07,9.506569085318e-05,5.38050709937803e-15,1.51088969884621e-25,0.116483399177311,-5.83729636854491,-1.29030751516339,-0.741380653467407,-2.64778563192003,-2.87307137575891,-16.0919413936436,-9.24790322428858,-32.8429545704148,-57.1388894446291,-2.13696731408796,-0.0130391983740858,0.412047664991466
0.360469280527459,14.0685845507004,17.224561485667,6.32597072953256,4.29991825611041,8.41213796556385e-06,0.00209902675131576,1.14037221251628e-13,1.3211548156603e-23,2.6938649431685,-4.82646591806379,-1.16217311311279,-0.959781020100478,-1.9614538807973,-2.34752136634777,-15.4919522778762,-9.97239887209383,-33.6083688762589,-56.487068303043,-2.81514043438237,3.80611737865971,0.374569783496982
0.00956034407347348,0.373126133618489,0.456828759656629,0.167777006363921,0.114042167354935,2.2310620540713e-07,5.56702583161598e-05,3.02448816374336e-15,3.50395867119577e-25,0.0714465202318319,-4.82646591806379,-1.16217311311279,-0.959781020100478,-1.9614538807973,-2.34752136634777,-15.4919522778762,-9.97239887209383,-33.6083688762589,-56.487068303043,-2.81514043438237,0.176334356446411,0.402064661149245
0.00720113589928548,0.281049716946586,0.344097027858768,0.126374638226061,0.085899957058091,1.6805023885787e-07,4.19324966342286e-05,2.27813456560914e-15,2.63928603226442e-25,0.053815646985762,-4.82646591806379,-1.16217311311279,-0.959781020100478,-1.9614538807973,-2.34752136634777,-15.4919522778762,-9.97239887209383,-33.6083688762589,-56.487068303043,-2.81514043438237,-0.107050583550087,0.517892010466133
0.0571266782226615,2.22957002466386,2.72972492989786,1.00253118319316,0.681445160156596,1.33314411153212e-06,0.000332650886721093,1.80724627472159e-14,2.0937480699079e-24,0.426920029242194,-4.82646591806379,-1.16217311311279,-0.959781020100478,-1.9614538807973,-2.34752136634777,-15.4919522778762,-9.97239887209383,-33.6083688762589,-56.487068303043,-2.81514043438237,1.96398186594172,0.669707161769505
0.0565176206594924,3.49813348003829,2.20348253860699,0.797331023533967,0.529289644897563,1.48278300006259e-06,0.000222453671468633,2.81657012847036e-14,2.10509817205445e-24,0.189882952610603,-4.85762755276967,-0.732195198570778,-1.1943856525194,-2.21091008288755,-2.6206441974757,-15.4060145638877,-10.395216429555,-33.185096157117,-56.5021048616528,-3.64577216894121,1.98442473339807,0.353620304307562
0.095664161814452,5.9210915706999,3.72970956082198,1.34959687200181,0.895898476357569,2.50982244472605e-06,0.000376534676712722,4.76744805226484e-14,3.5631799395805e-24,0.321404073497488,-4.85762755276967,-0.732195198570778,-1.1943856525194,-2.21091008288755,-2.6206441974757,-15.4060145638877,-10.395216429555,-33.185096157117,-56.5021048616528,-3.64577216894121,2.51071601741206,0.377419039054425
0.0614268708543786,3.80198937963607,2.39488208720543,0.866589025498627,0.575264957765378,1.6115809332928e-06,0.000241776507732214,3.06122387168808e-14,2.28795182885781e-24,0.206376621509465,-4.85762755276967,-0.732195198570778,-1.1943856525194,-2.21091008288755,-2.6206441974757,-15.4060145638877,-10.395216429555,-33.185096157117,-56.5021048616528,-3.64577216894121,2.06771964927069,0.462820468000878
0.146429323940153,5.62914178246078,3.57775144023253,1.12234964339938,0.975602694908887,1.08743581627998e-06,0.00041937716117025,2.13393841718432e-14,8.91040375683546e-24,0.247365049974687,-4.38072092821964,-0.731551536820857,-1.18477401708362,-2.34408414715636,-2.48420838117993,-16.1911966260829,-10.2362484277845,-33.9377305382252,-55.5343312072252,-3.85639862915017,2.45950853084498,0.39346393473957
0.031747193876379,1.22044854621093,0.775688677364785,0.243335492968936,0.211519435234497,2.35765861363049e-07,9.0924738875657e-05,4.62657033630043e-15,1.93185564184321e-24,0.0536309667249182,-4.38072092821964,-0.731551536820857,-1.18477401708362,-2.34408414715636,-2.48420838117993,-16.1911966260829,-10.2362484277845,-33.9377305382252,-55.5343312072252,-3.85639862915017,0.930769988823971,1.41280470504233
0.0995818018942156,1.84106786557201,1.33285861093106,0.871665484663789,0.413918476110331,5.64362404373346e-07,0.000297276956912592,1.14716232613599e-14,4.44522263511746e-24,0.11679994226556,-3.84925952366132,-0.932137915670337,-1.25515771341827,-1.6798332278488,-2.42456992282595,-15.930052911527,-9.66333001949665,-33.6413836321027,-55.3126959581753,-3.68977638356026,1.54248368067042,1.15758406919479
0.0798528508381024,1.47631911509813,1.06879528008561,0.69897283041253,0.331913760378469,4.52552032980189e-07,0.000238381029931184,9.19888778607739e-15,3.5645438551239e-24,0.0936597670479839,-3.84925952366132,-0.932137915670337,-1.25515771341827,-1.6798332278488,-2.42456992282595,-15.930052911527,-9.66333001949665,-33.6413836321027,-55.3126959581753,-3.68977638356026,1.3216898211212,0.551980846459596
0.0327674893006726,0.353679136653813,0.498801254256642,0.335839465209917,0.179517293643536,2.15256962784484e-07,0.00037141580606088,2.42414499309256e-15,2.0415914843676e-24,0.0334285624947711,-3.77906844738606,-1.40011518289764,-1.05629756302411,-1.45187202769941,-2.07823374466939,-15.7121833591238,-8.25893836429114,-34.0140475252531,-54.9090626011485,-3.75909459232311,0.360750012392889,1.22670004935353
0.0369491693141618,0.398814513470828,0.562456641963918,0.378698201395737,0.202426704615387,2.42727353658215e-07,0.000418814678725405,2.73350646337179e-15,2.30213272472789e-24,0.0376946065111855,-3.77906844738606,-1.40011518289764,-1.05629756302411,-1.45187202769941,-2.07823374466939,-15.7121833591238,-8.25893836429114,-34.0140475252531,-54.9090626011485,-3.75909459232311,0.480856334196621,0.395289903981238
0.521327412003529,5.62699898364169,7.93587707009312,5.34317163088053,2.8561018284407,3.42471631849656e-06,0.00590918758450464,3.85678995413393e-14,3.24815122436603e-23,0.531845019082359,-3.77906844738606,-1.40011518289764,-1.05629756302411,-1.45187202769941,-2.07823374466939,-15.7121833591238,-8.25893836429114,-34.0140475252531,-54.9090626011485,-3.75909459232311,3.12769144272707,0.353926640431004
0.101971120445494,0.836387485308981,0.993750173166814,0.358117468150099,0.055860509610166,1.73243033291348e-07,0.000158269527894887,5.61410568267615e-15,1.46637786320634e-24,0.036024781439363,-3.1511194452893,-1.046717080721,-0.874323245372126,-1.89494802969225,-3.75295140213214,-16.4366242181819,-9.61926491214763,-33.6815478989183,-55.7473007170552,-4.19160201064505,0.868053806614429,0.619683265600137
0.207077154614427,1.69848815876725,2.01805135961975,0.72724459629611,0.113438347395311,3.51812103603596e-07,0.000321404760048316,1.14008066734413e-14,2.97783680492815e-24,0.0731570782342971,-3.1511194452893,-1.046717080721,-0.874323245372126,-1.89494802969225,-3.75295140213214,-16.4366242181819,-9.61926491214763,-33.6815478989183,-55.7473007170552,-4.19160201064505,1.57645561773278,0.426754802916059
0.290391925577105,2.38185254144868,2.82998779524783,1.0198418993983,0.159078775231123,4.93359078634272e-07,0.000450717740128614,1.59877713656892e-14,4.17593029732125e-24,0.10259086695299,-3.1511194452893,-1.046717080721,-0.874323245372126,-1.89494802969225,-3.75295140213214,-16.4366242181819,-9.61926491214763,-33.6815478989183,-55.7473007170552,-4.19160201064505,1.9145956443847,0.393761099110972
0.413254378482547,3.38959490590964,4.02733252694317,1.45132868088097,0.22638370628679,7.02095276941828e-07,0.000641412736245149,2.27520669037839e-14,5.94273231315351e-24,0.145996225192517,-3.1511194452893,-1.046717080721,-0.874323245372126,-1.89494802969225,-3.75295140213214,-16.4366242181819,-9.61926491214763,-33.6815478989183,-55.7473007170552,-4.19160201064505,2.26742749819124,0.97813899768823
0.117339042869944,1.02062596092633,1.84013544847388,0.630711847785283,0.101317149717421,2.60601681690084e-07,0.000579101211785764,8.12508554505514e-15,2.08140501036316e-24,0.0538333899031388,-3.46831399304158,-1.30521013437903,-0.715787078416325,-1.78653244098187,-3.61512584636339,-16.4858989797585,-8.7796595518308,-33.7694463987571,-55.8546253410591,-4.2474876347847,1.32562626062891,2.11316490973283
0.145763914042928,1.26786814686516,2.28590023216728,0.783499041050891,0.125860787179368,3.23731302047685e-07,0.000719385953662979,1.00933520677645e-14,2.58561629274042e-24,0.0668742937265815,-3.46831399304158,-1.30521013437903,-0.715787078416325,-1.78653244098187,-3.61512584636339,-16.4858989797585,-8.7796595518308,-33.7694463987571,-55.8546253410591,-4.2474876347847,1.54254699986512,0.949301489400152
0.186745880281471,1.62433311922072,2.92858801092552,1.0037821712008,0.161246928974532,4.14749338836752e-07,0.000921643494969226,1.29311285942169e-14,3.31257015035779e-24,0.0856762041014772,-3.46831399304158,-1.30521013437903,-0.715787078416325,-1.78653244098187,-3.61512584636339,-16.4858989797585,-8.7796595518308,-33.7694463987571,-55.8546253410591,-4.2474876347847,1.79030747775659,0.815127708870387
0.0377846787920248,0.328654667339896,0.592547247308539,0.203097315232965,0.0326254234273871,8.39170884173247e-08,0.000186478027604589,2.61638189615972e-15,6.70239144867161e-25,0.0173350429322187,-3.46831399304158,-1.30521013437903,-0.715787078416325,-1.78653244098187,-3.61512584636339,-16.4858989797585,-8.7796595518308,-33.7694463987571,-55.8546253410591,-4.2474876347847,0.192462411557119,1.52647750916798
0.0866719682711098,0.753880880041992,1.35920796099765,0.465872534174739,0.0748374673156377,1.92492286747862e-07,0.000427750564739893,6.00155872535634e-15,1.53742066242585e-24,0.0397637968359999,-3.46831399304158,-1.30521013437903,-0.715787078416325,-1.78653244098187,-3.61512584636339,-16.4858989797585,-8.7796595518308,-33.7694463987571,-55.8546253410591,-4.2474876347847,1.02268922689487,0.501044393375129
0.0535787272403609,0.46603277679292,0.840232823344047,0.28799227634068,0.0462628959356461,1.18994548448195e-07,0.000264426103298134,3.71003317885949e-15,9.50400042469865e-25,0.0245811150619424,-3.46831399304158,-1.30521013437903,-0.715787078416325,-1.78653244098187,-3.61512584636339,-16.4858989797585,-8.7796595518308,-33.7694463987571,-55.8546253410591,-4.2474876347847,0.541710823514535,0.1806239259536
0.0134114446229268,0.116653998710868,0.210321083778103,0.0720881712745147,0.0115801979422489,2.97858661289917e-08,6.61892550252253e-05,9.28669027621341e-16,2.37897355829873e-25,0.00615296929216136,-3.46831399304158,-1.30521013437903,-0.715787078416325,-1.78653244098187,-3.61512584636339,-16.4858989797585,-8.7796595518308,-33.7694463987571,-55.8546253410591,-4.2474876347847,-0.843332867161537,0.369416071352061
0.260262841228988,2.26379051614707,4.08149639158735,1.39894491625711,0.224725620779997,5.78025288487221e-07,0.00128447039495257,1.8021775169314e-14,4.61664224026258e-24,0.119404681225397,-3.46831399304158,-1.30521013437903,-0.715787078416325,-1.78653244098187,-3.61512584636339,-16.4858989797585,-8.7796595518308,-33.7694463987571,-55.8546253410591,-4.2474876347847,2.12225076223538,0.220770541111262
0.0118630492198623,0.103185910788094,0.186038822735707,0.0637653547431793,0.0102432259929555,2.63469898940197e-08,5.8547487781291e-05,8.2145113322098e-16,2.10431323457904e-25,0.00544258874516997,-3.46831399304158,-1.30521013437903,-0.715787078416325,-1.78653244098187,-3.61512584636339,-16.4858989797585,-8.7796595518308,-33.7694463987571,-55.8546253410591,-4.2474876347847,-0.966012824246996,0.0942235078399147
0.0431391431982641,0.375228299152463,0.676517079689338,0.231878222737919,0.0372487700870735,9.58089736303501e-08,0.000212903816926509,2.98714920672036e-15,7.65218691063995e-25,0.0197915907534162,-3.46831399304158,-1.30521013437903,-0.715787078416325,-1.78653244098187,-3.61512584636339,-16.4858989797585,-8.7796595518308,-33.7694463987571,-55.8546253410591,-4.2474876347847,0.324989493865038,0.0486657534498035
0.419400766128157,3.64798705932205,6.57713066336257,2.25433091746319,0.362134283475496,9.31459318926348e-07,0.0020698608574632,2.90412041815435e-14,7.43949187430171e-24,0.192414770194409,-3.46831399304158,-1.30521013437903,-0.715787078416325,-1.78653244098187,-3.61512584636339,-16.4858989797585,-8.7796595518308,-33.7694463987571,-55.8546253410591,-4.2474876347847,2.59938565924986,0.154269992193548
0.0319752826887,0.278123997109959,0.50144308076269,0.171871093668283,0.0276092630738317,7.10148322108523e-08,0.000157807022277677,2.21411305920543e-15,5.67189845495885e-25,0.0146697792835397,-3.46831399304158,-1.30521013437903,-0.715787078416325,-1.78653244098187,-3.61512584636339,-16.4858989797585,-8.7796595518308,-33.7694463987571,-55.8546253410591,-4.2474876347847,0.0255219024141176,0.129346639224136
0.00865247753606812,0.0752600582351016,0.135689965094484,0.0465081354101622,0.00747103726523569,1.92165381746318e-08,4.27024126286752e-05,5.99136642312165e-16,1.53480969804637e-25,0.00396962669402016,-3.46831399304158,-1.30521013437903,-0.715787078416325,-1.78653244098187,-3.61512584636339,-16.4858989797585,-8.7796595518308,-33.7694463987571,-55.8546253410591,-4.2474876347847,-1.28159558565255,0.115392595442009
0.0876493693306638,0.762382405802036,1.37453576914293,0.471126185587099,0.0756814105340476,1.94663025093561e-07,0.000432574314142859,6.06923839127541e-15,1.55475817782339e-24,0.0402122137571183,-3.46831399304158,-1.30521013437903,-0.715787078416325,-1.78653244098187,-3.61512584636339,-16.4858989797585,-8.7796595518308,-33.7694463987571,-55.8546253410591,-4.2474876347847,1.03390313008607,0.268677317321039
0.0266461239191324,0.231770476090127,0.417870096676771,0.143226207085898,0.023007766728556,5.91791490198613e-08,0.000131506123397192,1.84509802527584e-15,4.72659180401802e-25,0.0122248413082415,-3.46831399304158,-1.30521013437903,-0.715787078416325,-1.78653244098187,-3.61512584636339,-16.4858989797585,-8.7796595518308,-33.7694463987571,-55.8546253410591,-4.2474876347847,-0.156797589841694,0.0665511978762452
0.117769582492486,1.02437083479974,1.84688726101671,0.633026051431716,0.101688901917964,2.61557879618111e-07,0.000581226046035627,8.15489805398765e-15,2.08904208755078e-24,0.0540309150132999,-3.46831399304158,-1.30521013437903,-0.715787078416325,-1.78653244098187,-3.61512584636339,-16.4858989797585,-8.7796595518308,-33.7694463987571,-55.8546253410591,-4.2474876347847,1.32928873879739,0.267441849339155
0.0165434332839712,0.143896328787924,0.259437585996329,0.0889229971545873,0.0142845336545831,3.67417905352194e-08,8.16465008365824e-05,1.145542074944e-15,2.93453773643199e-25,0.00758987863314766,-3.46831399304158,-1.30521013437903,-0.715787078416325,-1.78653244098187,-3.61512584636339,-16.4858989797585,-8.7796595518308,-33.7694463987571,-55.8546253410591,-4.2474876347847,-0.633452043280371,0.522095913226483
0.405477903274617,3.52688469704619,6.3587894117688,2.17949381003467,0.35011249817944,9.00537629224187e-07,0.00200114760948701,2.80771222447029e-14,7.19252278547019e-24,0.186027169901868,-3.46831399304158,-1.30521013437903,-0.715787078416325,-1.78653244098187,-3.61512584636339,-16.4858989797585,-8.7796595518308,-33.7694463987571,-55.8546253410591,-4.2474876347847,2.56562509358912,0.820250780646042
0.0698332483337994,0.607416120346998,1.09513962785203,0.375362334788066,0.0602979665049044,1.55094685524582e-07,0.000344646741135113,4.83556966823136e-15,1.23872898071112e-24,0.0320384451228475,-3.46831399304158,-1.30521013437903,-0.715787078416325,-1.78653244098187,-3.61512584636339,-16.4858989797585,-8.7796595518308,-33.7694463987571,-55.8546253410591,-4.2474876347847,0.806668947575685,0.466612697221101
0.0932324580112726,0.810944632919391,1.46209093528272,0.501135976803811,0.0805021642908841,2.07062668584809e-07,0.000460128428624869,6.45583667967168e-15,1.65379314920969e-24,0.042773650960421,-3.46831399304158,-1.30521013437903,-0.715787078416325,-1.78653244098187,-3.61512584636339,-16.4858989797585,-8.7796595518308,-33.7694463987571,-55.8546253410591,-4.2474876347847,1.0956546370454,0.92589198879938
0.0722743188051581,0.628648779439682,1.13342100629781,0.388483390064367,0.062405724471633,1.60516129695259e-07,0.000356694111161687,5.00460041806695e-15,1.28202962630585e-24,0.0331583715791366,-3.46831399304158,-1.30521013437903,-0.715787078416325,-1.78653244098187,-3.61512584636339,-16.4858989797585,-8.7796595518308,-33.7694463987571,-55.8546253410591,-4.2474876347847,0.841027576876384,0.860647877796035
0.019074823408751,0.165914596666984,0.299135376165685,0.102529531723264,0.016470278705783,4.23638282423318e-08,9.41396237810685e-05,1.32082696570743e-15,3.38356543940553e-25,0.0087512423894148,-3.46831399304158,-1.30521013437903,-0.715787078416325,-1.78653244098187,-3.61512584636339,-16.4858989797585,-8.7796595518308,-33.7694463987571,-55.8546253410591,-4.2474876347847,-0.491071966545473,0.578539332435861
0.00270799509574475,0.0235543944213153,0.0424673463162339,0.0145558080998132,0.00233823574693476,6.01426480648710e-09,1.33647181969419e-05,1.8751381697312e-16,4.80354571033041e-26,0.00124238746353671,-3.46831399304158,-1.30521013437903,-0.715787078416325,-1.78653244098187,-3.61512584636339,-16.4858989797585,-8.7796595518308,-33.7694463987571,-55.8546253410591,-4.2474876347847,-2.44323274191701,0.236347490019941
0.00250791553841851,0.0218140837330464,0.0393296567889804,0.0134803557676754,0.0021654757689325,5.56990231778997e-09,1.23772692518401e-05,1.736594043298e-16,4.44863690682871e-26,0.00115059396873951,-3.46831399304158,-1.30521013437903,-0.715787078416325,-1.78653244098187,-3.61512584636339,-16.4858989797585,-8.7796595518308,-33.7694463987571,-55.8546253410591,-4.2474876347847,-2.51998934060359,0.367197193462564
0.509296303181651,4.42990684189523,7.98689130522395,2.73753053198112,0.439755161947054,1.13111092302661e-06,0.00251352064169641,3.52659773756447e-14,9.03409343790763e-24,0.233657491955117,-3.46831399304158,-1.30521013437903,-0.715787078416325,-1.78653244098187,-3.61512584636339,-16.4858989797585,-8.7796595518308,-33.7694463987571,-55.8546253410591,-4.2474876347847,2.79358868929741,0.910141292204403
0.521445580515554,4.53558239156901,8.17741881719825,2.80283439818885,0.45024553344226,1.15809360523618e-06,0.00257348074580416,3.6107248236853e-14,9.24960198558776e-24,0.239231397858562,-3.46831399304158,-1.30521013437903,-0.715787078416325,-1.78653244098187,-3.61512584636339,-16.4858989797585,-8.7796595518308,-33.7694463987571,-55.8546253410591,-4.2474876347847,2.81716363121545,1.84054696088378
0.370759697622246,3.22490249965547,5.81433123854896,1.99287916666259,0.320134840666925,8.23430959892495e-07,0.0018298034901507,2.56730768051215e-14,6.5766779189345e-24,0.170098978773763,-3.46831399304158,-1.30521013437903,-0.715787078416325,-1.78653244098187,-3.61512584636339,-16.4858989797585,-8.7796595518308,-33.7694463987571,-55.8546253410591,-4.2474876347847,2.47611285150477,2.02525392626506
0.0862385133198062,0.750110648366565,1.35241042965853,0.463542660276147,0.0744631978557643,1.91529614081682e-07,0.000425611342521823,5.97154434588696e-15,1.52973187201693e-24,0.0395649342168047,-3.46831399304158,-1.30521013437903,-0.715787078416325,-1.78653244098187,-3.61512584636339,-16.4858989797585,-8.7796595518308,-33.7694463987571,-55.8546253410591,-4.2474876347847,1.01767558220101,2.21350611954866
0.311637220445432,2.47681508763476,3.96185493361273,0.974669859072579,0.467691609772018,9.35160837033221e-07,0.000951796304074299,2.03411650402315e-14,2.50857593219043e-24,0.112660251113299,-3.28292758172594,-1.21003856306813,-0.740299725874552,-2.14266853045032,-2.876958212795,-15.9995593632805,-9.07417157142212,-33.6431417866965,-56.4593390564614,-4.30039067561655,2.11701205904665,2.20726565406603
0.0714481604559251,0.567852201826357,0.908322974371497,0.223459727894619,0.107226297074268,2.14401609156138e-07,0.00021821557437092,4.66355983273633e-15,5.75133918415878e-25,0.0258292885780542,-3.28292758172594,-1.21003856306813,-0.740299725874552,-2.14266853045032,-2.876958212795,-15.9995593632805,-9.07417157142212,-33.6431417866965,-56.4593390564614,-4.30039067561655,0.644144460894965,0.619982137768746
0.0533399459777952,0.423932618775745,0.678112607437299,0.166824866281401,0.0800502750083913,1.60062486941081e-07,0.000162909819849577,3.48160159694836e-15,4.2936881709117e-25,0.0192829717183298,-3.28292758172594,-1.21003856306813,-0.740299725874552,-2.14266853045032,-2.876958212795,-15.9995593632805,-9.07417157142212,-33.6431417866965,-56.4593390564614,-4.30039067561655,0.351857808707413,2.47882804753957
0.211386619869807,1.68004825825781,2.68736552595956,0.661128239764962,0.317239861111157,6.34328877957909e-07,0.000645612880371814,1.37976141486647e-14,1.70159195437099e-24,0.0764185665707215,-3.28292758172594,-1.21003856306813,-0.740299725874552,-2.14266853045032,-2.876958212795,-15.9995593632805,-9.07417157142212,-33.6431417866965,-56.4593390564614,-4.30039067561655,1.72886108122419,2.01883507336491
0.0340936696740625,0.406207590431852,0.797162833815692,0.137353979919365,0.0535939931756339,1.17231642838795e-07,0.000232323606113277,7.50153940440215e-15,3.0356243004649e-25,0.00681856310100626,-3.74013104666855,-1.26237843825644,-0.588183807319646,-2.34668138506767,-3.28780577949001,-16.320601500838,-8.72886679895232,-32.8851556361956,-56.815697715861,-5.34959401301264,0.361487494685813,1.08947583513431
0.0257772940571913,0.307122483643671,0.60271308354829,0.103849599182355,0.0405209569692767,8.86356487627446e-08,0.000175653544146497,5.67170940991409e-15,2.29515276555196e-25,0.00515532964865525,-3.74013104666855,-1.26237843825644,-0.588183807319646,-2.34668138506767,-3.28780577949001,-16.320601500838,-8.72886679895232,-32.8851556361956,-56.815697715861,-5.34959401301264,0.0818697968176827,1.35917903894273
0.108195618727426,0.625388855154582,1.59506235381381,0.283694906290566,0.105223801299097,5.54722440793488e-07,0.000595298053114333,1.91250540712209e-14,5.50103941505056e-25,0.0155564708311211,-3.22947694153249,-1.47504419025491,-0.538749707017207,-2.26551842768129,-3.25732829196857,-15.4104604907635,-8.43211088402816,-32.5934397237388,-56.8653528017035,-5.1689411320866,1.00566253579009,0.740879631500067
0.175458261847094,1.01417823378233,2.58667468636569,0.460061282869668,0.17063893619755,8.99580190159135e-07,0.000965380695715024,3.10146453667583e-14,8.92090479697456e-25,0.0252275587921901,-3.22947694153249,-1.47504419025491,-0.538749707017207,-2.26551842768129,-3.25732829196857,-15.4104604907635,-8.43211088402816,-32.5934397237388,-56.8653528017035,-5.1689411320866,1.48912285293852,1.56066732499279
0.263344437884075,1.52217509781569,3.88232725036094,0.690503705292152,0.25611113583948,1.35017546062069e-06,0.00144893511414561,4.6549727919912e-14,1.33893419121177e-24,0.0378639182867683,-3.22947694153249,-1.47504419025491,-0.538749707017207,-2.26551842768129,-3.25732829196857,-15.4104604907635,-8.43211088402816,-32.5934397237388,-56.8653528017035,-5.1689411320866,1.89518448763425,0.952860134800621
0.294687741538051,1.70334465920342,4.34440255701971,0.772687583877408,0.286593530547642,1.51087359340985e-06,0.0016213876391447,5.20900851377319e-14,1.49829438603888e-24,0.0423704888372119,-3.22947694153249,-1.47504419025491,-0.538749707017207,-2.26551842768129,-3.25732829196857,-15.4104604907635,-8.43211088402816,-32.5934397237388,-56.8653528017035,-5.1689411320866,2.00763795501911,0.849356285425707
0.350064282887796,2.02343037251113,5.16078530366231,0.917887943131227,0.340449040152855,1.79479091410673e-06,0.00192607231715146,6.18786455253679e-14,1.77984787241577e-24,0.0503325815759755,-3.22947694153249,-1.47504419025491,-0.538749707017207,-2.26551842768129,-3.25732829196857,-15.4104604907635,-8.43211088402816,-32.5934397237388,-56.8653528017035,-5.1689411320866,2.17983846556309,0.99578901067293
0.611885184317587,3.53679917363813,9.02065198055942,1.60439685143703,0.595078486631684,3.13715515399133e-06,0.00336662485263307,1.0815906755831e-13,3.111035877429e-24,0.0879774443160407,-3.22947694153249,-1.47504419025491,-0.538749707017207,-2.26551842768129,-3.25732829196857,-15.4104604907635,-8.43211088402816,-32.5934397237388,-56.8653528017035,-5.1689411320866,2.73826632013802,1.08598006436993
0.204244759595978,1.63286074961199,5.19132664473552,0.459806231590185,0.202167882378783,1.67445939041676e-06,0.000597133023642008,6.40352890224791e-14,3.29270676403198e-24,0.0375409675795091,-3.63335695453295,-1.55458721453874,-0.397931472079261,-2.82187086606612,-3.64357757801792,-15.3449409489218,-9.46829140137048,-32.4242628246839,-56.1152530328514,-5.32724322567757,2.04492075214895,1.18233086203401
0.152197076298114,1.21675891506098,3.86842109927409,0.342633829382509,0.150649449612796,1.24775697601973e-06,0.00044496564092583,4.77171790767353e-14,2.45362644106028e-24,0.0279744044268546,-3.63335695453295,-1.55458721453874,-0.397931472079261,-2.82187086606612,-3.64357757801792,-15.3449409489218,-9.46829140137048,-32.4242628246839,-56.1152530328514,-5.32724322567757,1.75077791118886,0.653031590998617
0.305827248273323,2.44497489607652,7.77326745512599,0.688493916927511,0.302717422368401,2.50726289736674e-06,0.000894121101735041,9.58836656219272e-14,4.93035635776816e-24,0.0562122173174493,-3.63335695453295,-1.55458721453874,-0.397931472079261,-2.82187086606612,-3.64357757801792,-15.3449409489218,-9.46829140137048,-32.4242628246839,-56.1152530328514,-5.32724322567757,2.4486220699595,2.46342052198184
0.12607166980779,0.816092836272404,2.04038333088224,0.252998987322534,0.402556183813616,6.02305797402581e-07,0.000243761156927982,1.90871449300912e-14,2.6576938824513e-24,0.0113060718812626,-3.36553694182689,-1.49785937663229,-0.581494518585642,-2.66900200902498,-2.20455282083494,-15.6171327675876,-9.61395389320621,-32.8843935428454,-55.579215662661,-5.77704757903601,1.29463221608462,2.12157394106417
0.161413059901837,1.04486632141489,2.61235944056684,0.323921629324473,0.515403861238833,7.71148838621628e-07,0.000312094178533093,2.44378017095597e-14,3.40271928263419e-24,0.0144754778024836,-3.36553694182689,-1.49785937663229,-0.581494518585642,-2.66900200902498,-2.20455282083494,-15.6171327675876,-9.61395389320621,-32.8843935428454,-55.579215662661,-5.77704757903601,1.54174833177531,0.493762111291719
0.251821417852597,1.63010179402546,4.07555657927695,0.505351946237925,0.804084447583097,1.20307361768111e-06,0.000486899874084169,3.81255511756264e-14,5.30860139091853e-24,0.0225832739093854,-3.36553694182689,-1.49785937663229,-0.581494518585642,-2.66900200902498,-2.20455282083494,-15.6171327675876,-9.61395389320621,-32.8843935428454,-55.579215662661,-5.77704757903601,1.98650183982339,0.907039984732877
0.137987274547418,0.893225467915102,2.23322920438567,0.276911067943483,0.440603592713088,6.5923244734049e-07,0.000266800128342073,2.0891157480585e-14,2.90888457319489e-24,0.0123746599621561,-3.36553694182689,-1.49785937663229,-0.581494518585642,-2.66900200902498,-2.20455282083494,-15.6171327675876,-9.61395389320621,-32.8843935428454,-55.579215662661,-5.77704757903601,1.38494313032554,1.53940617632783
0.143754702259901,0.930559441892381,2.32657105814678,0.288485066867577,0.45901941677489,6.86786259807833e-07,0.000277951522258221,2.17643411925943e-14,3.03046666512969e-24,0.0128918812568905,-3.36553694182689,-1.49785937663229,-0.581494518585642,-2.66900200902498,-2.20455282083494,-15.6171327675876,-9.61395389320621,-32.8843935428454,-55.579215662661,-5.77704757903601,1.42589005336044,2.05309501409202
0.113910818199727,0.737372661506394,1.84356830536339,0.228594748475612,0.363725683490037,5.44207483673129e-07,0.000220247997613678,1.72460022096821e-14,2.4013331871942e-24,0.0102154901302018,-3.36553694182689,-1.49785937663229,-0.581494518585642,-2.66900200902498,-2.20455282083494,-15.6171327675876,-9.61395389320621,-32.8843935428454,-55.579215662661,-5.77704757903601,1.19319750859205,2.94812741704043
0.209069410148992,1.35335756372877,3.38364471665803,0.419557773197243,0.667574118991651,9.98826445182014e-07,0.000404238330259825,3.1652933113732e-14,4.40735411221105e-24,0.0187492858857304,-3.36553694182689,-1.49785937663229,-0.581494518585642,-2.66900200902498,-2.20455282083494,-15.6171327675876,-9.61395389320621,-32.8843935428454,-55.579215662661,-5.77704757903601,1.80044796565062,3.11858287316729
0.127805877111665,0.827318785444498,2.06845028423119,0.256479171985405,0.40809363624249,6.10590950717468e-07,0.000247114268530215,1.93497024594579e-14,2.69425239039711e-24,0.0114615951043983,-3.36553694182689,-1.49785937663229,-0.581494518585642,-2.66900200902498,-2.20455282083494,-15.6171327675876,-9.61395389320621,-32.8843935428454,-55.579215662661,-5.77704757903601,1.30829419052007,1.0109555647413
0.355718788412504,2.30265495327806,5.75706411650662,0.713851838221637,1.13583645074631,1.69944198274301e-06,0.000687786744925735,5.38555258222364e-14,7.49884291433795e-24,0.0319007608722803,-3.36553694182689,-1.49785937663229,-0.581494518585642,-2.66900200902498,-2.20455282083494,-15.6171327675876,-9.61395389320621,-32.8843935428454,-55.579215662661,-5.77704757903601,2.33192216135584,2.57084119870376
0.245919516891076,1.59189734172916,3.98003836839924,0.493508088146577,0.785239240472427,1.17487736097856e-06,0.000475488474452133,3.72320083266474e-14,5.18418449294151e-24,0.0220539930915079,-3.36553694182689,-1.49785937663229,-0.581494518585642,-2.66900200902498,-2.20455282083494,-15.6171327675876,-9.61395389320621,-32.8843935428454,-55.579215662661,-5.77704757903601,1.96278597813684,1.96082552098577
0.0913884238677414,0.591579679640932,1.47905883200905,0.183397100449227,0.291810009441677,4.36607031499981e-07,0.000176700665310367,1.38361306228086e-14,1.92654269916837e-24,0.00819568814261973,-3.36553694182689,-1.49785937663229,-0.581494518585642,-2.66900200902498,-2.20455282083494,-15.6171327675876,-9.61395389320621,-32.8843935428454,-55.579215662661,-5.77704757903601,0.972900479757822,2.46335351029498
0.0417303234427038,0.270130617519723,0.675376605026579,0.0837438703536033,0.133248015037909,1.993660889504e-07,8.06861044743917e-05,6.31793592283533e-15,8.79709339104311e-25,0.00374236366656255,-3.36553694182689,-1.49785937663229,-0.581494518585642,-2.66900200902498,-2.20455282083494,-15.6171327675876,-9.61395389320621,-32.8843935428454,-55.579215662661,-5.77704757903601,0.18900970826179,2.17766124589326
0.154642828995907,2.50376540198322,3.4913788376274,0.59262870803017,0.306325199515092,1.28750143061667e-06,0.000425280509270608,3.061837973157e-14,5.44426294956643e-24,0.012343018501606,-3.82129613950955,-1.03686322979121,-0.704362248731563,-2.47784619015681,-3.13776698716461,-15.5174660825867,-9.71742057428138,-33.0718349107808,-55.5221388367684,-6.34932366860223,1.95465898933612,1.57951666798463
0.0640350492935037,1.03676802847165,1.44572249111974,0.245397790365448,0.126844221475737,5.33133143711289e-07,0.000176101656646689,1.26785669153155e-14,2.25437964764283e-24,0.00511104073375358,-3.82129613950955,-1.03686322979121,-0.704362248731563,-2.47784619015681,-3.13776698716461,-15.5174660825867,-9.71742057428138,-33.0718349107808,-55.5221388367684,-6.34932366860223,1.07297143919517,1.24441382228779
0.0322504694694912,0.757310935379275,1.30047716686592,0.159688414370882,0.125906309327126,3.28751302709202e-07,8.10418143735356e-05,4.12483888128234e-15,4.29885918850631e-24,0.00599626379008687,-4.30204178612108,-1.14580047047813,-0.605087858912385,-2.7023498800672,-2.94003633285812,-15.795783398317,-10.2883644171256,-33.9895685424382,-54.671511656824,-5.98443781283377,0.867819107468297,2.54491817059359
0.138910638592921,3.26192292321371,5.60147237223169,0.687816952157381,0.542309185547021,1.41601205032971e-06,0.000349066862360139,1.77666871992011e-14,1.85162351097358e-23,0.0258273707624794,-4.30204178612108,-1.14580047047813,-0.605087858912385,-2.7023498800672,-2.94003633285812,-15.795783398317,-10.2883644171256,-33.9895685424382,-54.671511656824,-5.98443781283377,2.32811734570793,0.455270936299789
0.0322901786910984,0.758243393983854,1.30207841289004,0.159885034846139,0.126061334715006,3.29156086222363e-07,8.11415991958761e-05,4.12991769544923e-15,4.30415226966085e-24,0.0060036468443981,-4.30204178612108,-1.14580047047813,-0.605087858912385,-2.7023498800672,-2.94003633285812,-15.795783398317,-10.2883644171256,-33.9895685424382,-54.671511656824,-5.98443781283377,0.869049625839262,0.552760674219566
0.0508198750080655,0.782375753623163,1.17714768646682,0.230810377497068,0.21933062863026,2.31681205329259e-07,5.87490136514005e-05,4.80121032574984e-15,6.33299229693619e-24,0.00386250770103961,-3.88141848816963,-1.14737087806082,-0.738856430134955,-2.36810950977378,-2.41912569544759,-16.1798542527756,-10.6441869215669,-33.8718590851574,-54.3182201182344,-6.45838937053724,0.901950727573647,1.15691929176624
0.0311103055011323,0.312375560080041,0.526819240455133,0.22954297052128,0.0891454931646543,1.51569508323123e-07,3.9140404348441e-05,2.59609379938902e-15,7.66693361229669e-25,0.00170022970679218,-3.64478530873327,-1.33811825749774,-0.81546694715905,-1.64623419226349,-2.59205464999032,-15.8767906770436,-10.3229244258684,-33.7593376250878,-55.7022797398435,-6.55156107604804,0.174569160642431,1.09989673667087
0.0325751345585834,0.490280834833623,0.571461356903903,0.18152482742002,0.0456749569690643,2.48204133066641e-07,6.71554537257155e-05,1.72333942155863e-15,1.10169760225054e-24,0.00141072218012105,-3.70410430986287,-0.9926752043563,-0.839456699614204,-1.98626112905396,-3.36610340344461,-15.4889125967672,-9.88839870584568,-34.2744107468601,-55.445088251519,-6.8435518058455,0.279898284614754,1.28399993030729
0.0148085050871816,0.222879393597724,0.259783682416419,0.0825203446347952,0.02076362359814,1.12832447723792e-07,3.05285577973831e-05,7.83422108209442e-16,5.00826620320563e-25,0.000641307760167574,-3.70410430986287,-0.9926752043563,-0.839456699614204,-1.98626112905396,-3.36610340344461,-15.4889125967672,-9.88839870584568,-34.2744107468601,-55.445088251519,-6.8435518058455,-0.508449285354845,0.601922253821952
0.0196634639405945,0.295950259213135,0.344953595347843,0.10957458646493,0.0275709642191715,1.49824493025046e-07,4.05373258052105e-05,1.04026654171699e-15,6.6502230516757e-25,0.000851560096217556,-3.70410430986287,-0.9926752043563,-0.839456699614204,-1.98626112905396,-3.36610340344461,-15.4889125967672,-9.88839870584568,-34.2744107468601,-55.445088251519,-6.8435518058455,-0.224888677621486,0.646755819135575
0.0232768106618572,0.350333907079824,0.408342067821641,0.129709948877825,0.0326373886021982,1.7735615490682e-07,4.79864412677523e-05,1.2314253176635e-15,7.87226417993438e-25,0.00100804228526226,-3.70410430986287,-0.9926752043563,-0.839456699614204,-1.98626112905396,-3.36610340344461,-15.4889125967672,-9.88839870584568,-34.2744107468601,-55.445088251519,-6.8435518058455,-0.0561933547023805,0.395710014553338
0.0550535753659935,0.828598661426032,0.965797726007309,0.306785862977619,0.0771929178469752,4.19477160450742e-07,0.000113496011084074,2.91252816025488e-15,1.86192299119921e-24,0.00238418968689443,-3.70410430986287,-0.9926752043563,-0.839456699614204,-1.98626112905396,-3.36610340344461,-15.4889125967672,-9.88839870584568,-34.2744107468601,-55.445088251519,-6.8435518058455,0.804655839551558,1.19041050069738
0.0578015199463644,0.869957341327042,1.0140045610634,0.32209877488024,0.0810459257366616,4.40414946634236e-07,0.000119161051846255,3.05790411304167e-15,1.9548590295713e-24,0.00250319414909553,-3.70410430986287,-0.9926752043563,-0.839456699614204,-1.98626112905396,-3.36610340344461,-15.4889125967672,-9.88839870584568,-34.2744107468601,-55.445088251519,-6.8435518058455,0.853364102863215,0.738379657655446
0.0905810805732189,0.996157024805608,2.11697042882032,0.714052062901477,0.390466322263613,1.50061769712641e-06,0.000213370842763527,1.24892131716697e-14,4.56189655078602e-24,0.00461916099094972,-3.86315776111676,-1.46549822807823,-0.711661826062846,-1.79844725175362,-2.40206140570599,-14.8712815862191,-9.91412670996182,-33.475558919103,-55.2059516342191,-6.83919004375267,1.4616478496817,0.72223519998077
0.0320685152976915,0.352670520010625,0.749473269161426,0.252796603414271,0.138237203061653,5.31265262809335e-07,7.55399040499691e-05,4.42156928485832e-15,1.61505303756136e-24,0.00163532642758699,-3.86315776111676,-1.46549822807823,-0.711661826062846,-1.79844725175362,-2.40206140570599,-14.8712815862191,-9.91412670996182,-33.475558919103,-55.2059516342191,-6.83919004375267,0.423277199092658,0.234782698035135
0.143016910969693,1.57281520188201,3.34244821797348,1.12740452709833,0.616500563853385,2.36929948540407e-06,0.000336887555656537,1.97190039790969e-14,7.20270004208373e-24,0.00729311388224542,-3.86315776111676,-1.46549822807823,-0.711661826062846,-1.79844725175362,-2.40206140570599,-14.8712815862191,-9.91412670996182,-33.475558919103,-55.2059516342191,-6.83919004375267,1.91836536393186,0.398454608125598
0.382180340962957,4.2029928212781,8.93193672646751,3.0127335547118,1.64745829077005,6.33141688654551e-06,0.000900255781040306,5.26945772572182e-14,1.92475864516527e-23,0.0194891969858648,-3.86315776111676,-1.46549822807823,-0.711661826062846,-1.79844725175362,-2.40206140570599,-14.8712815862191,-9.91412670996182,-33.475558919103,-55.2059516342191,-6.83919004375267,2.90129507610025,0.540341863803542
0.305816772232632,5.69539510493407,6.49675033288536,0.875111996126698,0.610675571566789,2.28187826926647e-06,0.00020246994210379,2.03512168877006e-14,6.21685429597342e-24,0.0109650806554885,-3.8234635186981,-0.899036406767182,-0.767392275673726,-2.77209778401427,-3.13188381903485,-15.6292060305993,-11.1436134952628,-34.1643300656609,-56.0734725720053,-7.15173392019002,2.63869437877239,1.04059771169415
0.155305886147912,2.89234752324641,3.29930749109789,0.444416580048589,0.310125275663159,1.15882828826835e-06,0.000102822266899167,1.03351550991076e-14,3.15716518240585e-24,0.00556850285042102,-3.8234635186981,-0.899036406767182,-0.767392275673726,-2.77209778401427,-3.13188381903485,-15.6292060305993,-11.1436134952628,-34.1643300656609,-56.0734725720053,-7.15173392019002,1.96110487094186,1.24291250785225
0.103885623440006,3.26853314975525,2.73899390770118,0.396737332430939,0.52338011464306,1.62933402894019e-06,5.08858669245707e-05,1.73533940852774e-14,5.95954139141038e-24,0.00285728214738851,-4.21528283444334,-0.766476768579956,-0.943227408791423,-2.87529892321714,-2.59826535705673,-15.2781572726273,-11.8367434113193,-33.6358063579295,-55.4278667762818,-7.80870247887719,1.95081807479139,1.26154623296541
0.0610022294344465,1.91930127108117,1.60835281383886,0.232966419960303,0.307331782566823,9.56754216488483e-07,2.98804707168747e-05,1.0190011787991e-14,3.49947662866792e-24,0.00167781234151808,-4.21528283444334,-0.766476768579956,-0.943227408791423,-2.87529892321714,-2.59826535705673,-15.2781572726273,-11.8367434113193,-33.6358063579295,-55.4278667762818,-7.80870247887719,1.41843796707233,0.69611826677085
0.0212605570689176,0.668916768855426,0.560544706358986,0.0811936860771617,0.107111575477346,3.33448921607687e-07,1.04139710763343e-05,3.55143294204247e-15,1.21964104041622e-24,0.000584752809339729,-4.21528283444334,-0.766476768579956,-0.943227408791423,-2.87529892321714,-2.59826535705673,-15.2781572726273,-11.8367434113193,-33.6358063579295,-55.4278667762818,-7.80870247887719,0.364381130708932,1.75434141743211
0.0170179876272125,0.535433632294572,0.44868734372266,0.0649913894819342,0.0857373332361848,2.66908792833238e-07,8.33585076593801e-06,2.84274027583749e-15,9.76260220659427e-25,0.000468064690970389,-4.21528283444334,-0.766476768579956,-0.943227408791423,-2.87529892321714,-2.59826535705673,-15.2781572726273,-11.8367434113193,-33.6358063579295,-55.4278667762818,-7.80870247887719,0.141798435847078,1.95134682121205
0.0559556816927959,0.893519333735811,0.802829643550551,0.149234222175061,0.156893659737245,3.22280480761179e-07,8.33029681834708e-06,7.49743723992061e-15,2.47607880823075e-24,0.000460795209957506,-3.60536812540479,-0.834760131906043,-0.941785563035571,-2.62441107186138,-2.57435985513131,-15.6700164377824,-12.4177842954596,-33.2463879595994,-55.0775388741859,-8.404729669188,0.722172825493887,0.70422603975021
0.0161622898021687,0.258084933983355,0.231890041695379,0.0431049479557158,0.0453173068414725,9.30877860847336e-08,2.40613048117942e-06,2.16556656588404e-15,7.15192846569971e-25,0.000133096505975428,-3.60536812540479,-0.834760131906043,-0.941785563035571,-2.62441107186138,-2.57435985513131,-15.6700164377824,-12.4177842954596,-33.2463879595994,-55.0775388741859,-8.404729669188,-0.519706414843525,3.11377291334222
0.0401534411344297,0.641183788388283,0.576105443773596,0.107089528249286,0.112585891906591,2.31266422310173e-07,5.97776799082213e-06,5.38011325686329e-15,1.77681839739436e-24,0.000330663710606497,-3.60536812540479,-0.834760131906043,-0.941785563035571,-2.62441107186138,-2.57435985513131,-15.6700164377824,-12.4177842954596,-33.2463879595994,-55.0775388741859,-8.404729669188,0.39032099010244,5.70915765154464
0.126980069945135,2.02766089274024,1.82185903572329,0.338656797606967,0.356038337567935,7.31350181982948e-07,1.89039189704597e-05,1.70139130885961e-14,5.61895862488056e-24,0.00104568126454119,-3.60536812540479,-0.834760131906043,-0.941785563035571,-2.62441107186138,-2.57435985513131,-15.6700164377824,-12.4177842954596,-33.2463879595994,-55.0775388741859,-8.404729669188,1.54164299100065,4.02700857370893
0.0745922930711081,1.19111507518822,1.07022025728633,0.198938204306681,0.209148695790548,4.29619286992451e-07,1.11047872681616e-05,9.99453529943148e-15,3.30076214860033e-24,0.000614267761683589,-3.60536812540479,-0.834760131906043,-0.941785563035571,-2.62441107186138,-2.57435985513131,-15.6700164377824,-12.4177842954596,-33.2463879595994,-55.0775388741859,-8.404729669188,1.00965003825676,7.10546923863526
0.0671061399593126,1.07157363921003,0.962811939623364,0.178972577887263,0.188158334784649,3.86502288844399e-07,9.99030031058645e-06,8.9914742799577e-15,2.9694945361878e-24,0.000552619267901268,-3.60536812540479,-0.834760131906043,-0.941785563035571,-2.62441107186138,-2.57435985513131,-15.6700164377824,-12.4177842954596,-33.2463879595994,-55.0775388741859,-8.404729669188,0.903888390823727,4.80386413737636
0.112792478610177,1.80110861469768,1.61830117439977,0.300818385253523,0.316257870954755,6.49635803425712e-07,1.67917680077304e-05,1.51129340923348e-14,4.99114759333613e-24,0.000928846406485572,-3.60536812540479,-0.834760131906043,-0.941785563035571,-2.62441107186138,-2.57435985513131,-15.6700164377824,-12.4177842954596,-33.2463879595994,-55.0775388741859,-8.404729669188,1.42316250427568,2.16577513635367
0.101377686186434,1.61883333160506,1.45452631802202,0.270375048364173,0.284252031613287,5.8389154513377e-07,1.50924122652404e-05,1.35834792235051e-14,4.48603489046611e-24,0.000834845555948226,-3.60536812540479,-0.834760131906043,-0.941785563035571,-2.62441107186138,-2.57435985513131,-15.6700164377824,-12.4177842954596,-33.2463879595994,-55.0775388741859,-8.404729669188,1.31646585603057,4.29275261576509
0.0734545217118169,1.17294675561562,1.05389597086557,0.1959037595697,0.205958508358225,4.23066216963177e-07,1.09354036980294e-05,9.84208662752537e-15,3.25041495478326e-24,0.000604898211058389,-3.60536812540479,-0.834760131906043,-0.941785563035571,-2.62441107186138,-2.57435985513131,-15.6700164377824,-12.4177842954596,-33.2463879595994,-55.0775388741859,-8.404729669188,0.994279308915113,1.45747660963042
0.0603467100602996,0.963636766365571,0.865830354692941,0.160945127719393,0.169205626810938,3.47570901510307e-07,8.98400290381503e-06,8.08578606542173e-15,2.6703849440546e-24,0.000496955341999892,-3.60536812540479,-0.834760131906043,-0.941785563035571,-2.62441107186138,-2.57435985513131,-15.6700164377824,-12.4177842954596,-33.2463879595994,-55.0775388741859,-8.404729669188,0.797719278152143,1.27166972946641
0.0604390203934934,0.965110809124359,0.867154786272577,0.161191320069413,0.169464454968655,3.48102569031119e-07,8.99774543096583e-06,8.0981546204778e-15,2.67446974211062e-24,0.000497715517876201,-3.60536812540479,-0.834760131906043,-0.941785563035571,-2.62441107186138,-2.57435985513131,-15.6700164377824,-12.4177842954596,-33.2463879595994,-55.0775388741859,-8.404729669188,0.799247775778793,2.23851940331709
0.0281650197824623,0.449748603704736,0.404100389960213,0.0751163187119587,0.0789716592946331,1.62218309947043e-07,4.19301432105928e-06,3.77379850967521e-15,1.24632220548451e-24,0.000231939024089987,-3.60536812540479,-0.834760131906043,-0.941785563035571,-2.62441107186138,-2.57435985513131,-15.6700164377824,-12.4177842954596,-33.2463879595994,-55.0775388741859,-8.404729669188,0.0356936211465854,4.47524306076155
0.0549872411458004,0.878054946096593,0.788934847604489,0.146651383982738,0.154178257528579,3.16702682839106e-07,8.18612205425994e-06,7.36767700821521e-15,2.43322462358135e-24,0.000452820099089693,-3.60536812540479,-0.834760131906043,-0.941785563035571,-2.62441107186138,-2.57435985513131,-15.6700164377824,-12.4177842954596,-33.2463879595994,-55.0775388741859,-8.404729669188,0.704714025576534,3.48459061633347
0.0784613130716767,0.695510883775805,1.55333904864245,0.336626464389257,0.134805561128576,2.41753158250851e-07,1.19845178750133e-05,6.5803491658199e-15,2.97965230953541e-24,0.000133743320983647,-3.57437224147456,-1.39233125757937,-0.588815799842965,-2.11800401633957,-3.03314446538105,-16.2645712772682,-12.3611175569427,-33.6839112249563,-55.1994582514885,-9.94881074869509,1.02922263868919,2.41170606022461
0.0616643379165041,0.546616115417009,1.22080067544735,0.264561568486297,0.105946425684497,1.89998712220685e-07,9.41887576283729e-06,5.17162992415153e-15,2.34176920695979e-24,0.000105111589601834,-3.57437224147456,-1.39233125757937,-0.588815799842965,-2.11800401633957,-3.03314446538105,-16.2645712772682,-12.3611175569427,-33.6839112249563,-55.1994582514885,-9.94881074869509,0.78832273467343,1.71570657469121
0.0626137694967586,0.555032237600233,1.23959706171578,0.268634961901835,0.107577658350875,1.92924078545614e-07,9.56389601930772e-06,5.25125631660592e-15,2.37782488701535e-24,0.000106729968489707,-3.57437224147456,-1.39233125757937,-0.588815799842965,-2.11800401633957,-3.03314446538105,-16.2645712772682,-12.3611175569427,-33.6839112249563,-55.1994582514885,-9.94881074869509,0.803602176422938,1.02578905836639
0.0867621275819003,0.769092456783519,1.71767455119119,0.372239860733708,0.14906731528572,2.67329433300796e-07,1.32524199273797e-05,7.27651719691155e-15,3.29488462158986e-24,0.000147892695446095,-3.57437224147456,-1.39233125757937,-0.588815799842965,-2.11800401633957,-3.03314446538105,-16.2645712772682,-12.3611175569427,-33.6839112249563,-55.1994582514885,-9.94881074869509,1.12978717076338,1.42238929794512
0.0599990656070809,0.531854509087578,1.18783242136668,0.257416968073424,0.103085296303466,1.84867714224476e-07,9.16451491954098e-06,5.03196780503601e-15,2.27852870933715e-24,0.00010227300533291,-3.57437224147456,-1.39233125757937,-0.588815799842965,-2.11800401633957,-3.03314446538105,-16.2645712772682,-12.3611175569427,-33.6839112249563,-55.1994582514885,-9.94881074869509,0.760945951377943,2.29730646245424
0.0435241113040932,0.385814255887006,0.8616692609305,0.186733654209903,0.0747794297249518,1.34105471294036e-07,6.64805965509986e-06,3.65025562663354e-15,1.65287469315286e-24,7.4190183171592e-05,-3.57437224147456,-1.39233125757937,-0.588815799842965,-2.11800401633957,-3.03314446538105,-16.2645712772682,-12.3611175569427,-33.6839112249563,-55.1994582514885,-9.94881074869509,0.439932029881779,0.786923736124082
0.0548274063728672,0.486010957103056,1.08544641837642,0.235228741865063,0.0941997908519184,1.68932919045529e-07,8.3745734807673e-06,4.59823400431981e-15,2.08212941676761e-24,9.34575158400487e-05,-3.57437224147456,-1.39233125757937,-0.588815799842965,-2.11800401633957,-3.03314446538105,-16.2645712772682,-12.3611175569427,-33.6839112249563,-55.1994582514885,-9.94881074869509,0.670807147723118,0.37584984460116
0.156483580533761,1.38712990049011,3.09798608509678,0.671369269616098,0.268856791397202,4.82153539463186e-07,2.39019740383356e-05,1.31238767020018e-14,5.94263139231233e-24,0.00026673825507965,-3.57437224147456,-1.39233125757937,-0.588815799842965,-2.11800401633957,-3.03314446538105,-16.2645712772682,-12.3611175569427,-33.6839112249563,-55.1994582514885,-9.94881074869509,1.71956805025131,1.13816097691733
0.183097934048691,1.62304963990845,3.62488415690637,0.785554150992633,0.314583312139684,5.64157061519478e-07,2.79671646774499e-05,1.53559542966097e-14,6.95333994169778e-24,0.000312104460226737,-3.57437224147456,-1.39233125757937,-0.588815799842965,-2.11800401633957,-3.03314446538105,-16.2645712772682,-12.3611175569427,-33.6839112249563,-55.1994582514885,-9.94881074869509,1.87663813092349,2.49037994089867
0.226836921135656,1.84813712813023,2.92305008476284,0.675379416021842,0.334417220161788,5.88015970384558e-07,6.6783559879826e-05,1.19048322934642e-14,4.09900298889977e-24,0.000232723917289956,-3.27663596049468,-1.17893385772023,-0.720484411026255,-2.18559267993772,-2.88847793511877,-16.1396237606191,-11.4071656490155,-33.8549440338588,-55.6444104928778,-10.1587697430081,1.79311203172045,2.11956174272751
0.21205894428103,1.72773464882066,2.73261915190908,0.631379782593152,0.312630599559652,5.49707892682795e-07,6.24327430144209e-05,1.1129256010687e-14,3.83196104972278e-24,0.000217562414277084,-3.27663596049468,-1.17893385772023,-0.720484411026254,-2.18559267993772,-2.88847793511877,-16.1396237606191,-11.4071656490155,-33.8549440338588,-55.6444104928778,-10.1587697430081,1.72574495660033,1.01104907650844
0.0165537719030504,0.13487063883366,0.213314058937605,0.0492868477709363,0.0244046090702307,4.29113664581774e-08,4.87363261496223e-06,8.68773378440541e-16,2.99131024034618e-25,1.69833844680796e-05,-3.27663596049468,-1.17893385772023,-0.720484411026254,-2.18559267993772,-2.88847793511877,-16.1396237606191,-11.4071656490155,-33.8549440338588,-55.6444104928778,-10.1587697430081,-0.824505333081943,0.574440283413612
0.0100948384746776,0.0822469538650275,0.130083402258078,0.0300561569947657,0.0148824441972788,2.61682543205258e-08,2.97204373245582e-06,5.29796289197456e-16,1.82416393561514e-25,1.03568252578749e-05,-3.27663596049468,-1.17893385772023,-0.720484411026254,-2.18559267993772,-2.88847793511877,-16.1396237606191,-11.4071656490155,-33.8549440338588,-55.6444104928778,-10.1587697430081,-1.3190950673779,0.313760021736187
0.0165799110171295,0.135083605342746,0.213650890963194,0.0493646738122777,0.0244431449920905,4.29791253417544e-08,4.88132828937699e-06,8.70145208775096e-16,2.99603364719727e-25,1.70102019587796e-05,-3.27663596049468,-1.17893385772023,-0.720484411026254,-2.18559267993772,-2.88847793511877,-16.1396237606191,-11.4071656490155,-33.8549440338588,-55.6444104928778,-10.1587697430081,-0.822927535674712,0.301252612904387
0.0091413692431245,0.0744786334410821,0.117796873662307,0.0272173180192711,0.0134767800385104,2.36966322732127e-08,2.69133074622676e-06,4.79756413670186e-16,1.65186953087744e-25,9.37861107002767e-06,-3.27663596049468,-1.17893385772023,-0.720484411026254,-2.18559267993772,-2.88847793511877,-16.1396237606191,-11.4071656490155,-33.8549440338588,-55.6444104928778,-10.1587697430081,-1.41830913645978,0.516245116555895
0.576849448651167,4.69983844806338,7.43335706256924,1.71749925811045,0.85042764689271,1.49533279951178e-06,0.000169831522587988,3.02741542707792e-14,1.04238216703368e-23,0.000591820161834974,-3.27663596049468,-1.17893385772023,-0.720484411026254,-2.18559267993772,-2.88847793511877,-16.1396237606191,-11.4071656490155,-33.8549440338588,-55.6444104928778,-10.1587697430081,2.72646199309301,1.32347083951216
0.20928151280755,1.70510573020689,2.69682880850584,0.623110317299723,0.308535935834272,5.42508120904556e-07,6.16150332686147e-05,1.09834911337312e-14,3.7817721305016e-24,0.000214712901379111,-3.27663596049468,-1.17893385772023,-0.720484411026254,-2.18559267993772,-2.88847793511877,-16.1396237606191,-11.4071656490155,-33.8549440338588,-55.6444104928778,-10.1587697430081,1.7125609783846,1.37492510867005
0.125593395846341,1.02326295362106,1.61841284274332,0.373939100911066,0.185157663485013,3.25568351760129e-07,3.69762295750731e-05,6.59137986546372e-15,2.26950578584317e-24,0.000128852864519479,-3.27663596049468,-1.17893385772023,-0.720484411026254,-2.18559267993772,-2.88847793511877,-16.1396237606191,-11.4071656490155,-33.8549440338588,-55.6444104928778,-10.1587697430081,1.20193035332299,1.5262127618461
0.103791613371868,0.845634534716559,1.33747223664208,0.309026938278427,0.153016107986978,2.69052877058488e-07,3.05575185553614e-05,5.44718092836932e-15,1.87554182671871e-24,0.00010648527023209,-3.27663596049468,-1.17893385772023,-0.720484411026254,-2.18559267993772,-2.88847793511877,-16.1396237606191,-11.4071656490155,-33.8549440338588,-55.6444104928778,-10.1587697430081,1.01126585294806,0.885502257216461
0.138822255822141,1.13104411711822,1.78888165390504,0.413326426750089,0.204660478797742,3.59860745153618e-07,4.08709675124099e-05,7.285655553289e-15,2.5085547744693e-24,0.00014242504712289,-3.27663596049468,-1.17893385772023,-0.720484411026254,-2.18559267993772,-2.88847793511877,-16.1396237606191,-11.4071656490155,-33.8549440338588,-55.6444104928778,-10.1587697430081,1.30207506127136,1.08244192998493
1.30937043670271,4.6154935835076,7.37858879306579,1.67956115320673,0.344423667962432,1.13981349736599e-06,0.00012268374126128,7.28728852260427e-14,2.70913930424801e-23,0.00032782936164371,-2.46012755927414,-1.20025518405882,-0.731091598425024,-2.21114145733826,-3.79555678478377,-16.414319906044,-11.7355747213861,-32.9797337681584,-54.6925001526261,-10.7526913221431,2.72967399830065,1.34524623456883
1.25243276741526,4.41478991715792,7.05773257336555,1.60652582660339,0.329446484766972,1.09024897219935e-06,0.000117348867270637,6.97040247395697e-14,2.59133301090649e-23,0.000313573778003842,-2.46012755927414,-1.20025518405882,-0.731091598425024,-2.21114145733826,-3.79555678478377,-16.414319906044,-11.7355747213861,-32.9797337681584,-54.6925001526261,-10.7526913221431,2.6852154330999,1.0882112869262
0.395927095860022,1.39563176260534,2.23113578136111,0.507865269497781,0.104146740127434,3.44656512156027e-07,3.70970781264473e-05,2.20352842906278e-14,8.19188845986363e-24,9.91289580510887e-05,-2.46012755927414,-1.20025518405882,-0.731091598425024,-2.21114145733826,-3.79555678478377,-16.414319906044,-11.7355747213861,-32.9797337681584,-54.6925001526261,-10.7526913221431,1.53360237323417,1.11450431741891
0.299376498945313,1.0552936519742,1.68705205044025,0.38401748177376,0.0787495646596053,2.60608735868013e-07,2.80506019586066e-05,1.66617701419584e-14,6.19421836117917e-24,7.49554165798339e-05,-2.46012755927414,-1.20025518405882,-0.731091598425024,-2.21114145733826,-3.79555678478377,-16.414319906044,-11.7355747213861,-32.9797337681584,-54.6925001526261,-10.7526913221431,1.2540742553601,0.629660090363229
0.0892751248744059,0.31469227842221,0.503084854700596,0.11451536363103,0.023483397138917,7.77144415808935e-08,8.36478815631517e-06,4.96859845476281e-15,1.84713769999235e-24,2.23519688377415e-05,-2.46012755927414,-1.20025518405882,-0.731091598425024,-2.21114145733826,-3.79555678478377,-16.414319906044,-11.7355747213861,-32.9797337681584,-54.6925001526261,-10.7526913221431,0.0440951725327361,0.99929229063503
0.189320988376066,0.667351104454059,1.06686517731494,0.242846614411028,0.0497999858641703,1.64804864870112e-07,1.77387594084901e-05,1.05366413278372e-14,3.91712624901072e-24,4.74006263050932e-05,-2.46012755927414,-1.20025518405882,-0.731091598425024,-2.21114145733826,-3.79555678478377,-16.414319906044,-11.7355747213861,-32.9797337681584,-54.6925001526261,-10.7526913221431,0.7958162059802,0.64772743585326
0.271359063616619,0.956532988558303,1.52916767445928,0.348078839299857,0.0713797115055128,2.36219418640382e-07,2.54254596075039e-05,1.51024624840144e-14,5.61452652512144e-24,6.79406423942877e-05,-2.46012755927414,-1.20025518405882,-0.731091598425024,-2.21114145733826,-3.79555678478377,-16.414319906044,-11.7355747213861,-32.9797337681584,-54.6925001526261,-10.7526913221431,1.15581518218432,1.57179145646969
0.0875618474267068,0.308653024101991,0.493430161559029,0.112317701178022,0.0230327276520911,7.6223025015435e-08,8.20425964489437e-06,4.87324616383975e-15,1.81168931088459e-24,2.19230125727656e-05,-2.46012755927414,-1.20025518405882,-0.731091598425024,-2.21114145733826,-3.79555678478377,-16.414319906044,-11.7355747213861,-32.9797337681584,-54.6925001526261,-10.7526913221431,0.0247176517042922,0.47358747238144
0.0897847182594977,0.31648858062452,0.505956524882586,0.115169031401082,0.0236174432559996,7.81580451648866e-08,8.41253539518098e-06,4.99695982540539e-15,1.85768138900532e-24,2.24795566230234e-05,-2.46012755927414,-1.20025518405882,-0.731091598425024,-2.21114145733826,-3.79555678478377,-16.414319906044,-11.7355747213861,-32.9797337681584,-54.6925001526261,-10.7526913221431,0.0497870658347117,0.427347433532593
0.055869401853558,0.196938054000108,0.314836299061446,0.0716650341078666,0.0146961805260603,4.86345930360334e-08,5.23478081472876e-06,3.10940616558793e-15,1.15596005701376e-24,1.39881196578645e-05,-2.46012755927414,-1.20025518405882,-0.731091598425024,-2.21114145733826,-3.79555678478377,-16.414319906044,-11.7355747213861,-32.9797337681584,-54.6925001526261,-10.7526913221431,-0.42461086233402,0.620324177396929
0.0516673982355836,0.18212611064703,0.291157089622378,0.0662750223552289,0.013590863452812,4.49767279235378e-08,4.84106677460981e-06,2.87554405996168e-15,1.06901893753413e-24,1.29360566777547e-05,-2.46012755927414,-1.20025518405882,-0.731091598425024,-2.21114145733826,-3.79555678478377,-16.414319906044,-11.7355747213861,-32.9797337681584,-54.6925001526261,-10.7526913221431,-0.50280073215871,0.589039392760448
0.0129432460383895,0.0456245745019144,0.0729380223409136,0.0166026149919954,0.00340465933163153,1.1267160247971e-08,1.21273995772627e-06,7.20355108507877e-16,2.67800888001223e-25,3.24062310208255e-06,-2.46012755927414,-1.20025518405882,-0.731091598425024,-2.21114145733826,-3.79555678478377,-16.414319906044,-11.7355747213861,-32.9797337681584,-54.6925001526261,-10.7526913221431,-1.88705360904959,0.922036153141
0.00855793130963494,0.0301664646921358,0.0482258146992486,0.0109774656404114,0.00225112314224659,7.44972189903477e-09,8.01850264136856e-07,4.76290840711091e-16,1.77066989020851e-25,2.14266419921113e-06,-2.46012755927414,-1.20025518405882,-0.731091598425024,-2.21114145733826,-3.79555678478377,-16.414319906044,-11.7355747213861,-32.9797337681584,-54.6925001526261,-10.7526913221431,-2.30076922819628,0.997220533925429
0.0796940660147391,0.280919318188465,0.449093492481004,0.102225507516815,0.0209631451591027,6.93740820453547e-08,7.4670741762222e-06,4.43536554904465e-15,1.64890179664936e-24,1.99531424080376e-05,-2.46012755927414,-1.20025518405882,-0.731091598425024,-2.21114145733826,-3.79555678478377,-16.414319906044,-11.7355747213861,-32.9797337681584,-54.6925001526261,-10.7526913221431,-0.0694325907019944,1.10449825863305
0.10933765041988,0.385412110891679,0.616141574175041,0.140250050772929,0.0287607490962157,9.51789701566009e-08,1.02445813944052e-05,6.08517637682247e-15,2.26223930129773e-24,2.73750583761734e-05,-2.46012755927414,-1.20025518405882,-0.731091598425024,-2.21114145733826,-3.79555678478377,-16.414319906044,-11.7355747213861,-32.9797337681584,-54.6925001526261,-10.7526913221431,0.246813084776187,0.631961233010173
0.100492549143185,0.354233380225616,0.56629749390231,0.128904225264659,0.026434087259486,8.74792653686008e-08,9.41582424055308e-06,5.59290311932291e-15,2.07923065189604e-24,2.51604949310761e-05,-2.46012755927414,-1.20025518405882,-0.731091598425024,-2.21114145733826,-3.79555678478377,-16.414319906044,-11.7355747213861,-32.9797337681584,-54.6925001526261,-10.7526913221431,0.162455867164032,2.56653633560866
0.0590147933275386,0.387284111056287,0.595538025443542,0.0368366315162019,0.0200966508554286,1.08063430256183e-07,2.09216558100134e-05,4.92506722995933e-15,1.52823098617773e-24,3.01090435551202e-05,-2.92420523835307,-1.04283482441593,-0.612528143789401,-3.39550061348802,-4.00144020812158,-16.1347855712517,-10.8689638784946,-33.0386765758397,-54.9321694897863,-10.5049230872125,0.0942381062131028,1.15810752328149
0.124831532855892,0.819205939866066,1.25971676588755,0.0779189914619151,0.0425096080169136,2.28582070425558e-07,4.42547066148691e-05,1.04177894569912e-14,3.23260331530155e-24,6.36884050232977e-05,-2.92420523835307,-1.04283482441593,-0.612528143789401,-3.39550061348802,-4.00144020812158,-16.1347855712517,-10.8689638784946,-33.0386765758397,-54.9321694897863,-10.5049230872125,0.84341505050582,0.802351410779868
0.121540228227451,0.797606779462898,1.2265031096323,0.0758645815594256,0.0413888009065755,2.2255528208804e-07,4.30878882847603e-05,1.01431143178378e-14,3.14737258865615e-24,6.20091983562353e-05,-2.92420523835307,-1.04283482441593,-0.612528143789401,-3.39550061348802,-4.00144020812158,-16.1347855712517,-10.8689638784946,-33.0386765758397,-54.9321694897863,-10.5049230872125,0.816695263873406,1.42867068038928
0.123266394171451,0.808934729718476,1.24392242773737,0.0769420425692783,0.0419766222364336,2.25716106731867e-07,4.36998407752298e-05,1.02871711355425e-14,3.19207291096794e-24,6.28898793289331e-05,-2.92420523835307,-1.04283482441593,-0.612528143789401,-3.39550061348802,-4.00144020812158,-16.1347855712517,-10.8689638784946,-33.0386765758397,-54.9321694897863,-10.5049230872125,0.830797779037805,2.82094569881221
0.158518391272407,1.0402756798499,1.59966212557765,0.098946098742295,0.0539811898668332,2.90266900106122e-07,5.61972182695203e-05,1.3229119178111e-14,4.10494900959845e-24,8.08752666576109e-05,-2.92420523835307,-1.04283482441593,-0.612528143789401,-3.39550061348802,-4.00144020812158,-16.1347855712517,-10.8689638784946,-33.0386765758397,-54.9321694897863,-10.5049230872125,1.08232057922132,3.97478221957741
0.122842954175454,0.806155908118188,1.23964935305744,0.0766777342116235,0.0418324257514856,2.24940735407239e-07,4.35497247559588e-05,1.02518330392695e-14,3.18110762436468e-24,6.26738424242256e-05,-2.92420523835307,-1.04283482441593,-0.612528143789401,-3.39550061348802,-4.00144020812158,-16.1347855712517,-10.8689638784946,-33.0386765758397,-54.9321694897863,-10.5049230872125,0.827356703624214,2.61982757409306
0.105839831754203,0.694573052688231,1.06806515556773,0.0660645011569848,0.0360422535677843,1.93805902422086e-07,3.75218552179163e-05,8.83284101503058e-15,2.7407994053439e-24,5.39989369524207e-05,-2.92420523835307,-1.04283482441593,-0.612528143789401,-3.39550061348802,-4.00144020812158,-16.1347855712517,-10.8689638784946,-33.0386765758397,-54.9321694897863,-10.5049230872125,0.678376889552436,3.48875063691471
0.258257011322426,1.69480957933621,2.60615791241174,0.161202265163581,0.0879457623228068,4.72900724676236e-07,9.15560996955857e-05,2.15527848468764e-14,6.68775310132977e-24,0.000131761396827489,-2.92420523835307,-1.04283482441593,-0.612528143789401,-3.39550061348802,-4.00144020812158,-16.1347855712517,-10.8689638784946,-33.0386765758397,-54.9321694897863,-10.5049230872125,1.57040521636294,2.67966822113827
0.182043338163976,1.19465795640862,1.83706023595842,0.113630210152689,0.0619922768742624,3.33344005258182e-07,6.45371753220275e-05,1.51923886990116e-14,4.71414461566194e-24,9.28775733785534e-05,-2.92420523835307,-1.04283482441593,-0.612528143789401,-3.39550061348802,-4.00144020812158,-16.1347855712517,-10.8689638784946,-33.0386765758397,-54.9321694897863,-10.5049230872125,1.22069473988132,3.24283468636627
0.0677035967799589,0.444304314491332,0.683219648300413,0.0422601233738639,0.0230554996370485,1.23973710593506e-07,2.40019708459988e-05,5.65018950419263e-15,1.75323386969372e-24,3.45420263182526e-05,-2.92420523835307,-1.04283482441593,-0.612528143789401,-3.39550061348802,-4.00144020812158,-16.1347855712517,-10.8689638784946,-33.0386765758397,-54.9321694897863,-10.5049230872125,0.231589266090002,6.12628760920466
0.238068358574031,1.56232170651268,2.40242746253259,0.148600645803946,0.0810708029668676,4.35932789261568e-07,8.43989104510936e-05,1.98679450556684e-14,6.16495325811012e-24,0.000121461250192274,-2.92420523835307,-1.04283482441593,-0.612528143789401,-3.39550061348802,-4.00144020812158,-16.1347855712517,-10.8689638784946,-33.0386765758397,-54.9321694897863,-10.5049230872125,1.48900781270167,2.9451570747146
0.210737641663686,2.00141671243468,3.12375935878332,0.247861998632933,0.0584759146727319,5.22227720991519e-07,0.000133992923152051,7.84896949041084e-14,6.88561415899755e-24,0.000254833870571993,-3.28749353753942,-1.03649692791572,-0.59131501475555,-3.1252353587493,-4.5694925384454,-16.1955143110088,-10.6480757856333,-31.9061612677737,-55.0629601151132,-10.0052509269965,1.73035221392715,1.01944061680263
0.277057842184474,1.31858494857279,1.57715440850572,0.120881104226577,0.0796495168522429,3.81206374001632e-07,9.78730712301446e-05,3.52669427464531e-14,1.1540203836643e-23,0.000202389899216325,-2.49951783888953,-0.939429707917006,-0.760366644845531,-3.32893668700653,-3.74610816937573,-15.9959138052665,-10.4478279711544,-32.1918191966819,-54.0321941682919,-9.72130338769999,1.21598886084604,4.93417743501625
0.22209052811494,1.05698227230816,1.26425244902694,0.0968987127926967,0.0638473292159556,3.05576352776301e-07,7.84553936692429e-05,2.82701037364754e-14,9.25066745783575e-24,0.000162236445818251,-2.49951783888953,-0.939429707917006,-0.760366644845531,-3.32893668700653,-3.74610816937573,-15.9959138052665,-10.4478279711544,-32.1918191966819,-54.0321941682919,-9.72130338769999,0.994847642959784,2.62993453386031
0.299301122695348,1.4244460736623,1.70377449491351,0.130585909145926,0.0860440896675483,4.11811103478322e-07,0.000105730701826947,3.80983099948415e-14,1.24666962581072e-23,0.000218638547026982,-2.49951783888953,-0.939429707917006,-0.760366644845531,-3.32893668700653,-3.74610816937573,-15.9959138052665,-10.4478279711544,-32.1918191966819,-54.0321941682919,-9.72130338769999,1.29321272582934,5.58661525545304
0.43740501493827,1.40210833369894,3.23244776916284,0.14390155723693,0.164557703046388,3.42655184348043e-07,0.000202030679192073,9.45291323972319e-14,2.79676383313228e-23,9.29173882994588e-05,-2.50971709473696,-1.34484433281466,-0.509581715766727,-3.62144723275544,-3.48731538115603,-16.5693625781412,-10.1899123841752,-31.672689717852,-53.6138155532534,-10.9666211467051,1.68282138926845,6.23919765750912
0.124711457280333,0.399764446196788,0.921624714183379,0.0410287314846162,0.046918142802994,9.76967019702243e-08,5.76023126322289e-05,2.69518305782756e-14,7.974039651742e-24,2.64922954830398e-05,-2.50971709473696,-1.34484433281466,-0.509581715766727,-3.62144723275544,-3.48731538115603,-16.5693625781412,-10.1899123841752,-31.672689717852,-53.6138155532534,-10.9666211467051,0.427964542971887,3.33128936360025
0.0817954422312209,0.262196516487518,0.604472938668322,0.0269098229557728,0.0307725554887222,6.40770713168988e-08,3.77800623779352e-05,1.76770999967991e-14,5.22999340964629e-24,1.73757012548128e-05,-2.50971709473696,-1.34484433281466,-0.509581715766727,-3.62144723275544,-3.48731538115603,-16.5693625781412,-10.1899123841752,-31.672689717852,-53.6138155532534,-10.9666211467051,0.00618333936645779,1.72876294250646
0.0521079248183299,0.17055913165409,1.02340369483532,0.0378154263249394,0.0312933042045794,9.92427944421792e-08,3.96320617489514e-05,1.62561383082043e-14,7.898126978197e-24,2.35451238179295e-05,-3.22845948959067,-2.04269448480195,-0.250887227902661,-3.54905941141199,-3.73837238313529,-16.3997177757315,-10.4098933827986,-32.0243270710562,-53.4694378475002,-10.9306130711426,0.274021255638053,1.65105326084659
0.114819386224473,0.411367891286485,0.359745982209564,0.058039040869884,0.0244149000410419,6.77829566683139e-08,1.32890958091911e-05,1.72880371494328e-14,5.57748432449436e-24,1.31935467649163e-05,-2.13229908555304,-0.856171497991786,-0.990261247312437,-2.81454352218272,-3.68046582138927,-16.4748591959247,-11.1964708687301,-31.6566657726025,-53.5112085407767,-11.2036868751098,-0.0320958542493294,0.983934112412611
0.303330786336899,1.08675503362937,0.950379855295798,0.153328009182032,0.0644994810659205,1.79069565014424e-07,3.51072411554933e-05,4.56716768412863e-14,1.4734643352152e-23,3.48548189149064e-05,-2.13229908555304,-0.856171497991786,-0.990261247312437,-2.81454352218272,-3.68046582138927,-16.4748591959247,-11.1964708687301,-31.6566657726025,-53.5112085407767,-11.2036868751098,0.939367720686893,1.90016853990434
0.224879035759035,0.8056828883746,0.704579011067998,0.113672124336934,0.0478177018700391,1.32756030472648e-07,2.60273038373319e-05,3.38594139210107e-14,1.09237589408581e-23,2.58401666503921e-05,-2.13229908555304,-0.856171497991786,-0.990261247312437,-2.81454352218272,-3.68046582138927,-16.4748591959247,-11.1964708687301,-31.6566657726025,-53.5112085407767,-11.2036868751098,0.640106445357759,2.58620216620644
0.0857342175309374,0.476572131071359,0.814185135829081,0.124629853508064,0.126254822723824,2.91306562967469e-07,3.37433149563882e-05,6.25087798756982e-14,1.04585221412985e-23,3.60948701098368e-05,-2.94351535510825,-1.22814828360444,-0.692579592361735,-2.5694191996744,-2.55646510487874,-15.5359017364239,-10.7837403287467,-30.8904814631384,-53.4016371630001,-10.7163718980586,0.487012093115141,2.24649595800536
0.262959413356794,1.46171658898619,2.49722516688485,0.382258030796135,0.387242049592889,8.93479932644954e-07,0.000103495693565332,1.91723591340076e-13,3.20778205721946e-23,0.000110708257946687,-2.94351535510825,-1.22814828360444,-0.692579592361735,-2.5694191996744,-2.55646510487874,-15.5359017364239,-10.7837403287467,-30.8904814631384,-53.4016371630001,-10.7163718980586,1.60775977455775,6.37600937621112
0.131316762162108,0.688440753063126,3.42244929681422,0.382199884876801,0.588047484473971,6.01855504907267e-07,0.000125222533932311,4.34996857746147e-14,1.55786233047937e-23,4.08334535168005e-05,-3.6812256121868,-2.02440878615494,-0.420726306035674,-2.61289431783086,-2.1820303478789,-15.9743312149621,-10.6365009014514,-32.4171054498571,-54.1672253277402,-11.7570916428263,1.65108276944292,3.32867578775556
0.0475039099459375,0.370986967103343,1.1822054776608,0.256417428116324,0.356629901405709,2.31238851810424e-07,6.0508940771779e-05,1.55572165707412e-14,1.11036646955859e-23,6.81166126434374e-05,-3.8416865197608,-1.78633160917616,-0.627361520238721,-2.15569184695599,-1.82579998876124,-16.0745579331862,-10.5074626855773,-32.5889950388734,-53.6495102883547,-10.3890326928039,0.794743263082911,4.25119496694256
0.021948624849599,0.171410180221136,0.546224185626994,0.118474667475356,0.164776666278873,1.0684120138353e-07,2.79574469250601e-05,7.18802958753849e-15,5.13031813879128e-24,3.14724825522307e-05,-3.8416865197608,-1.78633160917616,-0.627361520238721,-2.15569184695599,-1.82579998876124,-16.0745579331862,-10.5074626855773,-32.5889950388734,-53.6495102883547,-10.3890326928039,0.0226357291162963,0.828568603673283
0.0286984565890449,0.224123727554919,0.714203791195108,0.154909026180069,0.215450217792491,1.3969793555803e-07,3.65551638162892e-05,9.39855487495444e-15,6.70803813008731e-24,4.11511737279145e-05,-3.8416865197608,-1.78633160917616,-0.627361520238721,-2.15569184695599,-1.82579998876124,-16.0745579331862,-10.5074626855773,-32.5889950388734,-53.6495102883547,-10.3890326928039,0.290774584712991,2.54720689744023
0.240941292524573,1.88165730916419,5.99618254879213,1.3005570831219,1.80883783030477,1.17285056957436e-06,0.000306903208924007,7.89066810059423e-14,5.63181288984136e-23,0.000345489554678416,-3.8416865197608,-1.78633160917616,-0.627361520238721,-2.15569184695599,-1.82579998876124,-16.0745579331862,-10.5074626855773,-32.5889950388734,-53.6495102883547,-10.3890326928039,2.41848454511105,1.34007236401363
0.106457124367606,0.831388526557678,2.64934393203909,0.574636110292133,0.799214081753739,5.18210463808569e-07,0.000135601634484917,3.48640046928772e-14,2.48835141103007e-23,0.000152650565225792,-3.8416865197608,-1.78633160917616,-0.627361520238721,-2.15569184695599,-1.82579998876124,-16.0745579331862,-10.5074626855773,-32.5889950388734,-53.6495102883547,-10.3890326928039,1.60167355677021,0.615175910696144
0.0567258222013419,0.338471429455987,1.84286202463819,0.23754550039467,0.438055328423687,1.64023287487102e-07,0.000294015966416023,2.92406327222133e-15,7.76330330773646e-24,0.000119174906196469,-3.93907767069952,-2.15286751036449,-0.458232105455588,-2.50694801004039,-1.89496197277431,-16.6928093391231,-9.20142840135557,-34.5353541311236,-54.2821862210459,-10.104470260774,1.06955191679287,0.92368121889138
0.125187993164513,0.746971261989336,4.06700492986576,0.524238227418152,0.966742575642839,3.61982345886042e-07,0.000648862676036735,6.45310369651701e-15,1.71328034342702e-23,0.000263006630196575,-3.93907767069952,-2.15286751036449,-0.458232105455588,-2.50694801004039,-1.89496197277431,-16.6928093391231,-9.20142840135557,-34.5353541311236,-54.2821862210459,-10.104470260774,1.86113894454266,0.891567748430982
0.143823347620354,0.858164627132631,4.67241505367934,0.602275784697313,1.11065086995491,4.15866661400858e-07,0.000745451699116767,7.41370600097974e-15,1.96831747338589e-23,0.000302157523617388,-3.93907767069952,-2.15286751036449,-0.458232105455588,-2.50694801004039,-1.89496197277431,-16.6928093391231,-9.20142840135557,-34.5353541311236,-54.2821862210459,-10.104470260774,1.99990818557998,0.405842738589713
0.171729427128528,2.82950192390045,10.2755459541299,3.10803803627613,2.79249423355741,5.49922349866069e-07,0.00534776933579605,2.97703713281311e-14,6.89225598531187e-23,0.000946701307999345,-4.71589112579205,-1.91395528937164,-0.624289093722842,-1.82006431630086,-1.92712079993134,-17.3675447376642,-8.18513173851625,-34.0993187336438,-53.9831146654184,-9.91658291010504,2.95405598691546,1.24854822348976
0.381336018379083,6.28308738751337,22.8174975386514,6.90159438333905,6.20090947822435,1.22113724375639e-06,0.0118750589215903,6.61069861919455e-14,1.53046888878348e-22,0.00210220993235217,-4.71589112579204,-1.91395528937164,-0.624289093722842,-1.82006431630086,-1.92712079993134,-17.3675447376642,-8.18513173851625,-34.0993187336438,-53.9831146654184,-9.91658291010504,3.75181677126064,0.255857360296716
0.234681598601416,3.86673411686022,14.0423315406083,4.24737534541114,3.81616023400582,7.51511597815009e-07,0.00730814210273319,4.06835243735752e-14,9.41880305343696e-23,0.00129374085778004,-4.71589112579204,-1.91395528937164,-0.624289093722842,-1.82006431630086,-1.92712079993134,-17.3675447376642,-8.18513173851625,-34.0993187336438,-53.9831146654184,-9.91658291010504,3.26636554267927,0.494387880467054
0.00824956692860564,0.592262138015002,0.921901214450798,0.380794689808293,0.279033482825343,6.82146903603125e-08,0.000400182163647046,1.63563961618348e-15,7.38863360135652e-24,0.000172760684023057,-5.57820949083377,-1.30442085872246,-0.861932121161872,-1.74610983831137,-2.05703841155278,-17.2812208114329,-8.60420562272398,-34.8273573818206,-54.0427143296388,-9.44421816781437,0.780614917318049,0.479168349358552
0.0253443680529325,1.81955122487939,2.83227033487874,1.16987968636735,0.857248307580239,2.09569573054037e-07,0.00122944199755755,5.02502165183574e-15,2.26994036198086e-23,0.000530756389862613,-5.57820949083377,-1.30442085872246,-0.861932121161872,-1.74610983831137,-2.05703841155278,-17.2812208114329,-8.60420562272398,-34.8273573818206,-54.0427143296388,-9.44421816781437,1.90301074966879,3.65830737361314
0.0213579822872229,1.5333561582796,2.38678587363585,0.985870689986474,0.722412732123028,1.76606622026667e-07,0.0010360645154837,4.23464192157677e-15,1.91290411909204e-23,0.000447274343153505,-5.57820949083377,-1.30442085872246,-0.861932121161872,-1.74610983831137,-2.05703841155278,-17.2812208114329,-8.60420562272398,-34.8273573818206,-54.0427143296388,-9.44421816781437,1.73187975927313,2.44423514859269
0.0394570970497433,2.83274805341767,4.40938851744181,1.82131415646715,1.33459747732822,3.26266055061872e-07,0.00191404307707903,7.82314897650816e-15,3.53393136387337e-23,0.000826302172571133,-5.57820949083377,-1.30442085872246,-0.861932121161872,-1.74610983831137,-2.05703841155278,-17.2812208114329,-8.60420562272398,-34.8273573818206,-54.0427143296388,-9.44421816781437,2.34566814283023,0.926604690427347
0.0138003196280351,0.990767985631936,1.54220597699243,0.637013855089861,0.466782230296352,1.14113205995757e-07,0.000669446264944883,2.73618599557491e-15,1.23601040146231e-23,0.000289003371850834,-5.57820949083377,-1.30442085872246,-0.861932121161872,-1.74610983831137,-2.05703841155278,-17.2812208114329,-8.60420562272398,-34.8273573818206,-54.0427143296388,-9.44421816781437,1.29514596519839,1.16449134049066
0.00877707767061301,0.630133779349752,0.980851314244053,0.405144245501538,0.296876014541729,7.2576614112091e-08,0.000425771432988152,1.74022904191416e-15,7.86109277735973e-24,0.000183807702297762,-5.57820949083377,-1.30442085872246,-0.861932121161872,-1.74610983831137,-2.05703841155278,-17.2812208114329,-8.60420562272398,-34.8273573818206,-54.0427143296388,-9.44421816781437,0.842597724757431,0.600055049746717
0.0365471604620256,3.72156497376372,8.6643964005752,1.62672192158348,1.16870887909247,6.54078367351234e-07,0.00162849275090669,1.39101771970318e-14,1.29950700732467e-22,0.000661499024864185,-6.03177724772968,-1.4084811910969,-0.563403201530206,-2.23605856398131,-2.5667258454503,-16.9626641277017,-9.14272584743868,-34.6287811130211,-53.1175125412483,-10.0436275113265,2.72262546278791,1.44827075891107
0.0359486672467207,3.66062093983725,8.52250897635671,1.60008286068387,1.14957020112239,6.43367235208856e-07,0.00160182469105555,1.36823853092116e-14,1.27822639024545e-22,0.000650666372660648,-6.03177724772968,-1.4084811910969,-0.563403201530206,-2.23605856398131,-2.5667258454503,-16.9626641277017,-9.14272584743868,-34.6287811130211,-53.1175125412483,-10.0436275113265,2.70611397981351,0.384806991590919
0.0409888744081285,4.17386077010802,9.71741310120197,1.82442355843257,1.31074646728193,7.33570972778868e-07,0.00182640960330746,1.56007333789004e-14,1.45744098426085e-22,0.000741893490724966,-6.03177724772968,-1.4084811910969,-0.563403201530206,-2.23605856398131,-2.5667258454503,-16.9626641277017,-9.14272584743868,-34.6287811130211,-53.1175125412483,-10.0436275113265,2.83732264272888,0.667542751077297
0.0312131269081418,3.17840506223953,7.39983355792045,1.38930294832069,0.998136602149683,5.58616068386964e-07,0.00139081532629204,1.18799961659628e-14,1.10984483130475e-22,0.00056495368591362,-6.03177724772968,-1.4084811910969,-0.563403201530206,-2.23605856398131,-2.5667258454503,-16.9626641277017,-9.14272584743868,-34.6287811130211,-53.1175125412483,-10.0436275113265,2.56486070931447,1.60874739561829
0.00494078451288927,0.503115710047802,1.17133355938764,0.219915374418439,0.157996918417126,8.84243871964481e-08,0.000220154771569531,1.88050691757712e-15,1.75679423928218e-23,8.94275805841683e-05,-6.03177724772968,-1.4084811910969,-0.563403201530206,-2.23605856398131,-2.5667258454503,-16.9626641277017,-9.14272584743868,-34.6287811130211,-53.1175125412483,-10.0436275113265,0.721546095615857,0.86934342391186
0.00789758504001192,0.804204088379669,1.87231529149894,0.351523197691542,0.252549791638129,1.41341747585449e-07,0.000351905861487981,3.00589172856098e-15,2.80814349752336e-23,0.000142945299626715,-6.03177724772968,-1.4084811910969,-0.563403201530206,-2.23605856398131,-2.5667258454503,-16.9626641277017,-9.14272584743868,-34.6287811130211,-53.1175125412483,-10.0436275113265,1.19057899034973,0.844690785019472
0.00646478336254155,0.658303162840894,1.53263468320896,0.287748888865432,0.206731511332108,1.15699137596318e-07,0.000288062128739663,2.46055455407579e-15,2.29868235295264e-23,0.000117011768800011,-6.03177724772968,-1.4084811910969,-0.563403201530206,-2.23605856398131,-2.5667258454503,-16.9626641277017,-9.14272584743868,-34.6287811130211,-53.1175125412483,-10.0436275113265,0.990391471135604,1.08393115469162
0.00252985202053493,0.257612590127511,0.599763168016471,0.112604254014276,0.0808998696974374,4.52763349686509e-08,0.000112726833609646,9.62884378513477e-16,8.99539221821505e-24,4.57900045715835e-05,-6.03177724772968,-1.4084811910969,-0.563403201530206,-2.23605856398131,-2.5667258454503,-16.9626641277017,-9.14272584743868,-34.6287811130211,-53.1175125412483,-10.0436275113265,0.0521827798692324,0.971783746583425
0.0223810326499602,2.27904072802864,5.30597004752155,0.996184545641936,0.715702978031507,4.00549566922751e-07,0.000997268979792206,8.51842184393457e-15,7.95802146927546e-23,0.000405093886535601,-6.03177724772968,-1.4084811910969,-0.563403201530206,-2.23605856398131,-2.5667258454503,-16.9626641277017,-9.14272584743868,-34.6287811130211,-53.1175125412483,-10.0436275113265,2.23223581220938,0.596971232782192
0.0393424035631512,4.00620210252542,9.32707700169305,1.75113878930377,1.25809545222726,7.04104361732761e-07,0.00175304505728724,1.49740718020815e-14,1.39889743742013e-22,0.000712092574739947,-6.03177724772968,-1.4084811910969,-0.563403201530206,-2.23605856398131,-2.5667258454503,-16.9626641277017,-9.14272584743868,-34.6287811130211,-53.1175125412483,-10.0436275113265,2.79632487702439,1.03754341853244
0.119347234841619,12.1530231976196,28.2941749484144,5.31217092498771,3.81649822561355,2.13593733483621e-06,0.00531795368842078,4.54246284426844e-14,4.24362839741424e-22,0.00216016999596997,-6.03177724772968,-1.4084811910969,-0.563403201530206,-2.23605856398131,-2.5667258454503,-16.9626641277017,-9.14272584743868,-34.6287811130211,-53.1175125412483,-10.0436275113265,3.90605915278153,0.906870304971185
0.00329841483037166,0.335874660205371,0.781969740537598,0.146813148907062,0.105477050759965,5.90311739632487e-08,0.000146972967881447,1.25540627998885e-15,1.1728170207875e-23,5.97008951257795e-05,-6.03177724772968,-1.4084811910969,-0.563403201530206,-2.23605856398131,-2.5667258454503,-16.9626641277017,-9.14272584743868,-34.6287811130211,-53.1175125412483,-10.0436275113265,0.317463967380002,0.310830728495295
0.0044919462624167,0.457410908615152,1.06492549723803,0.199937487981884,0.143643922398498,8.03916047213523e-08,0.000200155137453395,1.70967505217498e-15,1.59720086888874e-23,8.1303664491758e-05,-6.03177724772968,-1.4084811910969,-0.563403201530206,-2.23605856398131,-2.5667258454503,-16.9626641277017,-9.14272584743868,-34.6287811130211,-53.1175125412483,-10.0436275113265,0.626308042599538,0.432533386765321
0.335856621442579,9.39642896081108,13.6595619724116,1.97137902902097,1.50592622990166,1.45502085940912e-06,0.00460413305912548,3.20260111261284e-14,2.25020002083766e-22,0.00125046835839069,-4.38226774848298,-1.05086709718481,-0.676757029308073,-2.61246350390994,-2.88178867244637,-16.7316871375752,-8.67199770426964,-34.3634247910965,-53.1370497519491,-9.97543392762817,3.29119681649526,0.846171032629468
0.28111447190661,7.86488041766355,11.433154224731,1.65005880274343,1.26047137326275,1.21786320230648e-06,0.00385369336458089,2.68060077729806e-14,1.88343403153708e-22,0.00104665124866393,-4.38226774848298,-1.05086709718481,-0.676757029308073,-2.61246350390994,-2.88178867244637,-16.7316871375752,-8.67199770426964,-34.3634247910965,-53.1370497519491,-9.97543392762817,3.11327442921373,1.19177939976269
0.026942742619165,0.753790608453685,1.09578325695193,0.15814593011623,0.120806856930247,1.16723178933301e-07,0.000369348001726429,2.56915755057493e-15,1.80513219428766e-23,0.000100313779698074,-4.38226774848298,-1.05086709718481,-0.676757029308073,-2.61246350390994,-2.88178867244637,-16.7316871375752,-8.67199770426964,-34.3634247910965,-53.1370497519491,-9.97543392762817,0.768226440021616,1.12057881310867
0.0634160264534788,1.77422194324344,2.57918137705523,0.3722333182453,0.284347103898794,2.74735215623633e-07,0.000869346635533747,6.04711129424966e-15,4.24879948574888e-23,0.000236111868672806,-4.38226774848298,-1.05086709718481,-0.676757029308073,-2.61246350390994,-2.88178867244637,-16.7316871375752,-8.67199770426964,-34.3634247910965,-53.1370497519491,-9.97543392762817,1.62422908217764,1.27135296848958
0.0474322480300363,1.32703576648706,1.92910810772225,0.278413266542435,0.212678452325362,2.0548920547088e-07,0.000650230983345571,4.52295892402685e-15,3.17790505505375e-23,0.000176600732402235,-4.38226774848298,-1.05086709718481,-0.676757029308073,-2.61246350390994,-2.88178867244637,-16.7316871375752,-8.67199770426964,-34.3634247910965,-53.1370497519491,-9.97543392762817,1.33381480506318,1.84044922464235
0.0269852849428786,0.753186466182128,1.37130129863579,0.175196467124143,0.231958803591762,7.31239293385034e-08,0.000868948827200849,2.70396417862914e-15,1.26014587914912e-23,9.59727796853124e-05,-4.55231194828568,-1.22329083541042,-0.624088242590687,-2.68169565012432,-2.40104387843316,-17.3709585576509,-7.98807470605299,-34.4839058689907,-53.6680780321235,-10.1912943362722,0.939848384624626,2.30266540210204
0.0377877777571588,1.05469491443339,1.9202476023744,0.245329451867567,0.324814347430305,1.02396205799663e-07,0.00121679816367011,3.78638942155474e-15,1.76459550172186e-23,0.000134391690773768,-4.55231194828568,-1.22329083541042,-0.624088242590687,-2.68169565012432,-2.40104387843316,-17.3709585576509,-7.98807470605299,-34.4839058689907,-53.6680780321235,-10.1912943362722,1.27654237988581,1.01297765889373
0.00740276248397688,0.160134798227868,0.290345679339286,0.0727629071019322,0.0389069904194073,2.33460323641465e-08,0.000228163947400419,8.89187202228022e-16,3.17872453921246e-24,2.26798893255882e-05,-4.34343921119825,-1.26927650092815,-0.674220239554606,-2.05808614286784,-2.6841185136133,-17.010375958844,-7.82298329127876,-34.0937610557719,-53.5430993752298,-10.1315691303502,-0.562462828590573,2.67991254722379
0.00757701637294928,0.163904216929523,0.297180136595034,0.0744756757559168,0.0398228234484242,2.38955754489522e-08,0.00023353470666007,9.10117811355101e-16,3.25354864901319e-24,2.32137520457553e-05,-4.34343921119825,-1.26927650092815,-0.674220239554606,-2.05808614286784,-2.6841185136133,-17.010375958844,-7.82298329127876,-34.0937610557719,-53.5430993752298,-10.1315691303502,-0.539196563962063,1.61762752504347
0.0670747873830195,1.45094585528114,2.63075774096681,0.659288547187128,0.352527602465094,2.1153321620836e-07,0.00206734287280982,8.05672783129818e-15,2.88017173424591e-23,0.000205497442026128,-4.34343921119825,-1.26927650092815,-0.674220239554606,-2.05808614286784,-2.6841185136133,-17.010375958844,-7.82298329127876,-34.0937610557719,-53.5430993752298,-10.1315691303502,1.64149215868334,1.34749379101098
0.115851337787874,2.50606859820841,4.54383555398296,1.13872086904578,0.608884439983663,3.65359429980305e-07,0.00357070736748809,1.3915552085447e-14,4.97462252941382e-23,0.00035493446195761,-4.34343921119825,-1.26927650092815,-0.674220239554606,-2.05808614286784,-2.6841185136133,-17.010375958844,-7.82298329127876,-34.0937610557719,-53.5430993752298,-10.1315691303502,2.18799173061414,1.65538977205978
0.174746543193942,2.21135617761879,5.52241536861328,1.40353823704341,0.497456870063304,7.16732996572777e-07,0.00636776432630841,2.26794384402366e-14,4.76010635435495e-23,0.000286819589814716,-4.0284495523264,-1.49042489047433,-0.575215541463513,-1.94503451231346,-2.98227729230753,-16.4325933282441,-7.34053771301038,-33.7013485493142,-53.6832180003433,-10.440688019604,2.28403087282586,1.31021713383842
0.0277498762753915,0.183345054123638,0.71393737954657,0.158559846216624,0.0406069396801076,2.38545117220453e-08,0.000604502955550213,3.98274357979463e-15,1.04294409589399e-23,3.33826991003163e-05,-3.70216203837174,-1.81402350091145,-0.454598165232698,-1.95926131930357,-3.32145443992718,-17.6689306077946,-7.52874213970138,-33.2744436124719,-53.0350477046432,-10.4251109242215,0.117638141027661,1.41095710947352
0.195902507818962,1.29433931678015,5.04009897885203,1.11936612635536,0.286667992290865,1.684028650351e-07,0.00426753776489009,2.81165021255803e-14,7.36274864338034e-23,0.000235667878538154,-3.70216203837174,-1.81402350091145,-0.454598165232698,-1.95926131930357,-3.32145443992718,-17.6689306077946,-7.52874213970138,-33.2744436124719,-53.0350477046432,-10.4251109242215,2.07202388578426,0.741931143213794
0.070064960252352,0.462923286653709,1.80260241970729,0.400343742528273,0.102527434227858,6.02296528841295e-08,0.00152629421236789,1.00559284605201e-14,2.63330315058156e-23,8.42871320350379e-05,-3.70216203837174,-1.81402350091145,-0.454598165232698,-1.95926131930357,-3.32145443992718,-17.6689306077946,-7.52874213970138,-33.2744436124719,-53.0350477046432,-10.4251109242215,1.04382957471486,0.279171499471718
0.77727708259953,5.13551510514846,19.997464422024,4.44127870919484,1.13740484082226,6.68167493582314e-07,0.0169321941852958,1.11557085145999e-13,2.92129786859542e-22,0.00093505306865105,-3.70216203837174,-1.81402350091145,-0.454598165232698,-1.95926131930357,-3.32145443992718,-17.6689306077946,-7.52874213970138,-33.2744436124719,-53.0350477046432,-10.4251109242215,3.45020365185077,0.592741176810441
0.328128291596352,2.16796279684967,8.44194944628045,1.87489021350986,0.48015658203153,2.82067570339445e-07,0.00714794257463183,4.70939341759611e-14,1.23322879359889e-22,0.000394733580645751,-3.70216203837174,-1.81402350091145,-0.454598165232698,-1.95926131930357,-3.32145443992718,-17.6689306077946,-7.52874213970138,-33.2744436124719,-53.0350477046432,-10.4251109242215,2.58781142421692,0.770632737011788
0.42382256516006,2.80022045420791,10.9039322755975,2.42167713066555,0.62018789445144,3.64328844148525e-07,0.00923254542562872,6.08282568041649e-14,1.59288364983564e-22,0.000509852405259521,-3.70216203837174,-1.81402350091145,-0.454598165232698,-1.95926131930357,-3.32145443992718,-17.6689306077946,-7.52874213970138,-33.2744436124719,-53.0350477046432,-10.4251109242215,2.84372164863896,0.66165612530282
0.00757978195718304,0.0500800623178811,0.19500950614488,0.0433100691894715,0.0110916440011896,6.51577671027362e-09,0.000165117874763522,1.08787252334472e-15,2.84876543662942e-24,9.11836787348263e-06,-3.70216203837174,-1.81402350091145,-0.454598165232698,-1.95926131930357,-3.32145443992718,-17.6689306077946,-7.52874213970138,-33.2744436124719,-53.0350477046432,-10.4251109242215,-1.18010880691298,0.202756593223504
0.0279094559575164,0.184399406408522,0.71804297983662,0.159471667574164,0.0408404557672392,2.39916905461982e-08,0.000607979237337306,4.00564692351195e-15,1.04894169695156e-23,3.35746711458141e-05,-3.70216203837174,-1.81402350091145,-0.454598165232698,-1.95926131930357,-3.32145443992718,-17.6689306077946,-7.52874213970138,-33.2744436124719,-53.0350477046432,-10.4251109242215,0.123372314003902,0.184121637890129
0.19321017182405,1.27655089553433,4.97083166803627,1.10398240438557,0.282728244082296,1.66088463345055e-07,0.00420888795146005,2.7730090172173e-14,7.26156059114581e-23,0.00023242903734466,-3.70216203837174,-1.81402350091145,-0.454598165232698,-1.95926131930357,-3.32145443992718,-17.6689306077946,-7.52874213970138,-33.2744436124719,-53.0350477046432,-10.4251109242215,2.05818532897491,0.311803983783609
0.204686679019855,1.05192858272075,3.74216591726509,1.28755267037217,0.607718959250086,1.09492604029223e-07,0.00359520524814412,3.58053513332187e-14,7.10383723181539e-23,0.000165769818677259,-3.5174793983846,-1.88057930946512,-0.611539968265374,-1.6784612725827,-2.42924727628506,-17.9586133674117,-7.55935873109873,-32.8918835684219,-52.9300265799524,-10.6361149006779,1.93120453432862,0.515608107838594
0.202557253828175,1.04098501162652,3.70323489149521,1.27415782169401,0.601396652065828,1.08353515201171e-07,0.00355780310423656,3.54328560761211e-14,7.02993359513783e-23,0.000164045258829975,-3.5174793983846,-1.88057930946512,-0.611539968265374,-1.6784612725827,-2.42924727628506,-17.9586133674117,-7.55935873109873,-32.8918835684219,-52.9300265799524,-10.6361149006779,1.92074670094101,0.513731203358881
0.0270459778091457,0.138995059382011,0.494465672319961,0.170128906862639,0.080300064297201,1.44676466149157e-08,0.000475047237202953,4.73108822833047e-15,9.38655241520749e-24,2.19037548454062e-05,-3.5174793983846,-1.88057930946512,-0.611539968265374,-1.6784612725827,-2.42924727628506,-17.9586133674117,-7.55935873109873,-32.8918835684219,-52.9300265799524,-10.6361149006779,-0.0927375810323385,0.386395401986192
0.0295174787338829,0.151696630766144,0.539650667109698,0.185675534668174,0.0876380013674547,1.57897212775461e-08,0.000518457747051258,5.16342197547191e-15,1.02443092742121e-23,2.39053519308454e-05,-3.5174793983846,-1.88057930946512,-0.611539968265374,-1.6784612725827,-2.42924727628506,-17.9586133674117,-7.55935873109873,-32.8918835684219,-52.9300265799524,-10.6361149006779,-0.00529329325660743,0.448870708427778
0.0546149177238629,0.257753573913514,0.484091313488521,0.265441318187018,0.175313224809367,1.41842616390311e-08,0.00141629811431089,5.28307046802881e-15,2.12575057804477e-23,1.71118629696479e-05,-3.12146849352254,-1.56977156872705,-0.939502004187567,-1.5403817648669,-1.95520132724837,-18.2851531006361,-6.77372905152376,-33.0882892165383,-52.4193524640139,-11.1897588724273,0.214020278359686,1.24924948587981
0.0563255057538602,0.265826646191216,0.499253486037531,0.273755177485556,0.18080419167991,1.46285253893997e-08,0.00146065783693279,5.44854095632901e-15,2.19233098583644e-23,1.76478218099565e-05,-3.12146849352254,-1.56977156872705,-0.939502004187567,-1.5403817648669,-1.95520132724837,-18.2851531006361,-6.77372905152376,-33.0882892165383,-52.4193524640139,-11.1897588724273,0.244860680025861,0.674537553373496
0.00250043173187629,0.0270559787009072,0.0347510759004083,0.00924475391870394,0.0119449164134775,6.08823734029256e-10,7.66585626013192e-05,3.0709355399889e-16,1.61507056151379e-24,6.86810630149556e-07,-3.53292396279338,-1.15147936757499,-0.901176839814029,-2.22533112579489,-1.96908158937103,-18.7611244187308,-7.0177813420228,-33.2610113301018,-52.3242956783233,-11.7328393237742,-2.45836790647377,0.609469371608597
0.00352728818198132,0.0381671023875688,0.0490223579280311,0.0130413123570067,0.016850355065842,8.58850387544745e-10,0.000108140061759817,4.33208173602126e-16,2.27833427006572e-24,9.68864291754847e-07,-3.53292396279338,-1.15147936757499,-0.901176839814029,-2.22533112579489,-1.96908158937103,-18.7611244187308,-7.0177813420228,-33.2610113301018,-52.3242956783233,-11.7328393237742,-2.11430196087795,0.677621299063729
0.00895099965676458,0.16846595178573,0.221069640022944,0.0265055854361008,0.0471629148528752,5.11434648251447e-09,0.000838768699201998,1.96674728420548e-15,8.82469332614925e-24,4.03682016554359e-06,-3.96732573424194,-1.03235729096401,-0.760613188678703,-2.88173547182803,-2.30548307228859,-18.3425518854123,-6.33491125059891,-33.1137310163409,-52.3358240550221,-11.6713889384467,-0.748664325197435,0.6259183154703
0.00804745411690906,0.0449593737468672,0.0781092100033662,0.00985880150244934,0.0094656685862963,1.82362493548152e-09,0.000294124087219988,7.62198330174286e-16,3.36380569702195e-24,1.86509256340933e-06,-2.93017748981327,-1.20977399608363,-0.657425296782049,-2.72716866270349,-2.76786185253856,-18.2302175873879,-6.23928680776821,-32.918102869725,-52.1567472443927,-11.2999778677174,-1.89222200652781,0.245882331473045
0.0747380737791211,0.450114862027598,1.3233047700557,0.149577146495524,0.117747119907308,6.49602272862839e-08,0.00271895290939723,1.42973829108757e-14,9.20260206173679e-23,2.88405817359546e-05,-3.34434638192422,-1.54883323421635,-0.470448532921057,-2.65052374355705,-2.88979676014899,-17.3000713966122,-6.65808918694902,-32.6292806419976,-51.4905516163786,-11.2043078289797,0.750580754378323,0.615501104664839
0.00523435242940562,0.0315242245676383,0.0926789143436575,0.0104757784159154,0.00824653208167793,4.54955160492364e-09,0.00019042446569875,1.00133087714914e-15,6.44513030949454e-24,2.01987770679258e-06,-3.34434638192422,-1.54883323421635,-0.470448532921057,-2.65052374355705,-2.88979676014899,-17.3000713966122,-6.65808918694902,-32.6292806419976,-51.4905516163786,-11.2043078289797,-1.90816576059597,0.38394337811271
0.0633529637600822,0.381547303803742,1.12172116435122,0.126791540939,0.0998102927082083,5.5064610539432e-08,0.00230476538161108,1.2119412979436e-14,7.80073776906116e-23,2.44471958822151e-05,-3.34434638192422,-1.54883323421635,-0.470448532921057,-2.65052374355705,-2.88979676014899,-17.3000713966122,-6.65808918694902,-32.6292806419976,-51.4905516163786,-11.2043078289797,0.58531279251517,0.302356991009669
0.0784482494056234,0.47245963365172,1.38899676418984,0.157002511575839,0.123592366811343,6.81850073720259e-08,0.00285392819446902,1.5007138981864e-14,9.65944110164522e-23,3.02722967641893e-05,-3.34434638192422,-1.54883323421635,-0.470448532921057,-2.65052374355705,-2.88979676014899,-17.3000713966122,-6.65808918694902,-32.6292806419976,-51.4905516163786,-11.2043078289797,0.799030267093604,0.394737132565057
0.111395833698068,0.670888581683821,1.97236335703057,0.222942204602305,0.175500088835381,9.68221190334336e-08,0.00405255328125283,2.13100071827438e-14,1.37163225786148e-22,4.29863988240951e-05,-3.34434638192422,-1.54883323421635,-0.470448532921057,-2.65052374355705,-2.88979676014899,-17.3000713966122,-6.65808918694902,-32.6292806419976,-51.4905516163786,-11.2043078289797,1.14968103025715,1.60539546957822
0.0501417165323283,0.301981716647893,0.887804158053473,0.100351193174426,0.0789964526827246,4.35817667992188e-08,0.0018241434272264,9.59210325904274e-15,6.17401868428051e-23,1.93491242269033e-05,-3.34434638192422,-1.54883323421635,-0.470448532921057,-2.65052374355705,-2.88979676014899,-17.3000713966122,-6.65808918694902,-32.6292806419976,-51.4905516163786,-11.2043078289797,0.351444429875391,1.51663206026045
0.0424913169016488,0.16101821566125,0.741983331951821,0.0851004501819171,0.0403898976550607,1.5379065844322e-08,0.000946050540066115,4.97901920114115e-15,7.2156780710063e-23,1.06509053734071e-05,-3.22792555698433,-1.8957078045068,-0.367898524606159,-2.53339297824482,-3.27864560819011,-18.0597286379164,-7.03268459018472,-33.0030134956952,-51.05267099518,-11.5193356826969,0.0694700248622987,1.01762266236161
0.148538617053074,0.531534442108355,2.11039315556019,0.234617831553737,0.192339272064874,4.5709502711358e-08,0.00507611625423376,1.37117275565863e-14,9.4834187412108e-23,1.52426129885592e-05,-3.07707233165846,-1.80214930619867,-0.423287764827894,-2.61995936193133,-2.81865644893984,-18.0711216484789,-6.45337085127497,-33.0906869268378,-51.8800742855043,-12.2615775910685,1.17016202460804,1.34226619515082
0.842601028014995,6.07358140622538,16.3196367062888,1.64202169365919,1.72981127600561,1.77690687917889e-07,0.0345337630797706,2.5502865885431e-13,1.31206414636073e-21,0.000127233096566493,-3.45376238627647,-1.47855222830995,-0.490131588245414,-2.78657245421747,-2.73448836334458,-18.8257221834368,-6.64831847039693,-32.2799011452929,-51.3651860483945,-12.2519904246593,3.28250067688953,1.903092841136
0.0526152077235789,0.37925748567794,1.01906008505302,0.102534069655756,0.108015984533079,1.10956812827185e-08,0.00215641929870355,1.59249578566221e-14,8.19302674838433e-23,7.94491768059064e-06,-3.45376238627647,-1.47855222830995,-0.490131588245414,-2.78657245421747,-2.73448836334458,-18.8257221834368,-6.64831847039693,-32.2799011452929,-51.3651860483945,-12.2519904246593,0.509012305470932,2.32296906365923
0.0785579144689044,0.566256001080609,1.52152273960127,0.153090009954591,0.161274864081197,1.65665711282824e-08,0.00321967374369468,2.37769939785068e-14,1.22327198235613e-22,1.18622769084807e-05,-3.45376238627647,-1.47855222830995,-0.490131588245414,-2.78657245421747,-2.73448836334458,-18.8257221834368,-6.64831847039693,-32.2799011452929,-51.3651860483945,-12.2519904246593,0.909843224003752,10.0393159674515
0.0961207552626744,0.559321243840512,1.58663943857849,0.307093507784245,0.114472592098028,3.68293535201727e-08,0.00672014386631684,1.32745774893284e-14,2.13680498981118e-22,1.78472534344936e-05,-3.32437287919282,-1.56325416351354,-0.520604649677536,-2.16282586070102,-3.14964272351013,-18.0991935282663,-5.98486858454388,-32.9351485243808,-50.8797831964245,-11.9158837993395,0.982222868545736,4.09112755398064
0.138923490381739,0.422485095113932,1.17409580586152,0.183694980438086,0.0458790436286277,2.15636921181169e-08,0.00617412344179413,1.34292405423948e-14,2.10867335118025e-22,1.74391137950242e-05,-2.65250993115986,-1.54027911550249,-0.518179680426529,-2.37315661677191,-3.76042483685711,-18.3309328619042,-5.76606636414869,-32.6200199401707,-50.5894910444981,-11.6354729601385,0.678678004858459,3.74699163070344
0.106635783116992,0.947318687443208,1.69618059266231,0.0894614589423403,0.0594252064416004,2.88533402880613e-08,0.00907089556840692,2.35116746778212e-14,2.17407820238826e-22,1.77681127492288e-05,-3.30583967751442,-1.12162324969289,-0.539124517233352,-3.48145090324694,-3.89054032221311,-18.428543599936,-5.77018781056052,-32.4487828327782,-50.9477708166141,-12.005608656215,1.0675035304569,4.04087097165433
0.106046982150819,0.94208796523968,1.68681494876144,0.0889674878575803,0.0590970837613414,2.8694023460798e-08,0.00902080964116357,2.33818524327736e-14,2.16207379534322e-22,1.76700042002218e-05,-3.30583967751442,-1.12162324969289,-0.539124517233352,-3.48145090324694,-3.89054032221311,-18.428543599936,-5.77018781056052,-32.4487828327782,-50.9477708166141,-12.005608656215,1.06196662228582,0.986884848937539
0.0607604901158037,0.53977704352543,0.966474490293809,0.0509746534692561,0.0338601599114536,1.64404766030298e-08,0.00516854703379442,1.33968245471637e-14,1.23877795300915e-22,1.01241741516687e-05,-3.30583967751442,-1.12162324969289,-0.539124517233352,-3.48145090324694,-3.89054032221311,-18.428543599936,-5.77018781056052,-32.4487828327782,-50.9477708166141,-12.005608656215,0.50502414264937,0.82183016778128
0.0714128318308508,0.634409089886676,1.13591381690003,0.0599113724872516,0.0397964187075151,1.93227702514176e-08,0.00607468075768864,1.57455145050777e-14,1.45595668279507e-22,1.18991131365366e-05,-3.30583967751442,-1.12162324969289,-0.539124517233352,-3.48145090324694,-3.89054032221311,-18.428543599936,-5.77018781056052,-32.4487828327782,-50.9477708166141,-12.005608656215,0.666561969249482,2.55377618980203
0.557321448693698,4.95106809204209,8.8649213004941,0.467561529934991,0.310580005837434,1.50799149581452e-07,0.0474081449149898,1.22881458827775e-13,1.13626062275838e-21,9.28632964329511e-05,-3.30583967751442,-1.12162324969289,-0.539124517233352,-3.48145090324694,-3.89054032221311,-18.428543599936,-5.77018781056052,-32.4487828327782,-50.9477708166141,-12.005608656215,2.72122657916728,1.84683550174288
0.95668753022322,8.49891048701763,15.2173573876824,0.802607339712735,0.533135804153534,2.58858987593226e-07,0.0813799310568305,2.10936004045271e-13,1.95048364175564e-21,0.000159407390332923,-3.30583967751442,-1.12162324969289,-0.539124517233352,-3.48145090324694,-3.89054032221311,-18.428543599936,-5.77018781056052,-32.4487828327782,-50.9477708166141,-12.005608656215,3.26156122697574,4.21916230222851
0.635803780182311,5.64828038870339,10.1132846889059,0.53340381730737,0.354316063419645,1.72034773786105e-07,0.0540841875349164,1.40185697536209e-13,1.29626950643189e-21,0.000105940360003461,-3.30583967751442,-1.12162324969289,-0.539124517233352,-3.48145090324694,-3.89054032221311,-18.428543599936,-5.77018781056052,-32.4487828327782,-50.9477708166141,-12.005608656215,2.85297439254386,3.12129808125525
1.05859811762762,3.88443713618146,12.2494026411918,1.77901694866854,0.18417718129695,3.22944181166872e-07,0.0801774048244552,5.45354019098213e-14,9.57103253859646e-22,0.000186299040591381,-2.89983781589492,-1.59980522613203,-0.451306146346167,-2.38072238244905,-4.64864036103653,-17.9025696605462,-5.48029685732401,-33.4967096459614,-51.3549142711175,-11.5449407483383,2.95678331816356,1.81745063985486
0.101099966840467,0.370977861307677,1.16986246264577,0.169902582976525,0.0175895900548374,3.08423427773162e-08,0.00765723349978464,5.20832904659857e-15,9.1406838550748e-23,1.77922353276137e-05,-2.89983781589492,-1.59980522613203,-0.451306146346167,-2.38072238244905,-4.64864036103653,-17.9025696605462,-5.48029685732401,-33.4967096459614,-51.3549142711175,-11.5449407483383,0.608192334951689,2.74977511087455
0.278933909969345,1.02352462221774,3.22764013708398,0.468759716393533,0.0485295226307616,8.50937496059403e-08,0.0211262391709139,1.4369733549637e-14,2.5219065516737e-22,4.90886191373064e-05,-2.89983781589492,-1.59980522613203,-0.451306146346167,-2.38072238244905,-4.64864036103653,-17.9025696605462,-5.48029685732401,-33.4967096459614,-51.3549142711175,-11.5449407483383,1.62305740884291,2.09671565992354
0.185439148151984,0.680453423814619,2.14578011553986,0.311637988029264,0.0322631025315635,5.6571509866685e-08,0.0140450180329093,9.55319899580699e-15,1.67659859897519e-22,3.26347976758355e-05,-2.89983781589492,-1.59980522613203,-0.451306146346167,-2.38072238244905,-4.64864036103653,-17.9025696605462,-5.48029685732401,-33.4967096459614,-51.3549142711175,-11.5449407483383,1.21480932283526,1.86254732947843
0.199066018025592,0.730456081580136,2.30346131017019,0.334538493951925,0.0346339347118114,6.07286288525584e-08,0.0150771066453423,1.02552093366108e-14,1.79980230847338e-22,3.50329436213488e-05,-2.89983781589492,-1.59980522613203,-0.451306146346167,-2.38072238244905,-4.64864036103653,-17.9025696605462,-5.48029685732401,-33.4967096459614,-51.3549142711175,-11.5449407483383,1.2857190554931,4.97590963649523
0.285047848324816,1.04595920697739,3.2983866190515,0.479034437060781,0.0495932387985719,8.69589152273729e-08,0.0215893041456533,1.46847030171954e-14,2.57718409464754e-22,5.01645901133476e-05,-2.89983781589492,-1.59980522613203,-0.451306146346167,-2.38072238244905,-4.64864036103653,-17.9025696605462,-5.48029685732401,-33.4967096459614,-51.3549142711175,-11.5449407483383,1.64473959194868,5.22110172526527
0.373058810238718,1.3689080608971,4.31679170722416,0.626940417910569,0.0649055755754993,1.13808224285933e-07,0.0282551865091838,1.92187307095939e-14,3.37291173311989e-22,6.56533364969418e-05,-2.89983781589492,-1.59980522613203,-0.451306146346167,-2.38072238244905,-4.64864036103653,-17.9025696605462,-5.48029685732401,-33.4967096459614,-51.3549142711175,-11.5449407483383,1.91381861232859,3.28104655849422
0.335213272393235,1.48685115219497,4.50870635258886,0.722799271227459,0.0957080993160291,1.44329440574905e-07,0.0399841416287211,3.02467204333785e-14,2.80287054527788e-22,3.58848271686925e-05,-3.06558189137694,-1.57593301259446,-0.466583303076618,-2.2972173041917,-4.31904592741701,-17.7237609442525,-5.191865938425,-33.1019822074008,-51.598821534763,-12.2077895690128,1.97259357566407,3.99500066730401
0.253194174889329,1.1230523420971,3.40552799897147,0.545946655937774,0.0722904945366268,1.09015294524892e-07,0.030200927535071,2.28460328213186e-14,2.11707158838487e-22,2.71046225024312e-05,-3.06558189137694,-1.57593301259446,-0.466583303076618,-2.2972173041917,-4.31904592741701,-17.7237609442525,-5.191865938425,-33.1019822074008,-51.598821534763,-12.2077895690128,1.69198329643387,5.11930567662244
0.184608590377236,0.818838387119373,2.48303391519624,0.398059878817877,0.0527083464693185,7.94850823902102e-08,0.0220200589637242,1.66574681929362e-14,1.54359633996421e-22,1.97624852746635e-05,-3.06558189137694,-1.57593301259446,-0.466583303076618,-2.2972173041917,-4.31904592741701,-17.7237609442525,-5.191865938425,-33.1019822074008,-51.598821534763,-12.2077895690128,1.37606446846879,5.69916852523557
0.122190647041848,0.541981237928118,1.64349622140928,0.263471997997302,0.0348871466188612,5.26104100984025e-08,0.0145748648379739,1.10254176818895e-14,1.02169154298961e-22,1.30805985676596e-05,-3.06558189137694,-1.57593301259446,-0.466583303076618,-2.2972173041917,-4.31904592741701,-17.7237609442525,-5.191865938425,-33.1019822074008,-51.598821534763,-12.2077895690128,0.963409118084025,1.57948200796366
0.067496000282098,0.308937674678031,1.17619073707119,0.35914990635706,0.0612647263245993,8.47671948117124e-08,0.00764275815789611,5.18049291424147e-15,7.20591357270033e-23,6.65270711763871e-06,-3.37913146984466,-1.85806025440502,-0.52116350419343,-1.70745994310159,-3.47599556057187,-16.9668017545365,-5.557441257428,-33.5773207178823,-51.6679996523112,-12.6039312326794,0.683444531905331,1.87686996277611
0.0618679181991965,0.476316302378274,1.13205900249584,0.413889386153621,0.0514149751762973,9.11778434306655e-08,0.0190621395737893,6.54167053074254e-15,2.03827762618933e-22,1.09099793409733e-05,-3.55036822843866,-1.5092878550877,-0.643576609679959,-1.6497712345092,-3.73544051356039,-16.97806862467,-4.72766584284653,-33.4281985396725,-50.712381605972,-12.1934473621562,0.767614710448776,0.498666614299077
0.021814916351164,0.167951348542591,0.399169281315007,0.145939326881911,0.018129159915432,3.21497326144931e-08,0.00672139927090397,2.30662352280146e-15,7.18706192320965e-23,3.84690957193627e-06,-3.55036822843866,-1.5092878550877,-0.643576609679959,-1.6497712345092,-3.73544051356039,-16.97806862467,-4.72766584284653,-33.4281985396725,-50.712381605972,-12.1934473621562,-0.274793078439431,0.318523433245238
0.027244136347168,0.209750492082036,0.498513134347492,0.182260195546088,0.0226410817554792,4.01510454944976e-08,0.00839419758629938,2.8806879084565e-15,8.97575272898151e-23,4.80431495614996e-06,-3.55036822843866,-1.5092878550877,-0.643576609679959,-1.6497712345092,-3.73544051356039,-16.97806862467,-4.72766584284653,-33.4281985396725,-50.712381605972,-12.1934473621562,-0.0525487325091818,0.352363396001236
0.00423736801671589,0.0326231676171752,0.0775353486885788,0.0283475135157902,0.00352144015402014,6.24482104508971e-09,0.00130557650736013,4.48042641318767e-16,1.39602764628251e-23,7.47230533499212e-07,-3.55036822843866,-1.5092878550877,-0.643576609679959,-1.6497712345092,-3.73544051356039,-16.97806862467,-4.72766584284653,-33.4281985396725,-50.712381605972,-12.1934473621562,-1.91344472481969,0.348449919211367
0.00639810758388033,0.0797975816574009,0.225921716090595,0.0308855508054015,0.0169905448438251,1.48556377406971e-08,0.00113421437324117,1.05201598250772e-15,3.62656419212329e-23,2.39304861455231e-06,-4.03323608900345,-1.50974514667401,-0.469049795339363,-2.45894988256178,-3.05658134195521,-17.0063694645501,-5.76329811652715,-33.4695511548561,-50.6526545089942,-11.9244255005712,-1.01851693335668,0.43088364424783
0.00488812446128721,0.0605560120073691,0.148289155462059,0.0343628196291227,0.0193364049366771,1.35960488346829e-08,0.000684478425896103,1.7091913094414e-16,1.88998729136887e-23,4.40815583118435e-06,-4.00463124104279,-1.48787117017306,-0.592275804415261,-2.05446477007576,-2.62945033991418,-16.797171259503,-5.97053807800645,-34.9890257939326,-51.0065716801835,-11.0157387810624,-1.31631535377409,0.691921489720744
0.0725403204390433,0.898658074342147,2.20062785635785,0.509948133855248,0.28695443852841,2.01766904051592e-07,0.0101577373369581,2.53645925467817e-15,2.80476253883096e-22,6.54175316262597e-05,-4.00463124104279,-1.48787117017306,-0.592275804415261,-2.05446477007576,-2.62945033991418,-16.797171259503,-5.97053807800645,-34.9890257939326,-51.0065716801835,-11.0157387810624,1.38101851331733,0.628326499608741
0.124001802982449,4.17497608915344,8.13718381357677,0.904364118671162,1.42488154076753,2.02066987042216e-06,0.0576702043560685,7.21252225774476e-15,1.74938686957243e-21,0.00013456818379014,-4.78365364943614,-1.26708584499683,-0.599750324829013,-2.79671768968023,-2.34210579515513,-15.8082759586381,-5.54920910395344,-35.2591521532198,-50.4912160627087,-11.6096340208312,2.69619447613437,1.02782638701782
0.00699381742761427,0.235472548220343,0.458944762078572,0.0510069803982336,0.0803646488391486,1.1396766672186e-07,0.0032526533532471,4.06792987279472e-16,9.86670522668685e-23,7.58977116749738e-06,-4.78365364943614,-1.26708584499683,-0.599750324829013,-2.79671768968023,-2.34210579515513,-15.8082759586381,-5.54920910395344,-35.2591521532198,-50.4912160627087,-11.6096340208312,-0.179075095389904,1.91909669389699
0.00798243754112558,0.268758075010225,0.523819492864376,0.0582171381229788,0.0917246977795107,1.30077713742293e-07,0.00371243637740834,4.64295736446463e-16,1.12614261129764e-22,8.66263309316188e-06,-4.78365364943614,-1.26708584499683,-0.599750324829013,-2.79671768968023,-2.34210579515513,-15.8082759586381,-5.54920910395344,-35.2591521532198,-50.4912160627087,-11.6096340208312,-0.0468578084451522,4.17864500606808
0.00848487819544586,0.285674584831479,0.556790400232526,0.061881514677191,0.0974981494266087,1.3826522930611e-07,0.00394610923146796,4.93520024443259e-16,1.19702570027432e-22,9.20788747405003e-06,-4.78365364943614,-1.26708584499683,-0.599750324829013,-2.79671768968023,-2.34210579515513,-15.8082759586381,-5.54920910395344,-35.2591521532198,-50.4912160627087,-11.6096340208312,0.0141839137567605,3.2454191890106
0.00574901442724665,0.193561683722858,0.377258927017635,0.0419284416893568,0.066060850229326,9.36829945884243e-08,0.00267372593697067,3.34389448534719e-16,8.11056783862345e-23,6.23889662449016e-06,-4.78365364943614,-1.26708584499683,-0.599750324829013,-2.79671768968023,-2.34210579515513,-15.8082759586381,-5.54920910395344,-35.2591521532198,-50.4912160627087,-11.6096340208312,-0.37507319338518,4.11865128322706
0.00604873573464634,0.250589578646769,0.630333448204293,0.0437787819802721,0.189955002011671,2.40829864874741e-07,0.00391558818316984,5.72049444802315e-16,1.64420788700701e-22,1.57848469403329e-05,-5.22536645783537,-1.50139928257121,-0.578966776332244,-3.24606646822673,-1.77842852596706,-15.3566355672147,-5.66025018204534,-35.2147667038657,-50.2770737648575,-11.1739205921065,0.117460459578873,5.40708368739583
0.00192438102114065,0.0797240696896917,0.200538059179305,0.0139280439528766,0.0604334222518925,7.66190558853891e-08,0.00124572868064556,1.81995237190831e-16,5.23098146682557e-23,5.02188576359795e-06,-5.22536645783537,-1.50139928257121,-0.578966776332244,-3.24606646822673,-1.77842852596706,-15.3566355672147,-5.66025018204534,-35.2147667038657,-50.2770737648575,-11.1739205921065,-1.0277844525739,4.62013037565488
0.00110000946203753,0.0455716565728855,0.114631021701265,0.00796151072346243,0.0345447889841418,4.37967770001979e-08,0.000712080051085417,1.04031624068406e-16,2.99011944414231e-23,2.87059672515112e-06,-5.22536645783537,-1.50139928257121,-0.578966776332244,-3.24606646822673,-1.77842852596706,-15.3566355672147,-5.66025018204534,-35.2147667038657,-50.2770737648575,-11.1739205921065,-1.58707003952714,1.92181609502582
0.00249699915916415,0.103446735752106,0.260210093349563,0.0180724677998123,0.0784159700655034,9.94177951351687e-08,0.00161640726755603,2.36149675789269e-16,6.7875104674045e-23,6.51619632046145e-06,-5.22536645783537,-1.50139928257121,-0.578966776332244,-3.24606646822673,-1.77842852596706,-15.3566355672147,-5.66025018204534,-35.2147667038657,-50.2770737648575,-11.1739205921065,-0.767299146587615,1.5122012513327
0.00261705156693259,0.108420317604245,0.2727206495176,0.0189413680818658,0.082186105902078,1.04197670866085e-07,0.00169412198511703,2.47503438992669e-16,7.11384496830924e-23,6.82948639702883e-06,-5.22536645783537,-1.50139928257121,-0.578966776332244,-3.24606646822673,-1.77842852596706,-15.3566355672147,-5.66025018204534,-35.2147667038657,-50.2770737648575,-11.1739205921065,-0.720340493195037,0.477647422726907
0.00327241153421541,0.135570847114519,0.341015137178266,0.0236846503783522,0.102767085029753,1.30290768546152e-07,0.00211836266220874,3.09483052894867e-16,8.89528835467351e-23,8.5397209366414e-06,-5.22536645783537,-1.50139928257121,-0.578966776332244,-3.24606646822673,-1.77842852596706,-15.3566355672147,-5.66025018204534,-35.2147667038657,-50.2770737648575,-11.1739205921065,-0.496861635799507,1.09364929406784
0.179232733051985,7.42532936229058,18.6776859846305,1.2972282288788,5.62863971266514,7.13613501657861e-06,0.116024505345103,1.69506471981429e-14,4.87202427452597e-21,0.000467727700801687,-5.22536645783537,-1.50139928257121,-0.578966776332244,-3.24606646822673,-1.77842852596706,-15.3566355672147,-5.66025018204534,-35.2147667038657,-50.2770737648575,-11.1739205921065,3.50629632483382,0.441837407359613
0.0100373411042755,0.415831206453156,1.04598251711035,0.0726470104072739,0.315213498042822,3.99635826045176e-07,0.0064975717145699,9.49265376747032e-16,2.72841733086468e-22,2.61935551443239e-05,-5.22536645783537,-1.50139928257121,-0.578966776332244,-3.24606646822673,-1.77842852596706,-15.3566355672147,-5.66025018204534,-35.2147667038657,-50.2770737648575,-11.1739205921065,0.62392342779165,1.47728939002361
0.00790662263699441,0.3275589018999,0.823942213557163,0.0572255631276146,0.248300237405497,3.14801463449001e-07,0.00511827256543365,7.47756107751087e-16,2.14923115666492e-22,2.06332089241498e-05,-5.22536645783537,-1.50139928257121,-0.578966776332244,-3.24606646822673,-1.77842852596706,-15.3566355672147,-5.66025018204534,-35.2147667038657,-50.2770737648575,-11.1739205921065,0.385311895622212,1.72057655763832
0.0328744868043954,1.36193812359102,3.42582145003772,0.237934843521,1.03239312825206,1.30889471159743e-06,0.0212809680743293,3.10905166792096e-15,8.93616333335399e-22,8.57896203791941e-05,-5.22536645783537,-1.50139928257121,-0.578966776332244,-3.24606646822673,-1.77842852596706,-15.3566355672147,-5.66025018204534,-35.2147667038657,-50.2770737648575,-11.1739205921065,1.81030805871663,2.70397657091828
0.0215013425841536,0.890766701484591,2.24063606126179,0.155619724611731,0.675229957631029,8.56074005598792e-07,0.0139186776606171,2.03345486186769e-15,5.84463904673662e-22,5.6110138811077e-05,-5.22536645783537,-1.50139928257121,-0.578966776332244,-3.24606646822673,-1.77842852596706,-15.3566355672147,-5.66025018204534,-35.2147667038657,-50.2770737648575,-11.1739205921065,1.38572655781178,1.02530359722643
0.00684116466171894,0.35628434786667,1.20197343791056,0.0743209538229319,0.0840808302140099,3.42079622865336e-07,0.015024284429552,1.06281290443164e-15,2.13677613461918e-22,1.37523112976641e-05,-5.53784246017495,-1.58507130749631,-0.369080432889019,-3.15240752107195,-3.02902184887971,-15.4412674820991,-4.75113259552973,-35.0309024886755,-50.4506190023795,-11.7473488241161,0.553045170513741,1.14652526848088
0.0869564944380383,1.25856593807223,4.87024733852511,0.681160602892925,0.517733115200381,2.06140362279975e-06,0.0330093888998528,6.70780467566934e-15,9.68001074088908e-22,0.000262783113111617,-4.45028452763699,-1.77796424990709,-0.424792454302182,-2.39189434503193,-2.66623256942098,-15.1000606152042,-5.41890042416998,-34.6434418477961,-50.3947462132903,-10.2521187092897,2.00793717830518,1.2530386038999
0.0732896307503316,1.0607584111154,4.10479552343995,0.574103284525437,0.436361528664113,1.73741491442071e-06,0.0278213368581476,5.65354584499099e-15,8.15861330937767e-22,0.00022148175880177,-4.45028452763699,-1.77796424990709,-0.424792454302182,-2.39189434503193,-2.66623256942098,-15.1000606152042,-5.41890042416998,-34.6434418477961,-50.3947462132903,-10.2521187092897,1.83694838438005,0.300246483136145
0.27381785418041,3.61223125588173,10.7340395245752,1.86240031779242,0.923795994391906,1.65951153599475e-06,0.213535272849624,2.02899146439628e-14,1.34121568089574e-21,0.000755922217881886,-4.1643595717451,-1.58474175449561,-0.495647456398382,-2.24720126314044,-2.94833142933863,-16.1780546666537,-4.41302065988048,-34.3977198602164,-50.9297779379739,-10.0566394858089,2.86906741233137,1.3725134828938
0.270462248960521,3.56796379168015,10.6024951475039,1.83957682351513,0.912474984408197,1.63917441959554e-06,0.210918423490588,2.00412641544095e-14,1.32477924232499e-21,0.000746658481053084,-4.1643595717451,-1.58474175449561,-0.495647456398382,-2.24720126314044,-2.94833142933863,-16.1780546666537,-4.41302065988048,-34.3977198602164,-50.9297779379739,-10.0566394858089,2.85673682109018,0.716139417980196
0.210008318956257,2.77044977946966,8.23261727367423,1.4283931963965,0.708517873757584,1.27278489200763e-06,0.163773775173437,1.55616253691664e-14,1.02866356668292e-21,0.000579764802825697,-4.1643595717451,-1.58474175449561,-0.495647456398382,-2.24720126314044,-2.94833142933863,-16.1780546666537,-4.41302065988048,-34.3977198602164,-50.9297779379739,-10.0566394858089,2.60375143677323,0.851765032674591
0.107794452815277,1.42203470564583,4.22569200431606,0.733175065520602,0.363672719686168,6.53303410395335e-07,0.0840628817375085,7.98757353957505e-15,5.27999209044162e-22,0.000297585495625867,-4.1643595717451,-1.58474175449561,-0.495647456398382,-2.24720126314044,-2.94833142933863,-16.1780546666537,-4.41302065988048,-34.3977198602164,-50.9297779379739,-10.0566394858089,1.93683049179953,1.32956842289066
0.067058566744466,0.8846430102012,2.62878879118745,0.456105743686502,0.226239576428,4.06417855522282e-07,0.0522952361508527,4.96904264867707e-15,3.28466533072794e-22,0.000185126936492821,-4.1643595717451,-1.58474175449561,-0.495647456398382,-2.24720126314044,-2.94833142933863,-16.1780546666537,-4.41302065988048,-34.3977198602164,-50.9297779379739,-10.0566394858089,1.46217066083876,0.880305830226526
0.168266263949888,2.21978460743381,6.59627084324698,1.14448031298769,0.567690156996776,1.01980130908335e-06,0.131221474550934,1.24685373173375e-14,8.242024701086e-22,0.000464528537850174,-4.1643595717451,-1.58474175449561,-0.495647456398382,-2.24720126314044,-2.94833142933863,-16.1780546666537,-4.41302065988048,-34.3977198602164,-50.9297779379739,-10.0566394858089,2.38215192199423,0.405124104432388
0.00193963541707022,0.0255878554724921,0.0760363975987479,0.0131926299253406,0.00654386630204751,1.1755432675808e-08,0.00151261348261094,1.43727066923957e-16,9.50072976206041e-24,5.35470380754624e-06,-4.1643595717451,-1.58474175449561,-0.495647456398382,-2.24720126314044,-2.94833142933863,-16.1780546666537,-4.41302065988048,-34.3977198602164,-50.9297779379739,-10.0566394858089,-2.08089568116798,0.435282536588023
0.0284855940896424,0.375784674892569,1.11667478278377,0.19374770006817,0.0961035860742205,1.72640940974869e-07,0.0222143261052939,2.11078373392193e-15,1.39528248028293e-22,7.86394792493636e-05,-4.1643595717451,-1.58474175449561,-0.495647456398382,-2.24720126314044,-2.94833142933863,-16.1780546666537,-4.41302065988048,-34.3977198602164,-50.9297779379739,-10.0566394858089,0.606002781705401,0.0979268563803559
0.0103365563041377,0.136360836921127,0.40520733846489,0.0703051515881856,0.0348730704144566,6.26461502319491e-08,0.00806090376150304,7.65939261890816e-16,5.06305603886479e-23,2.85358768516849e-05,-4.1643595717451,-1.58474175449561,-0.495647456398382,-2.24720126314044,-2.94833142933863,-16.1780546666537,-4.41302065988048,-34.3977198602164,-50.9297779379739,-10.0566394858089,-0.407708939650396,0.137820312468629
0.381450870623559,5.03213627750464,14.9534029992768,2.59447735721222,1.28692406634366,2.31183653859897e-06,0.29747225936429,2.82655257414951e-14,1.86842414167254e-21,0.00105306204008433,-4.1643595717451,-1.58474175449561,-0.495647456398382,-2.24720126314044,-2.94833142933863,-16.1780546666537,-4.41302065988048,-34.3977198602164,-50.9297779379739,-10.0566394858089,3.20058635570204,0.203675567621245
0.0056314628541487,0.0742907952404377,0.220761151746451,0.0383029742183741,0.0189992096855807,3.41302710115764e-08,0.00439166379673279,4.17291637075064e-16,2.7584053307896e-23,1.55466410448998e-05,-4.1643595717451,-1.58474175449561,-0.495647456398382,-2.24720126314044,-2.94833142933863,-16.1780546666537,-4.41302065988048,-34.3977198602164,-50.9297779379739,-10.0566394858089,-1.01502646683794,0.0786549298383151
0.00831419301389976,0.10968162745317,0.325927893538111,0.0565498395187638,0.0280501000412531,5.03893336698303e-08,0.00648377542458494,6.16082056045588e-16,4.07246126357014e-23,2.29527882386525e-05,-4.1643595717451,-1.58474175449561,-0.495647456398382,-2.24720126314044,-2.94833142933863,-16.1780546666537,-4.41302065988048,-34.3977198602164,-50.9297779379739,-10.0566394858089,-0.625431651148076,0.156920054027502
0.0198897280685934,0.262387190256133,0.779704916833756,0.135282032600208,0.0671031886299305,1.20544488511994e-07,0.0155108896121639,1.47382969606321e-15,9.74239435707995e-23,5.4909083265157e-05,-4.1643595717451,-1.58474175449561,-0.495647456398382,-2.24720126314044,-2.94833142933863,-16.1780546666537,-4.41302065988048,-34.3977198602164,-50.9297779379739,-10.0566394858089,0.246807713770343,0.129311933117362
0.290711187407487,3.83508971951817,11.3962816092049,1.97730206247542,0.980790062999351,1.76189595302136e-06,0.226709441242628,2.15417113547923e-14,1.42396267157161e-21,0.00080255922757818,-4.1643595717451,-1.58474175449561,-0.495647456398382,-2.24720126314044,-2.94833142933863,-16.1780546666537,-4.41302065988048,-34.3977198602164,-50.9297779379739,-10.0566394858089,2.92893458396117,0.630506459080836
0.0139632892236715,0.184205043603294,0.547380297273135,0.0949727488203138,0.0471088004541315,8.46264741080275e-08,0.0108891904919041,1.03468032552251e-15,6.83950377148583e-23,3.85481092548829e-05,-4.1643595717451,-1.58474175449561,-0.495647456398382,-2.24720126314044,-2.94833142933863,-16.1780546666537,-4.41302065988048,-34.3977198602164,-50.9297779379739,-10.0566394858089,-0.106964019914802,0.394025500807259
0.00831433213977551,0.109683462814996,0.325933347465335,0.0565507857977272,0.0280505694187052,5.03901768617268e-08,0.00648388392109598,6.160923652789e-16,4.07252941026084e-23,2.29531723200371e-05,-4.1643595717451,-1.58474175449561,-0.495647456398382,-2.24720126314044,-2.94833142933863,-16.1780546666537,-4.41302065988048,-34.3977198602164,-50.9297779379739,-10.0566394858089,-0.625414917748756,0.809981902606532
0.0339129465727101,0.297422488274337,0.702293912095314,0.140410543069672,0.0578431534098591,5.16844243740282e-07,0.00676203809530061,9.04701947893979e-16,6.54404976315819e-23,5.92450152372223e-05,-3.59802478532165,-1.42666798417806,-0.567469636997681,-2.17725104973949,-3.0640865357021,-14.6895906298084,-5.21049729359815,-34.8529924763992,-51.2949672878155,-9.94789526512414,0.214066352618548,0.915712336383213
0.00866381457595217,0.397547215921482,0.640514615924828,0.0528730278835497,0.016876494257667,2.75057828974951e-07,0.00438586621770267,6.86638956802745e-16,8.05428231766352e-23,3.3576589307589e-05,-4.86272754319145,-1.03656894176081,-0.55961071036236,-3.05398931203333,-4.19596086955267,-15.2204118462169,-5.54349550358283,-35.0288504277737,-50.98738059596,-10.4158088526453,0.114127372011417,1.62286436654839
0.016286760501842,0.747333202612505,1.2040779561987,0.0993939026046095,0.0317254504555375,5.17070274923249e-07,0.00824481549721907,1.29078527046522e-15,1.51409250477397e-22,6.31192950550086e-05,-4.86272754319145,-1.03656894176081,-0.55961071036236,-3.05398931203333,-4.19596086955267,-15.2204118462169,-5.54349550358283,-35.0288504277737,-50.98738059596,-10.4158088526453,0.745324802826286,1.50474053383018
0.00556593945758373,0.255398325524153,0.411489135955253,0.0339674942900808,0.0108420539787592,1.7670683161415e-07,0.00281763484465063,4.41121036153121e-16,5.17435447878055e-23,2.15707828970537e-05,-4.86272754319145,-1.03656894176081,-0.55961071036236,-3.05398931203333,-4.19596086955267,-15.2204118462169,-5.54349550358283,-35.0288504277737,-50.98738059596,-10.4158088526453,-0.32836194993196,1.02732782136497
0.00650055826343104,0.235983950307723,0.664724664379188,0.0710144540475431,0.0152002208323363,3.75086807765794e-07,0.00326154918270165,7.61229687123681e-16,5.05844459640212e-23,2.57253835930722e-05,-5.03257329756228,-1.44069756191517,-0.405088441066819,-2.64157792300101,-4.18315140126764,-14.792814428865,-5.72225906553745,-34.8083026172815,-51.3351041733091,-10.5647384435354,-0.00329392152461949,0.765181746252527
0.00375629605691447,0.136361454834209,0.384105877457893,0.0410351392777036,0.00878332710252461,2.16740938226379e-07,0.00188466033807202,4.39870539771101e-16,2.92298210731775e-23,1.48652089616479e-05,-5.03257329756228,-1.44069756191517,-0.405088441066819,-2.64157792300101,-4.18315140126764,-14.792814428865,-5.72225906553745,-34.8083026172815,-51.3351041733091,-10.5647384435354,-0.551748600785471,3.32145859610609
0.00435756100285043,0.158188638188865,0.445589156769246,0.0476035754247603,0.0101892617294601,2.5143435070778e-07,0.00218633522714063,5.10279988948423e-16,3.39085967929269e-23,1.7244661733002e-05,-5.03257329756228,-1.44069756191517,-0.405088441066819,-2.64157792300101,-4.18315140126764,-14.792814428865,-5.72225906553745,-34.8083026172815,-51.3351041733091,-10.5647384435354,-0.403269483599115,4.19392101742753
0.0112462550222845,0.408262733564978,1.15000324468519,0.122858165117875,0.0262970583368435,6.48916866011176e-07,0.0056426252007818,1.31696122778972e-15,8.75133421498002e-23,4.45060582044658e-05,-5.03257329756228,-1.44069756191517,-0.405088441066819,-2.64157792300101,-4.18315140126764,-14.792814428865,-5.72225906553745,-34.8083026172815,-51.3351041733091,-10.5647384435354,0.54485320490338,3.24903089173161
0.0155111539801207,0.563087544442417,1.58611710036849,0.169449466785374,0.0362696488990109,8.95004551208557e-07,0.00778246875675571,1.81639028722164e-15,1.20700884224196e-22,6.13840181011165e-05,-5.03257329756228,-1.44069756191517,-0.405088441066819,-2.64157792300101,-4.18315140126764,-14.792814428865,-5.72225906553745,-34.8083026172815,-51.3351041733091,-10.5647384435354,0.866377395329739,4.61932940524334
0.0447223718458579,1.62351625008681,4.57315547538658,0.488563395887253,0.104574084356272,2.58051247471226e-06,0.0224387213268894,5.23708822350935e-15,3.48009557078504e-22,0.000176984825657029,-5.03257329756228,-1.44069756191517,-0.405088441066819,-2.64157792300101,-4.18315140126764,-14.792814428865,-5.72225906553745,-34.8083026172815,-51.3351041733091,-10.5647384435354,1.92529188371861,3.28488571224886
0.0165696873043059,0.558351179099307,1.41105426737662,0.316673606951151,0.0295909912088604,1.14616945539336e-06,0.00841998541545922,1.97538242036089e-15,1.56993421499006e-22,5.25861936257371e-05,-4.95063609485769,-1.43322293727734,-0.506118643585893,-2.00033944254937,-4.37074109096971,-14.5295408597089,-5.62760295880152,-34.7084701606805,-51.0562941046083,-10.7035127272137,0.850455775941389,7.54205204350268
0.0223279209211604,0.752387220362709,1.90141838640876,0.42672279349451,0.039874337973686,1.54448182951661e-06,0.0113460661665499,2.6618596754935e-15,2.11551167864302e-22,7.08607441562983e-05,-4.95063609485769,-1.43322293727734,-0.506118643585893,-2.00033944254937,-4.37074109096971,-14.5295408597089,-5.62760295880152,-34.7084701606805,-51.0562941046083,-10.7035127272137,1.14871877041396,7.43150195929112
0.0143664623342646,0.484108784704578,1.22343032862193,0.274566403274077,0.0256563598834586,9.93766509118987e-07,0.00730040350820725,1.71272134571352e-15,1.36118445404017e-22,4.55939545600339e-05,-4.95063609485769,-1.43322293727734,-0.506118643585893,-2.00033944254937,-4.37074109096971,-14.5295408597089,-5.62760295880152,-34.7084701606805,-51.0562941046083,-10.7035127272137,0.707777301543005,2.04920147460623
0.0166835990867474,0.562189681110325,1.42075485518897,0.318850645923432,0.0297944206695923,1.15404903714081e-06,0.0084778703670091,1.98896260014186e-15,1.58072705624658e-22,5.2947708417037e-05,-4.95063609485769,-1.43322293727734,-0.506118643585893,-2.00033944254937,-4.37074109096971,-14.5295408597089,-5.62760295880152,-34.7084701606805,-51.0562941046083,-10.7035127272137,0.857306962117374,2.04940119139714
0.0319574345447925,0.831483090141014,1.09244734280877,0.35820580077119,0.0446133194277637,1.6128507659666e-06,0.0141187470567948,1.33861892588195e-15,2.00494956130035e-22,5.36937596870742e-05,-4.30745527825388,-1.04864916326138,-0.775684398110224,-1.89075244139641,-3.97382766879681,-14.2016121287851,-5.12435663234292,-35.1112428108963,-50.8253579880198,-10.6963186162808,0.864104846134189,2.65122203966338
0.075336920590021,1.96015031951638,2.57535124099549,0.844439560057912,0.105172087523977,3.8021578330661e-06,0.0332837394803229,3.15567970821051e-15,4.7264972310268e-22,0.000126578449345019,-4.30745527825388,-1.04864916326138,-0.775684398110224,-1.89075244139641,-3.97382766879681,-14.2016121287851,-5.12435663234292,-35.1112428108963,-50.8253579880198,-10.6963186162808,1.7216703271938,2.77846327075892
0.0261010849742763,0.679109919165302,0.892251250162395,0.292562909926418,0.0364377196716607,1.31728830843152e-06,0.0115314205257369,1.09331073755771e-15,1.63753316291048e-22,4.38541267202272e-05,-4.30745527825388,-1.04864916326138,-0.775684398110224,-1.89075244139641,-3.97382766879681,-14.2016121287851,-5.12435663234292,-35.1112428108963,-50.8253579880198,-10.6963186162808,0.661676882632029,1.32084069287139
0.0864667393973921,5.87347064894011,6.33445241462044,1.83012332120742,0.289163191924929,6.02654012634288e-06,0.112298417213248,4.86499706090814e-15,1.95052753553619e-21,0.000233848795224342,-5.12395037580561,-0.90550921011078,-0.82995154924455,-2.07157156795838,-3.9167189934785,-14.6952924098031,-4.86255043278825,-35.6326652045819,-50.3621420070212,-11.0367907469012,2.67595492117913,0.826747705325182
0.0230032835928921,1.56255586776726,1.685193709335,0.486879071202373,0.0769278794925355,1.60327789131818e-06,0.0298754452427885,1.29426537707552e-15,5.18910951984356e-22,6.2212247066228e-05,-5.12395037580561,-0.90550921011078,-0.82995154924455,-2.07157156795838,-3.9167189934785,-14.6952924098031,-4.86255043278825,-35.6326652045819,-50.3621420070212,-11.0367907469012,1.35183206747104,2.10509006930308
0.0269275196570385,1.82190765750435,3.09535135372602,0.619668787466911,0.0490677133609367,2.77916187173783e-06,0.0443090958080179,1.38214740555189e-15,9.32484546833233e-22,8.11874664997736e-05,-5.3475560711808,-1.13306547582697,-0.603048168733267,-2.21151974888889,-4.74750362093852,-14.5263107521437,-4.84951489146667,-35.9480876056568,-50.1571392436769,-11.1516992676013,1.73294959143983,3.14693386476395
0.0145290319546221,0.983029811560542,1.67013001204189,0.334348938523023,0.0264750108603093,1.49952658677168e-06,0.0239074477365326,7.45752452399102e-16,5.03132035578701e-22,4.38055680624745e-05,-5.3475560711808,-1.13306547582697,-0.603048168733267,-2.21151974888889,-4.74750362093852,-14.5263107521437,-4.84951489146667,-35.9480876056568,-50.1571392436769,-11.1516992676013,1.11594964365375,3.90235791763773
0.00991761710261004,0.671022907923803,1.14004222874186,0.228228884160486,0.0180720244349424,1.02358715771522e-06,0.0163193881940746,5.09055751224624e-16,3.43441386632708e-22,2.99019819326459e-05,-5.3475560711808,-1.13306547582697,-0.603048168733267,-2.21151974888889,-4.74750362093852,-14.5263107521437,-4.84951489146667,-35.9480876056568,-50.1571392436769,-11.1516992676013,0.734113473209618,2.4927773322305
0.00624341796820989,0.422427730075339,0.717688539676708,0.143676480094908,0.0113768459612495,6.44376808097003e-07,0.0102735123192307,3.20464864809107e-16,2.16205979938999e-22,1.88241358132527e-05,-5.3475560711808,-1.13306547582697,-0.603048168733267,-2.21151974888889,-4.74750362093852,-14.5263107521437,-4.84951489146667,-35.9480876056568,-50.1571392436769,-11.1516992676013,0.271328575934693,1.1919001115637
0.00259656970960546,0.106293791808842,0.295484541215303,0.0313493814010621,0.00237217722859296,1.3831491096773e-07,0.00237241448061923,7.15053390877634e-17,5.13071647807581e-23,8.97518153167536e-06,-5.13366924521333,-1.42165359559127,-0.399243955197274,-2.64266594182208,-5.22405228139373,-14.9738379856801,-5.22395227193412,-36.3568647521252,-50.5043170227909,-10.8011525951246,-0.819894802299341,1.08701654696999
0.00734973885368292,0.300870648175831,0.836385869094487,0.0887362144255008,0.00671458312107505,3.91508254687946e-07,0.0067152546764849,2.02399945972936e-16,1.45227860074955e-22,2.54047638999204e-05,-5.13366924521333,-1.42165359559127,-0.399243955197274,-2.64266594182208,-5.22405228139373,-14.9738379856801,-5.22395227193412,-36.3568647521252,-50.5043170227909,-10.8011525951246,0.22057874871356,1.63204159584468
0.0552494362140274,2.26170398921508,6.28727749989297,0.667047621198036,0.0504748453294672,2.94304474965228e-06,0.0504798935439031,1.52148030390914e-15,1.09170646079354e-21,0.000190972619648621,-5.13366924521333,-1.42165359559127,-0.399243955197274,-2.64266594182208,-5.22405228139373,-14.9738379856801,-5.22395227193412,-36.3568647521252,-50.5043170227909,-10.8011525951246,2.23777210230599,0.712202604813714
0.00915369355885716,0.374717764683058,1.04167237708221,0.110516051059019,0.00836264219578314,4.87601894505498e-07,0.0083634785809326,2.52077947073877e-16,1.80873273703947e-22,3.16402294427727e-05,-5.13366924521333,-1.42165359559127,-0.399243955197274,-2.64266594182208,-5.22405228139373,-14.9738379856801,-5.22395227193412,-36.3568647521252,-50.5043170227909,-10.8011525951246,0.440071431701423,1.20447331655827
0.021772946809869,0.891302500646073,2.47771865134978,0.262873132672927,0.0198913545169503,1.15980833804371e-06,0.0198933439400455,5.99591814854868e-16,4.30224601944682e-22,7.52593505867319e-05,-5.13366924521333,-1.42165359559127,-0.399243955197274,-2.64266594182208,-5.22405228139373,-14.9738379856801,-5.22395227193412,-36.3568647521252,-50.5043170227909,-10.8011525951246,1.30658219335846,2.60158438059862
0.0182164792052353,0.728593398971994,2.35728223911646,0.118763247667997,0.0323233562165728,6.06608519608015e-07,0.0122858496594582,4.02861469583671e-16,1.03183576271421e-21,0.000127080386177857,-5.18948204484405,-1.50069285543638,-0.326544039259047,-3.31467668408865,-4.61601860849447,-15.4994355980457,-5.58336051415997,-36.6319923200808,-49.5070008442457,-10.1547441108197,1.18405340110843,2.56878952854096
0.00904276169252488,0.361677819485389,1.17016802699313,0.0589547373228612,0.0160454939769622,3.01123846253128e-07,0.00609876416891468,1.99982676317524e-16,5.12209017062289e-22,6.30834111824489e-05,-5.18948204484405,-1.50069285543638,-0.326544039259047,-3.31467668408865,-4.61601860849447,-15.4994355980457,-5.58336051415997,-36.6319923200808,-49.5070008442457,-10.1547441108197,0.483691390572022,3.22860956513549
0.0111684259197825,0.446696714023788,1.44523712639405,0.072813111613336,0.0198172767259979,3.71908437257404e-07,0.00753238868155214,2.46992211189024e-16,6.32612984508226e-22,7.79123047266374e-05,-5.18948204484405,-1.50069285543638,-0.326544039259047,-3.31467668408865,-4.61601860849447,-15.4994355980457,-5.58336051415997,-36.6319923200808,-49.5070008442457,-10.1547441108197,0.694817448671059,1.08651783983308
0.00449958114691969,0.179967000475171,0.582263048835954,0.0293352444307841,0.00798406555946667,1.49835993423177e-07,0.00303467958208413,9.95092329827423e-17,2.54869708483076e-22,3.13896282232641e-05,-5.18948204484405,-1.50069285543638,-0.326544039259047,-3.31467668408865,-4.61601860849447,-15.4994355980457,-5.58336051415997,-36.6319923200808,-49.5070008442457,-10.1547441108197,-0.214288920156172,2.31845582025272
0.00498880370539327,0.268009345746719,1.13693701596902,0.128375964979159,0.010187928820433,8.27424828042885e-07,0.0113702601967192,4.52719443725786e-16,2.80322219340745e-22,7.64633042086939e-05,-5.7452107327694,-1.76138502330076,-0.316313778102766,-2.4974436902948,-5.0312033049085,-14.4495991724766,-4.92140568339628,-35.7759106662079,-50.0707541033824,-9.92335121217393,0.444651596410707,3.06754949623752
0.00540728890528515,0.290491277538595,1.23230884105765,0.139144767389151,0.0110425420064146,8.96833260406077e-07,0.0123240531082548,4.90695759911108e-16,3.03837015055823e-22,8.28774193023737e-05,-5.7452107327694,-1.76138502330076,-0.316313778102766,-2.4974436902948,-5.0312033049085,-14.4495991724766,-4.92140568339628,-35.7759106662079,-50.0707541033824,-9.92335121217393,0.525203294475107,1.29868739922334
0.0113065347119023,1.69499467465168,3.87594088417228,0.661857515069706,0.0270793674273199,2.15861793467965e-06,0.0579183356416676,1.47408343135935e-15,3.08517563268382e-22,0.000135835759502444,-6.32755385144964,-1.31749982509842,-0.490390981976811,-2.25788440437246,-5.45416261474311,-14.8912218102396,-4.69390069091348,-35.9959194248652,-51.3754428830818,-10.7492434768708,1.84517942412748,0.920632988776787
0.00293316763129424,1.09661719608108,2.84120329171112,0.443964938253856,0.0140631512716904,1.10293459468712e-06,0.039306455266078,6.62516533541997e-16,8.22549909804114e-22,0.000160293674699778,-7.32193240085683,-1.39802989862842,-0.446032407059125,-2.30226975132841,-5.7544573512,-15.2077961808692,-4.72662658122483,-36.4407462238177,-50.0398931342093,-10.2287630220314,1.49026006376365,1.25475913072501
0.0305697076124914,11.4290321116891,29.6112479111646,4.62703808940836,0.14656728715369,1.149487254515e-05,0.409655020036235,6.90480029260505e-15,8.57268093753575e-21,0.00167059349606346,-7.32193240085683,-1.39802989862842,-0.446032407059125,-2.30226975132841,-5.7544573512,-15.2077961808692,-4.72662658122483,-36.4407462238177,-50.0398931342093,-10.2287630220314,3.83418669320737,1.31663903874658
0.00168308272458804,0.629250588516773,1.63031261026553,0.254751794587394,0.00806958549048442,6.32875578900792e-07,0.0225544612988716,3.80159020051123e-16,4.71987870223392e-22,9.19782121790597e-05,-7.32193240085683,-1.39802989862842,-0.446032407059125,-2.30226975132841,-5.7544573512,-15.2077961808692,-4.72662658122483,-36.4407462238177,-50.0398931342093,-10.2287630220314,0.934804188928296,3.45460907491488
0.0039386756409161,1.47254435496018,3.8151853567999,0.596158865611683,0.0188840865272623,1.48102739689004e-06,0.0527809512949482,8.89631299802204e-16,1.10452510747014e-21,0.000215243338020326,-7.32193240085683,-1.39802989862842,-0.446032407059125,-2.30226975132841,-5.7544573512,-15.2077961808692,-4.72662658122483,-36.4407462238177,-50.0398931342093,-10.2287630220314,1.78502165693241,1.73870594999364
0.00308304871428023,1.15265292046863,2.98638511555292,0.466650974006928,0.0147817601641071,1.15929312999575e-06,0.0413149644357434,6.96370273943322e-16,8.64581149333735e-22,0.000168484474742531,-7.32193240085683,-1.39802989862842,-0.446032407059125,-2.30226975132841,-5.7544573512,-15.2077961808692,-4.72662658122483,-36.4407462238177,-50.0398931342093,-10.2287630220314,1.5400960715881,1.28582237018126
0.00488619316515399,1.41046625217181,5.23418997696155,1.17265964655836,0.0252853183818534,9.05283225950086e-06,0.0641262164319348,2.10140573086766e-15,1.4511275440184e-21,0.00034015644147393,-7.38971766673909,-1.7244555691983,-0.413163794070811,-1.90910152304541,-5.74590724702754,-13.6808087865888,-4.81527790019884,-35.8645457727019,-50.0503219762917,-10.0544808184221,2.0683758942265,1.71524793413989
0.0151857488262456,3.2980356707887,6.36806142202425,1.10914867544638,0.0208121328091807,8.16654343146476e-06,0.0387552760751452,2.2990917102886e-15,1.53107737217878e-21,0.000400729070181574,-6.57160053467384,-1.1908756265589,-0.53290757260886,-2.28060990451945,-6.25642182072205,-14.0996674857431,-5.63469104219614,-36.0904649250655,-50.3125179669784,-10.2064276609824,2.38420266652281,0.575902458256913
0.0424953188025901,5.26511864323375,8.1843139715313,1.92801868557377,0.0220416515370642,1.50655098281315e-05,0.0602201737986723,3.45028806873312e-15,2.17109740360577e-21,0.000374392966673554,-5.89936897146262,-1.07990393686351,-0.638788224541652,-2.08451472869392,-6.55582898040415,-13.8441101605837,-5.55075548639335,-36.0413262856926,-50.3200618137294,-10.6312122156544,2.74100761652295,0.405432462099838
0.010204922366446,1.26437754835841,1.96539974414796,0.462998785789515,0.00529313225790616,3.61786574472389e-06,0.0144614092993198,8.28560012618388e-16,5.21372261182778e-22,8.99075772838809e-05,-5.89936897146262,-1.0799039368635,-0.638788224541652,-2.08451472869392,-6.55582898040415,-13.8441101605837,-5.55075548639335,-36.0413262856926,-50.3200618137294,-10.6312122156544,1.31448388130973,0.714862908276588
0.0113256046381567,1.40322872745737,2.18123564872412,0.513844300574025,0.00587441247447692,4.01517185406508e-06,0.0160495296635656,9.19550662409406e-16,5.78628223461376e-22,9.97810309307015e-05,-5.89936897146262,-1.0799039368635,-0.638788224541652,-2.08451472869392,-6.55582898040415,-13.8441101605837,-5.55075548639335,-36.0413262856926,-50.3200618137294,-10.6312122156544,1.41867975210712,0.92270404246981
0.0153027895518763,1.89599713176304,2.94721484299562,0.694289748348052,0.00793731555267039,5.42516994548513e-06,0.0216856037884891,1.24246702217832e-15,7.81823683176583e-22,0.000134820891809825,-5.89936897146262,-1.0799039368635,-0.638788224541652,-2.08451472869392,-6.55582898040415,-13.8441101605837,-5.55075548639335,-36.0413262856926,-50.3200618137294,-10.6312122156544,1.71964882791198,1.56464787171588
0.0185742366738194,1.56772267551844,4.52519362863491,0.457553858341492,0.00316972023516715,7.13769480075045e-06,0.0130595116570658,1.17437274989935e-15,6.46116318445496e-22,4.17769993322887e-05,-5.87082309938601,-1.43521927470439,-0.375182948792164,-2.66670399393168,-7.63895526476514,-13.7349640066672,-6.22308186398148,-36.2628855356124,-50.6759060006572,-11.968007940975,1.88484331588709,0.284680597080122
0.0159866530318413,1.34932266147924,3.89478726438612,0.393811864527168,0.00272814536056,6.14333995149377e-06,0.0112401863556026,1.01077045654064e-15,5.56105619982653e-22,3.59570304161217e-05,-5.87082309938601,-1.43521927470439,-0.375182948792164,-2.66670399393168,-7.63895526476514,-13.7349640066672,-6.22308186398148,-36.2628855356124,-50.6759060006572,-11.968007940975,1.73482200900739,0.29435857477684
0.0447487468726466,3.77693180103413,10.9020223976643,1.10233126384063,0.00763643809172127,1.71960174462076e-05,0.0314627616566407,2.82927960067679e-15,1.55661285532971e-21,0.000100648462763175,-5.87082309938601,-1.43521927470439,-0.375182948792164,-2.66670399393168,-7.63895526476514,-13.7349640066672,-6.22308186398148,-36.2628855356124,-50.6759060006572,-11.968007940975,2.76413126188677,0.175849853289045
0.331826748846064,28.0071976924242,80.8420995197795,8.17415067448957,0.0566267125189385,0.000127514153156392,0.233306777058005,2.09800433996722e-14,1.15427988288937e-20,0.000746341618685047,-5.87082309938601,-1.43521927470439,-0.375182948792164,-2.66670399393168,-7.63895526476514,-13.7349640066672,-6.22308186398148,-36.2628855356124,-50.6759060006572,-11.968007940975,4.76768081228894,0.247255642983469
0.347368801214805,29.3189946911625,84.6285698652377,8.55701033934388,0.0592789861361184,0.00013348664227309,0.24423436550477,2.19627035810774e-14,1.20834387396434e-20,0.000781298657449741,-5.87082309938601,-1.43521927470439,-0.375182948792164,-2.66670399393168,-7.63895526476514,-13.7349640066672,-6.22308186398148,-36.2628855356124,-50.6759060006572,-11.968007940975,4.81345486365761,0.740780495383588
0.00344533435577396,0.290796811149865,0.839377970091268,0.084871645357188,0.000587951269071865,1.32397069930293e-06,0.00242240825137861,2.17834350491291e-16,1.19848087911152e-22,7.74921379587885e-06,-5.87082309938601,-1.43521927470439,-0.375182948792164,-2.66670399393168,-7.63895526476514,-13.7349640066672,-6.22308186398148,-36.2628855356124,-50.6759060006572,-11.968007940975,0.200088775536986,0.982348075951492
0.00682640524422264,0.576169588101044,1.66309959650602,0.168160237911645,0.0011649358849057,2.62324627790394e-06,0.00479963297702768,4.31605585702737e-16,2.3746073133821e-22,1.53538868023468e-05,-5.87082309938601,-1.43521927470439,-0.375182948792164,-2.66670399393168,-7.63895526476514,-13.7349640066672,-6.22308186398148,-36.2628855356124,-50.6759060006572,-11.968007940975,0.883866036870503,1.28726354566663
0.0729128074352362,6.1540650934553,17.7635602176253,1.79611883655634,0.012442675582791,2.80188831270873e-05,0.0512648608592354,4.60997755516339e-15,2.53631713296635e-21,0.000163994804256513,-5.87082309938601,-1.43521927470439,-0.375182948792164,-2.66670399393168,-7.63895526476514,-13.7349640066672,-6.22308186398148,-36.2628855356124,-50.6759060006572,-11.968007940975,3.25233212897035,0.45440662014651
0.00509556922599876,0.430081707289323,1.24142045784626,0.125523185730059,0.000869566226003196,1.9581218119472e-06,0.00358268535471572,3.22171928210289e-16,1.77252529215753e-22,1.14609066251554e-05,-5.87082309938601,-1.43521927470439,-0.375182948792164,-2.66670399393168,-7.63895526476514,-13.7349640066672,-6.22308186398148,-36.2628855356124,-50.6759060006572,-11.968007940975,0.591439203310843,0.0619831386174046
0.57701973210405,48.7022392428189,140.577836988278,14.2141833012992,0.0984692481882132,0.000221736742892627,0.40570151280517,3.64825893756569e-14,2.00719885034614e-20,0.00129782738241977,-5.87082309938601,-1.43521927470439,-0.375182948792164,-2.66670399393168,-7.63895526476514,-13.7349640066672,-6.22308186398148,-36.2628855356124,-50.6759060006572,-11.968007940975,5.32094428408123,0.613452173947923
0.00126653285372869,0.106899266384295,0.308562149863646,0.0311995052134038,0.000216135655287864,4.86702367574604e-07,0.000890496920965823,8.007767405956e-17,4.40571291844737e-23,2.84867384397687e-06,-5.87082309938601,-1.43521927470439,-0.375182948792164,-2.66670399393168,-7.63895526476514,-13.7349640066672,-6.22308186398148,-36.2628855356124,-50.6759060006572,-11.968007940975,-0.800649048905517,1.25503480803458
0.00686368007855368,0.579315698707534,1.67218076876549,0.169078458378343,0.00117129688905981,2.6375702254166e-06,0.00482584084451693,4.33962320488887e-16,2.38757359520114e-22,1.54377250109529e-05,-5.87082309938601,-1.43521927470439,-0.375182948792164,-2.66670399393168,-7.63895526476514,-13.7349640066672,-6.22308186398148,-36.2628855356124,-50.6759060006572,-11.968007940975,0.889311572901003,0.426174770626495
0.0177395448399216,1.05639252228766,1.2709820241936,0.2080467521702,0.00290081480965705,3.45213113243608e-06,0.00451852199931519,6.96146483120585e-16,3.91499423675999e-22,2.31305524666784e-05,-4.97220320690401,-0.885384424267993,-0.700454398132747,-2.51023670168682,-6.78300785980484,-13.5167630452825,-6.33981457711129,-35.8412158186472,-50.2323024357173,-11.6146004439176,0.940244247198033,0.248208871581716
0.101545221102862,6.04703295462821,7.27539245392909,1.19090730001778,0.0166049289247934,1.97607899347234e-05,0.0258650557057154,3.98490204716957e-15,2.24103244460687e-21,0.000132404584540096,-4.97220320690401,-0.885384424267993,-0.700454398132747,-2.51023670168682,-6.78300785980484,-13.5167630452825,-6.33981457711129,-35.8412158186472,-50.2323024357173,-11.6146004439176,2.68495215529256,0.291268237160932
0.132743986781891,7.90492407107673,9.51068488746645,1.5568017989924,0.0217066292413132,2.58320973592395e-05,0.0338118384639135,5.20922382098881e-15,2.92956751655836e-21,0.000173084584672363,-4.97220320690401,-0.885384424267993,-0.700454398132747,-2.51023670168682,-6.78300785980484,-13.5167630452825,-6.33981457711129,-35.8412158186472,-50.2323024357173,-11.6146004439176,2.95287028970641,0.11799927373029
0.00183845032321742,0.093641424738536,0.122131768383401,0.0174979782716219,0.00116841332735572,2.81472101339566e-07,0.000634464854545467,1.9346321398087e-16,2.1921970848216e-22,4.10143903963893e-06,-4.85878637306446,-0.928236516609436,-0.662608843584707,-2.60562402726001,-5.31206267621243,-13.6431865966176,-5.9226827583289,-34.7413983833196,-48.4319218650639,-10.9641267557548,-1.44004590480235,0.377116492532817
0.0176697729430327,0.900009476620674,1.17383678482486,0.168177132184123,0.0112298917937895,2.70529372355537e-06,0.00609798903923217,1.85941987156269e-15,2.10697152085054e-21,3.94198829606012e-05,-4.85878637306446,-0.928236516609436,-0.662608843584707,-2.60562402726001,-5.31206267621243,-13.6431865966176,-5.9226827583289,-34.7413983833196,-48.4319218650639,-10.9641267557548,0.822886530474701,0.285282496868787
0.00894503674267798,0.455615239827102,0.59423588543086,0.085136952892106,0.00568495107637214,1.36951118924709e-06,0.00308700831573998,9.41301233740645e-16,1.06662025202851e-21,1.99556781296208e-05,-4.85878637306446,-0.928236516609436,-0.662608843584707,-2.60562402726001,-5.31206267621243,-13.6431865966176,-5.9226827583289,-34.7413983833196,-48.4319218650639,-10.9641267557548,0.142129918656476,0.289985596972357
0.00521414837152176,0.26558252683865,0.346385840936356,0.0496271526935953,0.00331381292774571,7.98301308604322e-07,0.00179944698333021,5.48693586869588e-16,6.21743253843989e-22,1.16323576543547e-05,-4.85878637306446,-0.928236516609436,-0.662608843584707,-2.60562402726001,-5.31206267621243,-13.6431865966176,-5.9226827583289,-34.7413983833196,-48.4319218650639,-10.9641267557548,-0.397593134439598,0.227028182789141
0.0549635468988033,3.17527351368891,4.70804046332174,0.917834828698388,0.0386876873143589,7.05523838184929e-06,0.0206803015572946,3.81193827900747e-15,1.20269907101072e-20,6.25193308752086e-05,-5.08888203091636,-1.03240315909234,-0.638525149820984,-2.27353476348566,-5.44003082059125,-14.0495371179363,-6.0663705811444,-35.3884355342564,-48.054930536737,-11.8678316888105,2.18779693377039,0.404122748729183
0.0715458564470795,4.1332424089892,6.12843977765913,1.19474238111104,0.0503596270444273,9.1837790853833e-06,0.0269194760888463,4.96198670360799e-15,1.5655491673781e-20,8.13811939793597e-05,-5.08888203091636,-1.03240315909234,-0.638525149820984,-2.27353476348566,-5.44003082059125,-14.0495371179363,-6.0663705811444,-35.3884355342564,-48.054930536737,-11.8678316888105,2.45146534496807,0.271896971590457
0.727967947343051,42.0550978318178,62.355920341214,12.1563176677391,0.512401362552839,9.34435219820677e-05,0.273901476970128,5.04874419672486e-14,1.59292189713858e-19,0.000828040975053551,-5.08888203091636,-1.03240315909234,-0.638525149820984,-2.27353476348566,-5.44003082059125,-14.0495371179363,-6.0663705811444,-35.3884355342564,-48.054930536737,-11.8678316888105,4.7713837707867,0.242844283933707
0.00645235201529189,0.283195997194025,0.851091659946421,0.170871936559046,0.00436126671526216,5.54281744434929e-07,0.00205856622122572,8.01008640362351e-17,2.46253632266182e-21,7.12281303692134e-06,-5.31945593281741,-1.53776142317099,-0.437380819400361,-2.04298628376999,-5.71113810450036,-14.6817380872186,-6.4618909193278,-37.3393904046141,-47.7292404803067,-12.1283531928191,0.276145371706636,0.436329333327887
0.116961823720285,5.13349554140833,15.4277436296933,3.09739661989889,0.0790567079320399,1.0047468509208e-05,0.0373156422515247,1.4519888433001e-15,4.46384107056414e-20,0.000129115274684723,-5.31945593281741,-1.53776142317099,-0.437380819400361,-2.04298628376999,-5.71113810450036,-14.6817380872186,-6.4618909193278,-37.3393904046141,-47.7292404803067,-12.1283531928191,3.17354824239887,1.08349921329958
0.21960161199764,9.6383919147154,28.9663521207508,5.81551543136436,0.148432881335892,1.88646193342053e-05,0.0700619649259182,2.72618090629164e-15,8.38108250724159e-20,0.000242420317608008,-5.31945593281741,-1.53776142317099,-0.437380819400361,-2.04298628376999,-5.71113810450036,-14.6817380872186,-6.4618909193278,-37.3393904046141,-47.7292404803067,-12.1283531928191,3.80351570405226,1.27460016802657
0.0451466232539147,1.98150115834264,5.95502452982825,1.19557812813303,0.0305154561990945,3.87826780578931e-06,0.0144036334987077,5.60459739702123e-16,1.72301820087949e-20,4.98377887511167e-05,-5.31945593281741,-1.53776142317099,-0.437380819400361,-2.04298628376999,-5.71113810450036,-14.6817380872186,-6.4618909193278,-37.3393904046141,-47.7292404803067,-12.1283531928191,2.22161614139784,0.233734632828849
0.0721859400936325,3.16826627557759,9.5216211752674,1.91163646169671,0.0487918416562128,6.20104865697781e-06,0.0230302899736404,8.96131543825312e-16,2.75497212558728e-20,7.96867489502722e-05,-5.31945593281741,-1.53776142317099,-0.437380819400361,-2.04298628376999,-5.71113810450036,-14.6817380872186,-6.4618909193278,-37.3393904046141,-47.7292404803067,-12.1283531928191,2.69094594522537,0.144053850861635
0.00227344196278309,0.0997821665940171,0.299876307013509,0.0602055544884543,0.00153666240432445,1.95297369705885e-07,0.00072532168415654,2.82229898684351e-17,8.67657777745046e-22,2.50967430369851e-06,-5.31945593281741,-1.53776142317099,-0.437380819400361,-2.04298628376999,-5.71113810450036,-14.6817380872186,-6.4618909193278,-37.3393904046141,-47.7292404803067,-12.1283531928191,-0.767004379903665,0.171466597035247
9.04081873485508e-05,0.00396804711057273,0.0119252102273506,0.00239420013297911,6.11086030855034e-05,7.76640946990981e-09,2.88439378627971e-05,1.1223463793367e-18,3.45042311213316e-23,9.98024617944768e-08,-5.31945593281741,-1.53776142317099,-0.437380819400361,-2.04298628376999,-5.71113810450036,-14.6817380872186,-6.4618909193278,-37.3393904046141,-47.7292404803067,-12.1283531928191,-3.99171979383483,0.155622160830861
0.000448970258058156,0.0197054623864142,0.059221016040614,0.0118896825948113,0.000303467485650365,3.8568264292787e-08,0.000143240016258119,5.57361184135626e-18,1.71349232906513e-22,4.95622557434492e-07,-5.31945593281741,-1.53776142317099,-0.437380819400361,-2.04298628376999,-5.71113810450036,-14.6817380872186,-6.4618909193278,-37.3393904046141,-47.7292404803067,-12.1283531928191,-2.3890979800036,0.199464124814828
0.00204726349602189,0.089855114212738,0.270042440810346,0.05421587002427,0.00138378410251189,1.75867773364443e-07,0.00065316143150142,2.54151624946299e-17,7.81336899949878e-22,2.25999373328024e-06,-5.31945593281741,-1.53776142317099,-0.437380819400361,-2.04298628376999,-5.71113810450036,-14.6817380872186,-6.4618909193278,-37.3393904046141,-47.7292404803067,-12.1283531928191,-0.871795324749703,0.512644662081047
0.0121254781911141,0.53219149848749,1.59940023992206,0.321108323803443,0.00819583995358797,1.04162500557161e-06,0.00386852728451262,1.50528253520407e-16,4.62768156549678e-21,1.3385431224751e-05,-5.31945593281741,-1.53776142317099,-0.437380819400361,-2.04298628376999,-5.71113810450036,-14.6817380872186,-6.4618909193278,-37.3393904046141,-47.7292404803067,-12.1283531928191,0.907009528323542,0.376581647616057
0.00272248649764897,0.119490889015622,0.359107120469304,0.0720972040903272,0.00184018009507344,2.33872014660865e-07,0.000868585397777581,3.37975237978086e-17,1.03903535835121e-21,3.00537885601072e-06,-5.31945593281741,-1.53776142317099,-0.437380819400361,-2.04298628376999,-5.71113810450036,-14.6817380872186,-6.4618909193278,-37.3393904046141,-47.7292404803067,-12.1283531928191,-0.586753729893293,0.211108663863651
0.0653713899443665,2.8691732750134,8.62275409786965,1.73117275202554,0.0441857583744819,5.61565270596294e-06,0.0208561676199806,8.11534275467849e-16,2.49489522300358e-20,7.21641019327333e-05,-5.31945593281741,-1.53776142317099,-0.437380819400361,-2.04298628376999,-5.71113810450036,-14.6817380872186,-6.4618909193278,-37.3393904046141,-47.7292404803067,-12.1283531928191,2.59178535395937,0.524262897919374
0.139456407249383,6.12079071670093,18.3948713360259,3.69310079732081,0.094261222221811,1.19798393670434e-05,0.0444923414929479,1.7312413658757e-15,5.32234551781489e-20,0.000153947260360869,-5.31945593281741,-1.53776142317099,-0.437380819400361,-2.04298628376999,-5.71113810450036,-14.6817380872186,-6.4618909193278,-37.3393904046141,-47.7292404803067,-12.1283531928191,3.34945271342467,0.504596505230446
0.0428475442854067,2.66437817521655,10.4475919956327,1.70962847582579,0.0139474800387306,7.93818730841349e-06,0.027168980074152,1.16491318883737e-15,4.02352437747535e-20,8.62490669399729e-05,-5.85184773961964,-1.72177009421328,-0.355369273662685,-2.16546471317024,-6.97419722389773,-14.4455664019381,-6.30742018940551,-37.0878706211692,-47.3612844250019,-12.0600121146789,2.70174079448026,0.247886478567099
0.00417471442754847,0.259595227545168,1.01792795280832,0.166572222114686,0.00135892843141221,7.73432074992985e-07,0.00264712330634009,1.13499617711748e-16,3.92019322189255e-21,8.40340397849899e-06,-5.85184773961964,-1.72177009421328,-0.355369273662685,-2.16546471317024,-6.97419722389773,-14.4455664019381,-6.30742018940551,-37.0878706211692,-47.3612844250019,-12.0600121146789,0.373138416013698,0.502957827491225
0.00764305403804038,0.285113573276019,0.905692828586289,0.114259909401043,0.00117513587963546,5.19943760746039e-07,0.00198225862109825,1.40211214193319e-16,6.79076999248109e-21,4.67407213859334e-06,-5.14845754111958,-1.52936720401058,-0.373554600360982,-2.44377904724425,-7.02087102446796,-14.7440447122701,-6.49801789531225,-36.7778812440164,-46.7132221454181,-12.547979416589,0.274499528638844,0.351082402276751
0.0155302537260564,0.579334662777608,1.84031662681023,0.232169676530168,0.00238780967431318,1.05649632823168e-06,0.00402783745647985,2.84901260781742e-16,1.37984607270371e-20,9.49745034968471e-06,-5.14845754111958,-1.52936720401058,-0.373554600360982,-2.44377904724425,-7.02087102446796,-14.7440447122701,-6.49801789531225,-36.7778812440164,-46.7132221454181,-12.547979416589,0.983492236966018,0.482990649135066
0.00352491815740175,0.131492202771343,0.417698616367613,0.0526957976884959,0.000541963693953335,2.39794091989878e-07,0.000914202538854073,6.46643412857638e-17,3.13185126391869e-21,2.15564637752549e-06,-5.14845754111958,-1.52936720401058,-0.373554600360982,-2.44377904724425,-7.02087102446796,-14.7440447122701,-6.49801789531225,-36.7778812440164,-46.7132221454181,-12.547979416589,-0.499440519626233,0.949813122401649
0.0135581514237139,0.505768110521371,1.60662484554316,0.202687714310125,0.00208459473402098,9.22337615948284e-07,0.00351636432400564,2.48723201991545e-16,1.20462693817716e-20,8.29142087770175e-06,-5.14845754111958,-1.52936720401058,-0.373554600360982,-2.44377904724425,-7.02087102446796,-14.7440447122701,-6.49801789531225,-36.7778812440164,-46.7132221454181,-12.547979416589,0.847690209671681,0.381954160559632
0.0423176999291103,1.57860334096296,5.01459719600366,0.632628859601835,0.00650643673102887,2.8788000108011e-06,0.0109752757329759,7.7631481596202e-16,3.75988139556712e-20,2.58791814402402e-05,-5.14845754111958,-1.52936720401058,-0.373554600360982,-2.44377904724425,-7.02087102446796,-14.7440447122701,-6.49801789531225,-36.7778812440164,-46.7132221454181,-12.547979416589,1.98590769870932,0.272447722262244
0.0453162689466393,1.69046081613549,5.36992406425296,0.677455995792473,0.00696747312073953,3.08278748021722e-06,0.0117529673803686,8.31323324432285e-16,4.02630097605515e-20,2.77129415877839e-05,-5.14845754111958,-1.52936720401058,-0.373554600360982,-2.44377904724425,-7.02087102446796,-14.7440447122701,-6.49801789531225,-36.7778812440164,-46.7132221454181,-12.547979416589,2.05436836804676,0.646172236653707
0.351469132865528,7.55889363862153,14.5508970690439,2.03524537362577,0.0292883274485006,1.48431815196417e-05,0.0702082268692552,3.43428593951272e-15,1.09812918623197e-19,0.000125091449373862,-4.24822297634847,-1.17986475391583,-0.52493694335347,-2.4919732009542,-6.73315581223124,-14.3205595443871,-5.85887937224732,-36.5075569580173,-46.8580983640717,-12.1890550824565,3.20258958930025,0.266577530647148
0.020584985517831,0.442712322454164,0.852222791218251,0.119201069521369,0.00171537054037558,8.6934142446376e-07,0.00411198366568696,2.01140640011788e-16,6.4315671794545e-21,7.32640631275757e-06,-4.24822297634847,-1.17986475391583,-0.52493694335347,-2.4919732009542,-6.73315581223124,-14.3205595443871,-5.85887937224732,-36.5075569580173,-46.8580983640717,-12.1890550824565,0.365029649057765,0.4434907562364
0.0218217504331634,0.526621021084083,1.23747892210511,0.0627853055809793,0.00167783029247283,9.29868890958456e-07,0.00811844815015965,3.21923179946511e-16,1.74767612890207e-20,1.10968242043223e-05,-4.44462602579476,-1.26105205971438,-0.406701762828181,-3.38781216595287,-7.01003175833945,-14.5080001837029,-5.43339420308711,-36.2919966739073,-46.1131928262642,-12.0286295438028,0.6197779455015,0.152241637195599
0.0560082042150267,2.09541168032907,6.1518862184031,0.276438716597685,0.00720571637274739,7.1052464701178e-06,0.0360532366625674,6.75696051048915e-16,7.88077766072643e-20,5.58798123756713e-05,-5.03669788888941,-1.41469075355858,-0.33768205677725,-3.44020691612839,-7.08732142105648,-14.0091179010967,-5.47719943043745,-37.0852291213405,-46.1417160667226,-11.9467481749621,2.15444079375154,0.665684476320369
0.0132528969256652,0.495825127861992,1.45568519993795,0.0654120921868332,0.0017050469248571,1.68127331378809e-06,0.00853106854651532,1.5988604246711e-16,1.86478276701597e-20,1.32225163084517e-05,-5.03669788888941,-1.41469075355858,-0.33768205677725,-3.44020691612839,-7.08732142105648,-14.0091179010967,-5.47719943043745,-37.0852291213405,-46.1417160667226,-11.9467481749621,0.71315877434142,1.47320780391875
0.211122953090388,5.08405537147288,10.1469546989505,1.79618647304033,0.0175274804348857,1.61259085825927e-05,0.189405880413103,7.28377666239125e-16,4.17681368909789e-19,9.24255593669723e-05,-4.41438839062125,-1.232964546882,-0.541900160660445,-2.27340800012005,-6.90305911060648,-13.8941571421328,-4.52293684259475,-37.7147857793758,-45.1786418778355,-12.1481807925125,2.85907379147029,1.39917034848573
0.0309309331305057,0.74484831907164,1.48659713535335,0.263153403617576,0.00256789381420594,2.36255410762125e-06,0.0277492358638715,1.06712228861968e-16,6.11931308391451e-20,1.35409663159906e-05,-4.41438839062125,-1.232964546882,-0.541900160660445,-2.27340800012005,-6.90305911060648,-13.8941571421328,-4.52293684259475,-37.7147857793758,-45.1786418778355,-12.1481807925125,0.938389866988864,2.52784632645237
0.00775154220578588,0.173868582806624,0.49511833139209,0.0654804429473057,0.000845836020069337,6.7399225245148e-07,0.00350737209961987,1.58758721529227e-17,2.57559662809759e-20,2.29288135814082e-06,-4.56760436250533,-1.45719643774157,-0.410699393051449,-2.43374466326893,-6.7829259482374,-13.9177881223659,-5.36062911286602,-38.389472093243,-44.8133615537582,-12.6934421977031,-0.292259098613336,1.27128972967743
0.0164711640068429,0.369451377160489,1.05207131982928,0.1391386496252,0.00179730735376223,1.43215848340263e-06,0.00745277514489217,3.37344604519181e-17,5.47285602666287e-20,4.87211756003607e-06,-4.56760436250533,-1.45719643774157,-0.410699393051449,-2.43374466326893,-6.7829259482374,-13.9177881223659,-5.36062911286602,-38.389472093243,-44.8133615537582,-12.6934421977031,0.461460299583544,2.28097117762326
0.239122042882278,5.36355342072881,15.2735679852933,2.01996155999885,0.0260926189515458,2.07915276746773e-05,0.108196531650617,4.89743960745146e-16,7.94528251283597e-19,7.0731534434023e-05,-4.56760436250533,-1.45719643774157,-0.410699393051449,-2.43374466326893,-6.7829259482374,-13.9177881223659,-5.36062911286602,-38.389472093243,-44.8133615537582,-12.6934421977031,3.13682314479744,3.05083371275312
0.175418339285267,3.93466709464027,11.2045878273957,1.48183035743601,0.0191413716147314,1.52525263331374e-05,0.0793722555637454,3.59272910323857e-16,5.82860637503046e-19,5.18881829377116e-05,-4.56760436250533,-1.45719643774157,-0.410699393051449,-2.43374466326893,-6.7829259482374,-13.9177881223659,-5.36062911286602,-38.389472093243,-44.8133615537582,-12.6934421977031,2.82702271492413,0.782525277404294
0.0876957286182236,1.96703206255703,5.60143538807789,0.740801636895145,0.00956921914405013,7.62509447702579e-06,0.0396800460664213,1.79608926706369e-16,2.91385658403648e-19,2.59401156568838e-05,-4.56760436250533,-1.45719643774157,-0.410699393051449,-2.43374466326893,-6.7829259482374,-13.9177881223659,-5.36062911286602,-38.389472093243,-44.8133615537582,-12.6934421977031,2.133722277248,2.82009729165842
0.116407132944999,2.62274702869887,6.29908284853584,0.847074763692783,0.0110346685497699,7.10969030687109e-06,0.0573436603474595,1.5857812890908e-16,4.51710646346136e-19,4.66756974519839e-05,-4.44861021653132,-1.33372649783169,-0.457544707362953,-2.46391506996811,-6.8046620265589,-14.1520006230651,-5.15664173528268,-38.6782330257181,-44.5391938915508,-12.270235676482,2.29794875056522,2.84839047014084
0.0322831786499437,0.727366173695733,1.74692402248375,0.234919160315319,0.00306024353596486,1.97172970861621e-06,0.015903111644485,4.39784567837819e-17,1.25272868810916e-19,1.29445665513047e-05,-4.44861021653132,-1.33372649783169,-0.457544707362953,-2.46391506996811,-6.8046620265589,-14.1520006230651,-5.15664173528268,-38.6782330257181,-44.5391938915508,-12.270235676482,1.01540124729081,3.03203430127252
0.0497241783867248,0.447869467232339,1.7195384258031,0.337224267119711,0.00303104843463282,2.15593011632707e-06,0.0194014599654361,5.32084297705066e-17,8.55620361005554e-20,5.49815872803661e-06,-3.94781093868153,-1.74980041796808,-0.404491063440196,-2.03355405005684,-6.74539366244079,-13.9938352801804,-4.88895392095425,-38.4188617969251,-44.8515922327623,-13.0576442596568,0.946546961160127,3.03098525695194
0.0276932908567869,0.249435582936664,0.957676512919518,0.187813052247561,0.00168810644287499,1.20071968437576e-06,0.0108054128052234,2.96338033020361e-17,4.76527602648972e-20,3.06213423272872e-06,-3.94781093868153,-1.74980041796808,-0.404491063440196,-2.03355405005684,-6.74539366244079,-13.9938352801804,-4.88895392095425,-38.4188617969251,-44.8515922327623,-13.0576442596568,0.361245836219536,2.27906562390743
0.0423184528513357,0.407330707648994,1.49537959982017,0.116345311967622,0.00445667820128191,1.14601949948209e-06,0.00867451492270211,1.08268840001386e-16,5.78643712715275e-20,3.37032749630945e-06,-3.89225692645028,-1.62785474998969,-0.327344788481233,-2.88091755856227,-6.14307646438542,-14.4089408005782,-5.47709074742065,-37.4916391565871,-45.0259099830869,-13.3302255144245,0.729724876016641,1.26668322688105
0.136239415703389,1.31135459519511,4.8142034787984,0.374560416421202,0.0143477654122583,3.68947861923554e-06,0.0279266080149704,3.48559139259907e-16,1.86287720861894e-19,1.08503836479875e-05,-3.89225692645028,-1.62785474998969,-0.327344788481233,-2.88091755856227,-6.14307646438542,-14.4089408005782,-5.47709074742065,-37.4916391565871,-45.0259099830869,-13.3302255144245,1.89891539508312,2.59726435034247
0.0967164008068739,0.93093100828435,3.41760444888441,0.265900548486289,0.010185482836451,2.61916194417076e-06,0.0198251071469118,2.47442234272013e-16,1.32245707185823e-19,7.70269050545414e-06,-3.89225692645028,-1.62785474998969,-0.327344788481233,-2.88091755856227,-6.14307646438542,-14.4089408005782,-5.47709074742065,-37.4916391565871,-45.0259099830869,-13.3302255144245,1.55628464058098,3.841796023201
0.0325163988504172,0.443471127177812,1.36811648877184,0.114955324866062,0.00380297045198434,2.11471066551254e-06,0.00489882771793586,2.41878510591077e-17,2.14125061131137e-20,4.60294786759058e-06,-4.10291056895716,-1.49002241360969,-0.363464863879796,-2.84011153758799,-6.24887265179172,-13.7434923880661,-5.99565917579175,-38.9375810212024,-45.9672116357979,-12.9657134510053,0.676899832065868,2.31330283186895
0.016060359431762,0.219037345828132,0.675734193545665,0.0567782380957056,0.00187834675814524,1.04448876822275e-06,0.00241960785098805,1.19467590392843e-17,1.05759726374803e-20,2.27346815184667e-06,-4.10291056895716,-1.49002241360969,-0.363464863879796,-2.84011153758799,-6.24887265179172,-13.7434923880661,-5.99565917579175,-38.9375810212024,-45.9672116357979,-12.9657134510053,-0.0284906211987657,0.984206852082
0.0129340740332068,0.176399865707574,0.544196792308656,0.0457258717107262,0.00151271060483477,8.41170156399415e-07,0.00194861062786155,9.6212209027773e-18,8.51726971912056e-21,1.8309182626367e-06,-4.10291056895716,-1.49002241360969,-0.363464863879796,-2.84011153758799,-6.24887265179172,-13.7434923880661,-5.99565917579175,-38.9375810212024,-45.9672116357979,-12.9657134510053,-0.244979483094978,0.891273971592338
0.0234506459960341,0.319828910352281,0.986678002294029,0.0829051409165661,0.00274268113800425,1.525117570033e-06,0.00353300730309499,1.74441436519854e-17,1.54425803132901e-20,3.31962040069766e-06,-4.10291056895716,-1.49002241360969,-0.363464863879796,-2.84011153758799,-6.24887265179172,-13.7434923880661,-5.99565917579175,-38.9375810212024,-45.9672116357979,-12.9657134510053,0.350053332293175,0.563884645899792
0.0306370026440401,0.417839200410956,1.28904152875833,0.108311089677227,0.00358316480027909,1.99248374793065e-06,0.00461568325685524,2.2789831686482e-17,2.01748972701682e-20,4.33690479190138e-06,-4.10291056895716,-1.49002241360969,-0.363464863879796,-2.84011153758799,-6.24887265179172,-13.7434923880661,-5.99565917579175,-38.9375810212024,-45.9672116357979,-12.9657134510053,0.617363805128829,2.39700920438779
0.0437983764046411,1.15162152035087,1.71538609458159,0.25982505200841,0.0104992860415076,2.1764689748847e-06,0.00972627795712618,6.44645504755608e-17,1.9440134733738e-20,5.57539821401285e-06,-4.28845036976839,-1.01912087216434,-0.620653655778109,-2.50803859043501,-5.7167398592718,-14.1980985697401,-5.79321582773238,-38.4407080453038,-46.5472390622133,-13.2574386537409,1.16029183909441,1.0299464742599
0.0241928726056391,0.636120217661966,0.947526384820502,0.143519347039698,0.00579948186447939,1.20221435043725e-06,0.00537249603432457,3.56082299221889e-17,1.07381309915394e-20,3.07967805635433e-06,-4.28845036976839,-1.01912087216434,-0.620653655778109,-2.50803859043501,-5.7167398592718,-14.1980985697401,-5.79321582773238,-38.4407080453038,-46.5472390622133,-13.2574386537409,0.566753160141095,0.978684433080301
0.0245010436095641,0.644223174648075,0.959596061787573,0.145347509489889,0.00587335619009399,1.2175282657935e-06,0.00544093137573562,3.60618107822211e-17,1.08749142773394e-20,3.11890727455686e-06,-4.28845036976839,-1.01912087216434,-0.620653655778109,-2.50803859043501,-5.7167398592718,-14.1980985697401,-5.79321582773238,-38.4407080453038,-46.5472390622133,-13.2574386537409,0.579410803738473,1.7304381107853
0.0573874027878504,1.50892735011358,2.24760735048617,0.340439215742271,0.0137568285975323,2.85174730138474e-06,0.0127439845165823,8.44655310849997e-17,2.54716940168789e-20,7.30523935531804e-06,-4.28845036976839,-1.01912087216434,-0.620653655778109,-2.50803859043501,-5.7167398592718,-14.1980985697401,-5.79321582773238,-38.4407080453038,-46.5472390622133,-13.2574386537409,1.43051990639981,0.716114076100034
0.071623604132767,1.88324980639341,2.80517554893075,0.424892614669021,0.0171695110377183,3.55918563793777e-06,0.0159054088135706,1.05419054834395e-16,3.17905052368415e-20,9.11746387294569e-06,-4.28845036976839,-1.01912087216434,-0.620653655778109,-2.50803859043501,-5.7167398592718,-14.1980985697401,-5.79321582773238,-38.4407080453038,-46.5472390622133,-13.2574386537409,1.65211977708349,1.12214252853491
0.0195036860142041,0.512824136050477,0.763871963489173,0.115701691454921,0.00467539655888204,9.69195001970661e-07,0.00433117131123978,2.87064602556572e-17,8.65681139450799e-21,2.48275906772512e-06,-4.28845036976839,-1.01912087216434,-0.620653655778109,-2.50803859043501,-5.7167398592718,-14.1980985697401,-5.79321582773238,-38.4407080453038,-46.5472390622133,-13.2574386537409,0.351298564862156,1.33143819919896
0.0721250961558764,1.89643588892673,2.82481674373299,0.427867615152655,0.0172897280099073,3.58410623817569e-06,0.0160167748323696,1.06157174839989e-16,3.20130950517486e-20,9.18130226056431e-06,-4.28845036976839,-1.01912087216434,-0.620653655778109,-2.50803859043501,-5.7167398592718,-14.1980985697401,-5.79321582773238,-38.4407080453038,-46.5472390622133,-13.2574386537409,1.65909714879735,2.79961710317038
0.0551054475794593,1.25887912325791,2.08117057161432,0.175901841103238,0.0154585280190865,3.78943013258583e-06,0.00486570359576257,6.50209889319035e-17,1.41165989533511e-20,4.04710172008234e-06,-4.17704575071403,-1.04831730981241,-0.545608539915106,-3.01636821067708,-5.44813350271988,-13.7618339611151,-6.60408299994523,-38.5503605996202,-46.985474667294,-13.696048607843,1.27853905014455,2.00142000033953
0.0707174500561533,3.20858686179457,4.06751169893289,0.452809768315223,0.091984768188184,4.43925808382072e-06,0.0148650079123238,2.05198151678743e-16,6.57025086213055e-20,1.32669381498261e-05,-4.71674727189532,-0.901853743452495,-0.664652917389907,-2.85996753288575,-4.45381663250632,-14.3927076474154,-6.27642964394767,-38.1902399217445,-46.2368341988349,-13.2979198246909,2.06768435369422,1.29140087635479
0.265303894910146,3.41336516775273,6.81750704106827,0.606419440109578,0.195033133320808,5.00031047109634e-06,0.0144020180155574,1.89616781162148e-16,6.51696983166174e-20,2.16738264940485e-05,-3.75274851747834,-1.19817052329628,-0.506375312155727,-2.92605256762573,-4.06045500107263,-14.6318797339248,-6.6662561229357,-38.6273957604354,-46.6031615224032,-13.1652743584391,2.42586918068609,0.872981653839874
0.190036652475289,2.44498668357347,4.88336673967836,0.434377039332173,0.139701845653664,3.58171244936346e-06,0.0103161368719908,1.35822123370628e-16,4.66809253407641e-20,1.55249188281016e-05,-3.75274851747834,-1.19817052329628,-0.506375312155727,-2.92605256762573,-4.06045500107263,-14.6318797339248,-6.6662561229357,-38.6273957604354,-46.6031615224032,-13.1652743584391,2.09221019981706,0.75228204865861
0.029675973613507,0.38180719015,0.762582694570546,0.0678319755143606,0.0218157299203923,5.59317388272248e-07,0.0016109597891719,2.12098755517774e-17,7.2896564458624e-21,2.42435906701991e-06,-3.75274851747834,-1.19817052329628,-0.506375312155727,-2.92605256762573,-4.06045500107263,-14.6318797339248,-6.6662561229357,-38.6273957604354,-46.6031615224032,-13.1652743584391,0.235330987670473,0.748018982421508
0.0801662922399139,1.03140901739224,2.06003105226575,0.183240423485883,0.0589327313402517,1.51093277636189e-06,0.00435182598985479,5.72960841656124e-17,1.96921838716555e-20,6.5491323045504e-06,-3.75274851747834,-1.19817052329628,-0.506375312155727,-2.92605256762573,-4.06045500107263,-14.6318797339248,-6.6662561229357,-38.6273957604354,-46.6031615224032,-13.1652743584391,1.22909636875902,1.17972158838865
0.0316471334819828,0.407167874874988,0.813235536614032,0.0723375620765648,0.0232647907626965,5.96468789060701e-07,0.0017179641735099,2.26186938789375e-17,7.77385549618504e-21,2.58539167076607e-06,-3.75274851747834,-1.19817052329628,-0.506375312155727,-2.92605256762573,-4.06045500107263,-14.6318797339248,-6.6662561229357,-38.6273957604354,-46.6031615224032,-13.1652743584391,0.299640813695101,1.70442392044224
0.0994560642637283,1.27958869806477,2.55571980435699,0.227332097128612,0.0731132418831624,1.87449641370845e-06,0.00539897097917754,7.10827814236611e-17,2.44305561590811e-20,8.12499749151081e-06,-3.75274851747834,-1.19817052329628,-0.506375312155727,-2.92605256762573,-4.06045500107263,-14.6318797339248,-6.6662561229357,-38.6273957604354,-46.6031615224032,-13.1652743584391,1.44470921995348,0.988298552084508
0.0349955471138051,0.450248126154229,0.899279631515424,0.0799912119430798,0.0257263136230736,6.59577955816182e-07,0.0018997327580434,2.50118566897611e-17,8.59636549476238e-21,2.85893811120187e-06,-3.75274851747834,-1.19817052329628,-0.506375312155727,-2.92605256762573,-4.06045500107263,-14.6318797339248,-6.6662561229357,-38.6273957604354,-46.6031615224032,-13.1652743584391,0.400214066571937,1.30822872717705
0.0136842322624794,0.176059540203905,0.351643347839517,0.0312787886877903,0.0100597041598087,2.57913325751078e-07,0.000742848346195777,9.7803316274922e-18,3.36141800158021e-21,1.11792431792865e-06,-3.75274851747834,-1.19817052329628,-0.506375312155727,-2.92605256762573,-4.06045500107263,-14.6318797339248,-6.6662561229357,-38.6273957604354,-46.6031615224032,-13.1652743584391,-0.538762521244012,0.55118155948428
0.0152244214887851,0.125430217512317,0.341285254749809,0.0586947692003108,0.00355302607650554,2.13055705873312e-07,0.000550748064162498,6.08288921621877e-18,4.37332992844595e-21,4.0860740608579e-07,-3.57740607330937,-1.46855732056268,-0.467588236945731,-2.22795627659467,-5.03250723242662,-14.7542637852571,-6.89678469694822,-39.0336035004993,-46.2713138463327,-14.10306263896,-0.607448390251262,0.761947021932651
0.0091073240897143,0.122339543345002,0.235329698833843,0.048502233470643,0.00339378243549962,3.29899377463408e-07,0.000443936068936598,6.93796472252833e-18,2.81304421200968e-21,3.54681959346294e-07,-3.82907166632142,-1.23135028001748,-0.577163096496652,-2.15654075332948,-4.81620553907764,-14.0548734679316,-6.85022531695254,-38.6399185322042,-46.4504150286308,-13.9824396603565,-0.869604677828439,1.00011994438586
0.0200753461548292,0.703201827363634,0.723298325537535,0.323934617995982,0.0290489998761833,1.16829858967743e-06,0.00128478092362061,6.39740716614456e-17,2.36373758793837e-20,1.75609078453381e-06,-4.49651978729072,-0.940368345047225,-0.91219053123399,-1.71547059093478,-4.12702823501963,-14.2482190754546,-7.24542407369703,-37.8763108139832,-45.7797147809812,-13.8406773755398,0.588257011072659,0.875928100405803
0.0217931860508475,0.76337454591512,0.785190693955438,0.351653582650601,0.0315347119800682,1.26826946501534e-06,0.00139471914890535,6.94483091546971e-17,2.56600173327178e-20,1.90635881913886e-06,-4.49651978729072,-0.940368345047225,-0.91219053123399,-1.71547059093478,-4.12702823501963,-14.2482190754546,-7.24542407369703,-37.8763108139832,-45.7797147809812,-13.8406773755398,0.670361862769658,1.29818424127465
0.26900283153517,9.42266605231208,9.69195231373081,4.3406140447656,0.389246748708158,1.5654804967145e-05,0.0172156287463654,8.57230868600642e-16,3.16732822068215e-19,2.35310210757575e-05,-4.49651978729072,-0.940368345047225,-0.91219053123399,-1.71547059093478,-4.12702823501963,-14.2482190754546,-7.24542407369703,-37.8763108139832,-45.7797147809812,-13.8406773755398,3.18348641400807,0.420285174722263
0.0146272530291875,0.512365315153511,0.527007979918699,0.236024504175267,0.0211656161819932,8.51243059674162e-07,0.00093611415274905,4.66126425060042e-17,1.7222611020861e-20,1.27951887103184e-06,-4.49651978729072,-0.940368345047225,-0.91219053123399,-1.71547059093478,-4.12702823501963,-14.2482190754546,-7.24542407369703,-37.8763108139832,-45.7797147809812,-13.8406773755398,0.271650942839292,0.321805900625602
0.00729882482249086,0.255664181987117,0.262970697082077,0.11777341284471,0.010561390061701,4.24760135175426e-07,0.000467109798479318,2.32591527257947e-17,8.5938775090805e-21,6.38464657587961e-07,-4.49651978729072,-0.940368345047225,-0.91219053123399,-1.71547059093478,-4.12702823501963,-14.2482190754546,-7.24542407369703,-37.8763108139832,-45.7797147809812,-13.8406773755398,-0.423522139716692,0.491170464841847
0.00529460802503515,0.18546021621068,0.190760402802036,0.0854334871638388,0.00766129095246942,3.08123358911816e-07,0.00033884403965694,1.68723184447499e-17,6.23404642971259e-21,4.63145805246618e-07,-4.49651978729072,-0.940368345047225,-0.91219053123399,-1.71547059093478,-4.12702823501963,-14.2482190754546,-7.24542407369703,-37.8763108139832,-45.7797147809812,-13.8406773755398,-0.744546542755897,0.318985596526053
0.00248320496456552,0.0869820253824547,0.0894678467302381,0.0400688508879712,0.00359319436645674,1.44511822391866e-07,0.000158920017782424,7.91322506361655e-18,2.92380757374226e-21,2.17218339387544e-07,-4.49651978729072,-0.940368345047225,-0.91219053123399,-1.71547059093478,-4.12702823501963,-14.2482190754546,-7.24542407369703,-37.8763108139832,-45.7797147809812,-13.8406773755398,-1.50168544142541,0.946649989748362
0.00383660076064871,0.129063455040607,0.158467594115921,0.042766356992356,0.00707413783861244,2.06675047900585e-07,0.000235711859225389,1.92919570658304e-17,2.93037814959834e-21,4.17084920755092e-07,-4.48859833402164,-0.972880907044523,-0.767634971116319,-2.07743334809612,-3.87673951416593,-14.3175479050607,-7.278330245394,-37.4122732082002,-46.204585287898,-13.6154058000068,-1.07457018897927,0.648246846490515
0.0040853567719087,0.137431620580434,0.168742253661048,0.0455392252278667,0.00753280800567434,2.20075363375168e-07,0.000250994852053047,2.05428013909208e-17,3.12037685560242e-21,4.44127708815787e-07,-4.48859833402164,-0.972880907044523,-0.767634971116319,-2.07743334809612,-3.87673951416593,-14.3175479050607,-7.278330245394,-37.4122732082002,-46.204585287898,-13.6154058000068,-1.01174788339764,0.878613073138605
0.00468767137746814,0.15769351616578,0.193620356022615,0.0522531897631576,0.00864338917055336,2.52521637491574e-07,0.000287999665525225,2.35714791803218e-17,3.58042200218601e-21,5.09606593693795e-07,-4.48859833402164,-0.972880907044523,-0.767634971116319,-2.07743334809612,-3.87673951416593,-14.3175479050607,-7.278330245394,-37.4122732082002,-46.204585287898,-13.6154058000068,-0.87422099380575,0.433885291130444
0.469874061700621,10.054489620167,21.1783973245378,2.83457889631595,1.40395043225186,1.45682309141783e-05,0.0175600745334798,1.13551716823063e-15,1.33227705672528e-19,8.18890725712763e-05,-4.33766849694713,-1.27435865980808,-0.529396254909671,-2.54048453424234,-3.24308792261811,-14.7190452878181,-7.62450536921536,-37.9940661158623,-47.0446051387879,-12.9925229229798,3.58237792293459,0.210818864396753
0.175809421363252,1.77388513567837,2.49742519213823,1.02020716070052,0.140798855621577,3.33624603570097e-06,0.00737125189563343,2.253295178729e-16,3.78270941907397e-20,1.14601739527565e-05,-3.46388743900076,-1.152360602187,-0.810272457211876,-1.70552702980561,-3.68595569818493,-14.3361970596844,-6.63570045868983,-37.7545005543841,-46.446794064685,-13.1021654028753,1.72553273520604,0.64603559547481
0.191218679091999,1.92936174793787,2.71631828754528,1.10962577634721,0.153139524496783,3.62865968800694e-06,0.00801732375778152,2.45079088674477e-16,4.11425447450668e-20,1.24646296450907e-05,-3.46388743900076,-1.152360602187,-0.810272457211876,-1.70552702980561,-3.68595569818493,-14.3361970596844,-6.63570045868983,-37.7545005543841,-46.446794064685,-13.1021654028753,1.80954984985998,0.452068498028595
1.11217970921276,11.2216913011693,15.798844012085,6.45388452181014,0.89070101640996,2.11052690866983e-05,0.0466309298230433,1.42544646197964e-15,2.39296200915741e-19,7.24976672778503e-05,-3.46388743900076,-1.152360602187,-0.810272457211876,-1.70552702980561,-3.68595569818493,-14.3361970596844,-6.63570045868983,-37.7545005543841,-46.446794064685,-13.1021654028753,3.57020923077611,0.0961991891861354
0.712438334557434,7.18837342139759,10.1203987293291,4.13421922919186,0.570563860735145,1.3519580184714e-05,0.029870767922487,9.13110259934876e-16,1.53287985236672e-19,4.64404420498646e-05,-3.46388743900076,-1.152360602187,-0.810272457211876,-1.70552702980561,-3.68595569818493,-14.3361970596844,-6.63570045868983,-37.7545005543841,-46.446794064685,-13.1021654028753,3.12482552042637,0.18710486985272
0.654504132339427,6.60382784150189,9.29742613216247,3.79803196747417,0.524166635203126,1.24201922737443e-05,0.027441730874244,8.3885777816848e-16,1.40822882358948e-19,4.2663988944654e-05,-3.46388743900076,-1.152360602187,-0.810272457211876,-1.70552702980561,-3.68595569818493,-14.3361970596844,-6.63570045868983,-37.7545005543841,-46.446794064685,-13.1021654028753,3.04001005908344,0.148204754914854
0.470292254941836,4.04551658938714,6.26347850518392,2.82421252790659,0.513851759210094,9.94827714364056e-06,0.0134371808804905,2.66835367032221e-16,5.63110438672081e-20,5.81045647152316e-05,-3.40276179528156,-1.25075158382071,-0.813625134241123,-1.61013126222281,-3.31418129810945,-14.1664720099585,-6.95809055858424,-38.5082606453253,-46.9717571126941,-12.4016271674447,2.64836083677937,0.732530376259643
0.31188745130273,2.68289737925392,4.15380080523089,1.8729554612269,0.340775153839779,6.59747799496932e-06,0.0089112420063738,1.76959330430395e-16,3.73442423671465e-20,3.85336658379148e-05,-3.40276179528156,-1.25075158382071,-0.813625134241123,-1.61013126222281,-3.31418129810945,-14.1664720099585,-6.95809055858424,-38.5082606453253,-46.9717571126941,-12.4016271674447,2.23764890602504,0.308622084248666
0.0550789315984109,0.473796302545209,0.733555997425067,0.330761578591552,0.0601804635306109,1.16510631540037e-06,0.0015737141294907,3.12507951691067e-17,6.59494622929878e-21,6.80499691814293e-06,-3.40276179528156,-1.25075158382071,-0.813625134241123,-1.61013126222281,-3.31418129810945,-14.1664720099585,-6.95809055858424,-38.5082606453253,-46.9717571126941,-12.4016271674447,0.503773792702522,0.380826630680488
0.0682746912712888,0.587307984069277,0.909300667259925,0.410005132768296,0.0745984435223515,1.44424141270896e-06,0.00195074311033554,3.87378318757112e-17,8.17495736916427e-21,8.43533180846386e-06,-3.40276179528156,-1.25075158382071,-0.813625134241123,-1.61013126222281,-3.31418129810945,-14.1664720099585,-6.95809055858424,-38.5082606453253,-46.9717571126941,-12.4016271674447,0.718545661807724,0.777031648829937
0.206600728006569,1.77720696810839,2.75156395927579,1.24068461298164,0.225736542383399,4.37030650343465e-06,0.00590299185898485,1.17221537262133e-16,2.47376020666424e-20,2.55255008870098e-05,-3.40276179528156,-1.25075158382071,-0.813625134241123,-1.61013126222281,-3.31418129810945,-14.1664720099585,-6.95809055858424,-38.5082606453253,-46.9717571126941,-12.4016271674447,1.82579459672788,0.974030239974225
0.127149683949493,1.09375850941161,1.69341362522986,0.763562926150963,0.138926567669151,2.68964730200013e-06,0.00363291822090042,7.21424438275942e-17,1.52244298207018e-20,1.57093317228418e-05,-3.40276179528156,-1.25075158382071,-0.813625134241123,-1.61013126222281,-3.31418129810945,-14.1664720099585,-6.95809055858424,-38.5082606453253,-46.9717571126941,-12.4016271674447,1.34037152251361,1.19762094747849
0.0579224105820629,0.498256287329268,0.771426213884935,0.347837320078008,0.0632873117992629,1.22525554534035e-06,0.00165495795400984,3.28641340031579e-17,6.93541381748755e-21,7.15630848427204e-06,-3.40276179528156,-1.25075158382071,-0.813625134241123,-1.61013126222281,-3.31418129810945,-14.1664720099585,-6.95809055858424,-38.5082606453253,-46.9717571126941,-12.4016271674447,0.554110882676285,1.87126380935363
0.0391357882968923,0.336651261274549,0.52122093486598,0.23501935750835,0.0427606311886192,8.27854731012911e-07,0.00111818695868373,2.22049424045652e-17,4.68597360132292e-21,4.83522303394007e-06,-3.40276179528156,-1.25075158382071,-0.813625134241123,-1.61013126222281,-3.31418129810945,-14.1664720099585,-6.95809055858424,-38.5082606453253,-46.9717571126941,-12.4016271674447,0.162043866368366,0.275489558335383
0.00428814793995552,0.0368872194822384,0.0571107054533184,0.02575130890692,0.00468532564494774,9.07088808955291e-08,0.000122520876978106,2.43301801682447e-18,5.13446871001048e-22,5.29800282414704e-07,-3.40276179528156,-1.25075158382071,-0.813625134241123,-1.61013126222281,-3.31418129810945,-14.1664720099585,-6.95809055858424,-38.5082606453253,-46.9717571126941,-12.4016271674447,-2.04913855960475,0.382013599824892
0.00567653999668641,0.0488303527978675,0.0756016835902591,0.0340889206771805,0.00620231363130683,1.20078084447683e-07,0.000162189986990638,3.22076669894604e-18,6.79687767358415e-22,7.01335992949446e-07,-3.40276179528156,-1.25075158382071,-0.813625134241123,-1.61013126222281,-3.31418129810945,-14.1664720099585,-6.95809055858424,-38.5082606453253,-46.9717571126941,-12.4016271674447,-1.76865159209107,1.45658433842721
0.00782048506627396,0.067272853720669,0.104155319586917,0.046963801054323,0.0085448356143525,1.65429798214767e-07,0.000223446742540326,4.4372025715952e-18,9.36395768806069e-22,9.66220208525478e-07,-3.40276179528156,-1.25075158382071,-0.813625134241123,-1.61013126222281,-3.31418129810945,-14.1664720099585,-6.95809055858424,-38.5082606453253,-46.9717571126941,-12.4016271674447,-1.44824690213178,0.407824130739622
0.023506447403608,0.202205590097616,0.313065177022625,0.141161591640623,0.0256836663249269,4.97241132457995e-07,0.000671625743994191,1.33371354825758e-17,2.81457450552849e-21,2.90421940832739e-06,-3.40276179528156,-1.25075158382071,-0.813625134241123,-1.61013126222281,-3.31418129810945,-14.1664720099585,-6.95809055858424,-38.5082606453253,-46.9717571126941,-12.4016271674447,-0.347718742579283,0.455670052196021
0.0372852124513388,0.320732361474611,0.496574468952416,0.22390622640331,0.0407386509331566,7.88708771891874e-07,0.00106531234272212,2.11549589532531e-17,4.4643925386464e-21,4.60658455893115e-06,-3.40276179528156,-1.25075158382071,-0.813625134241123,-1.61013126222281,-3.31418129810945,-14.1664720099585,-6.95809055858424,-38.5082606453253,-46.9717571126941,-12.4016271674447,0.113603315316734,0.740412889559431
0.0572551856278769,0.49251672944234,0.762539932822995,0.343830481660528,0.0625582870005454,1.21114147331036e-06,0.00163589401599435,3.24855625644995e-17,6.85552278532692e-21,7.07387290273155e-06,-3.40276179528156,-1.25075158382071,-0.813625134241123,-1.61013126222281,-3.31418129810945,-14.1664720099585,-6.95809055858424,-38.5082606453253,-46.9717571126941,-12.4016271674447,0.542524733284648,0.586779692092835
0.0850621528589106,0.267949887184584,0.556741636972661,0.236676783168753,0.0354731616689664,8.9300746777498e-07,0.00129779465722785,1.30094688025357e-17,5.00810317046427e-21,1.34175550702969e-05,-2.63260900389942,-1.48519122838153,-0.75388991841978,-1.60929577705357,-3.50721480205339,-14.0969068178435,-6.81532479688586,-39.0490901364463,-46.9114656424669,-11.3871825528489,0.16823592430857,0.991951671134683
0.0803045551957799,0.337559474526803,0.466592803284229,0.226923322392355,0.0429362481248,6.348112154163e-07,0.00161010252413487,7.5940419667879e-18,6.39105648657472e-21,1.15725312259428e-05,-2.66684168516481,-1.2309263161211,-0.907211095997577,-1.62805585812801,-3.29295161792554,-14.4148509335593,-6.57637017517298,-39.5640804385365,-46.6443001165361,-11.5117890185028,0.144912752746636,1.53411356853153
0.0556576049350777,0.233956241081235,0.323386859530339,0.157276366172222,0.0297583210528781,4.39975935983437e-07,0.00111593234001226,5.26329031544271e-18,4.42952328395732e-21,8.02070778553071e-06,-2.66684168516481,-1.2309263161211,-0.907211095997577,-1.62805585812801,-3.29295161792554,-14.4148509335593,-6.57637017517298,-39.5640804385365,-46.6443001165361,-11.5117890185028,-0.221694868917101,3.86147852283485
0.0968240522927479,0.406999031796059,0.562575882208312,0.273603851988163,0.0517686888814061,7.65398602453384e-07,0.00194131765767769,9.15621678886077e-18,7.7057644607256e-21,1.39531234043747e-05,-2.66684168516481,-1.2309263161211,-0.907211095997577,-1.62805585812801,-3.29295161792554,-14.4148509335593,-6.57637017517298,-39.5640804385365,-46.6443001165361,-11.5117890185028,0.331981843699264,6.75617051356156
0.081982316314651,0.446322697498118,0.936897023040537,0.277295230324832,0.0966400383149446,5.34456357506162e-07,0.00485206568877294,3.0082117911779e-17,1.25179262853377e-20,2.03201163889188e-05,-3.11319438021317,-1.41865572213657,-0.677124574026135,-1.89461519746275,-2.94870481886394,-15.0539584314183,-5.94029342003706,-38.6545434385277,-46.4390679036221,-11.4158418780084,0.611942670539092,7.7860066459371
0.118339346283057,0.644255232439427,1.35238654169797,0.400268469581971,0.13949738764476,7.7147388372583e-07,0.00700383091797602,4.34227566201808e-17,1.80693017716264e-20,2.93315607311105e-05,-3.11319438021317,-1.41865572213657,-0.677124574026135,-1.89461519746275,-2.94870481886394,-15.0539584314183,-5.94029342003706,-38.6545434385277,-46.4390679036221,-11.4158418780084,0.978995414407012,16.263790522067
0.111102635645322,0.604857611610429,1.26968513781132,0.375791174559184,0.130966816361304,7.24296563278747e-07,0.0065755312923571,4.07673597921348e-17,1.69643243279078e-20,2.75378714449072e-05,-3.11319438021317,-1.41865572213657,-0.677124574026135,-1.89461519746275,-2.94870481886394,-15.0539584314183,-5.94029342003706,-38.6545434385277,-46.4390679036221,-11.4158418780084,0.915893520775442,11.5235468620842
0.176395852747157,0.960322620349312,2.01585850149947,0.596637553251549,0.207933890311856,1.14995390684748e-06,0.0104398643906499,6.4725675975326e-17,2.69339826073391e-20,4.37214318827956e-05,-3.11319438021317,-1.41865572213657,-0.677124574026135,-1.89461519746275,-2.94870481886394,-15.0539584314183,-5.94029342003706,-38.6545434385277,-46.4390679036221,-11.4158418780084,1.3781697340237,6.81682250299977
0.112910702628025,0.614700970144975,1.29034779592715,0.381906741585704,0.133098149926141,7.36083652704158e-07,0.0066825404641413,4.14308014538382e-17,1.72403990989788e-20,2.79860184744019e-05,-3.11319438021317,-1.41865572213657,-0.677124574026135,-1.89461519746275,-2.94870481886394,-15.0539584314183,-5.94029342003706,-38.6545434385277,-46.4390679036221,-11.4158418780084,0.932036365307527,4.40749440745704
0.205411830892987,1.11828948709273,2.34745420124893,0.69478057609769,0.242137671880999,1.33911389507933e-06,0.0121571546346487,7.53726315036181e-17,3.13644487353323e-20,5.09133249588422e-05,-3.11319438021317,-1.41865572213657,-0.677124574026135,-1.89461519746275,-2.94870481886394,-15.0539584314183,-5.94029342003706,-38.6545434385277,-46.4390679036221,-11.4158418780084,1.53045599635098,2.01090685818042
0.201193961831428,0.745605061079575,1.86085325511726,0.45668278070154,0.238272724532972,2.17714216390845e-06,0.00904526557126751,6.8232400257206e-17,3.11809878685812e-20,2.92372715912156e-05,-2.85958167840493,-1.54965505412503,-0.635060704573097,-2.03986208966272,-2.69043518637535,-14.2935933015957,-5.96160962587271,-38.4797079711915,-46.1705742334031,-11.6961620646902,1.25609582641985,5.76572474918589
0.27594587470507,1.0226283079833,2.55223752495786,0.626359400830413,0.326800937717508,2.98604089957914e-06,0.0124059574019143,9.35835708030678e-17,4.27660198807207e-20,4.01001322792553e-05,-2.85958167840493,-1.54965505412503,-0.635060704573097,-2.03986208966272,-2.69043518637535,-14.2935933015957,-5.96160962587271,-38.4797079711915,-46.1705742334031,-11.6961620646902,1.57203113976757,7.33727957762715
0.309500667435396,1.29393016191996,2.47491333123875,0.629595257541052,0.104322658415448,1.67632754583647e-06,0.0145692750351131,7.71786479813598e-17,1.70629261567609e-20,2.29594048847622e-05,-2.74699035177629,-1.31651109748541,-0.6679899436859,-2.03687343581457,-3.83446201926368,-14.8731004633344,-5.80303573879548,-38.674604157082,-47.0915742254334,-12.2559782279141,1.57419532141211,3.48627786753952
0.2808647366033,1.17421185912814,2.24592692046283,0.571343214349823,0.0946704128957234,1.5212286891772e-06,0.0132212819737852,7.00378477898054e-17,1.548421300804e-20,2.08351318236602e-05,-2.74699035177629,-1.31651109748541,-0.6679899436859,-2.03687343581457,-3.83446201926368,-14.8731004633344,-5.80303573879548,-38.674604157082,-47.0915742254334,-12.2559782279141,1.4771082618338,3.25153136325335
0.220860871958094,0.923353562312345,1.76610771436284,0.449281608060581,0.0744450520690128,1.19623381276907e-06,0.0103966909497022,5.50749813593471e-17,1.21761700236896e-20,1.63839200235198e-05,-2.74699035177629,-1.31651109748541,-0.6679899436859,-2.03687343581457,-3.83446201926368,-14.8731004633344,-5.80303573879548,-38.674604157082,-47.0915742254334,-12.2559782279141,1.23676803741809,3.88382910847722
0.240574561215249,1.18988301458773,1.78937021227704,0.498698758700328,0.0272111007540417,1.31020311699795e-06,0.00486761968950889,7.07884427124114e-17,1.14590769094558e-20,4.63479939150175e-06,-2.74664402826932,-1.1480638214061,-0.74005509540108,-2.01767187213203,-4.92604908960738,-14.8672471982549,-6.64706904812401,-38.5087547416712,-47.2374236103737,-13.6038364577405,1.32191881662794,3.33938505456349
0.295699854819354,1.46253299969982,2.19938679017264,0.61297067238268,0.0334462567521663,1.61042326970521e-06,0.00598298684712462,8.70089178473851e-17,1.40848116333388e-20,5.69681806863056e-06,-2.74664402826932,-1.1480638214061,-0.74005509540108,-2.01767187213203,-4.92604908960738,-14.8672471982549,-6.64706904812401,-38.5087547416712,-47.2374236103737,-13.6038364577405,1.52823368517273,1.24367251696614
0.158059990445287,0.779320241555187,1.12131229859334,0.21724142488519,0.0106351283046951,1.53043356704895e-06,0.00150543444511032,4.23080860195913e-17,5.04575644291547e-21,2.73197129419382e-06,-2.67249313667513,-1.07704572946806,-0.713212810439355,-2.35445849181995,-5.37130527104132,-14.2176719905674,-7.32638625961037,-38.5292659522734,-47.5634518761981,-13.6381996285805,0.827712505019915,1.46041926343202
1.42075789044122,5.31178799436628,7.25065969867146,1.63492012792917,0.141380071851018,1.21179032011126e-05,0.0196906641320446,3.28693257466018e-16,6.64683147596897e-20,4.70198186770265e-05,-2.40750568482894,-1.08876763904549,-0.777603682076872,-2.26710218798757,-4.71499960975147,-14.0795227352225,-6.68630679721592,-38.410102845886,-46.9162577282641,-12.7236375108785,2.75869613972405,3.55631070438834
0.445805110414805,1.66673171358782,2.27511046695126,0.513004892004862,0.0443622090477517,3.80235310387068e-06,0.00617853242736588,1.03137300818885e-16,2.0856413749233e-20,1.47538687611907e-05,-2.40750568482894,-1.08876763904549,-0.777603682076872,-2.26710218798757,-4.71499960975147,-14.0795227352225,-6.68630679721592,-38.410102845886,-46.9162577282641,-12.7236375108785,1.59963229020259,2.50915058611505
0.435693392579421,1.4483154734659,2.44103823225268,2.19364887707524,0.056968198508947,5.19038378377367e-06,0.0087839604140817,3.61140922824276e-16,1.3928234402708e-20,3.35440207347594e-05,-2.7155329189346,-1.51431526924251,-0.992292954066725,-1.09915009664237,-4.74997849563087,-14.053419324635,-6.61954430871057,-37.4419798316912,-47.6050853288397,-12.1873683378517,1.88471640789184,1.83070510440086
0.292909699736076,2.24566511985551,2.53334453709953,2.34918916597919,0.150878356266444,6.77340274386637e-06,0.00950959731907245,2.58101984727629e-16,1.72169675917699e-20,6.63564435822898e-05,-3.253611159756,-1.21671850575099,-1.09617986910928,-1.17165001739896,-3.91700160472972,-13.9282272266195,-6.68117399647887,-37.9188971276986,-47.5341118176843,-11.6461899371336,2.02572025026296,4.21568355800401
0.279771264598969,2.1449360366484,2.41971162255072,2.24381652208989,0.14411072276306,6.46958244468209e-06,0.00908304528727148,2.46524846148204e-16,1.64447022411654e-20,6.33800319758441e-05,-3.253611159756,-1.21671850575099,-1.09617986910928,-1.17165001739896,-3.91700160472972,-13.9282272266195,-6.68117399647887,-37.9188971276986,-47.5341118176843,-11.6461899371336,1.97982823794201,3.22890304450169
0.0739035258828814,0.566599776173561,0.639183658774315,0.592719744303997,0.038067849980901,1.7089852109628e-06,0.00239934960241704,6.51212531572984e-17,4.34398250105602e-21,1.67422763745905e-05,-3.253611159756,-1.21671850575099,-1.09617986910928,-1.17165001739896,-3.91700160472972,-13.9282272266195,-6.68117399647887,-37.9188971276986,-47.5341118176843,-11.6461899371336,0.648616419130878,1.98250916015397
0.137042861769321,1.02374047747663,2.01326863774535,0.804366253121662,0.0701129351215896,3.40029258284259e-06,0.00240056561739745,5.95316643849386e-17,2.99711353220365e-21,7.258708775884e-05,-3.38642721193897,-1.37550261495292,-0.699206080292541,-1.61666624430556,-4.05661364760291,-13.990614745752,-7.43101656496404,-38.7589889978438,-48.6556029527928,-10.9296891759976,1.39896566948467,1.41130467243243
0.0544786690180318,0.406967702751929,0.800334978006607,0.319759835042347,0.0278720054226632,1.35171881113342e-06,0.000954297203355246,2.36656313086834e-17,1.19144298376684e-21,2.88555556848559e-05,-3.38642721193897,-1.37550261495292,-0.699206080292541,-1.61666624430556,-4.05661364760291,-13.990614745752,-7.43101656496404,-38.7589889978438,-48.6556029527928,-10.9296891759976,0.476481163846785,1.475634730325
0.0618971174158486,0.46238515249623,0.909317885304594,0.363302048512557,0.0316673814422804,1.5357845460256e-06,0.0010842453956822,2.68882185676914e-17,1.35368370024047e-21,3.27848633330949e-05,-3.38642721193897,-1.37550261495292,-0.699206080292541,-1.61666624430556,-4.05661364760291,-13.990614745752,-7.43101656496404,-38.7589889978438,-48.6556029527928,-10.9296891759976,0.604145543159945,0.698018799342208
0.018008532600773,0.134527720198965,0.264559667164417,0.10570018536745,0.00921340273817662,4.46825752466848e-07,0.000315453600596616,7.82293878727539e-18,3.93844787361191e-22,9.53852626414481e-06,-3.38642721193897,-1.37550261495292,-0.699206080292541,-1.61666624430556,-4.05661364760291,-13.990614745752,-7.43101656496404,-38.7589889978438,-48.6556029527928,-10.9296891759976,-0.630482388089057,0.600730289526086
0.0187570972989149,0.140119664001101,0.275556677958231,0.110093848588501,0.00959637830828314,4.65399058350915e-07,0.000328566130892296,8.14811663167277e-18,4.10215821631531e-22,9.93501631649542e-06,-3.38642721193897,-1.37550261495292,-0.699206080292541,-1.61666624430556,-4.05661364760291,-13.990614745752,-7.43101656496404,-38.7589889978438,-48.6556029527928,-10.9296891759976,-0.589755863639568,0.704676322673162
0.297619047495339,2.22328008810762,4.37226052186939,1.74686017936802,0.152265829088672,7.38449144045547e-06,0.00521336203342353,1.29286246808544e-16,6.50889848017994e-21,0.000157639001698684,-3.38642721193897,-1.37550261495292,-0.699206080292541,-1.61666624430556,-4.05661364760291,-13.990614745752,-7.43101656496404,-38.7589889978438,-48.6556029527928,-10.9296891759976,2.17448623754819,1.05376412515442
0.0815012692475721,0.608832501140447,1.19731846806273,0.478367641502397,0.0416971240187677,2.02220062932759e-06,0.00142764929310439,3.54042972041842e-17,1.78242451886943e-21,4.31685365217228e-05,-3.38642721193897,-1.37550261495292,-0.699206080292541,-1.61666624430556,-4.05661364760291,-13.990614745752,-7.43101656496404,-38.7589889978438,-48.6556029527928,-10.9296891759976,0.879290526672221,1.30539718877625
0.726700117964158,5.42861055396822,10.6758027207996,4.26533015644273,0.371789362582316,1.80308042984659e-05,0.0127295307090118,3.15679831642441e-16,1.58928581123074e-20,0.000384909104757415,-3.38642721193897,-1.37550261495292,-0.699206080292541,-1.61666624430556,-4.05661364760291,-13.990614745752,-7.43101656496404,-38.7589889978438,-48.6556029527928,-10.9296891759976,3.06718583290796,2.05737272210038
0.192412335625652,2.32420347086144,3.75251366020714,1.21091843223383,0.152717333542215,1.04243495657918e-05,0.013497149664288,1.92754524202203e-16,6.00306964592245e-21,0.000189438400844288,-3.68235771755301,-1.19086570206269,-0.711817164411785,-1.84286398263434,-3.91340964872395,-13.5056092732221,-6.33951984103444,-38.2193572790844,-48.5962590960454,-10.6056897370191,2.03424308922568,0.712744847833611
0.0350280899502402,0.423114287216941,0.683133883292027,0.22044407718855,0.027801733599269,1.89772164594328e-06,0.00245711570921497,3.50903843566793e-17,1.09284086621156e-21,3.44866940221203e-05,-3.68235771755301,-1.19086570206269,-0.711817164411785,-1.84286398263434,-3.91340964872395,-13.5056092732221,-6.33951984103444,-38.2193572790844,-48.5962590960454,-10.6056897370191,0.330752748180056,0.854661649986959
0.0297303806937561,0.359121746398298,0.579815526451125,0.18710373148549,0.0235969510477687,1.61070692306727e-06,0.00208549725512706,2.97832535858025e-17,9.27557712576369e-22,2.92708664275794e-05,-3.68235771755301,-1.19086570206269,-0.711817164411785,-1.84286398263434,-3.91340964872395,-13.5056092732221,-6.33951984103444,-38.2193572790844,-48.5962590960454,-10.6056897370191,0.166771880536102,0.611718895600894
0.022655030374178,0.27365657226145,0.441828797904664,0.142576065997569,0.0179812579001878,1.22738469587278e-06,0.00158918259900019,2.26953203720634e-17,7.06813961404606e-22,2.23048730800339e-05,-3.68235771755301,-1.19086570206269,-0.711817164411785,-1.84286398263434,-3.91340964872395,-13.5056092732221,-6.33951984103444,-38.2193572790844,-48.5962590960454,-10.6056897370191,-0.105015642583576,0.940062524411128
0.029153234995162,0.352150238924501,0.568559766206535,0.183471550823894,0.0231388715183662,1.57943882119129e-06,0.00204501221113705,2.92050814838625e-17,9.09551352364383e-22,2.8702641122064e-05,-3.68235771755301,-1.19086570206269,-0.711817164411785,-1.84286398263434,-3.91340964872395,-13.5056092732221,-6.33951984103444,-38.2193572790844,-48.5962590960454,-10.6056897370191,0.147168322745401,1.12070793445628
0.0263210677630127,0.475675870145436,0.524172044652519,0.277769364749205,0.0380407482060986,1.19270356688663e-06,0.00178273794751644,5.51642722361912e-17,9.41491384525977e-22,4.54117534205868e-05,-3.93289330547784,-1.03852630240519,-0.941443019693345,-1.57647183345704,-3.5646050732018,-13.9347956234014,-6.62511262432559,-37.7317238728928,-48.7100847352308,-10.2952473011396,0.295507700633458,1.02555828845826
0.222793522812795,4.02633752478943,4.43683126534201,2.35116659624693,0.321994243530687,1.00955869925409e-05,0.0150899071099757,4.669355611088e-16,7.96921250099122e-21,0.000384385793645345,-3.93289330547784,-1.03852630240519,-0.941443019693345,-1.57647183345704,-3.5646050732018,-13.9347956234014,-6.62511262432559,-37.7317238728928,-48.7100847352308,-10.2952473011396,2.43138346237038,0.787034797961739
0.216371648869439,3.9102810447304,4.30894257838988,2.28339579523664,0.312712975312769,9.80458846515212e-06,0.0146549506531911,4.53476456574463e-16,7.73950529288635e-21,0.000373306130820131,-3.93289330547784,-1.03852630240519,-0.941443019693345,-1.57647183345704,-3.5646050732018,-13.9347956234014,-6.62511262432559,-37.7317238728928,-48.7100847352308,-10.2952473011396,2.402135552267,0.931091749194901
0.68459538849045,12.3720477470658,13.6334045326606,7.22461671704847,0.989417337894526,3.10215136056942e-05,0.0463679585017333,1.4347900595202e-15,2.44876334787492e-20,0.00118113281934124,-3.93289330547784,-1.03852630240519,-0.941443019693345,-1.57647183345704,-3.5646050732018,-13.9347956234014,-6.62511262432559,-37.7317238728928,-48.7100847352308,-10.2952473011396,3.5539660165049,0.915755243827209
0.178610284662472,3.2278554707091,3.55694225441181,1.8848956187897,0.258138040866736,8.09348334640601e-06,0.0120973561996581,3.74335359644866e-16,6.38880024592903e-21,0.000308156427334262,-3.93289330547784,-1.03852630240519,-0.941443019693345,-1.57647183345704,-3.5646050732018,-13.9347956234014,-6.62511262432559,-37.7317238728928,-48.7100847352308,-10.2952473011396,2.21034427817641,0.503104417092147
0.0474740850007176,0.857954430093756,0.945424723149047,0.500999676435227,0.0686123272082831,2.15122391784587e-06,0.00321544147131183,9.94972306109782e-17,1.6981241953732e-21,8.19070662836135e-05,-3.93289330547784,-1.03852630240519,-0.941443019693345,-1.57647183345704,-3.5646050732018,-13.9347956234014,-6.62511262432559,-37.7317238728928,-48.7100847352308,-10.2952473011396,0.885322009721692,1.13948454146293
0.0346392216013351,0.626002030948371,0.689824279752747,0.36555183346819,0.0500626311537148,1.56962945158878e-06,0.00234613030812937,7.25976418460877e-17,1.23902757281645e-21,5.976306904431e-05,-3.93289330547784,-1.03852630240519,-0.941443019693345,-1.57647183345704,-3.5646050732018,-13.9347956234014,-6.62511262432559,-37.7317238728928,-48.7100847352308,-10.2952473011396,0.570124638844356,2.32184147152257
0.0696824640811018,1.25930555075104,1.38769445079823,0.735367347413092,0.100709176936,3.15756656254537e-06,0.00471962513498017,1.46042039527751e-16,2.49250676969455e-21,0.000120223195543633,-3.93289330547784,-1.03852630240519,-0.941443019693345,-1.57647183345704,-3.5646050732018,-13.9347956234014,-6.62511262432559,-37.7317238728928,-48.7100847352308,-10.2952473011396,1.26908672123189,1.56480083569071
0.0916750503869138,1.65675685181362,1.82566676388629,0.967457731525163,0.132494150311432,4.15413084968512e-06,0.00620919305541601,1.92134585205423e-16,3.27917054476612e-21,0.000158167017404992,-3.93289330547784,-1.03852630240519,-0.941443019693345,-1.57647183345704,-3.5646050732018,-13.9347956234014,-6.62511262432559,-37.7317238728928,-48.7100847352308,-10.2952473011396,1.54338829007839,4.43365184581931
0.100376852783621,1.81401633171602,1.9989591848288,1.05928888919966,0.145070504617906,4.54844124964084e-06,0.00679857010820406,2.10372013894848e-16,3.5904296494541e-21,0.000173180242108179,-3.93289330547784,-1.03852630240519,-0.941443019693345,-1.57647183345704,-3.5646050732018,-13.9347956234014,-6.62511262432559,-37.7317238728928,-48.7100847352308,-10.2952473011396,1.63406965720866,2.26139065201627
0.104722146971898,0.816050659821674,1.85146864366604,1.3195674939293,0.0994132653186474,1.70642432892454e-06,0.00609163439725121,2.51911601573269e-16,5.1575351317322e-21,0.000358671157929669,-3.69097527073544,-1.63780945799857,-0.818551429578245,-1.15722658837514,-3.74300033548211,-14.7156410276022,-6.53536947450155,-37.3519840504976,-48.1483587903276,-9.36763519904857,1.43453061516826,1.16622223169361
0.0560879362848981,0.437067026763782,0.991624582976651,0.706744653955482,0.0532445624187046,9.13940573252411e-07,0.00326260692531072,1.34920857402396e-16,2.76231446948224e-21,0.000192100005919362,-3.69097527073544,-1.63780945799857,-0.818551429578245,-1.15722658837514,-3.74300033548211,-14.7156410276022,-6.53536947450155,-37.3519840504976,-48.1483587903276,-9.36763519904857,0.81014074167277,0.637634285847842
0.0296311752151369,0.230901874959582,0.52387382585388,0.373372173426799,0.028129024934489,4.8283347643077e-07,0.00172363049642158,7.12784928573551e-17,1.45932671918569e-21,0.00010148615390861,-3.69097527073544,-1.63780945799857,-0.818551429578245,-1.15722658837514,-3.74300033548211,-14.7156410276022,-6.53536947450155,-37.3519840504976,-48.1483587903276,-9.36763519904857,0.172047015567308,0.988529446528277
0.0333119313345926,0.259584284046654,0.588948929231801,0.419752106122587,0.0316231853891527,5.42810587029567e-07,0.00193773822084768,8.01326387650161e-17,1.64060288231215e-21,0.000114092666452477,-3.69097527073544,-1.63780945799857,-0.818551429578245,-1.15722658837514,-3.74300033548211,-14.7156410276022,-6.53536947450155,-37.3519840504976,-48.1483587903276,-9.36763519904857,0.289135622902299,1.5902214500575
0.0424199306585023,0.330558658358579,0.749976712201869,0.53451885021719,0.0402694553472435,6.91223430764699e-07,0.00246754594133452,1.02042146573618e-16,2.08916918706394e-21,0.000145287373192074,-3.69097527073544,-1.63780945799857,-0.818551429578245,-1.15722658837514,-3.74300033548211,-14.7156410276022,-6.53536947450155,-37.3519840504976,-48.1483587903276,-9.36763519904857,0.530838306246882,1.50826475725189
0.0109960495790253,0.0856870659537133,0.194408170462986,0.138557411260968,0.0104386056423193,1.79178206962703e-07,0.000639634650227766,2.6451257356046e-17,5.41552228004942e-22,3.76612392813092e-05,-3.69097527073544,-1.63780945799857,-0.818551429578245,-1.15722658837514,-3.74300033548211,-14.7156410276022,-6.53536947450155,-37.3519840504976,-48.1483587903276,-9.36763519904857,-0.819243929130165,0.974482388280415
0.190432116905496,1.48394832559794,3.36680543125312,2.39956913159993,0.180778174536453,3.10304941879528e-06,0.0110773400586811,4.58088961578729e-16,9.37872610092491e-21,0.000652226008084246,-3.69097527073544,-1.63780945799857,-0.818551429578245,-1.15722658837514,-3.74300033548211,-14.7156410276022,-6.53536947450155,-37.3519840504976,-48.1483587903276,-9.36763519904857,2.03251578111184,1.350605498783
0.0556536009557556,0.433682454902151,0.983945612806573,0.701271744944598,0.0528322456876038,9.06863174688771e-07,0.00323734185858461,1.33876053494647e-16,2.74092358146306e-21,0.000190612416522679,-3.69097527073544,-1.63780945799857,-0.818551429578245,-1.15722658837514,-3.74300033548211,-14.7156410276022,-6.53536947450155,-37.3519840504976,-48.1483587903276,-9.36763519904857,0.802366774582798,1.29553340177706
0.0529292692916749,0.412453013792214,0.935779921051367,0.66694338546618,0.0502460238198463,8.62470790020663e-07,0.00307886886166555,1.27322609237058e-16,2.60675104323428e-21,0.000181281637687497,-3.69097527073544,-1.63780945799857,-0.818551429578245,-1.15722658837514,-3.74300033548211,-14.7156410276022,-6.53536947450155,-37.3519840504976,-48.1483587903276,-9.36763519904857,0.752176472345121,0.897542987763805
0.140092467862505,1.09167500992815,2.47680952846415,1.76525665373632,0.13299049035441,2.28277592058734e-06,0.00814910809893968,3.36995745103141e-16,6.89951309808254e-21,0.000479813765458355,-3.69097527073544,-1.63780945799857,-0.818551429578245,-1.15722658837514,-3.74300033548211,-14.7156410276022,-6.53536947450155,-37.3519840504976,-48.1483587903276,-9.36763519904857,1.72552268107074,1.82466197903746
0.0413643614403553,0.322333101665328,0.731314439080762,0.521217988191959,0.0392673981341308,6.74023162752688e-07,0.00240614401305216,9.95029498515891e-17,2.03718271157629e-21,0.000141672070749417,-3.69097527073544,-1.63780945799857,-0.818551429578245,-1.15722658837514,-3.74300033548211,-14.7156410276022,-6.53536947450155,-37.3519840504976,-48.1483587903276,-9.36763519904857,0.50563966707952,0.673756427827722
0.00494659481707879,0.0412756568251589,0.0838589208884186,0.0448803725712773,0.00252161343304376,7.64805416350095e-08,0.000147853331269051,1.56310227697785e-17,2.86642943938935e-22,1.49063438381158e-05,-3.58109335202632,-1.4595198730734,-0.750656902495965,-1.37579221346362,-4.25489382828484,-14.6582669833411,-7.09132727766958,-36.9693115924346,-47.8758423855638,-9.38576117183648,-1.72796250283948,0.719331357308951
0.050157363056336,0.560124617786194,1.80276469306145,0.686293982970153,0.0260448316777475,1.58692025356586e-06,0.00169069731993364,3.73398819404921e-16,6.8674743972756e-21,0.00053628039659749,-4.13286038522665,-1.71986641878849,-0.550949003398595,-1.51671962699249,-4.78820636109322,-14.4939857980236,-7.5228846503442,-36.6641550350739,-47.5677609725344,-8.67112383623691,1.14027043054009,0.300808648601612
0.0470896575078805,0.525866489106677,1.69250468506915,0.644319131599589,0.0244518875958054,1.48986164102771e-06,0.00158729153396172,3.50561142934795e-16,6.4474485420739e-21,0.000503480619098776,-4.13286038522665,-1.71986641878849,-0.550949003398595,-1.51671962699249,-4.78820636109322,-14.4939857980236,-7.5228846503442,-36.6641550350739,-47.5677609725344,-8.67112383623691,1.07715849733445,0.166010060562665
0.0043170931632649,0.0482104722153188,0.155165715602902,0.0590699925461097,0.00224170406741878,1.36587774154335e-07,0.000145519967483893,3.2138800610662e-17,5.9109022011535e-22,4.61581768392339e-05,-4.13286038522665,-1.71986641878849,-0.550949003398595,-1.51671962699249,-4.78820636109322,-14.4939857980236,-7.5228846503442,-36.6641550350739,-47.5677609725344,-8.67112383623691,-1.31231259685792,0.761901036774506
0.155936168239367,1.74139311382889,5.60468496235488,2.13364593888036,0.0809717857317501,4.93363782630606e-06,0.0052562743664754,1.16087404869565e-15,2.13505570815257e-20,0.00166726289126033,-4.13286038522665,-1.71986641878849,-0.550949003398595,-1.51671962699249,-4.78820636109322,-14.4939857980236,-7.5228846503442,-36.6641550350739,-47.5677609725344,-8.67112383623691,2.27455185180514,1.48107964428073
0.138353657728269,1.54504313887728,4.97273130224743,1.89306767810291,0.071841849490496,4.37734777558594e-06,0.00466360558192565,1.02998023237512e-15,1.89431848949302e-20,0.00147927143526052,-4.13286038522665,-1.71986641878849,-0.550949003398595,-1.51671962699249,-4.78820636109322,-14.4939857980236,-7.5228846503442,-36.6641550350739,-47.5677609725344,-8.67112383623691,2.15491825035181,2.15146210436289
0.0532374654480925,0.594521186301712,1.91347027055833,0.728438458069856,0.0276442129740375,1.68437108771448e-06,0.00179452097695116,3.96328784750914e-16,7.28919761052781e-21,0.000569212720618527,-4.13286038522665,-1.71986641878849,-0.550949003398595,-1.51671962699249,-4.78820636109322,-14.4939857980236,-7.5228846503442,-36.6641550350739,-47.5677609725344,-8.67112383623691,1.19986749247918,0.583277997355339
0.0449710164724835,0.502206892033263,1.61635611937212,0.615330155583575,0.0233517570109797,1.42283031872054e-06,0.00151587668074418,3.34788821322283e-16,6.15736724232009e-21,0.000480828199085502,-4.13286038522665,-1.71986641878849,-0.550949003398595,-1.51671962699249,-4.78820636109322,-14.4939857980236,-7.5228846503442,-36.6641550350739,-47.5677609725344,-8.67112383623691,1.03112331011799,0.717402760536107
0.00959851951228532,0.151755923441969,0.469457050554394,0.0552230306070639,0.00449431956470397,3.81379329775555e-07,0.000648791295055134,3.92231533878359e-17,1.72189107824828e-21,0.000107318390153472,-4.27694379959106,-1.51627920531008,-0.386975853355355,-2.52717258128886,-5.03573838827592,-14.4102687306277,-6.97119686196548,-37.4080618435309,-47.4416611916395,-8.77050792267259,-0.369202610280307,0.532149453332532
0.0476495637683859,0.75335613393536,2.33050770363897,0.274141581420645,0.0223109789400093,1.89326683878959e-06,0.00322076984336335,1.94714002108214e-16,8.54791810655716e-21,0.000532756584866375,-4.27694379959106,-1.51627920531008,-0.386975853355355,-2.52717258128886,-5.03573838827592,-14.4102687306277,-6.97119686196548,-37.4080618435309,-47.4416611916395,-8.77050792267259,1.23306199575402,0.791098045461726
0.0437642486068121,0.691927953323438,2.14047958587642,0.251788251012652,0.0204917558896886,1.73889106340139e-06,0.00295815031624269,1.7883714606313e-16,7.85092629398296e-21,0.000489315951355624,-4.27694379959106,-1.51627920531008,-0.386975853355355,-2.52717258128886,-5.03573838827592,-14.4102687306277,-6.97119686196548,-37.4080618435309,-47.4416611916395,-8.77050792267259,1.14800576283095,0.824695898450639
0.0844720583366907,1.33553254765184,4.13147082841735,0.485991934172576,0.0395523938840245,3.35634020975579e-06,0.00570970721621067,3.45184535686523e-16,1.51535539855964e-20,0.000944458705536916,-4.27694379959106,-1.51627920531008,-0.386975853355355,-2.52717258128886,-5.03573838827592,-14.4102687306277,-6.97119686196548,-37.4080618435309,-47.4416611916395,-8.77050792267259,1.80560932971677,1.06345528190512
0.130652083622949,2.06565476836722,6.39010440598794,0.751678840007792,0.0611752900897269,5.1912176687378e-06,0.00883114676454961,5.33893451987487e-16,2.34378496451418e-20,0.00146078478734825,-4.27694379959106,-1.51627920531008,-0.386975853355355,-2.52717258128886,-5.03573838827592,-14.4102687306277,-6.97119686196548,-37.4080618435309,-47.4416611916395,-8.77050792267259,2.24172646057657,1.30291337158146
0.0905522496691338,1.4316624819795,4.42884884448344,0.520973015538151,0.0423993248953713,3.59792530965649e-06,0.00612068468036124,3.70030479579698e-16,1.62442875300743e-20,0.00101243964205402,-4.27694379959106,-1.51627920531008,-0.386975853355355,-2.52717258128886,-5.03573838827592,-14.4102687306277,-6.97119686196548,-37.4080618435309,-47.4416611916395,-8.77050792267259,1.87511554912595,3.03031462725743
0.0543565880154491,0.859396514106282,2.65854369054227,0.31272901199302,0.0254514122387007,2.15975797930969e-06,0.00367411673104211,2.22121420562883e-16,9.75110003454427e-21,0.000607745966717801,-4.27694379959106,-1.51627920531008,-0.386975853355355,-2.52717258128886,-5.03573838827592,-14.4102687306277,-6.97119686196548,-37.4080618435309,-47.4416611916395,-8.77050792267259,1.36475434146592,2.03746803290923
0.0259290031585837,0.409946535319772,1.26816988089303,0.149176978095886,0.0121407500437688,1.03024074011748e-06,0.00175261523584077,1.05955638969229e-16,4.65143808370574e-21,0.000289905008131923,-4.27694379959106,-1.51627920531008,-0.386975853355355,-2.52717258128886,-5.03573838827592,-14.4102687306277,-6.97119686196548,-37.4080618435309,-47.4416611916395,-8.77050792267259,0.624550675864163,2.64492850848076
0.0876453535591872,1.70213990401612,3.40949223215829,0.993443932917227,0.0355497890635895,4.16759486462249e-06,0.00671817050290723,3.08427736551812e-16,1.14904181351071e-20,0.00142518309798485,-4.26486277694189,-1.29851987007023,-0.60384272193518,-1.83698374910351,-5.1672271528818,-14.2185775562414,-6.83334550472174,-37.545450195927,-47.743179567075,-8.38386108031935,1.83040609661765,2.96005713147145
0.0486903035209932,1.57791561271513,3.81875156602362,0.318272992120622,0.0315191883608336,2.53047826832624e-06,0.0159336067726073,2.79694600381712e-16,3.56112425526021e-20,0.00160898583085909,-4.78231965695441,-1.30393953826452,-0.420120727865703,-2.90489008057625,-5.21720304618895,-14.6471465161177,-5.89936904873079,-37.5728776607977,-46.541669844724,-8.19219549908039,1.76004428189141,4.28703411779291
0.0460257810644951,1.49156594387962,3.60977465342191,0.300855858246387,0.0297943359954787,2.39200067250003e-06,0.0150616579452536,2.64388625890158e-16,3.36624570938239e-20,0.00152093587905168,-4.78231965695441,-1.30393953826452,-0.420120727865703,-2.90489008057625,-5.21720304618895,-14.6471465161177,-5.89936904873079,-37.5728776607977,-46.541669844724,-8.19219549908039,1.70376607538729,2.04777999741223
0.0507965398622309,1.5489736560719,3.80445533661493,0.27043241426695,0.0293715633082049,3.6872735529832e-06,0.0183449268820496,1.30287794921435e-16,1.86719508549618e-20,0.00325871724482222,-4.7248808216137,-1.30736122771283,-0.408780945002673,-3.0526868486982,-5.27268208907336,-14.2555770294925,-5.74335598884631,-38.3217396451576,-47.1722182913001,-7.47137542616971,1.744953781948,2.54868561326347
0.131400462827876,1.28888296963219,4.24687400456594,0.265719403108476,0.0290555167007797,5.23060070215156e-06,0.0217284188048566,5.06844855665912e-17,7.3828870038397e-21,0.00587915484784955,-3.81952112685968,-1.53623954796521,-0.343832292238792,-3.11532987870927,-5.32856238627634,-13.9509999056791,-5.61914972910347,-39.3109272909324,-48.1451376740304,-6.92635773696516,1.79001547620401,1.1114098651236
0.177375305371873,1.73984174337791,5.73278478038925,0.358690215051502,0.0392215600814841,7.06070113343345e-06,0.0293308321585436,6.84181464167809e-17,9.96603671440254e-21,0.00793617361783455,-3.81952112685968,-1.53623954796521,-0.343832292238792,-3.11532987870927,-5.32856238627634,-13.9509999056791,-5.61914972910347,-39.3109272909324,-48.1451376740304,-6.92635773696516,2.09003370497359,0.68593554192055
0.293338907669882,2.87730738758106,9.48073815495497,0.593193035831511,0.0648636492396173,1.16768134860858e-05,0.0485066072100484,1.13148244016379e-16,1.64815858525047e-20,0.0131246483001307,-3.81952112685968,-1.53623954796521,-0.343832292238792,-3.11532987870927,-5.32856238627634,-13.9509999056791,-5.61914972910347,-39.3109272909324,-48.1451376740304,-6.92635773696516,2.59309446992117,0.694276935982086
0.0493655713827341,1.06038432569384,2.75036555686506,0.117497545025642,0.0105543363315141,2.58415045467344e-06,0.0125329204481413,6.22522808365798e-17,2.96734974007765e-21,0.00308109612651355,-4.39574193129791,-1.32860848414485,-0.375506065351763,-3.52857773697996,-5.93845837478957,-14.2533536462111,-5.76663635872946,-38.7025763972391,-48.6538576398089,-7.16970975804209,1.38723989796498,0.729760060120275
0.108028726101387,3.78863742126363,13.6316919113804,0.577094899404094,0.0430161031365142,1.59947819769187e-05,0.0726974821695033,2.35292043808464e-16,1.22898830964537e-20,0.00923378804962758,-5.12844953066113,-1.5710849908602,-0.290694056422411,-3.45283998148317,-6.0492721677026,-13.9463394412143,-5.52453995405558,-38.8887956175563,-48.7486019672854,-7.58797733427389,2.90309142585641,1.1827037536726
0.00553826700064074,0.194230612215906,0.698850687222254,0.029585701442116,0.00220528995476191,8.1999831343077e-07,0.0037269537562737,1.20626263843445e-17,6.30060692661891e-22,0.000473385047586027,-5.12844953066113,-1.5710849908602,-0.290694056422411,-3.45283998148317,-6.0492721677026,-13.9463394412143,-5.52453995405558,-38.8887956175563,-48.7486019672854,-7.58797733427389,-0.0676241122676939,0.302775838712491
0.160194431263696,5.61812250191744,20.2142634807711,0.85576672549535,0.0637880351441621,2.37184598434916e-05,0.10780217661288,3.48911595082534e-16,1.82245121643476e-20,0.0136926674820856,-5.12844953066113,-1.5710849908602,-0.290694056422411,-3.45283998148317,-6.0492721677026,-13.9463394412143,-5.52453995405558,-38.8887956175563,-48.7486019672854,-7.58797733427389,3.2970825245586,0.487811678977638
0.518751137119683,14.3103527098739,33.6562858869555,3.51935747737996,0.07828447379696,0.000107529979098414,0.361762636053093,1.24906171273918e-15,9.53167646196062e-20,0.0220609653645367,-4.61651470723442,-1.2992004507782,-0.443983851197552,-2.70190525371948,-6.50758967870698,-13.0979245657737,-4.97695067556614,-38.2765674471015,-47.757264935357,-7.77412919708857,3.96018369183273,1.42922993577851
0.0573110220328386,1.58099111648608,3.718307303808,0.388814519130439,0.00864877757669694,1.18797869736102e-05,0.0399671150999583,1.37994884669823e-16,1.05304852487539e-20,0.0024372697842992,-4.61651470723442,-1.2992004507782,-0.443983851197552,-2.70190525371948,-6.50758967870698,-13.0979245657737,-4.97695067556614,-38.2765674471015,-47.757264935357,-7.77412919708857,1.75725239006886,1.09859481121573
0.236910950141389,6.53546376048219,15.3706509675934,1.60727228181656,0.0357521126055431,4.91083829875279e-05,0.165215117038323,5.70439997092475e-16,4.35306713654955e-20,0.0100751283063556,-4.61651470723442,-1.2992004507782,-0.443983851197552,-2.70190525371948,-6.50758967870698,-13.0979245657737,-4.97695067556614,-38.2765674471015,-47.757264935357,-7.77412919708857,3.17644376098023,2.30220430064557
0.27394339844484,7.55704686461771,17.7732956617626,1.85851110235406,0.0413406607963878,5.67847004104515e-05,0.191040518004462,6.59607634510418e-16,5.03351155500939e-20,0.0116500097879126,-4.61651470723442,-1.2992004507782,-0.443983851197552,-2.70190525371948,-6.50758967870698,-13.0979245657737,-4.97695067556614,-38.2765674471015,-47.757264935357,-7.77412919708857,3.32168093828196,1.17157061192063
0.406753288519715,11.2207619571449,26.3899276248149,2.7595317387622,0.0613829346644931,8.43143647946265e-05,0.283658446890706,9.79390545612457e-16,7.4737971034345e-20,0.017298025137388,-4.61651470723442,-1.2992004507782,-0.443983851197552,-2.70190525371948,-6.50758967870698,-13.0979245657737,-4.97695067556614,-38.2765674471015,-47.757264935357,-7.77412919708857,3.7169662591859,1.31116846842025
0.0905511235688194,2.49795792976973,5.87490664432818,0.614324964349056,0.0136650246198363,1.87700030476206e-05,0.0631478387531087,2.18031216516123e-16,1.66381131792271e-20,0.00385087387347881,-4.61651470723442,-1.2992004507782,-0.443983851197552,-2.70190525371948,-6.50758967870698,-13.0979245657737,-4.97695067556614,-38.2765674471015,-47.757264935357,-7.77412919708857,2.2146740207744,1.67102980904931
0.0245113705117897,0.75777343408723,3.05775625602506,0.539343747417645,0.00819436324276343,4.21654459718053e-06,0.0470512302123632,6.22535686470304e-17,9.2974141935184e-21,0.00223944639112557,-5.19856825552139,-1.76732092658993,-0.372268691609439,-2.10735224998812,-6.29425885945491,-13.8664446701128,-4.54646835532701,-38.8052659014777,-47.6145007240345,-7.59147667942963,1.4899500889497,1.88716989411842
0.0854026328104318,2.64023777510621,10.6538487773053,1.87918403000584,0.028550839081006,1.4691304584075e-05,0.163936118348535,2.16904177664978e-16,3.23940944091082e-20,0.00780268968428151,-5.19856825552139,-1.76732092658993,-0.372268691609439,-2.10735224998812,-6.29425885945491,-13.8664446701128,-4.54646835532701,-38.8052659014777,-47.6145007240345,-7.59147667942963,2.73818990602053,0.420299366255064
0.014478911219254,0.447618148123578,1.80622219144419,0.318591334244803,0.00484042529703602,2.49072057579305e-06,0.0277932474103728,3.6773296421289e-17,5.49199950332583e-21,0.00132284506334682,-5.19856825552139,-1.76732092658993,-0.372268691609439,-2.10735224998812,-6.29425885945491,-13.8664446701128,-4.54646835532701,-38.8052659014777,-47.6145007240345,-7.59147667942963,0.963506168629288,0.645211826796648
0.0459534041525734,1.42065776599251,5.73261739752958,1.01115036347418,0.0153626206126083,7.90508951379881e-06,0.0882106611209078,1.16711686872056e-16,1.74305974365293e-20,0.00419846719871973,-5.19856825552139,-1.76732092658993,-0.372268691609439,-2.10735224998812,-6.29425885945491,-13.8664446701128,-4.54646835532701,-38.8052659014777,-47.6145007240345,-7.59147667942963,2.1184409064396,1.55455936105841
0.0165467026942406,0.511544294000375,2.0641760384457,0.364090642513229,0.0055317058783556,2.84643038678697e-06,0.0317625127223209,4.20250386065699e-17,6.27633401450826e-21,0.00151176588089277,-5.19856825552139,-1.76732092658993,-0.372268691609439,-2.10735224998812,-6.29425885945491,-13.8664446701128,-4.54646835532701,-38.8052659014777,-47.6145007240345,-7.59147667942963,1.0969998255364,0.822514057389073
0.00154882603798758,0.089690266402017,0.259248706897495,0.0896475798313656,0.000369512154766085,3.47915297734139e-07,0.00295786229250138,3.63265912580524e-18,9.3821415956538e-22,0.000290421254530334,-5.65777203031465,-1.59890702905192,-0.537481420192734,-1.59938307549001,-7.09084092339353,-14.0588207845621,-5.01080247048495,-39.3440807526981,-47.6055779942577,-7.33169208760904,-0.812485999551436,0.386809407159594
0.00316649959702862,0.183367392756638,0.530021387674843,0.183280122136535,0.000755449650552275,7.11295925465373e-07,0.00604720577234179,7.42679511828869e-18,1.91813327341165e-21,0.000593752147035006,-5.65777203031465,-1.59890702905192,-0.537481420192734,-1.59938307549001,-7.09084092339353,-14.0588207845621,-5.01080247048495,-39.3440807526981,-47.6055779942577,-7.33169208760904,-0.0973564989539628,0.810876834132868
0.00315841044672548,0.182898961810967,0.528667393291642,0.182811914132678,0.000753519776386016,7.09478846550692e-07,0.0060317575605522,7.40782260301067e-18,1.91323320383177e-21,0.000592235345843972,-5.65777203031465,-1.59890702905192,-0.537481420192734,-1.59938307549001,-7.09084092339353,-14.0588207845621,-5.01080247048495,-39.3440807526981,-47.6055779942577,-7.33169208760904,-0.0999143708154125,2.00512579331153
0.0286392185727061,1.65845555300007,4.79374713455605,1.65766623903128,0.00683261974299424,6.43327398443182e-06,0.0546935954233949,6.71712097759201e-17,1.73484430948184e-20,0.00537015622326491,-5.65777203031465,-1.59890702905192,-0.537481420192734,-1.59938307549001,-7.09084092339353,-14.0588207845621,-5.01080247048495,-39.3440807526981,-47.6055779942577,-7.33169208760904,2.10479380858018,3.62314688422775
0.0323644779066438,1.87417991059907,5.4172959654086,1.8732879262581,0.00772137585232096,7.27008501324678e-06,0.0618078896329369,7.59085353266986e-17,1.96050496919638e-20,0.0060686817275357,-5.65777203031465,-1.59890702905192,-0.537481420192734,-1.59938307549001,-7.09084092339353,-14.0588207845621,-5.01080247048495,-39.3440807526981,-47.6055779942577,-7.33169208760904,2.22707821178148,2.46495869098565
0.06352665989191,4.14423873080277,4.12271468839679,2.34002704772897,0.0123714750367416,8.15425518869884e-06,0.0678851618955379,1.68149292133848e-16,2.23976301257626e-20,0.0113216358360003,-5.13232572438331,-0.954310991926495,-0.959518252679254,-1.52586761584747,-6.76839196062821,-14.093000761929,-5.06596790109161,-38.6977095494545,-47.6213619015768,-6.85706981217566,2.37603010400881,1.74662482118037
0.0163788458982509,1.0684938835581,1.06294441858899,0.603320597646795,0.00318969206795418,2.10238173040984e-06,0.0175025824961785,4.33533157330536e-17,5.77469888925494e-21,0.00291901587442942,-5.13232572438331,-0.954310991926495,-0.959518252679254,-1.52586761584747,-6.76839196062821,-14.093000761929,-5.06596790109161,-38.6977095494545,-47.6213619015768,-6.85706981217566,1.02056106336158,3.32406224211001
0.0295941379806234,1.93060949580381,1.92058243815672,1.0901105684875,0.00576329906033344,3.7986910313586e-06,0.0316245628432504,7.83329921834436e-17,1.0434021834433e-20,0.0052742274450924,-5.13232572438331,-0.954310991926495,-0.959518252679254,-1.52586761584747,-6.76839196062821,-14.093000761929,-5.06596790109161,-38.6977095494545,-47.6213619015768,-6.85706981217566,1.61214674592329,1.19386361581095
0.00580088913699349,0.109830439905854,0.288157769478248,0.136921779827706,0.000346325735237592,2.43726283436675e-07,0.00754357747174831,1.72128026121707e-17,1.29494143539015e-21,0.000437341775226765,-4.55015711913309,-1.60923060329151,-0.644660183587124,-1.38875851180665,-7.36854383988836,-14.6276330759594,-4.28747178917224,-38.0012912744744,-47.4962345278188,-7.13520861964046,-0.599586954564206,0.980700848027351
0.00824871412570989,0.156176041239412,0.409752885703346,0.194699225016995,0.000492466226622595,3.46572463205674e-07,0.0107267718068902,2.4476159550199e-17,1.84137318569854e-21,0.000621888678421766,-4.55015711913309,-1.60923060329151,-0.644660183587124,-1.38875851180665,-7.36854383988836,-14.6276330759594,-4.28747178917224,-38.0012912744744,-47.4962345278188,-7.13520861964046,-0.247540835200763,0.986261842379066
0.126856906900997,2.40183005759934,6.30158626931573,2.99427778503009,0.00757363406107509,5.32993506979461e-06,0.164966935660144,3.76418657021445e-16,2.83184631238567e-20,0.00956402088604863,-4.55015711913309,-1.60923060329151,-0.644660183587124,-1.38875851180665,-7.36854383988836,-14.6276330759594,-4.28747178917224,-38.0012912744744,-47.4962345278188,-7.13520861964046,2.48546157407141,0.570251260726358
0.111703292835589,2.11492092010979,5.54883414365016,2.63659816736149,0.00666893024606147,4.69325094265927e-06,0.145260911466303,3.3145379704757e-16,2.4935698467303e-20,0.00842155663273218,-4.55015711913309,-1.60923060329151,-0.644660183587124,-1.38875851180665,-7.36854383988836,-14.6276330759594,-4.28747178917224,-38.0012912744744,-47.4962345278188,-7.13520861964046,2.35824802507171,0.989144256988027
0.0182412521049327,0.345368562612576,0.906129800951875,0.430558944587545,0.00108904254118694,7.66412264701701e-07,0.0237212425863684,5.4126714795964e-17,4.07202286170872e-21,0.00137524806793066,-4.55015711913309,-1.60923060329151,-0.644660183587124,-1.38875851180665,-7.36854383988836,-14.6276330759594,-4.28747178917224,-38.0012912744744,-47.4962345278188,-7.13520861964046,0.546087468544866,1.18386432076776
0.0102347877909358,0.193779129177453,0.508410616246979,0.241577683592848,0.000611039156754799,4.30018007780906e-07,0.0133094966624105,3.03693757736834e-17,2.28472747537751e-21,0.000771623134979785,-4.55015711913309,-1.60923060329151,-0.644660183587124,-1.38875851180665,-7.36854383988836,-14.6276330759594,-4.28747178917224,-38.0012912744744,-47.4962345278188,-7.13520861964046,-0.0318056746160276,0.750045279889456
0.0140533326684194,0.208519273891919,0.452189633696155,0.120800255432815,0.00120794332147337,1.94107156519309e-07,0.020697923955846,3.98976285627829e-17,1.79594180438433e-21,0.0011873763712428,-4.06480432164884,-1.36763241220512,-0.593562254476229,-1.91352548989169,-6.51874471079847,-15.2547640880997,-3.6776304866466,-37.5601233971981,-47.5686659973421,-6.53591774682034,-0.200091389081911,0.504115826029327
0.00441460930112999,0.0521092231110083,0.186369032233216,0.0277027986125151,0.00030659299779782,2.83129747984877e-08,0.00580371274386603,1.93533358456012e-17,6.86282307867585e-22,0.000588183984270981,-4.14015963235364,-1.67173700880393,-0.397350216617028,-2.3035455279459,-6.80731312001653,-16.0972693539156,-3.86658112796806,-37.2009905641502,-47.448076851278,-6.15579445058447,-1.28267631000364,0.285531867104884
0.00361918052649504,0.0427201305188826,0.152788871266033,0.0227112803033702,0.000251350760962149,2.32115143262174e-08,0.00475799390414788,1.58662321934559e-17,5.62627266625086e-22,0.000482204398320121,-4.14015963235364,-1.67173700880393,-0.397350216617028,-2.3035455279459,-6.80731312001653,-16.0972693539156,-3.86658112796806,-37.2009905641502,-47.448076851278,-6.15579445058447,-1.48134802031365,0.334561702633546
0.00365530984283627,0.0431465942164949,0.154314121919593,0.0229380009724797,0.000253859928738924,2.34432286984936e-08,0.00480549169146579,1.60246205683557e-17,5.68243824945203e-22,0.000487018116541829,-4.14015963235364,-1.67173700880393,-0.397350216617028,-2.3035455279459,-6.80731312001653,-16.0972693539156,-3.86658112796806,-37.2009905641502,-47.448076851278,-6.15579445058447,-1.4714147846979,0.373647299586685
0.00373087627952206,0.0648075978429007,0.163124102758059,0.0298666692851105,0.000166878772477671,2.50042611592253e-08,0.00634270316383432,1.0445256537016e-17,2.79364062783072e-22,0.000509015490499148,-4.27638604606008,-1.42160633246352,-0.498517901882383,-2.19628606062659,-7.38351682308586,-16.1894934808619,-3.74572413549434,-37.7856576190659,-48.3148003167588,-6.26830600930449,-1.31472609937166,0.50035136613606
0.00636539841297227,0.11681203885317,0.285073754097078,0.0387118345555027,0.000198856700074612,4.98899388513234e-08,0.00941574223733131,1.6664769116179e-17,3.80394786404591e-22,0.000590616761344608,-4.27417475146711,-1.36448543840169,-0.472303642762464,-2.46890622010179,-7.74022238963911,-16.0307427776193,-3.88266858123879,-37.8505311135189,-48.5381289037159,-6.65163950573483,-0.782703703124887,0.977171556550729
0.0819546593571518,1.5039578408032,3.67033151626109,0.498415811274444,0.00256028484914462,6.42334175905912e-07,0.121227910272298,2.1455930761517e-16,4.8975921251829e-21,0.00760420516459391,-4.27417475146711,-1.36448543840169,-0.472303642762464,-2.46890622010179,-7.74022238963911,-16.0307427776193,-3.88266858123879,-37.8505311135189,-48.5381289037159,-6.65163950573483,1.7725856321556,0.949186304270424
0.129066228240281,2.36850677517858,5.78021858563081,0.784929732624148,0.00403206250006817,1.01157945142225e-06,0.190915675313967,3.37898550063581e-16,7.71296895155113e-21,0.011975476282347,-4.27417475146711,-1.36448543840169,-0.472303642762464,-2.46890622010179,-7.74022238963911,-16.0307427776193,-3.88266858123879,-37.8505311135189,-48.5381289037159,-6.65163950573483,2.22674514231487,0.719860978592555
0.159164298540625,2.92083935976027,7.1281577616156,0.967974287310982,0.00497233403536478,1.24747841475609e-06,0.235436953229827,4.1669603607413e-16,9.51162290536444e-21,0.0147681411950859,-4.27417475146711,-1.36448543840169,-0.472303642762464,-2.46890622010179,-7.74022238963911,-16.0307427776193,-3.88266858123879,-37.8505311135189,-48.5381289037159,-6.65163950573483,2.43635646534817,0.222033923800069
0.030240891458669,0.554953509402574,1.35433540778786,0.183913136461834,0.000944733305385897,2.37018349488988e-07,0.0447325399807903,7.91713953048277e-17,1.80718891431234e-21,0.0028059166472744,-4.27417475146711,-1.36448543840169,-0.472303642762464,-2.46890622010179,-7.74022238963911,-16.0307427776193,-3.88266858123879,-37.8505311135189,-48.5381289037159,-6.65163950573483,0.775614502815137,0.831822608474486
0.0128525551579638,0.235858476574688,0.575600443352242,0.0781641551103227,0.000401517162072844,1.00734180221512e-07,0.0190115902583327,3.36483045309352e-17,7.68065823515981e-22,0.00119253093206698,-4.27417475146711,-1.36448543840169,-0.472303642762464,-2.46890622010179,-7.74022238963911,-16.0307427776193,-3.88266858123879,-37.8505311135189,-48.5381289037159,-6.65163950573483,-0.0800378909631115,1.16219753160293
0.0105863944725275,0.533231674828536,0.710273599274103,0.104142526833857,0.000914167165795691,1.20541341764362e-07,0.00845068377552328,1.35509834179481e-17,4.93548190408071e-22,0.000461813436504072,-4.8615800371053,-0.942193681757368,-0.655499426555315,-2.57538926219534,-7.31089150295985,-16.2446674521447,-5.08690231517681,-39.1534669467005,-49.3738161219515,-7.99374395999953,0.313394394470162,0.569710855171622
0.00146197710553235,0.0736390942702009,0.0980885176249128,0.0143820438902496,0.000126246142677848,1.6646714080698e-08,0.00116703625941486,1.87138572683081e-18,6.81588199576363e-23,6.37762623477012e-05,-4.8615800371053,-0.942193681757368,-0.655499426555315,-2.57538926219534,-7.31089150295985,-16.2446674521447,-5.08690231517681,-39.1534669467005,-49.3738161219515,-7.99374395999953,-1.66638554036246,1.24685499978679
0.00238524789264585,0.120143806465689,0.16003357991874,0.0234646218133948,0.000205973366229532,2.71594811780618e-08,0.00190404539707,3.05320708809961e-18,1.11202618053298e-22,0.000104052378652189,-4.8615800371053,-0.942193681757368,-0.655499426555315,-2.57538926219534,-7.31089150295985,-16.2446674521447,-5.08690231517681,-39.1534669467005,-49.3738161219515,-7.99374395999953,-1.17687218472144,1.53692098148134
0.00895116032841083,0.450865705596335,0.6005607367682,0.0880560853003164,0.000772959754073144,1.0192184687002e-07,0.00714534354030632,1.14578221599871e-17,4.1731195579423e-22,0.000390479130802253,-4.8615800371053,-0.942193681757368,-0.655499426555315,-2.57538926219534,-7.31089150295985,-16.2446674521447,-5.08690231517681,-39.1534669467005,-49.3738161219515,-7.99374395999953,0.145607927639157,1.69651227504582
0.0410801454570475,1.50316529787208,1.41387803681323,0.393269218897119,0.00558740583617412,3.9834853847182e-07,0.0133177768505286,3.05747553516085e-17,1.55252805978799e-21,0.0021911823836355,-4.40788153764996,-0.80807810119808,-0.86931487481332,-2.14891205082672,-6.40289135631659,-15.9515896746275,-5.53430671545909,-39.2420081784802,-49.1300535288211,-7.33896516419037,1.21565118454585,3.05277598625585
0.0293568133168517,1.07419636768667,1.01038964486924,0.281039195795889,0.00399288824888791,2.84668993959263e-07,0.00951718852128318,2.18494208109383e-17,1.10947212852556e-21,0.00156586914344837,-4.40788153764996,-0.80807810119808,-0.86931487481332,-2.14891205082672,-6.40289135631659,-15.9515896746275,-5.53430671545909,-39.2420081784802,-49.1300535288211,-7.33896516419037,0.879650918269061,4.71915250569739
0.0114843828716664,0.69569389160757,1.17055907011447,0.0896110527328255,0.00195106561785443,1.95033894713869e-07,0.00538982019721801,1.32604802446518e-17,5.05387959668666e-22,0.00088658510135523,-5.14762721113717,-1.04370555973354,-0.523378561045716,-3.09313664364786,-6.92023961840461,-16.1309525078739,-5.90410328663626,-39.5426035056775,-49.717575893989,-7.70899347347279,0.680860033431975,3.99712184761989
0.00907168194061321,0.575119887722282,1.31258021895105,0.0558692835621568,0.00136659891856432,1.47371803268711e-07,0.00470398563877978,4.08550319845769e-18,1.08989859178705e-22,0.000468688208211146,-5.37512386170844,-1.22570302917228,-0.400531436824147,-3.55726680853548,-7.2679564365918,-16.4028334391018,-6.03187139101185,-40.711613040811,-51.2433136586546,-8.33809908149278,0.672526269640887,9.89223983301502
0.00867913609038771,0.550233551672863,1.25578282223781,0.0534517323780471,0.0013074640483256,1.4099479510285e-07,0.0045004368311704,3.90871709229387e-18,1.04273697697588e-22,0.000448407337211994,-5.37512386170844,-1.22570302917228,-0.400531436824147,-3.55726680853548,-7.2679564365918,-16.4028334391018,-6.03187139101185,-40.711613040811,-51.2433136586546,-8.33809908149278,0.628290577688071,4.68105689923698
0.0209646708413481,0.732717670720056,0.841041709561145,0.0780969538023854,0.00243370403263656,2.2733562805935e-07,0.00716787435164834,4.44188289590733e-18,1.54100464134268e-22,0.000424378477435219,-4.38540371323911,-0.83148193520966,-0.693601139409045,-3.07029134107546,-6.538828003287,-15.8173254880869,-5.45863324689767,-40.4759404260562,-50.7449245920001,-8.28537197980161,0.520487114367611,1.87284157732251
0.010394340016509,0.231087252117625,0.569354721602731,0.0194152049104864,0.00147123627537209,6.73582359239195e-08,0.00234763351996874,6.62701356010512e-19,3.28561051767032e-23,7.87452376918074e-05,-4.38515085566718,-1.28361693048579,-0.38190863229354,-3.76035576712258,-6.34030923348652,-16.3318976616373,-5.87300447648744,-41.6766195130964,-51.5885616595706,-9.26794976134606,-0.18134299449591,2.08446437476605
0.0152930267357991,0.339994989515853,0.837682523930784,0.0285652814229188,0.00216460647412028,9.9103098534844e-08,0.00345403576655346,9.75021938788074e-19,4.83406636788379e-23,0.000115856612678149,-4.38515085566718,-1.28361693048579,-0.38190863229354,-3.76035576712258,-6.34030923348652,-16.3318976616373,-5.87300447648744,-41.6766195130964,-51.5885616595706,-9.26794976134606,0.204792532287198,1.51527784967928
0.0448634032999322,0.997404411704826,2.4574134053162,0.0837986987790026,0.00635005842282193,2.90727424639482e-07,0.0101327096515522,2.86031033763477e-18,1.41811475771069e-22,0.000339875292794498,-4.38515085566718,-1.28361693048579,-0.38190863229354,-3.76035576712258,-6.34030923348652,-16.3318976616373,-5.87300447648744,-41.6766195130964,-51.5885616595706,-9.26794976134606,1.28101796781106,1.66562918098659
0.00510222339279047,0.113432770301679,0.279476616576258,0.00953025516894469,0.00072217919835246,3.30638372885887e-08,0.00115237241077923,3.25297263289487e-19,1.61279300236765e-23,3.8653324134467e-05,-4.38515085566718,-1.28361693048579,-0.38190863229354,-3.76035576712258,-6.34030923348652,-16.3318976616373,-5.87300447648744,-41.6766195130964,-51.5885616595706,-9.26794976134606,-0.892928019216677,1.09936877795363
0.0057364151410016,0.12753213862877,0.314214759226201,0.0107148385791951,0.000811944003431757,3.71735775250213e-08,0.00129560899952111,3.65730781034979e-19,1.81325855139075e-23,4.34578215701628e-05,-4.38515085566718,-1.28361693048579,-0.38190863229354,-3.76035576712258,-6.34030923348652,-16.3318976616373,-5.87300447648744,-41.6766195130964,-51.5885616595706,-9.26794976134606,-0.775769947984956,0.864617264530043
0.00774470369649991,0.172180464834405,0.424219682058975,0.0144660468100646,0.00109620129822594,5.01878501108429e-08,0.0017491948475085,4.93771190226451e-19,2.44807076553633e-23,5.86721747090131e-05,-4.38515085566718,-1.28361693048579,-0.38190863229354,-3.76035576712258,-6.34030923348652,-16.3318976616373,-5.87300447648744,-41.6766195130964,-51.5885616595706,-9.26794976134606,-0.475595207569838,0.767314607700231
0.02466460807333,0.548344242652385,1.35101517178843,0.0460701130634524,0.00349107938144068,1.59833571629913e-07,0.00557067217138122,1.57251631077133e-18,7.79638683853312e-23,0.000186853655183962,-4.38515085566718,-1.28361693048579,-0.38190863229354,-3.76035576712258,-6.34030923348652,-16.3318976616373,-5.87300447648744,-41.6766195130964,-51.5885616595706,-9.26794976134606,0.682764921251793,1.20614398007125
0.0282774621026942,0.79600299271607,1.39452754228724,0.0717125825366516,0.00792700242095956,1.81916069928863e-07,0.00532498610923563,9.37228745848596e-19,6.24241888758415e-23,0.000138483390646415,-4.40029839870842,-1.06276054840712,-0.502052536411318,-3.46969727307252,-5.67208853467623,-16.3543286254268,-6.06995339094015,-42.345967789614,-51.9626976043104,-9.71936837761466,0.83460821495585,1.68432401684889
0.0864765855422833,2.43429274669477,4.26466773657818,0.219307491445562,0.0242419245567545,5.56325759560312e-07,0.016284580812608,2.86618160847402e-18,1.90902234777111e-22,0.000423502319052853,-4.40029839870842,-1.06276054840712,-0.502052536411317,-3.46969727307252,-5.67208853467623,-16.3543286254268,-6.06995339094015,-42.345967789614,-51.9626976043104,-9.71936837761466,1.95241680964923,2.67155365020206
0.112884122575389,3.17765784898978,5.56697830401512,0.286277881935303,0.0316447321083226,7.26212128291606e-07,0.0212574375481146,3.74143352198042e-18,2.49198452221012e-22,0.000552828114051154,-4.40029839870842,-1.06276054840712,-0.502052536411317,-3.46969727307252,-5.67208853467623,-16.3543286254268,-6.06995339094015,-42.345967789614,-51.9626976043104,-9.71936837761466,2.21890494835615,2.81832653555359
0.0565418278641265,1.59163732692947,2.78840922715889,0.143391952317142,0.0158503335531552,3.63747887780076e-07,0.0106475060199472,1.87402342631142e-18,1.24819466795051e-22,0.000276902644499492,-4.40029839870842,-1.06276054840712,-0.502052536411317,-3.46969727307252,-5.67208853467623,-16.3543286254268,-6.06995339094015,-42.345967789614,-51.9626976043104,-9.71936837761466,1.52752380015906,0.698971795020674
0.0391419198229737,1.85501858255116,2.6411447452561,0.201060446328726,0.0329270812641882,9.74554999963329e-07,0.00322811934034276,1.21396018313761e-18,7.66990988467368e-23,0.000381128945293499,-4.80351598282786,-0.945060001206338,-0.591742275961905,-3.16710440289241,-4.97641453583793,-15.4042395951928,-7.29881027365477,-42.8155984946312,-52.485106987381,-9.43532751576797,1.56295471476335,0.922330293439664
0.0212271229219474,1.00599836830687,1.43232382100229,0.109037441910463,0.017856742965521,5.28512624622928e-07,0.00175064703913559,6.58344867762142e-19,4.15948222924593e-23,0.000206690704172073,-4.80351598282786,-0.945060001206338,-0.591742275961905,-3.16710440289241,-4.97641453583793,-15.4042395951928,-7.29881027365477,-42.8155984946312,-52.485106987381,-9.43532751576797,0.951040450921212,1.63923993369224
0.00984275894723651,0.198271465063288,0.439674446867692,0.0471124923378441,0.00757556597897581,1.68428666452697e-07,0.000336009391036778,2.73343838105766e-19,7.5423155693433e-24,0.000178941876082557,-4.26860924441202,-1.26570816963707,-0.469310737420033,-2.70280710103561,-4.53041723169279,-15.2443435392954,-7.64596146688884,-42.3911464879404,-52.8891030103082,-8.27603953748872,-0.35240998198859,0.592701203853548
0.010860391287995,0.218770540188421,0.485131918592457,0.0519834026297384,0.008358795658894,1.85842326485611e-07,0.000370749043297957,3.01604565742664e-19,8.32210752490318e-24,0.000197442485636624,-4.26860924441202,-1.26570816963707,-0.469310737420033,-2.70280710103561,-4.53041723169279,-15.2443435392954,-7.64596146688884,-42.3911464879404,-52.8891030103082,-8.27603953748872,-0.254023690511275,2.02745964052001
0.0081344713768231,0.163859906154759,0.363365517975011,0.0389357519032393,0.00626076742807108,1.3919655796108e-07,0.000277692340977204,2.2590288343154e-19,6.23328788632131e-24,0.000147885118076296,-4.26860924441202,-1.26570816963707,-0.469310737420033,-2.70280710103561,-4.53041723169279,-15.2443435392954,-7.64596146688884,-42.3911464879404,-52.8891030103082,-8.27603953748872,-0.543035277347543,0.425643544690966
0.00498707092674892,0.100459014014425,0.222771649997982,0.0238706791545179,0.0038383429940673,8.53384412033344e-08,0.000170247252232526,1.38496240264622e-19,3.82149587304465e-24,9.06652121191875e-05,-4.26860924441202,-1.26570816963707,-0.469310737420033,-2.70280710103561,-4.53041723169279,-15.2443435392954,-7.64596146688884,-42.3911464879404,-52.8891030103082,-8.27603953748872,-1.03229728577943,0.593526390613707
0.074308514056666,1.39316485674423,4.54206804800596,0.277528294467651,0.0529129244395877,1.41956458321487e-06,0.00263023791942347,2.77682360857821e-18,3.43530157133966e-23,0.000495459493451945,-4.44689888933864,-1.51579111143461,-0.333986720261205,-3.12920153472777,-4.78647679740999,-15.3125295106909,-7.78805011900487,-42.2725931320626,-53.5727215691281,-9.45739410215142,1.84736914577993,1.39946456971864
0.106439436896287,6.18040766867725,16.3936227569196,0.738643330945988,0.224677025633933,3.55138479053796e-06,0.00477927730683473,7.07688169232383e-18,1.19429154352451e-22,0.00145924751314108,-5.4035436037138,-1.34198024538854,-0.366472077567316,-3.46630459244959,-4.65645583012585,-15.7115374291853,-8.50683041543592,-42.6530627826341,-53.6426833673859,-9.69319885857317,3.16336448048787,1.19624251205343
0.0750770587074507,4.35935065899853,11.5632421030968,0.521002086616953,0.158475944025993,2.50496932515497e-06,0.00337106333335868,4.99167862751831e-18,8.42393561461331e-23,0.0010292802593417,-5.4035436037138,-1.34198024538854,-0.366472077567316,-3.46630459244959,-4.65645583012585,-15.7115374291853,-8.50683041543592,-42.6530627826341,-53.6426833673859,-9.69319885857317,2.81430336023574,1.33023082587303
0.0179893571798877,0.516511202304208,1.72643624105043,0.113414698546987,0.0553348668296618,4.7190701900208e-07,0.00163943583442656,1.54874680605909e-18,2.52587173026403e-23,8.71047669065799e-05,-4.90644768921449,-1.5491310272589,-0.342413417907985,-3.06517700474833,-3.78282479136543,-15.4549565898831,-7.30187582520399,-41.8975583076807,-52.9213436214855,-10.2368716719576,0.888472725476779,1.73679477445141
0.0524491019901373,1.50592088743389,5.03353341538846,0.3306676848866,0.161332283579557,1.37587458640121e-06,0.00477987825947768,4.51546869494084e-18,7.36433785097867e-23,0.000253959424876951,-4.90644768921449,-1.5491310272589,-0.342413417907985,-3.06517700474833,-3.78282479136543,-15.4549565898831,-7.30187582520399,-41.8975583076807,-52.9213436214855,-10.2368716719576,1.95853562367237,0.494614393912124
0.018434466434682,0.3298787658507,1.09201861519754,0.145223132108962,0.0244675783862061,3.26445234175799e-07,0.00129366673827323,2.44196367317112e-18,2.97827575020363e-23,0.000109308531775097,-4.47065260497405,-1.58614948242957,-0.389091490137177,-2.40660329143385,-4.18752578318144,-15.4121230525598,-7.12739407411063,-41.030848588365,-52.3452320273165,-9.59845552170036,0.477119414198784,1.97062760154731
0.067180242989472,1.20216854257433,3.97961482519376,0.529232855062048,0.089166554788741,1.18965581306035e-06,0.00471447579633149,8.89918422734808e-18,1.08536522766889e-22,0.000398350218135841,-4.47065260497405,-1.58614948242957,-0.389091490137177,-2.40660329143385,-4.18752578318144,-15.4121230525598,-7.12739407411063,-41.030848588365,-52.3452320273165,-9.59845552170036,1.77027652716076,0.672934618012707
0.0753218180183835,1.34785937296177,4.46190442766753,0.593370595646404,0.0999726513965763,1.33383022550076e-06,0.0052858232150039,9.97767654680001e-18,1.21690066192183e-22,0.000446626289260569,-4.47065260497405,-1.58614948242957,-0.389091490137177,-2.40660329143385,-4.18752578318144,-15.4121230525598,-7.12739407411063,-41.030848588365,-52.3452320273165,-9.59845552170036,1.88466716674904,0.793106511445543
0.24309323689487,4.35007420787955,14.4003267389606,1.91504112047211,0.322651206095752,4.3047966116014e-06,0.0170594378733096,3.22019004886429e-17,3.92741875685858e-22,0.00144143932256385,-4.47065260497405,-1.58614948242957,-0.389091490137177,-2.40660329143385,-4.18752578318144,-15.4121230525598,-7.12739407411063,-41.030848588365,-52.3452320273165,-9.59845552170036,3.05634238666731,0.960137505207141
0.215612145351055,3.85830903556904,12.7724052779231,1.69855043971893,0.286176282133658,3.81814996000376e-06,0.0151309104495492,2.85615549713552e-17,3.48343374202742e-22,0.00127848815829364,-4.47065260497405,-1.58614948242957,-0.389091490137177,-2.40660329143385,-4.18752578318144,-15.4121230525598,-7.12739407411063,-41.030848588365,-52.3452320273165,-9.59845552170036,2.93637849623722,0.72324012279534
0.139936934343096,2.50412581029103,8.28956660057364,1.10239588300734,0.185734581594584,2.4780617037839e-06,0.00982028734365758,1.85370654155669e-17,2.26082365653817e-22,0.000829766399171388,-4.47065260497405,-1.58614948242957,-0.389091490137177,-2.40660329143385,-4.18752578318144,-15.4121230525598,-7.12739407411063,-41.030848588365,-52.3452320273165,-9.59845552170036,2.50408917813169,0.502411498562294
0.0712276779414853,1.27459607127781,4.21937627025974,0.561117758420728,0.0945386078558773,1.26132948234733e-06,0.00499851070405701,9.4353369365876e-18,1.15075566037178e-22,0.000422349782952506,-4.47065260497405,-1.58614948242957,-0.389091490137177,-2.40660329143385,-4.18752578318144,-15.4121230525598,-7.12739407411063,-41.030848588365,-52.3452320273165,-9.59845552170036,1.82877880400513,0.696813714585512
0.0855051643441739,1.53008703493858,5.0651442226553,0.673593012390687,0.113488736895606,1.51416117718818e-06,0.00600045504189568,1.13266367614616e-17,1.3814229903846e-22,0.000507009194259397,-4.47065260497405,-1.58614948242957,-0.389091490137177,-2.40660329143385,-4.18752578318144,-15.4121230525598,-7.12739407411063,-41.030848588365,-52.3452320273165,-9.59845552170036,2.01147410179676,0.359473595781953
0.0396994314793344,0.710408381375165,2.35170995275623,0.312744380359578,0.05269200250792,7.03014120416063e-07,0.00278596802436057,5.25887580536057e-18,6.41384737066906e-23,0.000235400714346032,-4.47065260497405,-1.58614948242957,-0.389091490137177,-2.40660329143385,-4.18752578318144,-15.4121230525598,-7.12739407411063,-41.030848588365,-52.3452320273165,-9.59845552170036,1.24423419316273,0.290979814375213
0.0177886823451868,0.318322670142504,1.05376373813744,0.140135770970796,0.0236104462914815,3.15009419688342e-07,0.0012483478569459,2.35641840974586e-18,2.87394275524413e-23,0.000105479307266942,-4.47065260497405,-1.58614948242957,-0.389091490137177,-2.40660329143385,-4.18752578318144,-15.4121230525598,-7.12739407411063,-41.030848588365,-52.3452320273165,-9.59845552170036,0.441459757764476,3.6296178119573
0.0203769153563077,0.364638255921341,1.20708516127857,0.160525365963121,0.0270457393229209,3.60842931301529e-07,0.00142998104764615,2.69927460323832e-18,3.2920981512905e-23,0.000120826426281203,-4.47065260497405,-1.58614948242957,-0.389091490137177,-2.40660329143385,-4.18752578318144,-15.4121230525598,-7.12739407411063,-41.030848588365,-52.3452320273165,-9.59845552170036,0.577299985918177,5.11859715394129
0.0302092311306453,0.540584340641791,1.78953065239822,0.237982432469114,0.0400959112809186,5.3495768731125e-07,0.002119978771341,4.00173475467008e-18,4.88060887617708e-23,0.000179127869669874,-4.47065260497405,-1.58614948242957,-0.389091490137177,-2.40660329143385,-4.18752578318144,-15.4121230525598,-7.12739407411063,-41.030848588365,-52.3452320273165,-9.59845552170036,0.971044870243881,6.01892599858182
0.0386566539949029,0.69174821831376,2.28993803065895,0.30452958266427,0.0513079516090181,6.84548181013659e-07,0.002712789527342,5.12074190573269e-18,6.24537605061517e-23,0.000229217488148778,-4.47065260497405,-1.58614948242957,-0.389091490137177,-2.40660329143385,-4.18752578318144,-15.4121230525598,-7.12739407411063,-41.030848588365,-52.3452320273165,-9.59845552170036,1.21761624648955,5.46806243713128
0.0556857297452937,0.996477976130259,3.29870428841457,0.43868132099394,0.0739101922132506,9.86106169731746e-07,0.00390783083541966,7.37653729408729e-18,8.99659662624038e-23,0.000330192651946311,-4.47065260497405,-1.58614948242957,-0.389091490137177,-2.40660329143385,-4.18752578318144,-15.4121230525598,-7.12739407411063,-41.030848588365,-52.3452320273165,-9.59845552170036,1.58262124163202,3.09260019517615
0.306349808425062,1.61195900926274,4.31551712724791,0.508080918425449,0.0736740611245176,1.76588772976405e-06,0.00659334547286026,1.29238471604613e-17,1.13671720613865e-22,0.000330793301962603,-3.1032546397316,-1.44277675931024,-0.458009813129752,-2.59734153042392,-4.52833146848837,-15.1670840055577,-6.94192137484965,-40.8076844265992,-52.4489545559259,-9.93424381759101,1.92022697457431,2.09835423750234
0.135975158723199,0.715477457833658,1.91546758056406,0.225514694728555,0.0327006640111527,7.83799622974962e-07,0.0029264950475997,5.73632533995189e-18,5.04538596980724e-23,0.000146824546651998,-3.1032546397316,-1.44277675931024,-0.458009813129752,-2.59734153042392,-4.52833146848837,-15.1670840055577,-6.94192137484965,-40.8076844265992,-52.4489545559259,-9.93424381759101,1.10797157335473,1.67319049736005
0.0504199686972119,0.265301040030182,0.710260729676111,0.0836214787740865,0.0121254975636889,2.90635089720558e-07,0.00108515253872874,2.1270454603121e-18,1.87084321174344e-23,5.444295204866e-05,-3.1032546397316,-1.44277675931024,-0.458009813129752,-2.59734153042392,-4.52833146848837,-15.1670840055577,-6.94192137484965,-40.8076844265992,-52.4489545559259,-9.93424381759101,0.115886661668348,2.09417006920803
0.0617242462268843,0.324782167506125,0.869502883412918,0.102369614243599,0.0148440631079965,3.55796171707587e-07,0.00132844633237396,2.6039341380103e-18,2.29029073276542e-23,6.66491920641706e-05,-3.1032546397316,-1.44277675931024,-0.458009813129752,-2.59734153042392,-4.52833146848837,-15.1670840055577,-6.94192137484965,-40.8076844265992,-52.4489545559259,-9.93424381759101,0.318176184110023,1.12305863309627
0.0430947161326388,0.22675684466315,0.607070676885317,0.0714725531069204,0.0103638476773404,2.48410243269034e-07,0.000927496423053378,1.81801819163837e-18,1.59903822279081e-23,4.65332213522301e-05,-3.1032546397316,-1.44277675931024,-0.458009813129752,-2.59734153042392,-4.52833146848837,-15.1670840055577,-6.94192137484965,-40.8076844265992,-52.4489545559259,-9.93424381759101,-0.0411002451866985,1.35676819423621
0.0443611738907902,0.233420723461044,0.624911132455816,0.0735729723114129,0.010668418085807,2.55710467241366e-07,0.000954753477886231,1.87144569853211e-18,1.64603039595192e-23,4.79007291230649e-05,-3.1032546397316,-1.44277675931024,-0.458009813129752,-2.59734153042392,-4.52833146848837,-15.1670840055577,-6.94192137484965,-40.8076844265992,-52.4489545559259,-9.93424381759101,-0.0121360142963594,3.4236864182623
0.0439579533247033,0.231299047499942,0.619231007281421,0.0729042313169313,0.0105714475775332,2.53386188816967e-07,0.000946075253122062,1.85443520652348e-18,1.63106881468976e-23,4.74653357955456e-05,-3.1032546397316,-1.44277675931024,-0.458009813129752,-2.59734153042392,-4.52833146848837,-15.1670840055577,-6.94192137484965,-40.8076844265992,-52.4489545559259,-9.93424381759101,-0.0212670684717623,3.72570630801393
0.0545608092446305,0.287089417377788,0.768592309498067,0.0904890595935484,0.0131213282487668,3.14504076455651e-07,0.00117427285650376,2.30173331347513e-18,2.0244899439652e-23,5.89141881320874e-05,-3.1032546397316,-1.44277675931024,-0.458009813129752,-2.59734153042392,-4.52833146848837,-15.1670840055577,-6.94192137484965,-40.8076844265992,-52.4489545559259,-9.93424381759101,0.194815206370984,1.11580481779614
0.0651606058291242,0.34286368956868,0.91791051518226,0.108068813964734,0.0156704731804649,3.75604329211745e-07,0.00140240461602045,2.74890235756313e-18,2.41779755597604e-23,7.03597370303963e-05,-3.1032546397316,-1.44277675931024,-0.458009813129752,-2.59734153042392,-4.52833146848837,-15.1670840055577,-6.94192137484965,-40.8076844265992,-52.4489545559259,-9.93424381759101,0.372354442001848,1.43771247822532
0.0521806273219304,0.274565317187533,0.735062940225128,0.0865415297304738,0.0125489183316136,3.00784028535561e-07,0.00112304592156524,2.20132160588762e-18,1.93617280875357e-23,5.63440927188427e-05,-3.1032546397316,-1.44277675931024,-0.458009813129752,-2.59734153042392,-4.52833146848837,-15.1670840055577,-6.94192137484965,-40.8076844265992,-52.4489545559259,-9.93424381759101,0.150210662653518,0.437591831042
0.0314011642494858,0.301852155142318,0.866400602043472,0.0457355290199129,0.00925847013177612,6.24626418882248e-07,0.00106541455176713,7.86919609623274e-19,5.64211009221024e-23,0.000168147551264127,-3.68874850878516,-1.42565613402507,-0.371246088455207,-3.3127180429104,-4.91005465656328,-14.513950295749,-7.07222950511246,-41.9139990575878,-51.4570372135366,-8.91850688272926,0.227838200038962,0.289850581383463
0.0271613451463396,0.261095751222701,0.749418257238167,0.03956026850758,0.00800838149752249,5.40288685349002e-07,0.000921561128579923,6.80668874236104e-19,4.88030629535264e-23,0.000145444087330984,-3.68874850878516,-1.42565613402507,-0.371246088455207,-3.3127180429104,-4.91005465656328,-14.513950295749,-7.07222950511246,-41.9139990575878,-51.4570372135366,-8.91850688272926,0.0827880580100986,0.679207670738586
0.0841348861886162,0.808769271002531,2.3213953300432,0.122541747124218,0.0248067340633856,1.67359631144636e-06,0.0028546244764823,2.10843748560465e-18,1.51172194349299e-22,0.000450527087979978,-3.68874850878516,-1.42565613402507,-0.371246088455207,-3.3127180429104,-4.91005465656328,-14.513950295749,-7.07222950511246,-41.9139990575878,-51.4570372135366,-8.91850688272926,1.21341452870711,0.661444363285602
0.0562726280910688,0.540935805113957,1.55263793626597,0.0819606048564897,0.0165916920238471,1.11936518933983e-06,0.00190928197305252,1.41020358920688e-18,1.01109742411227e-22,0.000301329738653403,-3.68874850878516,-1.42565613402507,-0.371246088455207,-3.3127180429104,-4.91005465656328,-14.513950295749,-7.07222950511246,-41.9139990575878,-51.4570372135366,-8.91850688272926,0.81120146717034,0.199001797131004
0.908539158508689,8.73357754661997,25.0678244812176,1.32327956758424,0.26787805050061,1.80725006399361e-05,0.0308259538606525,2.27681774554847e-17,1.63244837505476e-21,0.004865062757452,-3.68874850878516,-1.42565613402507,-0.371246088455207,-3.3127180429104,-4.91005465656328,-14.513950295749,-7.07222950511246,-41.9139990575878,-51.4570372135366,-8.91850688272926,3.59283121908647,0.61703698470097
0.528869805029749,5.08390355114113,14.5922333910881,0.770294379008249,0.155934514228923,1.05201848487542e-05,0.0179440985624654,1.32535856699123e-17,9.50264659206855e-22,0.00283200208586994,-3.68874850878516,-1.42565613402507,-0.371246088455207,-3.3127180429104,-4.91005465656328,-14.513950295749,-7.07222950511246,-41.9139990575878,-51.4570372135366,-8.91850688272926,3.05173551611432,0.264125696123384
0.695939311865378,7.23072423469988,11.0028726955326,1.05864543542961,0.0924147753736693,8.79833076218671e-06,0.0172372357737653,6.45208342484364e-18,5.64135225177067e-22,0.00356663902475943,-3.36328273642559,-1.02245071645194,-0.602633525537503,-2.94379971855966,-5.38225832485715,-14.6417384589683,-7.06147328293113,-42.5829185020189,-51.9275381665252,-8.63692149466026,3.00078991838039,0.487994459769389
0.0333264874845343,0.150634600344407,0.242027008433656,0.0913293069254262,0.00917182477921437,3.82334046510365e-07,0.00108459872025261,2.85516939779654e-19,3.51813668725667e-23,0.000145460811499417,-2.7622127136038,-1.2537081754272,-0.779515889340325,-1.75409348237729,-4.05242895343401,-14.1377810785442,-6.18735513886893,-42.0607955271952,-51.0623355750047,-8.1964137797894,-0.639190064614759,0.191267094321443
0.0145528713088079,0.20441275106845,0.185967482270721,0.0864484974097109,0.00669145158751361,5.42705107143921e-07,0.000530842896912875,3.03279531663787e-19,3.00027633382253e-23,8.57453721461527e-05,-3.53419671546419,-0.891843791122226,-0.986413198496329,-1.75243619947869,-4.31115420111884,-13.7309294967425,-6.84527419462791,-41.9438617773471,-51.1649824946047,-8.66835819395764,-0.695770248558043,0.495027305445892
0.0139550959238707,0.196016269826837,0.178328660972762,0.082897529169852,0.00641659276662281,5.20412890890075e-07,0.000509037934145753,2.90821987380126e-19,2.87703664439551e-23,8.22232855590043e-05,-3.53419671546419,-0.891843791122226,-0.986413198496329,-1.75243619947869,-4.31115420111884,-13.7309294967425,-6.84527419462791,-41.9438617773471,-51.1649824946047,-8.66835819395764,-0.73771382275388,0.47403340565244
0.00709674424643587,0.114172091310202,0.178906429006602,0.0247542308703549,0.00440287292442652,8.07060128132056e-07,0.000224209951822211,1.30008016242598e-19,1.19439568046716e-23,5.55415332485446e-05,-3.83828289520168,-1.06021213420838,-0.611056091056463,-2.58892259857744,-4.31566175201658,-12.9200314014914,-7.29309139842334,-42.3768545791733,-51.6719805263719,-8.68854320852058,-1.10983626174254,0.15769585395253
0.081321881585685,1.30830264801796,2.05009606227524,0.2836597405345,0.050452700303643,9.24813490431817e-06,0.00256923097680673,1.48976715729612e-18,1.36866287864586e-22,0.000636452693387383,-3.83828289520168,-1.06021213420838,-0.611056091056463,-2.58892259857744,-4.31566175201658,-12.9200314014914,-7.29309139842334,-42.3768545791733,-51.6719805263719,-8.68854320852058,1.32894274275536,0.327122742603939
0.0298195628646243,0.479735740219191,0.751740702692946,0.104013941882532,0.0185002786342239,3.39115788742875e-06,0.00094209999981253,5.46276162509063e-19,5.01868967545412e-23,0.000233378037137859,-3.83828289520168,-1.06021213420838,-0.611056091056463,-2.58892259857744,-4.31566175201658,-12.9200314014914,-7.29309139842334,-42.3768545791733,-51.6719805263719,-8.68854320852058,0.325692266314701,0.54863479023632
0.0202946139755345,0.295928104705709,0.478215305569359,0.0522701069153443,0.0104863743958497,2.11544904865552e-06,0.000360503931124824,3.38973977089336e-19,4.11908029614838e-23,0.000193219156690359,-3.74395755346121,-1.06419654758887,-0.58425202176305,-2.79788844473628,-4.40423634503641,-12.9128012557734,-7.77456550057351,-42.3749214161099,-51.3903850334318,-8.39824329030998,-0.153442196079379,0.221969506321203
0.0119900108155663,0.174833637157568,0.282528492183108,0.0308810578019029,0.00619532564521244,1.24980238617676e-06,0.000212984885470184,2.0026503861548e-19,2.43354307505149e-23,0.000114153429145528,-3.74395755346121,-1.06419654758887,-0.58425202176305,-2.79788844473628,-4.40423634503641,-12.9128012557734,-7.77456550057351,-42.3749214161099,-51.3903850334318,-8.39824329030998,-0.679723854433009,0.350336845617478
0.0106902023714381,0.155880340001236,0.251900252935011,0.0275333160598843,0.00552370518451053,1.11431429362766e-06,0.000189895702577503,1.7855478394931e-19,2.16972848082317e-23,0.000101778328454466,-3.74395755346121,-1.06419654758887,-0.58425202176305,-2.79788844473628,-4.40423634503641,-12.9128012557734,-7.77456550057351,-42.3749214161099,-51.3903850334318,-8.39824329030998,-0.79447006975221,0.933264512285962
0.00935165697490747,0.0937460780025387,0.153499833143561,0.0295505393984929,0.00398608918412982,4.04858745123917e-07,0.00019682106660102,1.98645838243733e-19,8.04414705536443e-24,0.000110922658692833,-3.43585154525942,-1.13081526009082,-0.637705609412627,-2.28530309198504,-4.2885944935437,-13.4833774185932,-7.29686534378274,-41.8264132314735,-51.9407472891853,-7.8703271784855,-1.23635018955548,0.487083740618815
0.0189773799329983,0.190239541960988,0.311498236198514,0.0599671068875774,0.00808899739340529,8.21582554410312e-07,0.00039941030447628,4.03113325753435e-19,1.63240413240319e-23,0.000225096091830617,-3.43585154525942,-1.13081526009082,-0.637705609412627,-2.28530309198504,-4.2885944935437,-13.4833774185932,-7.29686534378274,-41.8264132314735,-51.9407472891853,-7.8703271784855,-0.528655993642095,0.314672655374701
0.285661443430207,2.86362513402508,4.68889994786401,0.902668881179553,0.121761522373561,1.23670632731463e-05,0.00601221688665249,6.06795747923272e-18,2.45721444356443e-22,0.00338831149135734,-3.43585154525942,-1.13081526009082,-0.637705609412627,-2.28530309198504,-4.2885944935437,-13.4833774185932,-7.29686534378274,-41.8264132314735,-51.9407472891853,-7.8703271784855,2.18290361166479,1.05916167666363
0.596493030896494,5.97956943378441,9.79094731121862,1.88487354248873,0.254251671681837,2.58238107548107e-05,0.0125541810265431,1.26705736156615e-17,5.13093847529511e-22,0.00707517320794803,-3.43585154525942,-1.13081526009082,-0.637705609412627,-2.28530309198504,-4.2885944935437,-13.4833774185932,-7.29686534378274,-41.8264132314735,-51.9407472891853,-7.8703271784855,2.91916382442176,0.239841129985151
0.192018394405808,1.92489645719359,3.15182556213016,0.606763822106545,0.0818467194796289,8.31300018899741e-06,0.00404134425539496,4.07881245187942e-18,1.65171178335546e-22,0.00227758469783181,-3.43585154525942,-1.13081526009082,-0.637705609412627,-2.28530309198504,-4.2885944935437,-13.4833774185932,-7.29686534378274,-41.8264132314735,-51.9407472891853,-7.8703271784855,1.78568743791305,0.728796680391494
0.197483677269949,1.97968341474159,3.24153372935431,0.624033708826518,0.0841762643903773,8.54960719544134e-06,0.00415637015994671,4.19490478703449e-18,1.69872328000923e-22,0.00234240996969812,-3.43585154525942,-1.13081526009082,-0.637705609412627,-2.28530309198504,-4.2885944935437,-13.4833774185932,-7.29686534378274,-41.8264132314735,-51.9407472891853,-7.8703271784855,1.81375220046859,0.301849633741328
0.0660331687340458,0.661952272576583,1.08388068657928,0.20865989412556,0.0281462526256962,2.85875603670612e-06,0.00138977709898396,1.40266202986923e-18,5.68006847613886e-23,0.000783238163840512,-3.43585154525942,-1.13081526009082,-0.637705609412627,-2.28530309198504,-4.2885944935437,-13.4833774185932,-7.29686534378274,-41.8264132314735,-51.9407472891853,-7.8703271784855,0.718253438640898,1.38263797779482
0.0898316665172987,0.900521312856651,1.47451364591459,0.283861374275651,0.0382902233537608,3.88905793659562e-06,0.00189065579136651,1.90818447939671e-18,7.72717752193602e-23,0.00106551890340325,-3.43585154525942,-1.13081526009082,-0.637705609412627,-2.28530309198504,-4.2885944935437,-13.4833774185932,-7.29686534378274,-41.8264132314735,-51.9407472891853,-7.8703271784855,1.02603381324767,0.289871191444591
0.0341739058149418,0.268530814040668,0.703433183875026,0.170311955434401,0.0112383428689599,4.54495736415442e-07,0.000321352184666863,6.30543371555794e-19,1.32780135622623e-23,0.000140429283411514,-3.54869075823884,-1.48718745220034,-0.524180227896431,-1.94252133581375,-4.66082172120757,-14.7764751484317,-8.21537073200158,-42.0801028549257,-52.8483305243868,-9.04320436104813,0.172397844234675,0.171569195514991
0.151877845291483,1.19342171924149,3.12624248606534,0.756911222229863,0.0499461580080273,2.01989885249705e-06,0.00142817381341217,2.8023009471996e-18,5.90109922028803e-23,0.000624104751030317,-3.54869075823884,-1.48718745220034,-0.524180227896431,-1.94252133581375,-4.66082172120757,-14.7764751484317,-8.21537073200158,-42.0801028549257,-52.8483305243868,-9.04320436104813,1.66401202760554,0.895697325010726
0.300238631076408,2.26771236745133,3.95608994852491,0.992795072360823,0.189498140239251,2.17249037261742e-06,0.00207532619442997,2.52499638531897e-18,8.42138546698828e-23,0.00137363232697699,-3.24566802262149,-1.22371878331313,-0.667234188281775,-2.04972134750417,-3.70586640757334,-15.0821267503178,-8.22012727454414,-42.562782381748,-52.8711731183965,-8.63278705319146,2.04249033902463,1.766181823479
0.230305714300341,1.73950672084128,3.03461988940244,0.761548830256056,0.145359390928212,1.6664642563899e-06,0.00159193199056641,1.93686300141261e-18,6.45983892352501e-23,0.00105367977836925,-3.24566802262149,-1.22371878331313,-0.667234188281775,-2.04972134750417,-3.70586640757334,-15.0821267503178,-8.22012727454414,-42.562782381748,-52.8711731183965,-8.63278705319146,1.77732036257824,1.67822579876827
0.256638313052513,1.61314590752395,5.59694851502304,0.646141403539757,0.306980510254245,2.28775849835053e-06,0.00442977680444615,4.05524165157054e-18,1.24576894402278e-22,0.000523038502423518,-3.49126842220414,-1.65299464238347,-0.408959353479777,-2.56791780289719,-3.31215191259697,-15.1191189361108,-7.55058697361082,-42.1777022892918,-52.5682999755564,-9.68703637288139,2.13118089467294,1.08081387527119
0.0941883681466674,0.592037793597352,2.05412606154041,0.237139200564158,0.112664367879329,8.39626153672605e-07,0.00162576446011539,1.48830698370305e-18,4.57207431461311e-23,0.000191959425056958,-3.49126842220414,-1.65299464238347,-0.408959353479777,-2.56791780289719,-3.31215191259697,-15.1191189361108,-7.55058697361082,-42.1777022892918,-52.5682999755564,-9.68703637288139,1.12880983678368,1.17290308937923
0.670069809008049,2.5986912862569,9.08292223141037,1.80931281600028,0.462647019877845,4.53112034684316e-06,0.00862752303294722,1.11791344343148e-17,4.04203291520696e-22,0.00119975566242788,-3.08368509004682,-1.72830374370743,-0.476915738081726,-2.09036459705095,-3.45410260229745,-14.9878530424346,-7.43610954385423,-41.7157943406364,-51.943435994195,-9.40894906813525,2.68331171057135,2.90548518338126
0.172453239940637,0.782622211408982,3.14022990391945,0.90391781491178,0.185797651418221,1.63101417118656e-06,0.00266589235380082,3.02546622844534e-18,2.68098771433448e-22,0.000481746182473787,-3.40401020347754,-1.89148623946046,-0.502085036363435,-1.74739788684302,-3.32947814446989,-14.9726895971262,-7.5735974868719,-41.9858475205922,-51.3170678205314,-9.28447422640221,1.64638105141204,0.925490967728354
0.403330024220062,1.83038043003077,7.34430390313555,2.11406404603828,0.434539654182997,3.81458176949523e-06,0.00623493317954875,7.07589702354032e-18,6.27023789247702e-22,0.00112669787770852,-3.40401020347754,-1.89148623946046,-0.502085036363435,-1.74739788684302,-3.32947814446989,-14.9726895971262,-7.5735974868719,-41.9858475205922,-51.3170678205314,-9.28447422640221,2.49601006997136,1.17671890620705
0.262331930549865,1.19050703646273,4.77684602127031,1.37501913867115,0.282631144563887,2.48106151226177e-06,0.00405529457174262,4.60227013881962e-18,4.07825728947704e-22,0.000732821291886883,-3.40401020347754,-1.89148623946046,-0.502085036363435,-1.74739788684302,-3.32947814446989,-14.9726895971262,-7.5735974868719,-41.9858475205922,-51.3170678205314,-9.28447422640221,2.06586553689825,1.49456315644621
0.353222450474662,1.6029837154984,6.43188670794504,1.85142399018277,0.380554762258872,3.3406784500177e-06,0.00546033829364604,6.19682526931743e-18,5.49125693710172e-22,0.000986722935091156,-3.40401020347754,-1.89148623946046,-0.502085036363435,-1.74739788684302,-3.32947814446989,-14.9726895971262,-7.5735974868719,-41.9858475205922,-51.3170678205314,-9.28447422640221,2.36335295427046,0.905720666246614
0.321589884262883,1.45942973570814,5.85588401649004,1.68562113173809,0.346474471784172,3.04150654823047e-06,0.0049713418768544,5.64187332509332e-18,4.99949162485912e-22,0.00089835771783215,-3.40401020347754,-1.89148623946046,-0.502085036363435,-1.74739788684302,-3.32947814446989,-14.9726895971262,-7.5735974868719,-41.9858475205922,-51.3170678205314,-9.28447422640221,2.26953200689906,1.1920733308427
0.22107164770219,1.00326083675825,4.02553062651725,1.1587523713599,0.238178145869352,2.09083337821866e-06,0.00341746676057978,3.87841251587954e-18,3.43681783932429e-22,0.000617561156696043,-3.40401020347754,-1.89148623946046,-0.502085036363435,-1.74739788684302,-3.32947814446989,-14.9726895971262,-7.5735974868719,-41.9858475205922,-51.3170678205314,-9.28447422640221,1.89474177121989,3.29906585329246
0.116903776527626,0.530529273556159,2.12872042914088,0.612753963162198,0.125949777042346,1.10564299196361e-06,0.00180717326089505,2.05092364738292e-18,1.81740620667814e-22,0.000326569382392228,-3.40401020347754,-1.89148623946046,-0.502085036363435,-1.74739788684302,-3.32947814446989,-14.9726895971262,-7.5735974868719,-41.9858475205922,-51.3170678205314,-9.28447422640221,1.25760609807716,1.27310359321745
0.0495675318094861,0.192244484471055,0.84202071648221,0.119816009343337,0.0208765164139222,1.49657590459299e-07,0.00069979285721739,4.09139523400038e-19,3.1966844243912e-23,9.30398219472833e-05,-3.207619858923,-1.85218795907727,-0.375151259856386,-2.32499856702335,-4.07233096701248,-15.9181164812341,-7.4679267836862,-42.5434313207094,-52.0005435822878,-9.48568356218995,0.203200598712016,2.04538091451683
0.0502493032388023,0.194888691115432,0.853602202314435,0.121464006105793,0.02116366027433,1.51716040126464e-07,0.000709418084842686,4.14766990160543e-19,3.24065288579183e-23,9.43195284421745e-05,-3.207619858923,-1.85218795907727,-0.375151259856386,-2.32499856702335,-4.07233096701248,-15.9181164812341,-7.4679267836862,-42.5434313207094,-52.0005435822878,-9.48568356218995,0.216861260889433,4.43773129231264
0.053965954016423,0.209303482141317,0.916738227781966,0.130447997199175,0.0227290140075366,1.62937599474936e-07,0.000761889643784676,4.45444909199253e-19,3.48034526542022e-23,0.000101295799278478,-3.207619858923,-1.85218795907727,-0.375151259856386,-2.32499856702335,-4.07233096701248,-15.9181164812341,-7.4679267836862,-42.5434313207094,-52.0005435822878,-9.48568356218995,0.288217946490947,3.59906895868396
0.0722207772453657,0.280103640080323,1.22683919051638,0.174574060989613,0.0304174564790526,2.18053776516076e-07,0.00101961066476429,5.96123577331207e-19,4.65762617806006e-23,0.000135560678744898,-3.207619858923,-1.85218795907727,-0.375151259856386,-2.32499856702335,-4.07233096701248,-15.9181164812341,-7.4679267836862,-42.5434313207094,-52.0005435822878,-9.48568356218995,0.579592357922315,3.46468092991995
0.0523620480058091,0.203082835825183,0.889492124558225,0.126570991212833,0.0220534917667749,1.58094979717425e-07,0.000739245749103988,4.32205974017183e-19,3.37690696266141e-23,9.82852170646761e-05,-3.207619858923,-1.85218795907727,-0.375151259856386,-2.32499856702335,-4.07233096701248,-15.9181164812341,-7.4679267836862,-42.5434313207094,-52.0005435822878,-9.48568356218995,0.258046634155924,4.88688744519183
0.0563371607514852,0.218500054972669,0.957018732400564,0.136179743726623,0.023727702756365,1.70096904638933e-07,0.00079536626599294,4.65017285673338e-19,3.63326794202473e-23,0.000105746629174111,-3.207619858923,-1.85218795907727,-0.375151259856386,-2.32499856702335,-4.07233096701248,-15.9181164812341,-7.4679267836862,-42.5434313207094,-52.0005435822878,-9.48568356218995,0.331218946221906,7.7110396796049
0.071144242658928,0.275928369917983,1.20855172711646,0.171971831801305,0.0299640489531281,2.14803431655823e-07,0.00100441218328589,5.87237662871885e-19,4.58819884893641e-23,0.000133539989342261,-3.207619858923,-1.85218795907727,-0.375151259856386,-2.32499856702335,-4.07233096701248,-15.9181164812341,-7.4679267836862,-42.5434313207094,-52.0005435822878,-9.48568356218995,0.564573982846056,1.41294940754587
0.0584972855329544,0.369151362611248,0.800640743634123,0.0907333435788916,0.0384045981160185,1.1766650880755e-07,0.000464195874795664,6.75449273635631e-19,2.23389068605487e-23,4.85528797403714e-05,-3.14474391970994,-1.30251751501383,-0.528311935087432,-2.70579935725641,-3.56554707669535,-16.261380403004,-7.98117294360251,-42.1448778855813,-52.4616813640923,-10.2388260427883,0.30596899274297,3.45256585830991
0.118102515852445,0.745294491146699,1.61644570779089,0.183185186299535,0.0775365833898169,2.37561633760198e-07,0.000937183668647496,1.36369162808648e-18,4.51009149841315e-23,9.80253561678291e-05,-3.14474391970994,-1.30251751501383,-0.528311935087432,-2.70579935725641,-3.56554707669535,-16.261380403004,-7.98117294360251,-42.1448778855813,-52.4616813640923,-10.2388260427883,1.00854166643449,2.45150531116348
0.0721105988032716,0.455059163248601,0.986963462043524,0.11184853583011,0.0473420012862813,1.45049506689038e-07,0.000572222149943463,8.32637807709232e-19,2.75375504290228e-23,5.98519606474565e-05,-3.14474391970994,-1.30251751501383,-0.528311935087432,-2.70579935725641,-3.56554707669535,-16.261380403004,-7.98117294360251,-42.1448778855813,-52.4616813640923,-10.2388260427883,0.515189675647393,1.34481624847399
0.0717583182832603,0.452836071479491,0.982141868444095,0.111302124331404,0.0471107223188579,1.44340899126601e-07,0.000569426684091154,8.28570138257742e-19,2.74030217640836e-23,5.95595670164161e-05,-3.14474391970994,-1.30251751501383,-0.528311935087432,-2.70579935725641,-3.56554707669535,-16.261380403004,-7.98117294360251,-42.1448778855813,-52.4616813640923,-10.2388260427883,0.510292422909144,0.361857957872495
0.0467326560488154,0.294909815074143,0.639620593503316,0.0724855879892514,0.0306808915678285,9.40021136787676e-08,0.000370839534834209,5.39606894502032e-19,1.78462375016091e-23,3.87882105710363e-05,-3.14474391970994,-1.30251751501383,-0.528311935087432,-2.70579935725641,-3.56554707669535,-16.261380403004,-7.98117294360251,-42.1448778855813,-52.4616813640923,-10.2388260427883,0.081431834019118,0.571626082595163
0.18111982535875,1.14296979283642,2.47895112296142,0.280929400287582,0.1189086645709,3.64320110439846e-07,0.0014372474724127,2.09133215951809e-18,6.91659257763105e-23,0.000150329866063382,-3.14474391970994,-1.30251751501383,-0.528311935087432,-2.70579935725641,-3.56554707669535,-16.261380403004,-7.98117294360251,-42.1448778855813,-52.4616813640923,-10.2388260427883,1.43614747151264,0.992479640387859
0.0971235353456715,0.612905113251424,1.32931056296154,0.150645333742042,0.0637634773746236,1.95362694577233e-07,0.000770708316501854,1.12145411200664e-18,3.70894750121678e-23,8.06127547395605e-05,-3.14474391970994,-1.30251751501383,-0.528311935087432,-2.70579935725641,-3.56554707669535,-16.261380403004,-7.98117294360251,-42.1448778855813,-52.4616813640923,-10.2388260427883,0.812972369205863,0.659650641436198
0.0831333137803866,0.524618805485079,1.13782917548202,0.128945530606515,0.0545786266268716,1.67221550692808e-07,0.000659691145723492,9.59913539513759e-19,3.17468979394374e-23,6.90008390923333e-05,-3.14474391970994,-1.30251751501383,-0.528311935087432,-2.70579935725641,-3.56554707669535,-16.261380403004,-7.98117294360251,-42.1448778855813,-52.4616813640923,-10.2388260427883,0.657434150105762,0.67647103936391
0.473345321399456,2.98707997795608,6.47858352175153,0.734191395151195,0.310760348498612,9.52127793999682e-07,0.00375615626512572,5.46556563445961e-18,1.8076081567344e-22,0.000392877690925131,-3.14474391970994,-1.30251751501383,-0.528311935087432,-2.70579935725641,-3.56554707669535,-16.261380403004,-7.98117294360251,-42.1448778855813,-52.4616813640923,-10.2388260427883,2.39681382923454,0.90945849526709
0.0780093702508331,0.492283788250609,1.06769877677266,0.120997939115557,0.0512146587054743,1.569148066968e-07,0.000619030909484586,9.00749017542266e-19,2.97901695849066e-23,6.47479543350276e-05,-3.14474391970994,-1.30251751501383,-0.528311935087432,-2.70579935725641,-3.56554707669535,-16.261380403004,-7.98117294360251,-42.1448778855813,-52.4616813640923,-10.2388260427883,0.593817591623131,1.61329260967628
0.590459518392239,3.72613761126546,8.08150230535206,0.915843630411342,0.387648081462807,1.18770143756947e-06,0.00468549728717077,6.81784546369426e-18,2.2548431206877e-22,0.000490082740196648,-3.14474391970994,-1.30251751501383,-0.528311935087432,-2.70579935725641,-3.56554707669535,-16.261380403004,-7.98117294360251,-42.1448778855813,-52.4616813640923,-10.2388260427883,2.61788971921801,0.349646626970443
0.702621621221846,4.43394469522949,9.61664275843297,1.08981482445652,0.46128466893475,1.41331400984923e-06,0.00557554175620138,8.11294506011957e-18,2.68316705838263e-22,0.000583177540074929,-3.14474391970994,-1.30251751501383,-0.528311935087432,-2.70579935725641,-3.56554707669535,-16.261380403004,-7.98117294360251,-42.1448778855813,-52.4616813640923,-10.2388260427883,2.79180715324552,0.678645959212596
0.10324150397459,0.651512997962684,1.4130459860322,0.160134727045596,0.067780041978252,2.07668906788625e-07,0.000819256480297816,1.19209632093787e-18,3.94258010507526e-23,8.56906825850823e-05,-3.14474391970994,-1.30251751501383,-0.528311935087432,-2.70579935725641,-3.56554707669535,-16.261380403004,-7.98117294360251,-42.1448778855813,-52.4616813640923,-10.2388260427883,0.874059583222879,1.53320193119883
0.169766199965239,1.07132191641947,2.32355630429273,0.263319140524072,0.111454790148779,3.41482444551732e-07,0.00134715258982752,1.96023551195044e-18,6.4830210402777e-23,0.000140906331221961,-3.14474391970994,-1.30251751501383,-0.528311935087432,-2.70579935725641,-3.56554707669535,-16.261380403004,-7.98117294360251,-42.1448778855813,-52.4616813640923,-10.2388260427883,1.37141083687072,2.28391159775369
0.0366503416755076,0.540965810929961,1.32034004933407,0.174878898136369,0.149258875724688,1.11554333345958e-07,0.000573778340812272,8.27379171896984e-19,2.54031869357686e-23,4.68464949440397e-05,-4.10506182018181,-1.41312849034492,-0.520839975595803,-2.54239084740722,-2.70080235178488,-16.8074833623025,-8.2619966942076,-42.4347531642689,-52.8258968879405,-10.7673636586562,0.798729292149389,2.1495388750644
0.0222863329550081,0.541059787129217,0.883776450225978,0.249200868959643,0.0867854187469705,1.09910275553159e-07,0.000868951417896479,8.98900553889298e-19,8.27780089577589e-24,6.10966885069396e-05,-4.3826615642642,-1.19310539788065,-0.702431036577494,-1.96837590897056,-3.02319656210585,-16.6024813846814,-7.62710324391206,-42.1319944470027,-53.727344794926,-10.2819327950705,0.578879903892606,2.39922952301121
0.0199327852980569,0.483921181292213,0.790445259406157,0.222884017172757,0.0776204466826204,9.83032035406746e-08,0.000777185824260086,8.03972182465016e-19,7.40362393080404e-24,5.46445741831847e-05,-4.3826615642642,-1.19310539788065,-0.702431036577494,-1.96837590897056,-3.02319656210585,-16.6024813846814,-7.62710324391206,-42.1319944470027,-53.727344794926,-10.2819327950705,0.467272163784073,1.26553855518428
0.0273031399302752,0.77064062384072,1.0948059782163,0.306353150030934,0.0779490661139723,9.37028909193101e-08,0.00337578206038838,5.37236574789681e-19,1.028815734673e-23,2.43776710441412e-05,-4.42512732935029,-1.08490689272944,-0.733796602981155,-2.00739051911184,-3.37607342583402,-17.0075105569567,-6.51550202161065,-42.892222168129,-53.755422531985,-11.4462167274921,0.824373761706257,1.67679368705595
0.06333622609835,1.78768701756631,2.5396668349212,0.7106601081726,0.180821681614552,2.17366482407895e-07,0.00783094165658321,1.24624996451239e-18,2.38658653001793e-23,5.65498945888956e-05,-4.42512732935029,-1.08490689272944,-0.733796602981155,-2.00739051911184,-3.37607342583402,-17.0075105569567,-6.51550202161065,-42.892222168129,-53.755422531985,-11.4462167274921,1.66582950805455,3.70897757716291
0.0135326063111088,0.381962521395561,0.542632764146705,0.151841750880075,0.0386348979177043,4.64431686707843e-08,0.00167318226885266,2.66277471423561e-19,5.09925171227864e-24,1.20826185509995e-05,-4.42512732935029,-1.08490689272944,-0.733796602981155,-2.00739051911184,-3.37607342583402,-17.0075105569567,-6.51550202161065,-42.892222168129,-53.755422531985,-11.4462167274921,0.122474106010684,2.27509278123745
0.0120589017994785,0.34036669882351,0.483539908395412,0.135306142869214,0.0344275470158343,4.13854949580453e-08,0.00149097226423857,2.37279782289557e-19,4.54394181250314e-24,1.07668181012149e-05,-4.42512732935029,-1.08490689272944,-0.733796602981155,-2.00739051911184,-3.37607342583402,-17.0075105569567,-6.51550202161065,-42.892222168129,-53.755422531985,-11.4462167274921,0.00717517611774547,0.413812082611641
0.38142902130898,3.9400608187464,9.08938970234935,2.13964094379157,0.989113349196251,1.92872314615943e-06,0.0122384715950062,3.05438123034749e-18,9.77176781166127e-23,0.000133966694804231,-3.77033793317896,-1.4353112765761,-0.599399669516943,-2.04586940431525,-2.81745378001829,-15.9651597922873,-7.20967831538073,-43.1364620810386,-53.4864671823217,-11.72442677114,2.80650743599686,2.32816381946103
0.387223467944068,3.99991591858877,9.2274703953051,2.17214511776476,1.00413938077167,1.95802318029402e-06,0.0124243912985173,3.10078160382123e-18,9.92021479380446e-23,0.000136001838489046,-3.77033793317896,-1.4353112765761,-0.599399669516943,-2.04586940431525,-2.81745378001829,-15.9651597922873,-7.20967831538073,-43.1364620810386,-53.4864671823217,-11.72442677114,2.82158461712226,2.26054448273947
0.0853857764242857,0.882012467255458,2.0347287531887,0.478974836859205,0.221420517513095,4.31759289781227e-07,0.00273967459476467,6.83746380791829e-19,2.18748426318787e-23,2.99894596682732e-05,-3.77033793317896,-1.4353112765761,-0.599399669516943,-2.04586940431525,-2.81745378001829,-15.9651597922873,-7.20967831538073,-43.1364620810386,-53.4864671823217,-11.72442677114,1.30976218871113,0.653907440519212
0.078417754597408,1.0413415191405,2.07690038149267,0.672040873947324,0.333849154011508,6.35719754199822e-07,0.00304366544534105,5.82749569602269e-19,2.35447721008093e-23,3.91098657578179e-05,-3.982129755139,-1.39591503540748,-0.705548258522649,-1.83386095555862,-2.53349086229547,-15.7049328483426,-7.23111759086027,-43.4229542530989,-53.5395632670878,-11.5855606412051,1.43642483957628,0.957059061496305
0.0960998526939693,1.27614935045365,2.54521213653944,0.823576616318965,0.409127431500986,7.79065596138205e-07,0.00372996909244157,7.14151381708944e-19,2.88537862658418e-23,4.79285890995334e-05,-3.982129755139,-1.39591503540748,-0.705548258522649,-1.83386095555862,-2.53349086229547,-15.7049328483426,-7.23111759086027,-43.4229542530989,-53.5395632670878,-11.5855606412051,1.63976225929083,1.39737831254475
0.0947517640347109,1.25824752835258,2.50950790265677,0.812023484182274,0.403388192208348,7.68136864558182e-07,0.0036776450888979,7.04133266678726e-19,2.8449025374423e-23,4.72562468887177e-05,-3.982129755139,-1.39591503540748,-0.705548258522649,-1.83386095555862,-2.53349086229547,-15.7049328483426,-7.23111759086027,-43.4229542530989,-53.5395632670878,-11.5855606412051,1.62563493772668,1.7562075316765
0.0965269591161441,1.73552986896747,1.82602561538779,1.12089992218358,0.237370599701845,1.34142890726032e-06,0.00232856194754592,6.48092616960207e-19,1.83832909259152e-23,5.0972513771305e-05,-3.95111061960521,-1.06186491227596,-1.01103586881429,-1.4990458144092,-3.05131032638012,-15.1349528424766,-7.67568207087002,-43.4934310183591,-53.9637777606998,-11.497401695215,1.61317767903095,1.78315313355377
0.00326600121499671,0.204810109202829,0.4430783227039,0.0800411131891256,0.014175452033368,2.09844548927302e-07,0.000161894432185321,4.04106484077209e-20,1.95284070930652e-24,2.90061361449355e-06,-5.430537060554,-1.29202017382683,-0.520356872012152,-2.23156300958696,-3.96259168853131,-15.0832469716813,-8.4349142364609,-44.3615417763227,-54.2991052934777,-12.4569364002832,-0.293651851866245,1.30406400200567
0.0178701493341898,1.12063253981672,2.42433338882545,0.437950432778973,0.0775619566682205,1.14817882157474e-06,0.000885816473748145,2.2110963046232e-19,1.06851016897824e-23,1.58709060528736e-05,-5.430537060554,-1.29202017382683,-0.520356872012152,-2.23156300958696,-3.96259168853131,-15.0832469716813,-8.43491423646089,-44.3615417763227,-54.2991052934777,-12.4569364002832,1.40591346740609,0.20743867075541
0.011976979208161,0.702906757464519,1.8400080053031,0.252752663396036,0.076018225966113,7.14371800224178e-07,0.000175888211071198,1.48204807001257e-19,6.22651453487582e-24,1.57191032789037e-05,-5.48389679547578,-1.41165895563086,-0.449358002157325,-2.43447180794426,-3.63591007658028,-15.2109902060106,-9.70478985357362,-44.4148197291101,-54.4923534448004,-12.1197617403939,1.05912792447696,0.369413918796853
0.00373065191228798,0.178052511402594,0.58764169628915,0.0801114412649692,0.0445160123894039,2.49807576876853e-07,6.06494455148713e-05,3.24151179882422e-20,1.98506586562617e-24,4.77568040862698e-06,-5.47925475051189,-1.61375922964294,-0.419720342197633,-2.41241906316892,-2.99998879088386,-15.0906573732685,-9.59848253031877,-44.7637444996537,-54.4644726019192,-12.1400565655559,-0.111917534673637,0.415859195849104
0.0192660746189044,0.919510329941741,3.03473736925054,0.413716701940251,0.2298924790076,1.29007249393189e-06,0.000313209800956227,1.67400255136389e-19,1.0251405917723e-23,2.46628785723992e-05,-5.47925475051189,-1.61375922964294,-0.419720342197633,-2.41241906316892,-2.99998879088386,-15.0906573732685,-9.59848253031877,-44.7637444996537,-54.4644726019192,-12.1400565655559,1.52984522894522,0.196931688471547
0.0251064211499054,1.15177709641479,2.29723030017846,0.385122271424448,0.200898697276913,2.87866593944851e-06,0.000209745125422274,1.72882865946718e-19,7.53101910865617e-24,3.10745125265524e-05,-5.08590783496915,-1.25997014125702,-0.569572012143997,-2.35547059911243,-3.00623068373084,-14.1594597787162,-9.87089364494159,-44.6029488552619,-54.644288051521,-11.7803987998011,1.4012761921131,0.257801681851377
0.030737484376387,1.41010661355306,2.812470962671,0.471500487075683,0.24595781819779,3.52431550519773e-06,0.000256788391989304,2.1165837851813e-19,9.22013459459009e-24,3.80441456624073e-05,-5.08590783496915,-1.25997014125702,-0.569572012143997,-2.35547059911243,-3.00623068373084,-14.1594597787162,-9.87089364494159,-44.6029488552619,-54.644288051521,-11.7803987998011,1.60363545523759,0.640226229487061
0.00356088671591234,0.163358518437462,0.325820108348162,0.0546225514233624,0.0284938063496217,4.08286120993797e-07,2.97485104063252e-05,2.45202730043761e-20,1.0681373398931e-24,4.40735133847099e-06,-5.08590783496915,-1.25997014125702,-0.569572012143997,-2.35547059911243,-3.00623068373084,-14.1594597787162,-9.87089364494159,-44.6029488552619,-54.644288051521,-11.7803987998011,-0.551837852660236,1.37711109779391
0.010497737000288,0.972080336033888,1.65168788685201,0.224360934299959,0.153933201991301,1.23160078723507e-06,0.000158931893014393,4.61727200279312e-20,5.80189983979467e-24,1.39255927200759e-05,-5.65944360247164,-1.13116486133872,-0.601050306870121,-2.59734724370362,-2.97408455761222,-14.7100438153415,-9.84988282697405,-45.6247458384148,-54.6067048429973,-12.2846302415231,1.1028480336423,0.585248185612253
0.0106715998526668,0.98817986871979,1.6790430365609,0.228076785820976,0.156482633890126,1.25199848112421e-06,0.000161564112915947,4.69374296797277e-20,5.89799053584992e-24,1.41562275008206e-05,-5.65944360247164,-1.13116486133872,-0.601050306870121,-2.59734724370362,-2.97408455761222,-14.7100438153415,-9.84988282697405,-45.6247458384148,-54.6067048429973,-12.2846302415231,1.11927431689486,0.527359910007494
0.0128007887174422,1.18534070701224,2.01404432842726,0.273582479380357,0.187703920877036,1.50179619295083e-06,0.000193799252437411,5.63023472173995e-20,7.07475277833075e-24,1.69806664207678e-05,-5.65944360247164,-1.13116486133872,-0.601050306870121,-2.59734724370362,-2.97408455761222,-14.7100438153415,-9.84988282697405,-45.6247458384148,-54.6067048429973,-12.2846302415231,1.3011951110669,0.402109318163753
0.00998669840157517,0.924758653965702,1.57128234200128,0.213438856763876,0.146439605243845,1.17164543300349e-06,0.000151194955815964,4.39249934806586e-20,5.51945851325739e-24,1.32476832439938e-05,-5.65944360247164,-1.13116486133872,-0.601050306870121,-2.59734724370362,-2.97408455761222,-14.7100438153415,-9.84988282697405,-45.6247458384148,-54.6067048429973,-12.2846302415231,1.05294237119319,0.217259197646755
0.0309756991959535,2.86831991337381,4.87363963750703,0.6620223779666,0.454211089592137,3.63408756704864e-06,0.000468960739873959,1.3624196211097e-19,1.71196805747372e-23,4.10902817636408e-05,-5.65944360247164,-1.13116486133872,-0.601050306870121,-2.59734724370362,-2.97408455761222,-14.7100438153415,-9.84988282697405,-45.6247458384148,-54.6067048429973,-12.2846302415231,2.18489132366209,0.36839833866001
0.00612191924714496,0.566883826368838,0.963207581264235,0.130839582089041,0.0897685503093997,7.18227229732124e-07,9.26836150308683e-05,2.69263426416829e-20,3.38346848451926e-24,8.12092683390675e-06,-5.65944360247164,-1.13116486133872,-0.601050306870121,-2.59734724370362,-2.97408455761222,-14.7100438153415,-9.84988282697405,-45.6247458384148,-54.6067048429973,-12.2846302415231,0.563563973325431,1.71484011129034
0.00769819640951156,0.712845573518136,1.21121511806297,0.164528272980664,0.112882235746765,9.03157009742624e-07,0.000116547873901462,3.38593610724531e-20,4.25464693141272e-24,1.02119102312306e-05,-5.65944360247164,-1.13116486133872,-0.601050306870121,-2.59734724370362,-2.97408455761222,-14.7100438153415,-9.84988282697405,-45.6247458384148,-54.6067048429973,-12.2846302415231,0.792674392381454,1.53675055659433
0.00111062153052798,0.132053741709535,0.226503751340851,0.0429351616581186,0.0245849960947707,3.51001190106054e-07,1.08835229107924e-05,1.79658015522814e-20,1.3583493987269e-24,3.8577263733853e-06,-5.95234036748412,-1.17405118962161,-0.634498656517297,-2.29756905421445,-2.85512382149662,-14.0119811074031,-10.5777654565319,-44.6153218003987,-54.1052768311511,-11.6149374550008,-0.85049511546764,1.17600349189414
0.00247024432302857,0.293713922183363,0.503789626362119,0.09549638326736,0.0546819464286058,7.80696820116177e-07,2.42071308235449e-05,3.99595344348162e-20,3.02124062847878e-24,8.58035470384085e-06,-5.95234036748412,-1.17405118962161,-0.634498656517297,-2.29756905421445,-2.85512382149662,-14.0119811074031,-10.5777654565319,-44.6153218003987,-54.1052768311511,-11.6149374550008,-0.0510978495441132,0.635832016889979
0.00773916367103221,0.92019242592611,1.57835009996277,0.299185847006265,0.17131606348264,2.44588780632271e-06,7.5839845355789e-05,1.25191412981425e-19,9.46541016019941e-24,2.68818629758541e-05,-5.95234036748412,-1.17405118962161,-0.634498656517297,-2.29756905421445,-2.85512382149662,-14.0119811074031,-10.5777654565319,-44.6153218003987,-54.1052768311511,-11.6149374550008,1.09087871742728,0.65165961497795
0.0151303838273939,1.79901410425473,3.08573947283596,0.584920657237499,0.334929962263586,4.78181143098493e-06,0.000148270022242628,2.44754370216091e-19,1.85052668343981e-23,5.25551496400686e-05,-5.95234036748412,-1.17405118962161,-0.634498656517297,-2.29756905421445,-2.85512382149662,-14.0119811074031,-10.5777654565319,-44.6153218003987,-54.1052768311511,-11.6149374550008,1.76128998461193,0.596432643456024
0.00156880596504369,0.186532218227188,0.319947368604836,0.0606479668076947,0.0347274813821742,4.95805947966846e-07,1.5373496005452e-05,2.53775528992415e-20,1.91873341256336e-24,5.44922278176632e-06,-5.95234036748412,-1.17405118962161,-0.634498656517297,-2.29756905421445,-2.85512382149662,-14.0119811074031,-10.5777654565319,-44.6153218003987,-54.1052768311511,-11.6149374550008,-0.505100113308142,0.962058639351698
0.00154166434462488,0.183305058989008,0.314412018646863,0.0595987076061454,0.0341266676813223,4.87228101412869e-07,1.51075220084201e-05,2.49385005732704e-20,1.88553776241343e-24,5.35494679122586e-06,-5.95234036748412,-1.17405118962161,-0.634498656517297,-2.29756905421445,-2.85512382149662,-14.0119811074031,-10.5777654565319,-44.6153218003987,-54.1052768311511,-11.6149374550008,-0.52255233539214,0.686770402885092
0.0956205050065986,11.3693505151786,19.501155428533,3.69656244493798,2.1166794245828,3.02199355345674e-05,0.000937032038705503,1.54679066635851e-18,1.16948980288478e-22,0.000332136316342631,-5.95234036748412,-1.17405118962161,-0.634498656517297,-2.29756905421445,-2.85512382149662,-14.0119811074031,-10.5777654565319,-44.6153218003987,-54.1052768311511,-11.6149374550008,3.6049723730769,0.524843528854979
0.172476943760202,10.5227643744547,19.3661855459237,3.83888724462953,1.9477625764204,1.97004996879363e-05,0.000998093243189972,1.55007968098099e-18,1.58514394183887e-22,0.000246095806231371,-5.33681688367143,-1.22578422683849,-0.615796640708568,-2.23414262830546,-2.91264385576174,-14.4141917305385,-10.4889890288334,-44.5875505100648,-53.7755220004892,-11.8891148144916,3.57932517286635,0.506460992678442
0.0811895402478106,4.32419224708914,12.09422486338,1.10130184405961,0.947316420259388,2.08083734260482e-05,0.00037245658600967,9.9481050955948e-19,6.27915183980467e-23,0.000110177479121486,-5.43137008933989,-1.45617587528341,-0.427673179897686,-2.82390825991962,-2.9745233470489,-13.7005563182519,-10.8157913091078,-44.3721359110526,-54.0426234594059,-12.0338192803654,2.92040123454593,0.28991375610803
0.0156549378935637,0.833789190841434,2.33200407994814,0.212352624712459,0.182661210784645,4.01226306561885e-06,7.1816944697964e-05,1.91819003968779e-19,1.21074379503028e-23,2.12443818212505e-05,-5.43137008933989,-1.45617587528341,-0.427673179897686,-2.82390825991962,-2.9745233470489,-13.7005563182519,-10.8157913091078,-44.3721359110526,-54.0426234594059,-12.0338192803654,1.27440119793335,1.59941107160369
0.0186501967867226,0.993318056804828,2.77818636485004,0.252982047325316,0.21760977588006,4.77992926210557e-06,8.55576790112262e-05,2.28519729415323e-19,1.44239537640721e-23,2.53090688875548e-05,-5.43137008933989,-1.45617587528341,-0.427673179897686,-2.82390825991962,-2.9745233470489,-13.7005563182519,-10.8157913091078,-44.3721359110526,-54.0426234594059,-12.0338192803654,1.44947150795881,2.61851140581535
0.0183590276620985,0.977810255338677,2.73481298379962,0.249032461049757,0.214212425778224,4.70530442919212e-06,8.42219421936769e-05,2.24952051801297e-19,1.41987652559223e-23,2.49139406474986e-05,-5.43137008933989,-1.45617587528341,-0.427673179897686,-2.82390825991962,-2.9745233470489,-13.7005563182519,-10.8157913091078,-44.3721359110526,-54.0426234594059,-12.0338192803654,1.433736234567,1.61950824288523
0.0174212599249255,0.927864314441896,2.59512043413895,0.236312037518647,0.203270588035308,4.46496039962332e-06,7.9919937664628e-05,2.13461640627416e-19,1.34735011401005e-23,2.36413520237938e-05,-5.43137008933989,-1.45617587528341,-0.427673179897686,-2.82390825991962,-2.9745233470489,-13.7005563182519,-10.8157913091078,-44.3721359110526,-54.0426234594059,-12.0338192803654,1.38130610551144,3.48879339313994
0.00396257083057336,0.411731462020041,0.763385544581015,0.0998050122624119,0.0545411747165786,4.82472880576782e-06,2.26343518587762e-05,1.25704257795239e-19,2.43089601198874e-24,6.90690567555254e-06,-5.81863943044293,-1.17516109908233,-0.557769240154629,-2.59231403958359,-3.19657652890017,-12.5295331965394,-10.9838189776841,-43.8081321309055,-54.6615594789831,-12.1707659900342,0.287777165727992,1.72350342338837
0.00678731138046321,0.705236513705178,1.30756915546823,0.170951567686658,0.0934211530053843,8.26406344042521e-06,3.87693748652189e-05,2.15313233753062e-19,4.16377368944252e-24,1.18305316169404e-05,-5.81863943044293,-1.17516109908233,-0.557769240154629,-2.59231403958359,-3.19657652890017,-12.5295331965394,-10.9838189776841,-43.8081321309055,-54.6615594789831,-12.1707659900342,0.825939047084363,3.3609403427508
0.0153382585333893,1.5937238426297,2.95490108418871,0.386323714190229,0.211117144471735,1.86754864305226e-05,8.76127028107598e-05,4.86574117473177e-19,9.40947508420261e-24,2.67351447953878e-05,-5.81863943044293,-1.17516109908233,-0.557769240154629,-2.59231403958359,-3.19657652890017,-12.5295331965394,-10.9838189776841,-43.8081321309055,-54.6615594789831,-12.1707659900342,1.64123441640461,0.824698815751989
0.0148840324496315,1.54652741951209,2.86739485625279,0.374883151535909,0.204865136557096,1.81224319201203e-05,8.50181465383811e-05,4.72164746594687e-19,9.13082356659973e-24,2.59434121425138e-05,-5.81863943044293,-1.17516109908233,-0.557769240154629,-2.59231403958359,-3.19657652890017,-12.5295331965394,-10.9838189776841,-43.8081321309055,-54.6615594789831,-12.1707659900342,1.61117314211153,0.687391001744537
0.00564365527479574,0.586404770231589,1.08724488206917,0.14214637617577,0.0776797694082446,6.87157588806827e-06,3.22367686840519e-05,1.79033139823455e-19,3.46218141886313e-24,9.83709725706242e-06,-5.81863943044293,-1.17516109908233,-0.557769240154629,-2.59231403958359,-3.19657652890017,-12.5295331965394,-10.9838189776841,-43.8081321309055,-54.6615594789831,-12.1707659900342,0.641416105413748,0.36241043614642
0.0115327241875375,0.586411712670838,0.857100501713451,0.0825347195136928,0.0715946317700934,1.40156382630186e-05,3.57384835749414e-05,2.13304407560433e-19,3.45724121170563e-24,1.23542295915966e-05,-4.93832648274973,-1.00949293440918,-0.629959875374718,-2.97029601123957,-3.11249496276322,-11.6510966126221,-10.7150422581445,-43.4673264436018,-54.4973310781464,-11.7772718561287,0.475759779658875,0.245807982309649
0.00381684230778871,0.194077392150207,0.283663894477074,0.0273154897471455,0.0236947849534062,4.63858150277798e-06,1.18279214786437e-05,7.05947071979969e-20,1.14420013090475e-24,4.08872573544219e-06,-4.93832648274973,-1.00949293440918,-0.629959875374718,-2.97029601123957,-3.11249496276322,-11.6510966126221,-10.7150422581445,-43.4673264436018,-54.4973310781464,-11.7772718561287,-0.630005336451174,0.283824188139108
0.158169804464665,8.04255997287842,11.7550213252373,1.13195288769099,0.981911014574721,0.000192222646398212,0.000490148629845896,2.92544206266056e-18,4.74156112251067e-23,0.000169436643679211,-4.93832648274973,-1.00949293440918,-0.629959875374718,-2.97029601123957,-3.11249496276322,-11.6510966126221,-10.7150422581445,-43.4673264436018,-54.4973310781464,-11.7772718561287,3.09424037150694,0.964608861661625
0.0148571667632259,0.755451744564774,1.10416974166104,0.106326317323716,0.0922326213878834,1.80558098486165e-05,4.60405192826423e-05,2.74791896773275e-19,4.45383140945256e-24,1.59154807041929e-05,-4.93832648274973,-1.00949293440918,-0.629959875374718,-2.97029601123957,-3.11249496276322,-11.6510966126221,-10.7150422581445,-43.4673264436018,-54.4973310781464,-11.7772718561287,0.729053562915639,0.877506150024486
0.022659464689514,1.15218011639794,1.68402870285652,0.162163989363453,0.14066893512517,2.75378874199612e-05,7.0218874001883e-05,4.19099911923358e-19,6.79277800161315e-24,2.42735562426302e-05,-4.93832648274973,-1.00949293440918,-0.629959875374718,-2.97029601123957,-3.11249496276322,-11.6510966126221,-10.7150422581445,-43.4673264436018,-54.4973310781464,-11.7772718561287,1.15114883550121,0.42108146212797
0.0104962541078741,0.533709663730459,0.780071084305684,0.0751171513903005,0.0651602722477866,1.27560234945754e-05,3.25265911967298e-05,1.94134293656589e-19,3.14653170232672e-24,1.12439291005106e-05,-4.93832648274973,-1.00949293440918,-0.629959875374718,-2.97029601123957,-3.11249496276322,-11.6510966126221,-10.7150422581445,-43.4673264436018,-54.4973310781464,-11.7772718561287,0.381589645649028,0.91547456554006
0.00596254630138621,0.303181358681366,0.443130464520285,0.0426713652880133,0.0370152186004051,7.24624041360799e-06,1.84771923434353e-05,1.10280744227215e-19,1.78743204681261e-24,6.38727370567415e-06,-4.93832648274973,-1.00949293440918,-0.629959875374718,-2.97029601123957,-3.11249496276322,-11.6510966126221,-10.7150422581445,-43.4673264436018,-54.4973310781464,-11.7772718561287,-0.183931174616448,2.29878245275193
0.0123245101319593,0.626672152805082,0.915945239450867,0.0882011890984209,0.0765100032131106,1.49778901298195e-05,3.81921301296875e-05,2.27948946790122e-19,3.69460013518205e-24,1.32024164714456e-05,-4.93832648274973,-1.00949293440918,-0.629959875374718,-2.97029601123957,-3.11249496276322,-11.6510966126221,-10.7150422581445,-43.4673264436018,-54.4973310781464,-11.7772718561287,0.542161177020802,1.17160235171584
0.0809994615776914,4.11863079501358,6.01979879409417,0.579678117100828,0.502841005379919,9.84380736512352e-05,0.000251007297157216,1.49813191433243e-18,2.42817457643679e-23,8.67692601378496e-05,-4.93832648274973,-1.00949293440918,-0.629959875374718,-2.97029601123957,-3.11249496276322,-11.6510966126221,-10.7150422581445,-43.4673264436018,-54.4973310781464,-11.7772718561287,2.42501371122895,1.13132782055813
0.0802272322312453,4.07936476157167,5.96240748311562,0.574151605630273,0.498047040415369,9.74995887798488e-05,0.00024861425407691,1.48384908569925e-18,2.4050249451961e-23,8.59420229224072e-05,-4.93832648274973,-1.00949293440918,-0.629959875374718,-2.97029601123957,-3.11249496276322,-11.6510966126221,-10.7150422581445,-43.4673264436018,-54.4973310781464,-11.7772718561287,2.4154342150102,1.58078050064286
0.0644412919835695,3.27668708488168,4.78921222705266,0.461178458140128,0.400048635112452,7.83150470744173e-05,0.000199695580823091,1.19187898587204e-18,1.93179934556922e-23,6.90316098259281e-05,-4.93832648274973,-1.00949293440918,-0.629959875374718,-2.97029601123957,-3.11249496276322,-11.6510966126221,-10.7150422581445,-43.4673264436018,-54.4973310781464,-11.7772718561287,2.196325811279,1.28304541859388
0.00915230631665239,0.465373101338536,0.680190231577275,0.0654990982585526,0.0568171049556455,1.11227332346296e-05,2.8361863480961e-05,1.69277201547469e-19,2.74364756024229e-24,9.80424847502459e-06,-4.93832648274973,-1.00949293440918,-0.629959875374718,-2.97029601123957,-3.11249496276322,-11.6510966126221,-10.7150422581445,-43.4673264436018,-54.4973310781464,-11.7772718561287,0.244577107758872,0.806174438381382
0.00655026589359216,0.333065508083649,0.486809195508311,0.0468774202414334,0.0406637553297864,7.96049188364217e-06,2.02984625525522e-05,1.21150958184349e-19,1.96361664657065e-24,7.01685806575432e-06,-4.93832648274973,-1.00949293440918,-0.629959875374718,-2.97029601123957,-3.11249496276322,-11.6510966126221,-10.7150422581445,-43.4673264436018,-54.4973310781464,-11.7772718561287,-0.0899231529676265,0.562763703116996
0.00709450787342844,0.360738923862381,0.527256713925102,0.0507723247256578,0.0440423850018903,8.62190531839483e-06,2.19850010269736e-05,1.31217028541251e-19,2.1267676741365e-24,7.59986779207277e-06,-4.93832648274973,-1.00949293440918,-0.629959875374718,-2.97029601123957,-3.11249496276322,-11.6510966126221,-10.7150422581445,-43.4673264436018,-54.4973310781464,-11.7772718561287,-0.0101078504745095,0.83433434318424
0.0227833974498103,1.15848180375642,1.69323926137689,0.163050922532345,0.141438304113223,2.76885020283577e-05,7.06029262731609e-05,4.21392120041964e-19,6.82993014705677e-24,2.44063170500268e-05,-4.93832648274973,-1.00949293440918,-0.629959875374718,-2.97029601123957,-3.11249496276322,-11.6510966126221,-10.7150422581445,-43.4673264436018,-54.4973310781464,-11.7772718561287,1.15660329244882,1.02781526270212
0.0632420694292314,2.18923573307936,3.00436041829525,0.712811497000993,0.662984701450876,0.000129165714236627,5.52414335822049e-05,3.46686962979168e-19,2.89879119942715e-23,5.85180786598248e-05,-4.65282424241552,-1.10848619607009,-0.791973992497568,-2.23057697226681,-2.30304206245886,-10.8464530701797,-11.6958359765352,-44.3979034027278,-53.7872020152128,-11.6382135132101,1.89203869866163,1.27287222663478
0.0811570093868271,2.80939296488891,3.85542264618399,0.914733655543677,0.850792140810333,0.000165755219229321,7.0889988013273e-05,4.4489494671384e-19,3.71994823549562e-23,7.50948269396662e-05,-4.65282424241552,-1.10848619607009,-0.791973992497568,-2.23057697226681,-2.30304206245886,-10.8464530701797,-11.6958359765352,-44.3979034027278,-53.7872020152128,-11.6382135132101,2.14145462934868,1.07547025879931
0.0847275775609315,2.93299447737409,4.02504507931939,0.954978101500264,0.888223428184121,0.000173047753970848,7.40088502899294e-05,4.64468459212123e-19,3.88361036251742e-23,7.83986845009106e-05,-4.65282424241552,-1.10848619607009,-0.791973992497568,-2.23057697226681,-2.30304206245886,-10.8464530701797,-11.6958359765352,-44.3979034027278,-53.7872020152128,-11.6382135132101,2.18451010313628,1.04287166094786
0.00585915750176431,0.202825066990511,0.278343530528461,0.0660395029399019,0.0614232238463939,1.19667536241386e-05,5.11792645153048e-06,3.21193398355869e-20,2.68562910029022e-24,5.4214962075556e-06,-4.65282424241552,-1.10848619607009,-0.791973992497568,-2.23057697226681,-2.30304206245886,-10.8464530701797,-11.6958359765352,-44.3979034027278,-53.7872020152128,-11.6382135132101,-0.486925214343726,0.87995875896384
0.00265887469389877,0.092041635294324,0.126311772521854,0.0299686026722588,0.0278737438708003,5.43049036824192e-06,2.32250543241275e-06,1.45756962238788e-20,1.2187334526866e-24,2.46026481878958e-06,-4.65282424241552,-1.10848619607009,-0.791973992497568,-2.23057697226681,-2.30304206245886,-10.8464530701797,-11.6958359765352,-44.3979034027278,-53.7872020152128,-11.6382135132101,-1.27702805068929,1.07191778151713
0.0101533763310604,0.351477022747225,0.482343513366974,0.1144403313724,0.106440748007133,2.07372737412115e-05,8.86889169329035e-06,5.56598358650937e-20,4.65394605498876e-24,9.39494991492428e-06,-4.65282424241552,-1.10848619607009,-0.791973992497568,-2.23057697226681,-2.30304206245886,-10.8464530701797,-11.6958359765352,-44.3979034027278,-53.7872020152128,-11.6382135132101,0.0628752570618314,0.754857888431293
0.0204042090219132,0.706327669210422,0.969316761853533,0.229979108990202,0.213903158907095,4.16735925236924e-05,1.78229107246838e-05,1.11853918153564e-19,9.35256263398859e-24,1.88800764951555e-05,-4.65282424241552,-1.10848619607009,-0.791973992497568,-2.23057697226681,-2.30304206245886,-10.8464530701797,-11.6958359765352,-44.3979034027278,-53.7872020152128,-11.6382135132101,0.760810167605147,2.07367911487178
0.0238878586843011,0.826920344169667,1.13481006799206,0.269243882475396,0.250423254663324,4.87886047434621e-05,2.08658503878745e-05,1.30950951701589e-19,1.09493435544038e-23,2.21035080938795e-05,-4.65282424241552,-1.10848619607009,-0.791973992497568,-2.23057697226681,-2.30304206245886,-10.8464530701797,-11.6958359765352,-44.3979034027278,-53.7872020152128,-11.6382135132101,0.918439288451709,2.30512330247302
0.0123686381232514,0.501193802647926,0.95363961970212,0.196495181435326,0.0956560135542101,3.40492178261238e-05,1.1455143138308e-05,1.70810380464003e-19,1.0771097937599e-23,1.3953660727212e-05,-4.95757126161239,-1.25574248890925,-0.612449503872211,-2.19209743777562,-2.91197678251193,-10.8526835648097,-11.9420518142758,-43.7787129656614,-53.4501558696625,-11.7447487342456,0.564980067844503,0.802697015037378
0.0121860245452817,0.493794055590427,0.939559852688795,0.193594078841964,0.0942437249323434,3.35465069025493e-05,1.12860166222116e-05,1.682884945118e-19,1.06120708310213e-23,1.37476454904672e-05,-4.95757126161239,-1.25574248890925,-0.612449503872211,-2.19209743777562,-2.91197678251193,-10.8526835648097,-11.9420518142758,-43.7787129656614,-53.4501558696625,-11.7447487342456,0.550105748674259,1.95753699477937
0.0231799951194212,1.45372023821619,3.14147828407648,0.44689064334713,0.15451321310276,8.16526239267693e-05,9.14295912553477e-06,2.49331709915721e-19,2.96697864263311e-23,3.46679793257118e-05,-5.41694539769469,-1.2783537938539,-0.507786265832894,-2.45792110612794,-3.51995541067325,-11.065516348863,-13.2550062154396,-44.4879825206959,-53.5243927419568,-11.922173829116,1.65247974607285,1.38963677163319
0.0137447456317351,0.861993921527872,1.86276225252841,0.264987036725576,0.0916197264019327,4.8416513474451e-05,5.42138369116981e-06,1.47843039356201e-19,1.75929142899668e-23,2.05566288924247e-05,-5.41694539769469,-1.2783537938539,-0.507786265832894,-2.45792110612794,-3.51995541067325,-11.065516348863,-13.2550062154396,-44.4879825206959,-53.5243927419568,-11.922173829116,1.1298467339188,0.513612820412829
0.010642095822548,0.320658669112791,1.35482450914315,0.138790216943597,0.0251191929659641,3.34457262602338e-05,3.09153298358621e-06,1.55943736902701e-19,8.820667482248e-24,7.38189293551794e-06,-5.15816596503398,-1.7526061840638,-0.311556193974975,-2.59001984288032,-4.29935119142088,-10.9208146709397,-13.3020716052557,-43.9200197979309,-53.700172812814,-12.4317085832851,0.615228126371542,1.01353055442063
0.00622020328291313,0.187421926993361,0.791881975135765,0.0811215551395111,0.0146819281799709,1.95487072990393e-05,1.80697147764762e-06,9.11476235890238e-20,5.15559582862579e-24,4.31464585897971e-06,-5.15816596503398,-1.7526061840638,-0.311556193974975,-2.59001984288032,-4.29935119142088,-10.9208146709397,-13.3020716052557,-43.9200197979309,-53.700172812814,-12.4317085832851,0.0782132744092615,0.449571733875454
0.152467921823893,4.46431998597035,9.09094967064684,2.33431864484403,0.167312704701903,0.00032386472973352,3.49121630666801e-05,2.16598061012177e-18,9.84539877863869e-23,2.75010128984854e-05,-4.66641428796491,-1.28949633025307,-0.57833385725715,-1.9378931865927,-4.5735039684399,-10.8207978643802,-13.0482885117409,-43.4592717114912,-53.4580661560981,-13.2869009555059,2.78561323420806,0.323912359632613
0.0644065757031438,1.88584955904081,3.84026312664171,0.98607935830635,0.070677413665595,0.000136809225072624,1.47478423435969e-05,9.14968817496454e-19,4.15896284397746e-23,1.16171719793315e-05,-4.66641428796491,-1.28949633025307,-0.57833385725715,-1.9378931865927,-4.5735039684399,-10.8207978643802,-13.0482885117409,-43.4592717114912,-53.4580661560981,-13.2869009555059,1.92387474407217,0.366381851649386
0.0411982142388111,1.20629971873724,2.45645698901935,0.630754052928037,0.0452094091053831,8.75111850436815e-05,9.43358285700726e-06,5.85267590358957e-19,2.66031597529995e-23,7.43102291696984e-06,-4.66641428796491,-1.28949633025307,-0.57833385725715,-1.9378931865927,-4.5735039684399,-10.8207978643802,-13.0482885117409,-43.4592717114912,-53.4580661560981,-13.2869009555059,1.47705392068071,0.120594539621267
0.0124297674242776,0.363948419243622,0.741128945159178,0.190302573173916,0.0136399708325112,2.64026899518175e-05,2.84617289988723e-06,1.76579013521318e-19,8.02634518486421e-24,2.24198762710929e-06,-4.66641428796491,-1.28949633025307,-0.57833385725715,-1.9378931865927,-4.5735039684399,-10.8207978643802,-13.0482885117409,-43.4592717114912,-53.4580661560981,-13.2869009555059,0.278753203491855,0.391214845714686
0.0183658950653187,0.537760542804801,1.09507249589224,0.281186040757749,0.0201540595614538,3.9011915231021e-05,4.20542967803122e-06,2.60908472570114e-19,1.18595150167751e-23,3.31270152463251e-06,-4.66641428796491,-1.28949633025307,-0.57833385725715,-1.9378931865927,-4.5735039684399,-10.8207978643802,-13.0482885117409,-43.4592717114912,-53.4580661560981,-13.2869009555059,0.66915442462836,0.233946742378874
0.0711821244360148,2.08424025829236,4.24425743432756,1.08981455418879,0.0781126523097315,0.000151201506628754,1.62993100844733e-05,1.01122320991406e-18,4.59648424796346e-23,1.28392943173813e-05,-4.66641428796491,-1.28949633025307,-0.57833385725715,-1.9378931865927,-4.5735039684399,-10.8207978643802,-13.0482885117409,-43.4592717114912,-53.4580661560981,-13.2869009555059,2.02390073458761,1.00965268224494
0.0514061486829279,0.651427513785737,0.886577472595149,0.260245467378045,0.0412110309811193,4.65714875790742e-05,4.22071172479972e-06,3.36453698779699e-19,1.07871566977188e-23,1.12312251528179e-05,-3.60506607956109,-1.06565773917201,-0.757455355819151,-1.98319857812069,-3.82611790627019,-10.6115906486855,-13.0125753790384,-43.1728949998188,-53.5207545901028,-12.0338812888098,0.63706859006715,1.33349288712637
0.156619260138313,1.98470606837633,2.70113812006426,0.79289060938026,0.125557765893159,0.000141889484333176,1.28592544769799e-05,1.02507444583522e-18,3.28652611463548e-23,3.42182057778885e-05,-3.60506607956109,-1.06565773917201,-0.757455355819151,-1.98319857812069,-3.82611790627019,-10.6115906486855,-13.0125753790384,-43.1728949998188,-53.5207545901028,-12.0338812888098,1.75112856596206,2.86197714142151
0.196868127321617,3.58722668783917,2.16251091289097,0.864686767127686,0.158614509550199,8.23538753741142e-05,1.00579078096447e-05,1.16390720184595e-18,3.48281848139755e-23,4.54448875707356e-05,-3.56684283996173,-0.664242267498487,-1.17035165487285,-2.08700961766627,-3.78290014988939,-11.3461067037605,-13.4487730472376,-43.2363707123693,-53.6532369255356,-11.9406318894675,1.94162166110759,1.37020573472854
0.343840696966798,2.0493935573599,2.30890172239825,1.3684523840382,0.0525827161569692,6.29063282256154e-05,1.1096371450865e-05,1.53373392238943e-18,7.07110045799485e-23,2.39301538817047e-05,-2.8796729249206,-1.09455218213251,-0.975324139214958,-1.49841565121883,-4.75746390924742,-11.4859598974377,-13.2209885052464,-42.8309225452941,-52.8155371251394,-12.452467331411,1.81209610583968,3.5326753733695
0.411355766268414,2.45180359570623,2.76226765951242,1.63715576429345,0.0629076304464136,7.52583422458544e-05,1.32752068653766e-05,1.83489126930571e-18,8.45955110293501e-23,2.86289752020839e-05,-2.8796729249206,-1.09455218213251,-0.975324139214958,-1.49841565121883,-4.75746390924742,-11.4859598974377,-13.2209885052464,-42.8309225452941,-52.8155371251394,-12.452467331411,1.99137609736792,2.26047033334982
0.0755175723817604,0.450107353992433,0.507103011603127,0.300552560747561,0.0115487174975013,1.38160876154442e-05,2.43709090171054e-06,3.36853268156298e-19,1.553022505381e-23,5.25576856902078e-06,-2.8796729249206,-1.09455218213251,-0.975324139214958,-1.49841565121883,-4.75746390924742,-11.4859598974377,-13.2209885052464,-42.8309225452941,-52.8155371251394,-12.452467331411,0.296283021890399,1.05982302093186
0.168231058296388,2.18783129397611,4.80592940271222,1.13273257383112,0.0541834421123667,5.15964470882186e-05,5.29070598739936e-06,6.71314162552742e-19,3.55305165174587e-23,8.97155145156878e-06,-3.90455551020075,-1.33922783624356,-0.552288164900937,-1.9975056922036,-5.03751852599256,-11.9941963554276,-14.2716974767241,-43.96718833765,-53.8137888971283,-13.7435905495091,2.12213861270079,0.864180598175424
0.0981464086863458,1.27638609950994,2.80379090551348,0.660838939309889,0.0316107519470291,3.01014927562425e-05,3.08661074439513e-06,3.91646315621187e-19,2.07285897757105e-23,5.23402494303369e-06,-3.90455551020075,-1.33922783624356,-0.552288164900937,-1.9975056922036,-5.03751852599256,-11.9941963554276,-14.2716974767241,-43.96718833765,-53.8137888971283,-13.7435905495091,1.58326056121914,0.987102390561588
0.0141171681280228,0.117486686064092,0.683329754238402,0.149246826033138,0.00736070655612753,1.39313775771646e-05,6.84210333448961e-07,1.72080008782538e-19,2.68353443893629e-24,1.20341118472268e-06,-4.23150824365593,-2.11257488102991,-0.351922352350485,-1.87329841216425,-4.88274397049423,-11.1525115013481,-14.1661450806706,-43.177472035997,-54.2460521048347,-13.601494999054,-0.0288553808809242,3.86325150194045
0.0721420011793808,0.600384196584924,3.49197342477759,0.762685873119902,0.0376149165496692,7.11925684023832e-05,3.4964733886422e-06,8.79368729192608e-19,1.37134829664854e-23,6.14971007784569e-06,-4.23150824365593,-2.11257488102991,-0.351922352350485,-1.87329841216425,-4.88274397049423,-11.1525115013481,-14.1661450806706,-43.177472035997,-54.2460521048347,-13.601494999054,1.60238937998319,3.63998400153258
0.0433264058652606,0.360573437818101,2.09717855617041,0.458047145162062,0.0225904343430478,4.27562039140325e-05,2.09988110472173e-06,5.28123504246604e-19,8.23592247399565e-24,3.69333856048589e-06,-4.23150824365593,-2.11257488102991,-0.351922352350485,-1.87329841216425,-4.88274397049423,-11.1525115013481,-14.1661450806706,-43.177472035997,-54.2460521048347,-13.601494999054,1.09251524903372,1.08659909244598
0.0841407406793376,0.700240777452441,4.07276240733569,0.889536653002043,0.0438710721540842,8.3033397165492e-05,4.07801081029663e-06,1.02562633410371e-18,1.59943250149727e-23,7.17253683643329e-06,-4.23150824365593,-2.11257488102991,-0.351922352350485,-1.87329841216425,-4.88274397049423,-11.1525115013481,-14.1661450806706,-43.177472035997,-54.2460521048347,-13.601494999054,1.75624384573702,1.7166469311868
0.21436994459923,1.78404154107314,10.3763984554605,2.26632094611285,0.111772718319906,0.000211548705259062,1.03897700973415e-05,2.61304403367719e-18,4.0749612371831e-23,1.82738624814569e-05,-4.23150824365593,-2.11257488102991,-0.351922352350485,-1.87329841216425,-4.88274397049423,-11.1525115013481,-14.1661450806706,-43.177472035997,-54.2460521048347,-13.601494999054,2.69145620027153,2.15933917025199
0.185390132718287,1.94406834883766,5.85124066175496,3.16756900155038,0.0921959752471897,0.000203178727333322,4.44328576946259e-06,7.06045433900939e-18,3.65723569417544e-23,1.29826208746534e-05,-4.10483261003239,-1.75475689689418,-0.652886043490798,-1.26657534397501,-4.80337856297046,-10.9209642972419,-14.7436561782276,-41.9115620316724,-54.0822893128104,-13.671438711869,2.41953976118148,3.24463350506607
0.190894026097963,2.00178417630871,6.02495327670873,3.26160832177563,0.0949331048363183,0.000209210731495917,4.57519878323507e-06,7.27006629259174e-18,3.76581232136665e-23,1.33680511024392e-05,-4.10483261003239,-1.75475689689418,-0.652886043490798,-1.26657534397501,-4.80337856297046,-10.9209642972419,-14.7436561782276,-41.9115620316724,-54.0822893128104,-13.671438711869,2.44879576793433,1.29089620844373
0.050421476262825,0.459191380003921,2.11073500001692,0.772831900135729,0.0258981770473149,0.000103160268029209,1.43269513334739e-06,3.33448279313269e-18,3.04537097026472e-23,5.56677323260826e-06,-4.21674120158324,-2.00769132916398,-0.482366895171044,-1.48709684153477,-4.88298582026983,-10.4086299020077,-14.6853563021354,-41.4716172143126,-53.0752375390491,-13.3280981070531,1.22940312324254,2.64821178798329
0.0770327760735189,0.701542068430313,3.22473256751353,1.18071486830942,0.0395666414604574,0.000157605893674265,2.18883879586326e-06,5.09434640480321e-18,4.65264798655172e-23,8.5047885873928e-06,-4.21674120158324,-2.00769132916398,-0.482366895171044,-1.48709684153477,-4.88298582026983,-10.4086299020077,-14.6853563021354,-41.4716172143126,-53.0752375390491,-13.3280981070531,1.65321691717832,0.943377216636959
0.0577217634424627,1.38054989602497,3.883183666423,2.1163247485164,0.0636794930534554,2.91093242056634e-05,4.15325871153417e-06,7.59604146086681e-18,2.8691867393088e-23,2.97135622837423e-05,-4.86722699962538,-1.69262411057414,-0.658450655987834,-1.2654250306993,-4.76899870407511,-12.459558021425,-14.4067233059132,-41.4340104284611,-53.9205345210952,-12.4390129795883,2.01510600575344,2.75531840283194
0.069806330494634,1.66958035511708,4.69616287208364,2.55939624880258,0.0770113640455783,3.52036213862645e-05,5.02278054162481e-06,9.18634062863945e-18,3.46987662590486e-23,3.59343621062335e-05,-4.86722699962538,-1.69262411057414,-0.658450655987834,-1.2654250306993,-4.76899870407511,-12.459558021425,-14.4067233059132,-41.4340104284611,-53.9205345210952,-12.4390129795883,2.20519642106458,1.13635622269123
0.0232368222525868,0.555762517143752,1.56323790628407,0.851960492493366,0.0256352019233258,1.17184256356646e-05,1.67196095013846e-06,3.05790839923637e-18,1.15503716959818e-23,1.19616713714356e-05,-4.86722699962538,-1.69262411057414,-0.658450655987834,-1.2654250306993,-4.76899870407511,-12.459558021425,-14.4067233059132,-41.4340104284611,-53.9205345210952,-12.4390129795883,1.10520990715839,1.67100967060167
0.013757773063391,0.934584984071729,1.73382939938508,0.514322881354256,0.0200936604499258,1.18813834111375e-05,1.3183080245545e-06,1.93454664628177e-18,7.26473255509704e-24,8.01793838206636e-06,-5.4544792847166,-1.23598069935328,-0.617995495891513,-1.83323202072322,-5.07567889798612,-12.5088657858791,-14.7074894269723,-41.9549866500074,-54.4473387321188,-12.9021572125427,1.16832798381861,2.24603559703211
0.0147164576360925,0.665685290640753,1.8069704715565,0.402405491181745,0.0540269554093406,2.95403215507347e-05,1.83397484929803e-06,3.70600291921491e-18,9.00471857287642e-24,7.77071023435922e-06,-5.29850499064105,-1.48665440297466,-0.488064475942252,-1.9900111604887,-3.99798832899371,-11.5094705419319,-14.2887410440789,-41.2162939046072,-54.1440096523124,-12.8448651367855,1.07971614627688,1.7839124517899
0.020756815463856,0.938915265922803,2.54864000251992,0.567572491196298,0.0762022744356175,4.16651220241867e-05,2.58672830470226e-06,5.22712874285696e-18,1.27006978406783e-23,1.09601918033665e-05,-5.29850499064105,-1.48665440297466,-0.488064475942252,-1.9900111604887,-3.99798832899371,-11.5094705419319,-14.2887410440789,-41.2162939046072,-54.1440096523124,-12.8448651367855,1.42362436049517,2.4808510076437
0.0139082380685193,0.629126229279275,1.70773267063645,0.380305608172239,0.0510598254370338,2.79179837232432e-05,1.73325398315667e-06,3.50247132548092e-18,8.51018449877702e-24,7.34394720342796e-06,-5.29850499064105,-1.48665440297466,-0.488064475942252,-1.9900111604887,-3.99798832899371,-11.5094705419319,-14.2887410440789,-41.2162939046072,-54.1440096523124,-12.8448651367855,1.0232310430379,0.792531711647934
0.0551630604108928,2.49524979518161,6.77323468378068,1.5083737519342,0.202514238056367,0.000110728721717915,6.87445769257466e-06,1.38915537944551e-17,3.37532201635559e-23,2.91276724802449e-05,-5.29850499064105,-1.48665440297466,-0.488064475942252,-1.9900111604887,-3.99798832899371,-11.5094705419319,-14.2887410440789,-41.2162939046072,-54.1440096523124,-12.8448651367855,2.4010432454759,0.832557398200908
0.0336216322874104,1.52084330444919,4.12825547092815,0.919346882891566,0.123431499162286,6.74886479742812e-05,4.18995043047802e-06,8.46683831714534e-18,2.05724328636232e-23,1.77531827680383e-05,-5.29850499064105,-1.48665440297466,-0.488064475942252,-1.9900111604887,-3.99798832899371,-11.5094705419319,-14.2887410440789,-41.2162939046072,-54.1440096523124,-12.8448651367855,1.90591938954382,0.325423217817719
0.161896070314876,7.57726673589387,20.6963838771583,5.75328698922326,0.513619083376202,0.000192764852542245,6.91522138862341e-06,1.86434390930205e-17,2.4695775402936e-22,8.41828271514813e-05,-5.36761923983178,-1.52166600324592,-0.516859555853981,-1.79704720716101,-4.21309192013052,-12.1008580414388,-15.4286041265918,-42.0678559298952,-53.2996434951161,-12.9293381595277,3.54681854894018,0.285292497225015
0.0283519697600294,1.32696511374187,3.62444405652284,1.0075415568888,0.0899472895897592,3.37578500790336e-05,1.21102474762258e-06,3.26492310999411e-18,4.32483553221977e-23,1.47424762384321e-05,-5.36761923983178,-1.52166600324592,-0.516859555853981,-1.79704720716101,-4.21309192013052,-12.1008580414388,-15.4286041265918,-42.0678559298952,-53.2996434951161,-12.9293381595277,1.80456046868136,1.4386954316702
0.0493380984721161,2.30918472349524,6.30725763609921,1.75332384202138,0.156526275551264,5.87454115358989e-05,2.10742529552946e-06,5.68161927612784e-18,7.52607889929351e-23,2.56548575118768e-05,-5.36761923983178,-1.52166600324592,-0.516859555853981,-1.79704720716101,-4.21309192013052,-12.1008580414388,-15.4286041265918,-42.0678559298952,-53.2996434951161,-12.9293381595277,2.35856053193208,0.807768315898494
0.0578645562899248,4.19046756109462,4.82004090629118,1.17053182825065,0.172898626605909,1.58524933033593e-05,2.26445967891834e-06,8.12760455097085e-18,6.95386183913127e-23,1.68631819146243e-05,-5.19259370782651,-0.910131154624903,-0.770161057284428,-2.18548527250168,-4.09799330170343,-13.3951272359,-15.3411178519347,-41.6942089090193,-53.363103445395,-13.3333213696305,2.34294347209333,0.337137910884829
0.396009559059102,28.6784400938972,32.9870718161811,8.01080701021283,1.18327199367209,0.000108490227620457,1.54973568701106e-05,5.5623153460474e-17,4.75903720210808e-22,0.000115407110371406,-5.19259370782651,-0.910131154624903,-0.770161057284428,-2.18548527250168,-4.09799330170343,-13.3951272359,-15.3411178519347,-41.6942089090193,-53.363103445395,-13.3333213696305,4.26627677884565,0.214412229927038
0.284739045782673,20.6203902912685,23.7183854208482,5.7599355668501,0.85079698373965,7.80067126732755e-05,1.11429194230392e-05,3.99941952850557e-17,3.42184596501181e-22,8.29800941213783e-05,-5.19259370782651,-0.910131154624903,-0.770161057284428,-2.18548527250168,-4.09799330170343,-13.3951272359,-15.3411178519347,-41.6942089090193,-53.363103445395,-13.3333213696305,3.93641156083616,0.273172558276312
0.254225241339724,18.4106246612843,21.1766259215673,5.14267723823647,0.759622088104515,6.96471932782206e-05,9.94879845777584e-06,3.57082532203599e-17,3.05514691141606e-22,7.4087606764341e-05,-5.19259370782651,-0.910131154624903,-0.770161057284428,-2.18548527250168,-4.09799330170343,-13.3951272359,-15.3411178519347,-41.6942089090193,-53.363103445395,-13.3333213696305,3.82305907983659,0.371594920043716
0.188077992818868,13.6203364960474,15.666647721585,3.80459630045264,0.56197487267072,5.1525585139404e-05,7.36020559971655e-06,2.64172690223887e-17,2.26022363411997e-22,5.48106407513263e-05,-5.19259370782651,-0.910131154624903,-0.770161057284428,-2.18548527250168,-4.09799330170343,-13.3951272359,-15.3411178519347,-41.6942089090193,-53.363103445395,-13.3333213696305,3.52169516106512,0.755932642781898
0.0157235274441937,1.13867513941945,1.30974901271993,0.318068443030745,0.0469817185995559,4.30759569407892e-06,6.15321298401488e-07,2.20851279965652e-18,1.88957186369629e-23,4.58222996306278e-06,-5.19259370782651,-0.910131154624903,-0.770161057284428,-2.18548527250168,-4.09799330170343,-13.3951272359,-15.3411178519347,-41.6942089090193,-53.363103445395,-13.3333213696305,1.03999658279757,1.36142755829748
0.00304017051423601,0.195057295943069,0.370804821987013,0.0399092862249748,0.00427428150105702,1.44059700188831e-06,4.69778048609289e-08,5.35123226421039e-19,3.86066084941996e-24,9.31299519233356e-07,-5.30659532648099,-1.14521558978073,-0.50283309264822,-2.73189989625064,-4.96589291220013,-12.9612065972014,-16.3843442353301,-41.582543554295,-53.4219575100744,-13.3974385452039,-0.489246348446802,1.32835612468886
0.0365879392651081,2.34748165070427,4.46257347821143,0.480301527060937,0.0514402567982108,1.73373418904537e-05,5.65369956392627e-07,6.44011775522465e-18,4.6462402033149e-23,1.12080326046768e-05,-5.30659532648099,-1.14521558978073,-0.50283309264822,-2.73189989625064,-4.96589291220013,-12.9612065972014,-16.3843442353301,-41.582543554295,-53.4219575100744,-13.3974385452039,1.99855870532406,3.62419092886855
0.0240703845971551,1.54435552540402,2.93582699848991,0.315979601780492,0.0338413911736797,1.14058483636317e-05,3.71944213404366e-07,4.23680902321422e-18,3.05665721740186e-23,7.37351326122107e-06,-5.30659532648099,-1.14521558978073,-0.50283309264822,-2.73189989625064,-4.96589291220013,-12.9612065972014,-16.3843442353301,-41.582543554295,-53.4219575100744,-13.3974385452039,1.57982227744433,1.7320994810244
0.002595861723389,0.166550450389331,0.31661317670731,0.0340767032750537,0.00364961231339745,1.23005949782082e-06,4.01121861146556e-08,4.56917101938242e-19,3.29644066971496e-24,7.95193810237965e-07,-5.30659532648099,-1.14521558978073,-0.50283309264822,-2.73189989625064,-4.96589291220013,-12.9612065972014,-16.3843442353301,-41.582543554295,-53.4219575100744,-13.3974385452039,-0.647241420336424,0.270624001087993
0.00756486210035042,0.485361442250342,0.922674347159653,0.0993063531803964,0.0106357028272477,3.58464027278482e-06,1.16894961610206e-07,1.33154814692592e-18,9.6064897693487e-24,2.31735437342514e-06,-5.30659532648099,-1.14521558978073,-0.50283309264822,-2.73189989625064,-4.96589291220013,-12.9612065972014,-16.3843442353301,-41.582543554295,-53.4219575100744,-13.3974385452039,0.422354165934615,0.673871029185995
0.0226162031155784,0.899197661784559,3.46439248690644,0.228107666577811,0.0893681013311355,1.7685598549501e-05,4.28108516924234e-07,6.49386885123747e-18,2.92439025303314e-23,1.62228551140089e-05,-5.33744160920221,-1.65460533180239,-0.30581564281183,-3.02629047128457,-3.96334440047822,-12.4911128224691,-16.2122420609138,-41.1240261274184,-53.4347240720394,-12.5774424321037,1.54835293162774,1.03569915069487
0.00490109076398779,0.194862476811418,0.750758291904014,0.0494325405615604,0.0193666980169386,3.83259397095039e-06,9.27741357627182e-08,1.40726719187559e-18,6.3373599831017e-24,3.51560714937221e-06,-5.33744160920221,-1.65460533180239,-0.30581564281183,-3.02629047128457,-3.96334440047822,-12.4911128224691,-16.2122420609138,-41.1240261274184,-53.4347240720394,-12.5774424321037,0.0191441154593301,0.491562755803872
0.00317480050652786,0.126226899250647,0.486321906733575,0.0320211280245925,0.0125452487282486,2.48265577321988e-06,6.00966983464941e-08,9.11591482127832e-19,4.10517875576539e-24,2.27731986532287e-06,-5.33744160920221,-1.65460533180239,-0.30581564281183,-3.02629047128457,-3.96334440047822,-12.4911128224691,-16.2122420609138,-41.1240261274184,-53.4347240720394,-12.5774424321037,-0.41506887199897,0.38521547566785
0.00600308260956403,0.238676572651637,0.919563473345667,0.0605472615957477,0.0237212273080957,4.69433832680385e-06,1.13634051649629e-07,1.72368593306455e-18,7.76229156673489e-24,4.30607820926857e-06,-5.33744160920221,-1.65460533180239,-0.30581564281183,-3.02629047128457,-3.96334440047822,-12.4911128224691,-16.2122420609138,-41.1240261274184,-53.4347240720394,-12.5774424321037,0.221959435775076,0.448433649631427
0.0256220749835478,1.01870812698021,3.92483758738504,0.258424975558915,0.101245827239074,2.00361541611779e-05,4.8500751720666e-07,7.35695526739952e-18,3.31306479524669e-23,1.83790005799893e-05,-5.33744160920221,-1.65460533180239,-0.30581564281183,-3.02629047128457,-3.96334440047822,-12.4911128224691,-16.2122420609138,-41.1240261274184,-53.4347240720394,-12.5774424321037,1.67314061417989,1.07724343178995
0.0114774965753129,0.456333807709425,1.75814449051439,0.115762356243876,0.0453534163859623,8.97526413902943e-06,2.17260784745766e-07,3.29557340459457e-18,1.48409876505514e-23,8.23293649518823e-06,-5.33744160920221,-1.65460533180239,-0.30581564281183,-3.02629047128457,-3.96334440047822,-12.4911128224691,-16.2122420609138,-41.1240261274184,-53.4347240720394,-12.5774424321037,0.8700746289786,2.10146802677647
0.00942229038405348,0.374620860924265,1.44332414460326,0.0950334882624272,0.0372322532438461,7.36811764103808e-06,1.78357204422528e-07,2.70545492183753e-18,1.21835013682707e-23,6.75871413788858e-06,-5.33744160920221,-1.65460533180239,-0.30581564281183,-3.02629047128457,-3.96334440047822,-12.4911128224691,-16.2122420609138,-41.1240261274184,-53.4347240720394,-12.5774424321037,0.672764529812166,3.31036495627795
0.00838747916237689,0.333477799634766,1.28480981735646,0.0845963529077934,0.0331431887070278,6.55890772425568e-06,1.58768969600593e-07,2.40832598622378e-18,1.08454377530232e-23,6.01643248991176e-06,-5.33744160920221,-1.65460533180239,-0.30581564281183,-3.02629047128457,-3.96334440047822,-12.4911128224691,-16.2122420609138,-41.1240261274184,-53.4347240720394,-12.5774424321037,0.556426348148397,5.2303238501503
0.0188672724511664,0.750143920517545,2.89012424385305,0.190295845484289,0.0745541728486047,1.4753979905033e-05,3.57143946143224e-07,5.41742538534445e-18,2.43963442384837e-23,1.3533705273498e-05,-5.33744160920221,-1.65460533180239,-0.30581564281183,-3.02629047128457,-3.96334440047822,-12.4911128224691,-16.2122420609138,-41.1240261274184,-53.4347240720394,-12.5774424321037,1.3671151349647,3.77127333339029
0.0196584278755256,0.781599470507803,3.01131491826104,0.198275461551082,0.0776804296199768,1.53726539217975e-05,3.72119951339501e-07,5.64459258668579e-18,2.54193484977779e-23,1.41012098964645e-05,-5.33744160920221,-1.65460533180239,-0.30581564281183,-3.02629047128457,-3.96334440047822,-12.4911128224691,-16.2122420609138,-41.1240261274184,-53.4347240720394,-12.5774424321037,1.40819247610208,2.73451443410958
0.0206778230156115,0.822129603780633,3.16746778116445,0.208557109869212,0.0817085773912937,1.61698086483773e-05,3.91416370784962e-07,5.9372950493174e-18,2.67374783343476e-23,1.48324334169213e-05,-5.33744160920221,-1.65460533180239,-0.30581564281183,-3.02629047128457,-3.96334440047822,-12.4911128224691,-16.2122420609138,-41.1240261274184,-53.4347240720394,-12.5774424321037,1.45874810428089,1.98682507937553
0.0591037471241978,2.34990599196453,9.05362303471923,0.596122071136652,0.233548913363216,4.6218418673901e-05,1.11879157596424e-06,1.69706639297411e-17,7.64241553387372e-23,4.2395777991153e-05,-5.33744160920221,-1.65460533180239,-0.30581564281183,-3.02629047128457,-3.96334440047822,-12.4911128224691,-16.2122420609138,-41.1240261274184,-53.4347240720394,-12.5774424321037,2.50898065573895,0.421588330606283
0.0153471116319436,0.689863466368771,2.27287683504867,0.195043217614104,0.0981330753190963,2.19997148519674e-05,4.99780625999226e-07,1.14444523209981e-17,5.04118920413795e-23,1.0700372217229e-05,-5.36201450352965,-1.55644808937345,-0.364140156248911,-2.81972062975909,-3.50661732359509,-11.9096675795391,-15.6942830963788,-40.194213088332,-52.5270016449853,-12.6304185440195,1.18518651357494,0.329556490510089
0.017773891001189,0.798948906543408,2.63227805297239,0.225884646800816,0.113650478745635,2.5478444622911e-05,5.78809002244242e-07,1.32541192766424e-17,5.83833294365446e-23,1.23923806656441e-05,-5.36201450352965,-1.55644808937345,-0.364140156248911,-2.81972062975909,-3.50661732359509,-11.9096675795391,-15.6942830963788,-40.194213088332,-52.5270016449853,-12.6304185440195,1.33198980735872,0.459013419447331
0.0222798227341527,1.00149370839742,3.29959761783744,0.283149586590364,0.142462475995545,3.19375892258149e-05,7.25545237453679e-07,1.66142252116406e-17,7.31843258400106e-23,1.55340237242494e-05,-5.36201450352965,-1.55644808937345,-0.364140156248911,-2.81972062975909,-3.50661732359509,-11.9096675795391,-15.6942830963788,-40.194213088332,-52.5270016449853,-12.6304185440195,1.55794068329814,0.794430136556737
0.00507596644931704,0.41741655069277,0.755932483894805,0.13196475071184,0.0368810724863051,5.05021224523209e-06,8.24419271623361e-08,8.42943371053056e-18,3.187847824533e-23,6.40813828688343e-06,-5.58132783939462,-1.17176013382297,-0.577892714381332,-2.3233099326923,-3.59814630085847,-12.4941697873745,-16.609261205226,-39.6128915802091,-52.0982006134829,-12.2560312686541,0.298089500573165,0.408844883949324
0.0135159020905273,1.11146542958104,2.01284022291872,0.351385823336568,0.0982041488445238,1.3447325730871e-05,2.19520169568977e-07,2.24452627588684e-17,8.48836167577223e-23,1.7063109170024e-05,-5.58132783939462,-1.17176013382297,-0.577892714381332,-2.3233099326923,-3.59814630085847,-12.4941697873745,-16.609261205226,-39.6128915802091,-52.0982006134829,-12.2560312686541,1.2774394852702,1.05480355017709
0.0516519096055592,3.85659787459694,7.26494407941185,2.42662988296123,0.646407991076725,3.84576112525734e-05,2.77428068108333e-07,7.53240445602984e-17,1.44327678491028e-22,7.57566614138894e-05,-5.61972858094549,-1.30671505368438,-0.673439869146194,-1.76999705357438,-3.09282487829822,-12.8224543985296,-17.7542046202653,-39.7812327420675,-52.9464564412158,-12.1444846468636,2.65650046887961,1.40788828626724
0.0666224261643637,3.11209850312771,10.7613942727492,2.92492315070644,0.924559931933983,4.94763489280908e-05,1.56782108744009e-07,7.93027324433786e-17,6.80137196189299e-23,6.97341525870877e-05,-5.58733465930796,-1.74332337189506,-0.502655504795516,-1.80535242331035,-2.95705803432112,-12.7926364323909,-18.5470294683244,-39.9518797191906,-53.920953418316,-12.4494409965161,2.87862063038627,0.976669263658811
0.0595203964601995,2.78034510890322,9.61421687043221,2.61312287121098,0.82600074581735,4.42021114082202e-05,1.40068949865129e-07,7.08489670394477e-17,6.07633763811646e-23,6.23004091529117e-05,-5.58733465930796,-1.74332337189506,-0.502655504795516,-1.80535242331035,-2.95705803432112,-12.7926364323909,-18.5470294683244,-39.9518797191906,-53.920953418316,-12.4494409965161,2.76589843178613,0.553803169079231
0.234899366827462,10.9727311053769,37.9428496736673,10.3127825820225,3.25984139439075,0.000174445208697003,5.52787104795372e-07,2.79607974538183e-16,2.39804831403949e-22,0.000245870786040489,-5.58733465930796,-1.74332337189506,-0.502655504795516,-1.80535242331035,-2.95705803432112,-12.7926364323909,-18.5470294683244,-39.9518797191906,-53.920953418316,-12.4494409965161,4.13873657648881,0.496250783121341
0.557633424291112,26.0484381152516,90.0734705105914,24.4817699717639,7.73861821745663,0.000414119801133133,1.31227499807367e-06,6.63768295362644e-16,5.69278628135081e-22,0.000583678748072624,-5.58733465930796,-1.74332337189506,-0.502655504795516,-1.80535242331035,-2.95705803432112,-12.7926364323909,-18.5470294683244,-39.9518797191906,-53.920953418316,-12.4494409965161,5.00328118110889,0.647258871204486
0.00177318121888203,0.0828296856593413,0.286418602744166,0.0778479424437431,0.0246075143374635,1.31683185000956e-06,4.17281547201144e-09,2.11067239472348e-18,1.81021102349323e-24,1.85600100147987e-06,-5.58733465930796,-1.74332337189506,-0.502655504795516,-1.80535242331035,-2.95705803432112,-12.7926364323909,-18.5470294683244,-39.9518797191906,-53.920953418316,-12.4494409965161,-0.747645387493868,0.416389304772765
0.0113113057040519,0.528379099601588,1.82709377951188,0.496600046309874,0.15697386951988,8.40020605772125e-06,2.66188198633629e-08,1.34641966898754e-17,1.15475226432222e-23,1.18396216310037e-05,-5.58733465930796,-1.74332337189506,-0.502655504795516,-1.80535242331035,-2.95705803432112,-12.7926364323909,-18.5470294683244,-39.9518797191906,-53.920953418316,-12.4494409965161,1.10538211065615,0.550750090039702
0.00772884313790075,0.361033401891264,1.24842538868197,0.339319258149692,0.107257857404902,5.73973302860292e-06,1.81882347292826e-08,9.19988080214401e-18,7.89024657947765e-24,8.08983337488133e-06,-5.58733465930796,-1.74332337189506,-0.502655504795516,-1.80535242331035,-2.95705803432112,-12.7926364323909,-18.5470294683244,-39.9518797191906,-53.920953418316,-12.4494409965161,0.724538572980117,1.35861391051258
0.00287296223503429,0.134203180309503,0.46406414659303,0.126131608170883,0.0398698444562654,2.13357108381346e-06,6.76092276254436e-09,3.41977572060748e-18,2.93295905266681e-24,3.00714937010182e-06,-5.58733465930796,-1.74332337189506,-0.502655504795516,-1.80535242331035,-2.95705803432112,-12.7926364323909,-18.5470294683244,-39.9518797191906,-53.920953418316,-12.4494409965161,-0.265076984547861,1.03659601535217
0.112469932893404,5.25374907453701,18.1670551701248,4.93776539549502,1.56081367021976,8.35244521120354e-05,2.64674738890808e-07,1.33876436354418e-16,1.14818671756261e-22,0.000117723053833235,-5.58733465930796,-1.74332337189506,-0.502655504795516,-1.80535242331035,-2.95705803432112,-12.7926364323909,-18.5470294683244,-39.9518797191906,-53.920953418316,-12.4494409965161,3.40226530307939,1.07221240576038
0.0484083648829479,2.26127459722662,7.81931146306944,2.12527155322536,0.671792324566437,3.59498939002642e-05,1.13919080468097e-07,5.76219725001144e-17,4.94192893581651e-23,5.06693691237047e-05,-5.58733465930796,-1.74332337189506,-0.502655504795516,-1.80535242331035,-2.95705803432112,-12.7926364323909,-18.5470294683244,-39.9518797191906,-53.920953418316,-12.4494409965161,2.55925200727543,0.765298092061395
0.0484441612386264,2.26294673364282,7.82509358058095,2.12684311997042,0.672289092367837,3.59764776361903e-05,1.14003319791877e-07,5.76645820083575e-17,4.94558332584502e-23,5.07068374158799e-05,-5.58733465930796,-1.74332337189506,-0.502655504795516,-1.80535242331035,-2.95705803432112,-12.7926364323909,-18.5470294683244,-39.9518797191906,-53.920953418316,-12.4494409965161,2.5599912003299,1.15868600050141
0.0814038546552368,3.80257563116033,13.1490104113793,3.57387193391051,1.12969080611879,6.04536002198075e-05,1.9156714529207e-07,9.68975235104394e-17,8.3103832525735e-23,8.52059756530124e-05,-5.58733465930796,-1.74332337189506,-0.502655504795516,-1.80535242331035,-2.95705803432112,-12.7926364323909,-18.5470294683244,-39.9518797191906,-53.920953418316,-12.4494409965161,3.07900200670007,0.732225034856985
0.123587872800788,5.53800137759566,11.1098163794913,6.7252273597489,1.21601011918939,7.27288412671e-05,2.51258690690533e-07,7.01007549205671e-17,9.96770609947807e-23,0.000160364307821903,-5.29812727696392,-1.49569074819113,-0.799495345676733,-1.30145868863563,-3.011749316482,-12.7360969575978,-18.4041072100514,-40.4039225324085,-53.8674310833481,-11.9453868287998,3.20732442169315,0.855333432591797
0.168042224409798,5.28853705848979,26.3468998494216,5.63328127923846,0.760951115393638,8.84931729604291e-05,7.08964415856787e-07,8.91935313044743e-17,1.11706203012431e-22,0.000183730728379153,-5.42632274677437,-1.97724109225458,-0.371432136096193,-1.9140906585422,-3.91596891189999,-12.9753679020046,-17.8022432522629,-40.5985059073332,-54.1889527459243,-12.2448220563294,3.64278275138856,0.877932559150529
0.176771294111688,5.56325377785436,27.7155078050831,5.92590597585582,0.800479247976573,9.3090012103841e-05,7.4579206333592e-07,9.38267510470063e-17,1.1750885907494e-22,0.000193274748282683,-5.42632274677437,-1.97724109225458,-0.371432136096193,-1.9140906585422,-3.91596891189999,-12.9753679020046,-17.8022432522629,-40.5985059073332,-54.1889527459243,-12.2448220563294,3.69342424119171,0.71028004182364
0.326354772728105,10.2708668362936,51.1683092904045,10.9403945232003,1.47784301947748,0.000171862574724438,1.37687965998958e-06,1.73222740533965e-16,2.16944596064964e-22,0.000356823413364977,-5.42632274677437,-1.97724109225458,-0.371432136096193,-1.9140906585422,-3.91596891189999,-12.9753679020046,-17.8022432522629,-40.5985059073332,-54.1889527459243,-12.2448220563294,4.30655251733556,0.553316797935152
0.205334891778309,13.1356065058234,18.9953381023373,10.1519311354191,1.36904373412305,0.000115504701963211,3.54846397276527e-06,5.01152220502649e-17,7.03075420230669e-23,0.000307249137377363,-5.36406287564736,-1.20562326447307,-0.836756275306131,-1.46328591429334,-3.46683736949938,-12.8471491805241,-16.3299455931709,-41.3131567399426,-54.7901130167255,-11.8688014784128,3.78094986133126,1.2854341202642
0.207756458931281,13.2905180893998,19.2193550066728,10.2716554685018,1.3851892187449,0.000116866878599951,3.59031192040601e-06,5.07062437442879e-17,7.11366969362665e-23,0.000310872605422216,-5.36406287564736,-1.20562326447307,-0.836756275306131,-1.46328591429334,-3.46683736949938,-12.8471491805241,-16.3299455931709,-41.3131567399426,-54.7901130167255,-11.8688014784128,3.79267411983943,0.939843762090228
0.311554274052697,19.9306328979009,28.8215934545052,15.4035074493977,2.07724767591671,0.0001752550833332,5.38407821224381e-06,7.60397392261871e-17,1.06677511190235e-22,0.000466188581589298,-5.36406287564736,-1.20562326447307,-0.836756275306131,-1.46328591429334,-3.46683736949938,-12.8471491805241,-16.3299455931709,-41.3131567399426,-54.7901130167255,-11.8688014784128,4.19788115423475,0.642205619825507
1.08819177246336,57.536984588147,58.8830684876849,56.7831791434065,3.27195239847872,0.000384137844889726,7.73575724801827e-06,1.5499951204068e-16,1.80871899668889e-22,0.000735283401604513,-5.09481654881059,-1.1269059919065,-1.10378035584374,-1.1400938031404,-3.99394707267494,-13.0438430418917,-16.948991122995,-41.5824436482706,-55.2435871309585,-12.3945884958216,5.17933394316741,0.306837282983588
0.109415838936265,5.78524631216782,5.92059276752021,5.70945245191441,0.32898926981285,3.8624409437164e-05,7.77817284156783e-07,1.55849383112421e-17,1.81863630502074e-23,7.39315001990395e-05,-5.09481654881059,-1.1269059919065,-1.10378035584374,-1.1400938031404,-3.99394707267494,-13.0438430418917,-16.948991122995,-41.5824436482706,-55.2435871309585,-12.3945884958216,2.8822169293757,0.77889653777673
0.0122850724761126,0.649560163575082,0.66475669297662,0.641050124484672,0.0369385005206468,4.33670000518854e-06,8.7332344219426e-08,1.74985722863104e-18,2.04194191920273e-24,8.30093565102577e-06,-5.09481654881059,-1.1269059919065,-1.10378035584374,-1.1400938031404,-3.99394707267494,-13.0438430418917,-16.948991122995,-41.5824436482706,-55.2435871309585,-12.3945884958216,0.69544617534566,2.46791772028073
0.033382457878749,0.922689276568802,2.12636736255649,1.84736119528583,0.0925017324374849,8.21866450062577e-06,2.32981187708529e-07,4.0112776976116e-18,8.31769294447378e-24,2.34858395271383e-05,-5.01361948855094,-1.69435750462877,-0.8594796981934,-1.00013651845359,-3.99442266395283,-13.3229975899736,-16.8862028844563,-41.6713166138597,-54.7575520641713,-12.2730076501153,1.61389475836758,1.73669908120207
0.0251655797541142,0.650884361413266,3.47073532119545,1.21447728549889,0.148724325024153,2.09115660578285e-05,3.31809598736298e-07,7.22959369288965e-18,7.44994646413859e-24,1.78671302020792e-05,-5.38884743973895,-2.13599262362251,-0.462202859197883,-1.51225557230684,-3.61223019316676,-12.4817774909994,-16.6252738691577,-41.1749181755214,-54.9604047243459,-12.6391171735787,1.70656933883278,4.14058106156616
0.0145596561595252,0.759957012335202,1.69428326674704,0.340221242352586,0.0825886748822122,1.12817816791211e-05,1.46599090888993e-07,2.97955237897492e-18,1.04406892906416e-23,5.3053572415069e-06,-5.29132002830335,-1.33631258641201,-0.534559376464834,-2.13997833658566,-3.55570189221257,-12.4541405504842,-16.7973834252097,-41.4165777694493,-53.9781508039679,-13.2086126240302,1.06181917639368,1.40227035774706
0.0344694408703337,1.79916977527978,4.01115220310515,0.805461053998298,0.19552559581218,2.67091957557026e-05,3.47067859273377e-07,7.05397870814059e-18,2.4717941014964e-23,1.25602346462338e-05,-5.29132002830335,-1.33631258641201,-0.534559376464834,-2.13997833658566,-3.55570189221257,-12.4541405504842,-16.7973834252097,-41.4165777694493,-53.9781508039679,-13.2086126240302,1.92363790895643,3.58908135528918
0.0251116923846104,1.3107319644224,2.92220638597361,0.586794845088345,0.142444393972718,1.94581951642505e-05,2.52846031110394e-07,5.13896770396619e-18,1.80075253754097e-23,9.15038772753076e-06,-5.29132002830335,-1.33631258641201,-0.534559376464834,-2.13997833658566,-3.55570189221257,-12.4541405504842,-16.7973834252097,-41.4165777694493,-53.9781508039679,-13.2086126240302,1.60689831904908,1.84274867978916
0.0904973697634421,3.71747857100553,4.93701780070411,1.11296279883574,0.451141908643599,6.35655845117781e-05,2.51643489732728e-07,5.11706506598042e-18,3.11364289704219e-23,2.16827207133625e-05,-4.73546963556622,-1.01998950850096,-0.736273678638997,-2.22600949597208,-3.12900847914092,-11.9964735015875,-17.5282876178639,-42.1469857719811,-54.1566988921155,-13.072030038588,2.33303514348024,3.67508610710376
0.053845342905848,0.923200630859983,1.99775851949005,0.709541921349748,0.142678932729732,2.7875885151619e-05,1.92020483094851e-07,5.09396258148861e-18,2.31305510649861e-23,1.44542961287273e-05,-4.2637383025169,-1.42200764057126,-0.650073128877285,-1.68523463904653,-3.28925733936997,-11.8298475150532,-16.8077627285064,-41.1605745836507,-53.4629868718949,-12.4866178183304,1.34209894068326,0.962409328820758
0.0757255219491052,1.29834533244328,2.8095522927801,0.99786591447531,0.2006568454953,3.92033152540366e-05,2.70048448436897e-07,7.16390600291895e-18,3.25297037374101e-23,2.03278326348245e-05,-4.2637383025169,-1.42200764057126,-0.650073128877285,-1.68523463904653,-3.28925733936997,-11.8298475150532,-16.8077627285064,-41.1605745836507,-53.4629868718949,-12.4866178183304,1.68309827311636,0.539036566016735
0.0988173566359799,2.43395940144223,6.4063088695604,1.3308136722856,0.312612939666325,3.64342994284099e-05,3.02880156605812e-07,2.69971317401078e-17,2.01149805731047e-23,1.49532560694295e-05,-4.67368974970679,-1.46968841984555,-0.501924468811514,-2.07341719565906,-3.52199720266796,-12.5792076695135,-17.3691363669327,-40.5100087798821,-54.61978512675,-13.4697892190585,2.35920773450277,1.00182346673912
0.0557303673331803,1.37268852491277,3.6129882310616,0.750543602190333,0.176305403765133,2.05479782074342e-05,1.70816372347964e-07,1.52256660169622e-17,1.134431535513e-23,8.4332396852739e-06,-4.67368974970679,-1.46968841984555,-0.501924468811514,-2.07341719565906,-3.52199720266796,-12.5792076695135,-17.3691363669327,-40.5100087798821,-54.61978512675,-13.4697892190585,1.78645966358494,0.987001187534424
0.0186009606061358,0.458158207064165,1.20589644339913,0.250506728119443,0.0588449354815507,6.85823818255478e-06,5.70128776279533e-08,5.08182571434584e-18,3.78635873262446e-24,2.81473757798986e-06,-4.67368974970679,-1.46968841984555,-0.501924468811514,-2.07341719565906,-3.52199720266796,-12.5792076695135,-17.3691363669327,-40.5100087798821,-54.61978512675,-13.4697892190585,0.689147695601404,1.78114540620625
0.00382587704700734,0.249640880357949,0.439455659339289,0.0865032763362523,0.0157274500711057,4.08604324656006e-06,2.51419212573159e-08,3.16759438730056e-18,1.9837682681014e-24,1.17173609551101e-06,-5.33675363855012,-1.15851796631058,-0.593004549719902,-2.21835908293996,-3.92313377504687,-12.1787195714406,-17.2695153082748,-40.0643453363475,-54.3478301240663,-13.4278101605417,-0.229213906101967,0.97515168658154
0.00354757148087144,0.224927089055254,0.60386546523798,0.0863813496046116,0.02088779269778,9.48654863061896e-06,2.25377744090114e-08,1.41624842825525e-18,2.45579040068622e-24,2.63861546884656e-06,-5.57921376547118,-1.42970074392087,-0.442125611514443,-2.38670525351595,-3.80631213808406,-11.5033574623428,-17.5457948388125,-41.0362420163114,-54.3013153329389,-12.7829779879782,-0.062278234015263,0.572393117915105
0.00322563209500823,0.204515128562027,0.549065138290103,0.0785423085051739,0.0189922415610599,8.62565163204664e-06,2.04924886998766e-08,1.2877249716651e-18,2.23292930890308e-24,2.39916314261437e-06,-5.57921376547118,-1.42970074392087,-0.442125611514443,-2.38670525351595,-3.80631213808406,-11.5033574623428,-17.5457948388125,-41.0362420163114,-54.3013153329389,-12.7829779879782,-0.157412584016246,0.360590679951765
0.0225125856445551,1.42736809770864,3.83207867051059,0.548168667369142,0.132552148581083,6.02008274307089e-05,1.43022791607259e-07,8.98739157391996e-18,1.55842361510201e-23,1.67444284197663e-05,-5.57921376547118,-1.42970074392087,-0.442125611514443,-2.38670525351595,-3.80631213808406,-11.5033574623428,-17.5457948388125,-41.0362420163114,-54.3013153329389,-12.7829779879782,1.78553300129504,0.436663312153245
0.0489938348073043,3.10636183210999,8.33970083738468,1.19297203616056,0.288471443194955,0.000131014244253038,3.11258561602867e-07,1.95591383892277e-17,3.39157617714945e-23,3.64406724706532e-05,-5.57921376547118,-1.42970074392087,-0.442125611514443,-2.38670525351595,-3.80631213808406,-11.5033574623428,-17.5457948388125,-41.0362420163114,-54.3013153329389,-12.7829779879782,2.56315295642454,1.34489156998244
0.0103997304318332,0.659375323543019,1.770235804812,0.253227526230206,0.0612327093461596,2.7809883188789e-05,6.60696421907228e-08,4.15174210238721e-18,7.19916661353551e-24,7.73511957045297e-06,-5.57921376547118,-1.42970074392087,-0.442125611514443,-2.38670525351595,-3.80631213808406,-11.5033574623428,-17.5457948388125,-41.0362420163114,-54.3013153329389,-12.7829779879782,1.0132383722844,0.330613474713075
0.00199352483313198,0.126395687893396,0.339336587666726,0.0485411968398021,0.0117377010376993,5.33087786330032e-06,1.26648929303192e-08,7.95847645871093e-19,1.38000859887748e-24,1.48274544729954e-06,-5.57921376547118,-1.42970074392087,-0.442125611514443,-2.38670525351595,-3.80631213808406,-11.5033574623428,-17.5457948388125,-41.0362420163114,-54.3013153329389,-12.7829779879782,-0.638637168697866,0.158585618435406
0.222040821605385,14.0780801526988,37.7956539462378,5.40656782844541,1.30735706867244,0.000593758593308076,1.41062864382494e-06,8.86423194860849e-17,1.53706760018557e-22,0.000165149694590354,-5.57921376547118,-1.42970074392087,-0.442125611514443,-2.38670525351595,-3.80631213808406,-11.5033574623428,-17.5457948388125,-41.0362420163114,-54.3013153329389,-12.7829779879782,4.0743197325626,0.559539988647226
0.129867697785191,8.23401681478029,22.1060007290327,3.1622046420254,0.764649722803796,0.000347278761605983,8.25051416576761e-07,5.18453042767791e-17,8.99003296479728e-23,9.6593097031922e-05,-5.57921376547118,-1.42970074392087,-0.442125611514443,-2.38670525351595,-3.80631213808406,-11.5033574623428,-17.5457948388125,-41.0362420163114,-54.3013153329389,-12.7829779879782,3.53797470938216,0.722442525366597
0.135555383018573,3.87938659820081,6.62902079154856,1.68233402794048,0.369378683455046,0.000141574475483864,3.09919326830412e-07,2.35021051770061e-17,1.14865916035286e-22,3.28761156269265e-05,-4.53965017908714,-1.18559813979156,-0.649818087973891,-2.02109305610835,-3.53720810642425,-11.4039598385168,-17.5282289970469,-40.8307168624361,-53.0595519189402,-12.8640393203038,2.54127518768147,0.943270105471968
0.0262515712251696,0.751279597496203,1.28377204643082,0.325799762248873,0.0715336462621401,2.74172249310194e-05,6.00187842133164e-08,4.55140308158082e-18,2.2244861908077e-23,6.36676811918951e-06,-4.53965017908714,-1.18559813979156,-0.649818087973891,-2.02109305610835,-3.53720810642425,-11.4039598385168,-17.5282289970469,-40.8307168624361,-53.0595519189402,-12.8640393203038,0.899620743548265,1.26447502801506
0.0280107382449761,0.801624252268779,1.36980001883902,0.347632215319702,0.076327250051852,2.92545045917135e-05,6.40407555022471e-08,4.8564011377462e-18,2.37355318223915e-23,6.79341719104755e-06,-4.53965017908714,-1.18559813979156,-0.649818087973891,-2.02109305610835,-3.53720810642425,-11.4039598385168,-17.5282289970469,-40.8307168624361,-53.0595519189402,-12.8640393203038,0.964482845508674,1.50481788334983
0.0268270250862879,0.767748202039923,1.31191327937181,0.332941534051004,0.0731017167059372,2.80182307836739e-05,6.13344403627687e-08,4.6511732040751e-18,2.27324857369615e-23,6.5063323862426e-06,-4.53965017908714,-1.18559813979156,-0.649818087973891,-2.02109305610835,-3.53720810642425,-11.4039598385168,-17.5282289970469,-40.8307168624361,-53.0595519189402,-12.8640393203038,0.921304678271437,0.642322212406336
0.0962270355785099,2.75386977554936,4.70575941253198,1.19424262435514,0.262211761150805,0.000100499823659,2.20003200354587e-07,1.66834976278868e-17,8.15401523934401e-23,2.33378496498513e-05,-4.53965017908714,-1.18559813979156,-0.649818087973891,-2.02109305610835,-3.53720810642425,-11.4039598385168,-17.5282289970469,-40.8307168624361,-53.0595519189402,-12.8640393203038,2.19860525341334,0.818041378539182
0.028326195923033,0.810652165888306,1.38522674303194,0.351547258561456,0.0771868495691246,2.95839695994008e-05,6.47619841915827e-08,4.91109405634149e-18,2.40028420121713e-23,6.86992483588067e-06,-4.53965017908714,-1.18559813979156,-0.649818087973891,-2.02109305610835,-3.53720810642425,-11.4039598385168,-17.5282289970469,-40.8307168624361,-53.0595519189402,-12.8640393203038,0.975681927594079,1.15388746912897
0.00965184981594374,0.276221098638989,0.4720012712297,0.119785987220504,0.0263005975751671,1.00804228110517e-05,2.20669569220698e-08,1.67340303627705e-18,8.17871297956115e-24,2.34085377870401e-06,-4.53965017908714,-1.18559813979156,-0.649818087973891,-2.02109305610835,-3.53720810642425,-11.4039598385168,-17.5282289970469,-40.8307168624361,-53.0595519189402,-12.8640393203038,-0.100955512143055,0.968971619215375
0.438727444715094,12.5557047709233,21.4549454848345,5.44490445749729,1.19550077846967,0.000458208346159189,1.00305949716139e-06,7.60649877572219e-17,3.71765611256579e-22,0.000106404141834657,-4.53965017908714,-1.18559813979156,-0.649818087973891,-2.02109305610835,-3.53720810642425,-11.4039598385168,-17.5282289970469,-40.8307168624361,-53.0595519189402,-12.8640393203038,3.71577326550688,0.79221472614494
0.092368216136451,2.64343629740155,4.51705282085988,1.14635206397684,0.251696755302581,9.64696602945423e-05,2.11180808375664e-07,1.60144693800457e-17,7.82702945673872e-23,2.24019739115697e-05,-4.53965017908714,-1.18559813979156,-0.649818087973891,-2.02109305610835,-3.53720810642425,-11.4039598385168,-17.5282289970469,-40.8307168624361,-53.0595519189402,-12.8640393203038,2.1576778383703,1.55222057590461
0.0732128317782351,2.09523865516946,3.58030329197308,0.908620782440868,0.199499708621346,7.64637156185225e-05,1.67385986707367e-07,1.26933776766562e-17,6.20385469058946e-23,1.77562371136984e-05,-4.53965017908714,-1.18559813979156,-0.649818087973891,-2.02109305610835,-3.53720810642425,-11.4039598385168,-17.5282289970469,-40.8307168624361,-53.0595519189402,-12.8640393203038,1.92526560322633,1.9346080990618
0.118056465139964,3.37859447921878,5.77327690396717,1.46516061627828,0.321695388967192,0.000123298549695954,2.69911672922223e-07,2.0468205679186e-17,1.00037812665335e-22,2.86321200384635e-05,-4.53965017908714,-1.18559813979156,-0.649818087973891,-2.02109305610835,-3.53720810642425,-11.4039598385168,-17.5282289970469,-40.8307168624361,-53.0595519189402,-12.8640393203038,2.40305792825267,0.956764505031264
0.0564864791524824,1.96405309537396,2.05733932131725,0.795091940905312,0.123034753809955,0.000167290800706833,1.02750967755219e-07,1.40363680987404e-17,3.39916697348972e-23,4.70116764846848e-05,-4.48243560218273,-0.933671381807462,-0.887268069294191,-1.83797914775591,-3.70397003789815,-10.3044585639712,-17.6996391907509,-40.4135616168639,-53.3446083707362,-11.5737961769437,1.60868162567878,0.287804502331874
0.0325997623695661,1.13350425006243,1.18734206831086,0.458867479870732,0.0710064390201304,9.6547712505419e-05,5.930015788417e-08,8.1007397064964e-18,1.96174442544225e-23,2.71316163618297e-05,-4.48243560218273,-0.933671381807462,-0.887268069294191,-1.83797914775591,-3.70397003789815,-10.3044585639712,-17.6996391907509,-40.4135616168639,-53.3446083707362,-11.5737961769437,1.05898532226957,0.254435300785205
0.0479845297460137,1.97705868625666,2.72137587569117,1.18857388061511,0.101616458442826,0.000264658072442089,1.304030369438e-07,1.07952984684609e-17,4.25741884596681e-23,8.56073732742124e-05,-4.83477716224296,-1.11629031701386,-0.796762956195001,-1.62514637646864,-4.08445030967147,-10.0349724030556,-17.6505364435406,-40.8653215068012,-53.3086946121807,-11.163639687407,1.79790054526184,0.278498494495345
0.02342289486113,0.965070158811354,1.32839690940652,0.580183679775373,0.0496024788586041,0.000129188683056238,6.36541952182083e-08,5.26955546630701e-18,2.07819217019957e-23,4.17878952685989e-05,-4.83477716224296,-1.11629031701386,-0.796762956195001,-1.62514637646864,-4.08445030967147,-10.0349724030556,-17.6505364435406,-40.8653215068012,-53.3086946121807,-11.163639687407,1.08073584015939,0.554422046795728
0.045870931175865,1.88997419393194,2.60150607202438,1.13622017270381,0.0971405074976953,0.000253000546017369,1.2465910918445e-07,1.0319792560035e-17,4.06989018968967e-23,8.18365825067654e-05,-4.83477716224296,-1.11629031701386,-0.796762956195001,-1.62514637646864,-4.08445030967147,-10.0349724030556,-17.6505364435406,-40.8653215068012,-53.3086946121807,-11.163639687407,1.75285349198792,1.31693896698685
0.0283998633409087,1.17013122362234,1.61065875560228,0.703462886032492,0.0601421655737522,0.000156639090331985,7.71796336870644e-08,6.38924676039116e-18,2.5197728111634e-23,5.06671153146764e-05,-4.83477716224296,-1.11629031701386,-0.796762956195001,-1.62514637646864,-4.08445030967147,-10.0349724030556,-17.6505364435406,-40.8653215068012,-53.3086946121807,-11.163639687407,1.27340621647657,1.15082810447399
0.168612004283684,6.94715212258377,9.56259534558998,4.17650908137532,0.357068305492314,0.000929977396475877,4.58220962884397e-07,3.79334114816244e-17,1.49600700161749e-22,0.000300814259629701,-4.83477716224296,-1.11629031701386,-0.796762956195001,-1.62514637646864,-4.08445030967147,-10.0349724030556,-17.6505364435406,-40.8653215068012,-53.3086946121807,-11.163639687407,3.0546221260786,0.924746369148912
0.0835408851269033,3.44205170858083,4.73790512528944,2.06930263880628,0.176913870505944,0.000460768704930967,2.27031194995223e-07,1.87945738769952e-17,7.4121501373591e-23,0.000149042113668125,-4.83477716224296,-1.11629031701386,-0.796762956195001,-1.62514637646864,-4.08445030967147,-10.0349724030556,-17.6505364435406,-40.8653215068012,-53.3086946121807,-11.163639687407,2.35235803752035,1.11685021197218
0.042270613140114,1.7416338833455,2.39731904134659,1.04704051413777,0.0895161425201216,0.000233143037012615,1.14874863963948e-07,9.50981259392847e-18,3.75045261391238e-23,7.54133921238687e-05,-4.83477716224296,-1.11629031701386,-0.796762956195001,-1.62514637646864,-4.08445030967147,-10.0349724030556,-17.6505364435406,-40.8653215068012,-53.3086946121807,-11.163639687407,1.67111400305994,2.45463687570372
0.0843091871531534,3.47370729013402,4.78147830628233,2.08833343322394,0.178540897619375,0.00046500626512791,2.29119137047451e-07,1.89674222873307e-17,7.48031759764816e-23,0.000150412812072312,-4.83477716224296,-1.11629031701386,-0.796762956195001,-1.62514637646864,-4.08445030967147,-10.0349724030556,-17.6505364435406,-40.8653215068012,-53.3086946121807,-11.163639687407,2.36151272398126,1.49327718485127
0.142829899324606,8.02129851316791,13.2576193260757,2.66750709183015,0.424162408907835,0.000871570188550803,4.74303851719498e-07,5.01504547682599e-17,1.33269661900074e-22,0.000212739293690718,-5.14536573371496,-1.11716454360036,-0.614692431109937,-2.2181204989497,-4.05690371895969,-10.2444790203554,-17.7606825449906,-40.7307689531107,-53.5689324849686,-11.6547079769504,3.19926486174543,1.86811402252978
0.0161667370544561,1.11732400674743,2.05248293567696,0.362146967021038,0.0567177589332504,0.000201335653308639,1.36710174037758e-07,1.6245858044317e-17,1.96722711779592e-23,3.14350770356941e-05,-5.40714096803071,-1.1714050054645,-0.563291303809512,-2.29804671549883,-4.15200946078704,-9.79287867790611,-17.0877442221583,-39.9410352393857,-53.565173694265,-11.6499277376961,1.2823415521983,0.604906196556466
0.0445364812435908,1.75612601997432,4.59654683059492,0.610480766432782,0.287731305444433,0.000363832474799587,3.03718524917406e-07,7.38190467978866e-17,3.37416720882874e-23,9.08800627921031e-05,-5.09875593701126,-1.42419905657381,-0.46200398198709,-2.48081780511522,-3.23303751611076,-9.90612634490776,-16.9944737839048,-39.1322242034658,-53.7306179124997,-11.2932792266304,1.98730931457295,0.85383713650834
0.0394001266967227,1.55359349796762,4.06643098951428,0.540074538260147,0.254547498423116,0.000321871984566559,2.68690925455851e-07,6.53055588419793e-17,2.98502737108156e-23,8.03989423553814e-05,-5.09875593701126,-1.42419905657381,-0.46200398198709,-2.48081780511522,-3.23303751611076,-9.90612634490776,-16.9944737839048,-39.1322242034658,-53.7306179124997,-11.2932792266304,1.8647696899807,0.823834624026107
0.0271878078783906,1.07204735327346,2.80601494875001,0.372675014454935,0.175648889058732,0.000222105724308745,1.8540847130241e-07,4.50636872529233e-17,2.05979923113936e-23,5.54787809493448e-05,-5.09875593701126,-1.42419905657381,-0.46200398198709,-2.48081780511522,-3.23303751611076,-9.90612634490776,-16.9944737839048,-39.1322242034658,-53.7306179124997,-11.2932792266304,1.49376929107655,0.41862641734294
0.0132437747595627,0.522217669841039,1.36687114016089,0.181538135477294,0.085562408483481,0.000108192547141416,9.03165140575989e-08,2.19515058544846e-17,1.00337317334115e-23,2.70249253678238e-05,-5.09875593701126,-1.42419905657381,-0.46200398198709,-2.48081780511522,-3.23303751611076,-9.90612634490776,-16.9944737839048,-39.1322242034658,-53.7306179124997,-11.2932792266304,0.774528270589939,1.43702733216847
0.0976697350125347,1.15296560992979,5.9653523724661,0.895336668427498,0.739399777907182,0.000236691360212511,4.17445813207133e-07,1.58279195950724e-16,2.95022461727819e-23,0.000118480472750491,-4.50670300018496,-2.03820204332714,-0.394571330424941,-2.29109492316802,-2.48245599041751,-10.5292930006827,-16.8696505473731,-38.5627105948745,-54.0581152875286,-11.2213018554525,2.18053945756889,1.38866451632435
0.107273090133815,1.26633069885277,6.55189432682907,0.983370448583757,0.812101097747226,0.00025996398592372,4.58491080583003e-07,1.73841962931002e-16,3.24030480111027e-23,0.000130130039063066,-4.50670300018496,-2.03820204332714,-0.394571330424941,-2.29109492316802,-2.48245599041751,-10.5292930006827,-16.8696505473731,-38.5627105948745,-54.0581152875286,-11.2213018554525,2.2743255484618,0.372880988917678
0.758774690113471,3.69351713634329,14.1035690333534,1.93945048611246,3.16205976111154,0.000342897249477837,5.92258882127872e-07,3.90157277278587e-16,1.50254920412276e-22,0.000416495782381728,-3.43975726187554,-1.857127707679,-0.51727897696288,-2.50130218687979,-2.01248322685871,-11.1417865851309,-17.5030288620086,-38.643688606239,-53.4134157760594,-10.9473410879927,3.16370686524966,0.253540751400269
0.561768793129677,2.73454385224296,10.4417623016698,1.43589760322031,2.3410724144448,0.000253868475736643,4.38486630838399e-07,2.88858057132579e-16,1.11243200915382e-22,0.000308358114814287,-3.43975726187554,-1.857127707679,-0.51727897696288,-2.50130218687979,-2.01248322685871,-11.1417865851309,-17.5030288620086,-38.643688606239,-53.4134157760594,-10.9473410879927,2.86309234801371,0.606523708863954
0.197299840805715,0.960404125900315,3.66727035222657,0.504304211970132,0.822212305726969,8.91616096532919e-05,1.54001688092845e-07,1.01450364250743e-16,3.90699271653144e-23,0.000108299015018382,-3.43975726187554,-1.857127707679,-0.51727897696288,-2.50130218687979,-2.01248322685871,-11.1417865851309,-17.5030288620086,-38.643688606239,-53.4134157760594,-10.9473410879927,1.81672658905755,1.35347356787484
0.193076740591777,0.939847176371145,3.58877434257035,0.493509843273413,0.804613280050931,8.72531518904056e-05,1.50705362260671e-07,9.92788721034522e-17,3.82336557466626e-23,0.000105980931072517,-3.43975726187554,-1.857127707679,-0.51727897696288,-2.50130218687979,-2.01248322685871,-11.1417865851309,-17.5030288620086,-38.643688606239,-53.4134157760594,-10.9473410879927,1.79508971241505,0.278783507407714
0.136166085481169,0.662820962093864,2.53095920516007,0.348044530371713,0.567448157322816,6.15347042963104e-05,1.06283953091194e-07,7.00157633896189e-17,2.69640310930304e-23,7.47423458442661e-05,-3.43975726187554,-1.857127707679,-0.51727897696288,-2.50130218687979,-2.01248322685871,-11.1417865851309,-17.5030288620086,-38.643688606239,-53.4134157760594,-10.9473410879927,1.44587734032409,0.387665396511371
0.0336511227525254,0.1638048819539,0.62548334699872,0.0860132622120744,0.140235121912241,1.52072513540962e-05,2.62662640220353e-08,1.7303200280085e-17,6.66369982663534e-24,1.8471294419086e-05,-3.43975726187554,-1.857127707679,-0.51727897696288,-2.50130218687979,-2.01248322685871,-11.1417865851309,-17.5030288620086,-38.643688606239,-53.4134157760594,-10.9473410879927,0.0480484040300527,0.184529860973293
0.15767231034992,0.767507651206946,2.93070175197314,0.403015075409141,0.657071558257189,7.12535647831353e-05,1.23070560321929e-07,8.10741318996153e-17,3.12227605263217e-23,8.65472361094493e-05,-3.43975726187554,-1.857127707679,-0.51727897696288,-2.50130218687979,-2.01248322685871,-11.1417865851309,-17.5030288620086,-38.643688606239,-53.4134157760594,-10.9473410879927,1.5925208771078,0.427244525488235
0.355418197349002,1.73008301354973,6.60626289639689,0.908459394604547,1.48114268286415,0.000160616746806774,2.77420408182492e-07,1.82753850358679e-16,7.03810151439851e-23,0.000195091088443447,-3.43975726187554,-1.857127707679,-0.51727897696288,-2.50130218687979,-2.01248322685871,-11.1417865851309,-17.5030288620086,-38.643688606239,-53.4134157760594,-10.9473410879927,2.40529709974829,0.487844166309992
0.442968603286103,2.15625553727234,8.23358812234422,1.13224081426242,1.84599356585985,0.000200181579131388,3.45757565741602e-07,2.27771730435762e-16,8.77180184040362e-23,0.000243148008756851,-3.43975726187554,-1.857127707679,-0.51727897696288,-2.50130218687979,-2.01248322685871,-11.1417865851309,-17.5030288620086,-38.643688606239,-53.4134157760594,-10.9473410879927,2.62550087748359,0.586930111231145
0.270633937947792,1.60359590625223,6.71031345677862,1.07198687385135,0.480998079790607,0.000171283402034966,5.73187033696868e-07,3.17129326827956e-16,8.26440962496023e-23,0.000223166389719673,-3.62327132592911,-1.84403462328265,-0.412637507454539,-2.24676935418517,-3.04817517322082,-10.9884742236792,-16.6883369343711,-38.0035051843642,-53.1637820130953,-10.7238760947064,2.31628317221716,0.792978565019835
0.0854297026126334,0.50619934225837,2.11821210376334,0.338388897313514,0.151834330998377,5.40682007928735e-05,1.80935170959923e-07,1.00106676516983e-16,2.60878610377956e-23,7.04458518819046e-05,-3.62327132592911,-1.84403462328265,-0.412637507454539,-2.24676935418517,-3.04817517322082,-10.9884742236792,-16.6883369343711,-38.0035051843642,-53.1637820130953,-10.7238760947064,1.16320989303963,1.00471460274867
0.901936713092391,5.2405537177457,11.2805352018808,2.36433391633618,0.480942299863159,5.55087381094347e-05,1.28879475803244e-06,3.93696753999534e-16,1.52631537181213e-22,0.000635017245433912,-3.11230323689501,-1.35266514856957,-0.586013620725627,-2.14859597251107,-3.74110028742167,-12.8080624188368,-16.5708953850614,-38.48004303348,-53.2431077813346,-10.3709507139219,3.00909231264522,1.28575143337169
0.303070429901394,1.76094047964078,3.79050614474945,0.794467822467995,0.161607114403338,1.86521480697139e-05,4.3306318026722e-07,1.32290705936925e-16,5.12875292895217e-23,0.000213379660429391,-3.11230323689501,-1.35266514856957,-0.586013620725627,-2.14859597251107,-3.74110028742167,-12.8080624188368,-16.5708953850614,-38.48004303348,-53.2431077813346,-10.3709507139219,1.9185131783306,1.51718291333046
0.149577311567178,0.86909416685812,1.87076554712039,0.392101469780659,0.0797595387661063,9.20557694832998e-06,2.13733904241923e-07,6.52907251486311e-17,2.53124356293866e-23,0.000105311349446167,-3.11230323689501,-1.35266514856957,-0.586013620725627,-2.14859597251107,-3.74110028742167,-12.8080624188368,-16.5708953850614,-38.48004303348,-53.2431077813346,-10.3709507139219,1.2123613513044,0.985914967089012
0.251989434954857,1.46414282844481,3.15163541992234,0.660564271277342,0.134369048991126,1.55084224294357e-05,3.60072561783065e-07,1.09993773558413e-16,4.26432744695751e-23,0.000177415593068435,-3.11230323689501,-1.35266514856957,-0.586013620725627,-2.14859597251107,-3.74110028742167,-12.8080624188368,-16.5708953850614,-38.48004303348,-53.2431077813346,-10.3709507139219,1.73393511976311,0.23400361357709
0.124796336093562,1.14883922241044,2.85626052674183,0.302617412214523,0.0237664538643861,2.66133484371278e-05,4.61505095693908e-07,8.24653856345224e-17,5.45710493680906e-23,0.000148240158886682,-3.57542584839421,-1.35560160589241,-0.444840405526826,-2.68963960395754,-5.2338338607745,-12.0284513137938,-16.083126408166,-38.5285067033537,-52.756892387774,-10.3110305708589,1.49435366669177,0.630529694117181
0.564870832101734,5.20003862154708,12.9284104881924,1.36974974423876,0.107575085861642,0.000120461102843782,2.08892965598256e-06,3.73266495324345e-16,2.4700720413865e-22,0.000670985579564089,-3.57542584839421,-1.35560160589241,-0.444840405526826,-2.68963960395754,-5.2338338607745,-12.0284513137938,-16.083126408166,-38.5285067033537,-52.756892387774,-10.3110305708589,3.0042676586728,0.479854759157161
0.358489208250566,3.30014867536132,8.20487689655696,0.869296967390825,0.0682713731465626,7.64493454597067e-05,1.32571677613095e-06,2.36889573280692e-16,1.5676046984827e-22,0.000425833793312514,-3.57542584839421,-1.35560160589241,-0.444840405526826,-2.68963960395754,-5.2338338607745,-12.0284513137938,-16.083126408166,-38.5285067033537,-52.756892387774,-10.3110305708589,2.54956912648978,0.322199273150174
0.0914622471647479,0.841975174927278,2.09333073743381,0.221785906691767,0.0174182459647243,1.95047124685875e-05,3.38233432578509e-07,6.04382285533304e-17,3.99946902415627e-23,0.000108644039370437,-3.57542584839421,-1.35560160589241,-0.444840405526826,-2.68963960395754,-5.2338338607745,-12.0284513137938,-16.083126408166,-38.5285067033537,-52.756892387774,-10.3110305708589,1.18359685725867,0.633614982539817
0.307155388373409,3.44590701635113,6.19459568447133,0.563775296774003,0.115825805438279,7.4750381343105e-05,1.87759885568861e-06,1.41891278942591e-16,1.83950498560445e-22,0.0003775481362863,-3.54386656636739,-1.12627790329997,-0.539787809838358,-2.93656457482025,-4.51913295175399,-11.8648213021012,-15.5489818598387,-38.8549356087685,-52.4108405979805,-10.2452775420378,2.36346505797466,1.33228887127741
0.0769048221576751,0.162773511512282,1.14823675930024,0.0867475751924335,0.0455990639189859,1.30007480959827e-05,6.7141142838272e-07,5.20470644171796e-17,4.25715257312119e-23,8.51569075755791e-05,-2.98413421558478,-2.2343430623603,-0.28072000505225,-2.86370033022815,-3.506815608775,-11.6694511743237,-14.6328312488356,-37.9133307977181,-51.9298041301429,-9.7899625497181,0.418947518010086,1.77472609845828
0.108618054889079,0.229896405867506,1.6217350206158,0.122519662868838,0.0644027447003042,1.83618651037686e-05,9.4828128243648e-07,7.35097064276412e-17,6.01267409357522e-23,0.00012027305182846,-2.98413421558478,-2.2343430623603,-0.28072000505225,-2.86370033022815,-3.506815608775,-11.6694511743237,-14.6328312488356,-37.9133307977181,-51.9298041301429,-9.7899625497181,0.764216581564927,2.60706853343605
0.164583740411299,0.430932708008422,1.53373892781202,0.114159483024917,0.169741879506803,4.02292071330072e-05,1.74992525788063e-06,7.17129176781052e-17,7.60278242615636e-23,0.000533240939629944,-2.68550985845532,-1.72297741138124,-0.453465582415996,-3.0513329147396,-2.65465043204703,-11.002091360951,-14.1371115611259,-38.0550348600425,-51.8121169302699,-8.41771127200829,0.881174080402455,1.95748429962613
0.709064593825522,1.85655718363505,6.60769992932279,0.491825299753835,0.73128704297821,0.000173316673593659,7.53908034355845e-06,3.08955737173038e-16,3.27545346792731e-22,0.00229732456757246,-2.68550985845532,-1.72297741138124,-0.453465582415996,-3.0513329147396,-2.65465043204703,-11.002091360951,-14.1371115611259,-38.0550348600425,-51.8121169302699,-8.41771127200829,2.34170120739216,0.770979956914265
0.611066442964908,1.59996677911121,5.69446525344955,0.423851281107231,0.630217579653935,0.000149362983516065,6.49712176983769e-06,2.66255690936933e-16,2.82276074305852e-22,0.00197981673893569,-2.68550985845532,-1.72297741138124,-0.453465582415996,-3.0513329147396,-2.65465043204703,-11.002091360951,-14.1371115611259,-38.0550348600425,-51.8121169302699,-8.41771127200829,2.19296027735593,1.11309450380685
0.439760854363875,1.15143412935894,4.09808611458343,0.305029352615985,0.45354318577704,0.000107490754888555,4.67572692512266e-06,1.91613909540756e-16,2.03143159033446e-22,0.00142479743507738,-2.68550985845532,-1.72297741138124,-0.453465582415996,-3.0513329147396,-2.65465043204703,-11.002091360951,-14.1371115611259,-38.0550348600425,-51.8121169302699,-8.41771127200829,1.86398564581949,0.723383354361585
0.203583829464718,0.533047375875125,1.89717674141306,0.141210940192787,0.209964251414968,4.97619997212355e-05,2.16459101236901e-06,8.87061526643643e-17,9.40435280566583e-23,0.000659598768662908,-2.68550985845532,-1.72297741138124,-0.453465582415996,-3.0513329147396,-2.65465043204703,-11.002091360951,-14.1371115611259,-38.0550348600425,-51.8121169302699,-8.41771127200829,1.09383243793407,0.551086934721157
0.143198926825113,0.961038887829774,3.74232635773474,0.279069357519227,0.120676886020054,3.65176869973197e-05,3.40157990266001e-06,1.7535163718948e-16,6.04323561834058e-23,0.00117323154701548,-3.60127678246626,-1.6974966685712,-0.338048824908166,-2.93405119854063,-3.77239493238116,-11.87547010322,-14.2490268207628,-37.9374946243997,-52.8182738356953,-8.40574959525048,1.65775626374455,1.43126692886771
0.00981171463021646,0.0658485334002705,0.256416993404389,0.0191212948219966,0.00826854777716305,2.50212157114037e-06,2.33069702662928e-07,1.20147564104699e-17,4.14070863832193e-24,8.03875656731842e-05,-3.60127678246626,-1.6974966685712,-0.338048824908166,-2.93405119854063,-3.77239493238116,-11.87547010322,-14.2490268207628,-37.9374946243997,-52.8182738356953,-8.40574959525048,-1.02290145429548,0.717694675887047
0.00179918289866512,0.0120747045405388,0.0470194137158804,0.00350628895566557,0.00151621101083115,4.58816273285513e-07,4.27382001038543e-08,2.20315664285352e-18,7.59285451238136e-25,1.47407399089146e-05,-3.60127678246626,-1.6974966685712,-0.338048824908166,-2.93405119854063,-3.77239493238116,-11.87547010322,-14.2490268207628,-37.9374946243997,-52.8182738356953,-8.40574959525048,-2.71914587986411,0.362327576733251
0.00621152176661362,0.0590170948733513,0.424842061484108,0.0299080548178612,0.0118991811743137,2.73491488044019e-06,2.59084871680775e-07,1.67440664690195e-17,8.06524377686382e-24,6.36123246450306e-05,-4.45013328210781,-2.19871205346332,-0.224821719198406,-2.87841136299872,-3.80006961014875,-12.1781941649354,-14.5348940590738,-37.9972716390708,-52.5432622142547,-9.0314872427004,-0.631216079964545,1.23251788349866
0.00903315557709409,0.0858260857370776,0.617829990986497,0.0434940296965725,0.0173044800978303,3.97727200086661e-06,3.76776262162212e-07,2.43501935742739e-17,1.17289457464655e-23,9.25087356576146e-05,-4.45013328210781,-2.19871205346332,-0.224821719198406,-2.87841136299872,-3.80006961014875,-12.1781941649354,-14.5348940590738,-37.9972716390708,-52.5432622142547,-9.0314872427004,-0.256720235662851,2.68207223119711
0.00980002417151789,0.0931122803755256,0.670280589532825,0.0471864498187074,0.0187735417359922,4.31492200178987e-06,4.08762635042722e-07,2.64174001623683e-17,1.27246731046297e-23,0.000100362253011569,-4.45013328210781,-2.19871205346332,-0.224821719198406,-2.87841136299872,-3.80006961014875,-12.1781941649354,-14.5348940590738,-37.9972716390708,-52.5432622142547,-9.0314872427004,-0.175237144719421,3.0861957723028
0.0322417688363113,0.391236303728218,2.33961318014138,0.385954470724169,0.156337688829856,1.8820392195451e-05,1.56308958033861e-06,5.93044568949508e-17,8.35980221955262e-23,0.000288179792459532,-4.6301383219122,-2.1340893678993,-0.345660215640428,-2.14768169167926,-3.05138276298649,-12.0762154084468,-14.5644920188041,-38.5594930359959,-52.0316681937079,-9.3475718169496,1.19564582371334,5.50808459470102
0.0208287577683327,0.252745630734607,1.51143184631612,0.249333472401339,0.100996935597116,1.21583090597246e-05,1.00978374990429e-06,3.83117369744403e-17,5.40058134856827e-23,0.000186169286224394,-4.6301383219122,-2.1340893678993,-0.345660215640428,-2.14768169167926,-3.05138276298649,-12.0762154084468,-14.5644920188041,-38.5594930359959,-52.0316681937079,-9.3475718169496,0.758717659762714,4.64423535778687
0.0253269187036353,0.307328363674509,1.83783939126379,0.303179318509559,0.122808148504826,1.47840072151343e-05,1.22785579565195e-06,4.65855073326524e-17,6.5668863351761e-23,0.000226374248035458,-4.6301383219122,-2.1340893678993,-0.345660215640428,-2.14768169167926,-3.05138276298649,-12.0762154084468,-14.5644920188041,-38.5594930359959,-52.0316681937079,-9.3475718169496,0.95425085341843,2.75276445391892
0.0267399587762415,0.324474835316093,1.94037617188279,0.320094306521028,0.129659863753352,1.56088369100978e-05,1.29636035646886e-06,4.918460710606e-17,6.93326621945797e-23,0.000239004125661839,-4.6301383219122,-2.1340893678993,-0.345660215640428,-2.14768169167926,-3.05138276298649,-12.0762154084468,-14.5644920188041,-38.5594930359959,-52.0316681937079,-9.3475718169496,1.00854207295127,3.51611383901285
0.0239975426858662,0.291197109769135,1.74137366482283,0.28726584242404,0.11636211338625,1.40080144910173e-05,1.16340729060012e-06,4.41402964900581e-17,6.22219927286301e-23,0.000214492167159364,-4.6301383219122,-2.1340893678993,-0.345660215640428,-2.14768169167926,-3.05138276298649,-12.0762154084468,-14.5644920188041,-38.5594930359959,-52.0316681937079,-9.3475718169496,0.900334479947083,1.73735698270739
0.0110609259547506,0.602095729718567,0.993892887103134,0.146522937509734,0.0280305029983397,7.88257491618615e-06,1.41932450756142e-06,1.36286340764558e-17,4.65569385336311e-23,9.95256502615189e-05,-5.0819111590029,-1.08491342050441,-0.583700431240513,-2.49814788640341,-4.15203656262171,-12.3284305351123,-14.042904092087,-39.4119332413544,-51.9989407773943,-9.79266974910411,0.577574593654896,2.51219618384642
0.012401118224366,0.675048396234766,1.11431748533031,0.164276325334155,0.0314268066699752,8.83766366829916e-06,1.59129634254985e-06,1.5279941580855e-17,5.21979896874845e-23,0.000111584632272121,-5.0819111590029,-1.08491342050441,-0.583700431240513,-2.49814788640341,-4.15203656262171,-12.3284305351123,-14.042904092087,-39.4119332413544,-51.9989407773943,-9.79266974910411,0.691942527950193,4.69526824059068
0.0166815578002125,0.653863533249669,0.942665751741994,0.250212805766103,0.0824819519340515,1.71234834109347e-05,3.70918817823412e-06,1.9512075387851e-17,9.03675581423549e-23,0.000118399270090512,-4.75925051486234,-1.09065563580235,-0.724842532953013,-2.0512425218884,-3.1609747957577,-11.6408587594311,-13.1704965469205,-39.1412971710687,-51.423955920723,-9.70724702205748,0.665799021748031,3.94256125032158
0.0258417803023891,0.785448542453805,1.08579875098449,0.403324509602148,0.0862850955906339,1.88848931966462e-05,6.51296940543449e-06,1.08651449478881e-17,7.57277290355769e-23,0.000167817637710069,-4.52575476231787,-1.111492389749,-0.787676164857776,-1.77800586334635,-3.32009045746368,-11.7471403143035,-12.8117071329005,-39.9309637764927,-51.804889893855,-9.56262471498091,0.869992057028117,4.60726945602736
0.0197154310098246,0.599241088242038,0.828386826104597,0.307707768218173,0.0658293596411387,1.44078234777023e-05,4.96893006129578e-06,8.28932887460662e-18,5.77748436779949e-23,0.000128032860731299,-4.52575476231787,-1.111492389749,-0.787676164857776,-1.77800586334635,-3.32009045746368,-11.7471403143035,-12.8117071329005,-39.9309637764927,-51.804889893855,-9.56262471498091,0.599401112451443,3.73669825259563
0.0223056867671028,0.677970672091517,0.937222070157927,0.34813507704998,0.0744781625875935,1.63007543344697e-05,5.6217587867936e-06,9.37839874230171e-18,6.53654269824225e-23,0.000144854093524272,-4.52575476231787,-1.111492389749,-0.787676164857776,-1.77800586334635,-3.32009045746368,-11.7471403143035,-12.8117071329005,-39.9309637764927,-51.804889893855,-9.56262471498091,0.722841141269486,1.81515513839012
0.0435673160090355,1.32420771547066,1.83057578668385,0.679975069767215,0.14547024169691,3.18385227359551e-05,1.09803811085536e-05,1.83178247740485e-17,1.27671308359301e-22,0.000282928032374321,-4.52575476231787,-1.111492389749,-0.787676164857776,-1.77800586334635,-3.32009045746368,-11.7471403143035,-12.8117071329005,-39.9309637764927,-51.804889893855,-9.56262471498091,1.39230671975526,3.19441239016575
0.0119922928263291,0.589622479884489,1.26466701932389,0.308753282400826,0.0642628216258764,1.71642220133853e-05,9.08825843981315e-06,5.6030374929836e-18,3.01796251781109e-23,0.000142642214221533,-5.22972889769683,-1.33451060917559,-0.571428935991368,-1.98145055752866,-3.55101181442647,-11.7789212537807,-12.4147650566003,-40.5294606114311,-52.6611129958302,-9.66140885907389,0.806237797689937,2.00545540308325
0.00886371178709375,0.408262822503443,1.21867351099419,0.208492465124298,0.0409269533035476,1.79669743958069e-05,7.17269222830272e-06,3.54412281703435e-18,2.96485577289176e-23,0.000135447464179226,-5.35991908356202,-1.52997355822791,-0.436366437911728,-2.20198179595112,-3.83009584706734,-11.5611046601449,-12.479358907773,-40.8153704058933,-52.5067581698656,-9.54105613012341,0.634129419062249,3.34178229128304
0.00809581207784574,0.372893339579409,1.11309482598739,0.190429907677149,0.0373812834648732,1.64104217070455e-05,6.55129247964899e-06,3.23708092012806e-18,2.70799815605443e-23,0.000123713094779596,-5.35991908356202,-1.52997355822791,-0.436366437911728,-2.20198179595112,-3.83009584706734,-11.5611046601449,-12.479358907773,-40.8153704058933,-52.5067581698656,-9.54105613012341,0.543510705127055,2.08114630469295
0.00379139515365546,0.174631770959779,0.521279679941696,0.0891812979520543,0.0175062384852014,7.68525661555262e-06,3.06807251930804e-06,1.51597551852142e-18,1.26819780230185e-23,5.79367731712334e-05,-5.35991908356202,-1.52997355822791,-0.436366437911728,-2.20198179595112,-3.83009584706734,-11.5611046601449,-12.479358907773,-40.8153704058933,-52.5067581698656,-9.54105613012341,-0.215102129642307,1.39316411462871
0.00562633220695124,0.259149024960015,0.773565543348194,0.132342736272579,0.0259788044822744,1.14047217613493e-05,4.55294015238738e-06,2.24966840414486e-18,1.88197269097529e-23,8.59766707634931e-05,-5.35991908356202,-1.52997355822791,-0.436366437911728,-2.20198179595112,-3.83009584706734,-11.5611046601449,-12.479358907773,-40.8153704058933,-52.5067581698656,-9.54105613012341,0.179621561420292,1.70499833077175
0.00526772950548416,0.242631774109024,0.724261186015048,0.123907673961779,0.0243230065084685,1.06778247558637e-05,4.2627516995536e-06,2.10628242239732e-18,1.76202234566202e-23,8.0496819011966e-05,-5.35991908356202,-1.52997355822791,-0.436366437911728,-2.20198179595112,-3.83009584706734,-11.5611046601449,-12.479358907773,-40.8153704058933,-52.5067581698656,-9.54105613012341,0.1137632404236,1.41075245881668
0.0302308094676355,1.39243196262222,4.15644005570712,0.711089906802676,0.1395865476145,6.12786372928325e-05,2.4463373509001e-05,1.20876788624458e-17,1.01120153861296e-22,0.00046196069782399,-5.35991908356202,-1.52997355822791,-0.436366437911728,-2.20198179595112,-3.83009584706734,-11.5611046601449,-12.479358907773,-40.8153704058933,-52.5067581698656,-9.54105613012341,1.86102538997721,0.780120166726057
0.000997722026237804,0.0586895603931175,0.179320207054768,0.0360467423902141,0.00614131946912691,2.57763617548138e-06,2.79862071409246e-06,3.24454369020377e-19,4.17433002765145e-24,3.47708863743344e-05,-5.64147367465664,-1.56693123814305,-0.450020028412298,-2.05437660637294,-3.82415348604133,-11.6000756134454,-11.5178216876443,-41.3035798693534,-52.5645261822332,-8.99816794314936,-1.26856217661693,1.73371944920293
0.00301476159484599,0.277832666712184,0.268856355172413,0.0816974166019176,0.0247496638968143,5.8893464713046e-06,1.88524590012541e-05,1.27486431660919e-18,2.20115691666207e-23,7.0861666898399e-05,-5.3830156769257,-0.859517416795251,-0.892359189625041,-2.08351405013239,-3.27772452196305,-11.6211466740694,-10.45764835356,-40.7824730712677,-51.7492551974873,-9.13356208695308,-0.421218848023293,1.40640237991982
0.0197528200237376,1.82036903736038,1.76155594028988,0.535284239158696,0.162160635666033,3.85871974434041e-05,0.000123521949560887,8.35295415853707e-18,1.44220546305096e-22,0.000464288040294486,-5.3830156769257,-0.859517416795251,-0.892359189625041,-2.08351405013239,-3.27772452196305,-11.6211466740694,-10.45764835356,-40.7824730712677,-51.7492551974873,-9.13356208695308,1.45855666510978,1.17149386579366
0.0249207226340289,1.60900035151861,2.439926026047,0.325751952535573,0.207863412117466,5.47648399249384e-05,9.34902708051748e-05,9.14375110539212e-18,1.3033479737383e-22,0.000435272762959297,-5.21985949173226,-1.05219081792373,-0.635836182752506,-2.64942297342981,-3.09867799190102,-11.3402660815416,-10.8054570870476,-40.7612648716203,-51.9197396319598,-9.26734158650229,1.52780390440419,0.387716046369239
0.0236194978401477,1.52498709148975,2.31252633997237,0.308742954701951,0.197009913623058,5.19053174066805e-05,8.86087166004725e-05,8.66631408150871e-18,1.23529422090823e-22,0.000412545183202423,-5.21985949173226,-1.05219081792373,-0.635836182752506,-2.64942297342981,-3.09867799190102,-11.3402660815416,-10.8054570870476,-40.7612648716203,-51.9197396319598,-9.26734158650229,1.4741767633504,1.24504869594011
0.058406402372536,3.77099506015226,5.71842571859983,0.76346099159469,0.487167016179668,0.00012835170646921,0.000219112039997919,2.14301011290342e-17,3.05464120376842e-22,0.00102014361736412,-5.21985949173226,-1.05219081792373,-0.635836182752506,-2.64942297342981,-3.09867799190102,-11.3402660815416,-10.8054570870476,-40.7612648716203,-51.9197396319598,-9.26734158650229,2.37952972624212,0.28029515889107
0.0150580748287649,0.972220912229588,1.47429868773941,0.196832064179348,0.125599199501269,3.30910571770098e-05,5.64904763886543e-05,5.52501186994416e-18,7.87533796859946e-23,0.000263008819279358,-5.21985949173226,-1.05219081792373,-0.635836182752506,-2.64942297342981,-3.09867799190102,-11.3402660815416,-10.8054570870476,-40.7612648716203,-51.9197396319598,-9.26734158650229,1.02401859353513,0.210175952600922
0.0119598717821046,0.772186191553176,1.170961326358,0.156333812719211,0.099757129583435,2.6282563041546e-05,4.48675453005258e-05,4.38823915477636e-18,6.25498501078411e-23,0.000208894682216283,-5.21985949173226,-1.05219081792373,-0.635836182752506,-2.64942297342981,-3.09867799190102,-11.3402660815416,-10.8054570870476,-40.7612648716203,-51.9197396319598,-9.26734158650229,0.793661240655328,0.259238568766722
0.0205779425608365,1.32860982003405,2.01473522072454,0.268985176184421,0.171640341970339,4.52213102677028e-05,7.71983000203597e-05,7.55032620042947e-18,1.07622159012944e-22,0.000359420472913667,-5.21985949173226,-1.05219081792373,-0.635836182752506,-2.64942297342981,-3.09867799190102,-11.3402660815416,-10.8054570870476,-40.7612648716203,-51.9197396319598,-9.26734158650229,1.33632396540995,1.91245258907971
0.0623881740656061,4.02807717401795,6.10827109051666,0.815508836378987,0.520378920286498,0.000137101897729349,0.000234049685239442,2.28910671633906e-17,3.2628869334073e-22,0.00108969042753363,-5.21985949173226,-1.05219081792373,-0.635836182752506,-2.64942297342981,-3.09867799190102,-11.3402660815416,-10.8054570870476,-40.7612648716203,-51.9197396319598,-9.26734158650229,2.44547995198527,0.578683617930004
0.0275610536642272,1.77947267762658,2.69843427609123,0.360265116582146,0.229886377707847,6.05671317902719e-05,0.000103395491719254,1.01125243681309e-17,1.44143666999097e-22,0.000481389571027787,-5.21985949173226,-1.05219081792373,-0.635836182752506,-2.64942297342981,-3.09867799190102,-11.3402660815416,-10.8054570870476,-40.7612648716203,-51.9197396319598,-9.26734158650229,1.62850788981307,0.500852744264482
0.0222609547268844,1.43727308821246,2.17951475968087,0.290984718785269,0.18567832379805,4.89198343120852e-05,8.35121323069633e-05,8.16784618890188e-18,1.16424273336067e-22,0.00038881646460973,-5.21985949173226,-1.05219081792373,-0.635836182752506,-2.64942297342981,-3.09867799190102,-11.3402660815416,-10.8054570870476,-40.7612648716203,-51.9197396319598,-9.26734158650229,1.41493844747492,0.360371431259698
0.00210116546137417,0.135661233247441,0.205719889006648,0.0274654455929911,0.0175257928366901,4.61744195133568e-06,7.88253739167727e-06,7.70946103457586e-19,1.09890462920665e-23,3.66995816789892e-05,-5.21985949173226,-1.05219081792373,-0.635836182752506,-2.64942297342981,-3.09867799190102,-11.3402660815416,-10.8054570870476,-40.7612648716203,-51.9197396319598,-9.26734158650229,-0.945403614859091,0.189079773276393
0.0345811711027736,1.03984480490178,1.80469914677786,0.213674513138089,0.284993665034869,2.16198458827963e-05,4.74014454525184e-05,2.9133443314152e-18,5.93117624067817e-23,0.000223077063836173,-4.58175503191692,-1.17823762313146,-0.626915198886266,-2.76061048754212,-2.4725974260018,-11.9592079733274,-11.1741669340428,-41.5945390969087,-52.3965436903706,-9.62530236755515,1.21730909909344,0.839130103090909
0.267501215694727,8.04367638731481,13.9601754460998,1.65287033968706,2.20455668304446,0.00016723942169549,0.000366671916533763,2.25360543191206e-17,4.58803679657292e-22,0.00172560338088146,-4.58175503191692,-1.17823762313146,-0.626915198886266,-2.76061048754212,-2.4725974260018,-11.9592079733274,-11.1741669340428,-41.5945390969087,-52.3965436903706,-9.62530236755515,3.26312386391371,0.808217351822327
0.0308668865137642,0.928157449886253,1.61086053417697,0.1907242218118,0.254383146528761,1.92977076260966e-05,4.23101644829466e-05,2.60042867218279e-18,5.29412215017394e-23,0.000199116866019109,-4.58175503191692,-1.17823762313146,-0.626915198886266,-2.76061048754212,-2.4725974260018,-11.9592079733274,-11.1741669340428,-41.5945390969087,-52.3965436903706,-9.62530236755515,1.10368372836961,1.45800744178587
0.00825050191776205,0.248089965823307,0.430571704099403,0.0509792446063598,0.0679948279638116,5.15814167737726e-06,1.13092097271202e-05,6.95076315432083e-19,1.41508165824885e-23,5.32225394426116e-05,-4.58175503191692,-1.17823762313146,-0.626915198886266,-2.76061048754212,-2.4725974260018,-11.9592079733274,-11.1741669340428,-41.5945390969087,-52.3965436903706,-9.62530236755515,-0.215726210052599,2.66838229820041
0.0519095159350306,1.56090261690642,2.70901927639136,0.320745081526806,0.427801682960464,3.24533755965224e-05,7.11539259543363e-05,4.37319758623499e-18,8.90324062953047e-23,0.000334859174246267,-4.58175503191692,-1.17823762313146,-0.626915198886266,-2.76061048754212,-2.4725974260018,-11.9592079733274,-11.1741669340428,-41.5945390969087,-52.3965436903706,-9.62530236755515,1.62350187764916,2.52863726076405
0.0531397819947529,1.59789632562285,2.77322358288208,0.328346805035829,0.437940669644468,3.32225271827132e-05,7.28402884360666e-05,4.47684325631866e-18,9.11424923885296e-23,0.000342795404616387,-4.58175503191692,-1.17823762313146,-0.626915198886266,-2.76061048754212,-2.4725974260018,-11.9592079733274,-11.1741669340428,-41.5945390969087,-52.3965436903706,-9.62530236755515,1.6469255907882,2.67077112227606
0.0460585279946537,1.38496527241157,2.40367181107782,0.284592257325992,0.379581959798195,2.87953890825e-05,6.31338017984811e-05,3.8802720430654e-18,7.89971068679601e-23,0.000297115478221599,-4.58175503191692,-1.17823762313146,-0.626915198886266,-2.76061048754212,-2.4725974260018,-11.9592079733274,-11.1741669340428,-41.5945390969087,-52.3965436903706,-9.62530236755515,1.50391268838533,1.04054878142649
0.0233462199238411,0.702013400001757,1.21837699052549,0.144254576023928,0.192403107489668,1.45958526158424e-05,3.20013618669407e-05,1.9668384645782e-18,4.00421791703948e-23,0.000150602366149084,-4.58175503191692,-1.17823762313146,-0.626915198886266,-2.76061048754212,-2.4725974260018,-11.9592079733274,-11.1741669340428,-41.5945390969087,-52.3965436903706,-9.62530236755515,0.824434836314545,3.70577210926891
0.0245441671588523,0.73803529194899,1.28089466369753,0.151656603891793,0.202275745174771,1.53447987553382e-05,3.36434239690777e-05,2.06776138520695e-18,4.20968337559115e-23,0.000158330113454771,-4.58175503191692,-1.17823762313146,-0.626915198886266,-2.76061048754212,-2.4725974260018,-11.9592079733274,-11.1741669340428,-41.5945390969087,-52.3965436903706,-9.62530236755515,0.874473988675496,2.3063541067751
0.0169453212720607,0.509540415498846,0.884331150922528,0.10470389397789,0.139651407413746,1.05940667320847e-05,2.32274586527395e-05,1.42758484162522e-18,2.90637025046974e-23,0.000109311292665526,-4.58175503191692,-1.17823762313146,-0.626915198886266,-2.76061048754212,-2.4725974260018,-11.9592079733274,-11.1741669340428,-41.5945390969087,-52.3965436903706,-9.62530236755515,0.503991517510775,0.430167826809444
0.0111434397496544,0.490374104859651,0.923667991259248,0.153921620662015,0.201615700082305,1.21566168303857e-05,2.50706384291867e-05,1.26300069437532e-18,3.21589823166938e-23,7.76708820703097e-05,-5.07398821980898,-1.28967060219381,-0.65648649104889,-2.4483956651908,-2.17847577074451,-11.894720843642,-11.170897082575,-41.7901251830618,-52.3684343347481,-10.0401140212758,0.577083902319686,1.45505673297454
0.0120927557425534,0.532149354756008,1.00235579466021,0.16703429138399,0.218791456653664,1.31922459571092e-05,2.72064204271783e-05,1.37059644444434e-18,3.48986243764573e-23,8.42877088480743e-05,-5.07398821980898,-1.28967060219381,-0.65648649104889,-2.4483956651908,-2.17847577074451,-11.894720843642,-11.170897082575,-41.7901251830618,-52.3684343347481,-10.0401140212758,0.658839515175216,1.05098398781375
0.033803744183573,1.48755511469772,2.80195677354031,0.466922889706573,0.611603391958539,3.68772277415348e-05,7.60520509841109e-05,3.83132617355986e-18,9.75546183099593e-23,0.000235615455102062,-5.07398821980898,-1.28967060219381,-0.65648649104889,-2.4483956651908,-2.17847577074451,-11.894720843642,-11.170897082575,-41.7901251830618,-52.3684343347481,-10.0401140212758,1.68680451184268,0.804844954313688
0.0607112449419833,2.67163668150703,5.03229118855776,0.838589647704468,1.09843463300692,6.62311959893958e-05,0.000136588854493826,6.88103011644078e-18,1.75207287549993e-22,0.00042316340844188,-5.07398821980898,-1.28967060219381,-0.65648649104889,-2.4483956651908,-2.17847577074451,-11.894720843642,-11.170897082575,-41.7901251830618,-52.3684343347481,-10.0401140212758,2.27236187613322,0.545113212129868
0.127014422164685,5.58934987513216,10.5280917577939,1.7544192947823,2.29804281447986,0.000138562750540004,0.00028575850230461,1.43958514600174e-17,3.66552397475465e-22,0.000885303140395926,-5.07398821980898,-1.28967060219381,-0.65648649104889,-2.4483956651908,-2.17847577074451,-11.894720843642,-11.170897082575,-41.7901251830618,-52.3684343347481,-10.0401140212758,3.01053358118979,0.552077527408198
0.00644031586664498,0.283410167692377,0.533831003106877,0.088958515327373,0.116523158142896,7.02587836577883e-06,1.44894964292708e-05,7.29947268914095e-19,1.85861824286152e-23,4.48896413864708e-05,-5.07398821980898,-1.28967060219381,-0.65648649104889,-2.4483956651908,-2.17847577074451,-11.894720843642,-11.170897082575,-41.7901251830618,-52.3684343347481,-10.0401140212758,0.0288105273559893,0.657608871381232
0.0608823043109072,2.16877224114828,5.64702699524683,1.00694414436828,1.38052420218889,9.61590365259789e-05,0.00034987796228355,4.40161622302867e-18,2.11724493827801e-22,0.000692986559534571,-5.12758091140554,-1.55460697536334,-0.597638984170931,-2.32184805047044,-2.00630491160784,-11.5782753020244,-10.2866943387817,-42.293328072308,-52.2355245550664,-9.60326814888175,2.32876819530829,1.08618158303652
0.214400676763592,11.6879753349509,22.8065819438187,5.1199084220449,2.95752221101567,0.000397113201045982,0.000876866743586881,1.13348102321519e-17,6.56431482615358e-22,0.00130058788471493,-5.29618889240035,-1.29771963499857,-0.629231023110218,-2.12314364658439,-2.67192837224981,-11.5875693759048,-10.7954357220325,-42.7749333309898,-52.5315041104016,-10.4012190968798,3.75628019915649,1.73208502139903
0.0895876424992382,4.88383792277889,9.52976427432325,2.13936136894175,1.23580506612011,0.000165934343230939,0.00036640007638853,4.73626735793572e-18,2.74290873879256e-22,0.000543452587060432,-5.29618889240035,-1.29771963499857,-0.629231023110218,-2.12314364658439,-2.67192837224981,-11.5875693759048,-10.7954357220325,-42.7749333309898,-52.5315041104016,-10.4012190968798,2.88365100535218,0.996891774457304
0.15281038416596,8.33040281409874,16.254997889723,3.64912641451172,2.10792294160057,0.000283035584239888,0.00062497164641702,8.07869047882365e-18,4.67860216447401e-22,0.000926971580990041,-5.29618889240035,-1.29771963499857,-0.629231023110218,-2.12314364658439,-2.67192837224981,-11.5875693759048,-10.7954357220325,-42.7749333309898,-52.5315041104016,-10.4012190968798,3.41763144704282,1.4194430581839
0.0256925435702694,1.40061971853091,2.73300956473466,0.613540368411354,0.354412445956715,4.75877612618414e-05,0.000105078665585406,1.35829844451196e-18,7.86629721630414e-23,0.000155854969300532,-5.29618889240035,-1.29771963499857,-0.629231023110218,-2.12314364658439,-2.67192837224981,-11.5875693759048,-10.7954357220325,-42.7749333309898,-52.5315041104016,-10.4012190968798,1.63463442976999,1.10610087822961
0.0254940405691801,1.3897983992344,2.71189407653389,0.608800097986744,0.351674222162195,4.72200937555174e-05,0.000104266817960739,1.34780410334743e-18,7.80552146630385e-23,0.000154650819191523,-5.29618889240035,-1.29771963499857,-0.629231023110218,-2.12314364658439,-2.67192837224981,-11.5875693759048,-10.7954357220325,-42.7749333309898,-52.5315041104016,-10.4012190968798,1.62687833510035,1.12773874019216
0.074398484136286,4.05580644925607,7.91403810175953,1.77664283185429,1.02628019939314,0.000137800965156964,0.000304278687442387,3.93325577126987e-18,2.27786161793547e-22,0.000451312787671391,-5.29618889240035,-1.29771963499857,-0.629231023110218,-2.12314364658439,-2.67192837224981,-11.5875693759048,-10.7954357220325,-42.7749333309898,-52.5315041104016,-10.4012190968798,2.69786918053741,0.587685822137858
0.0493679083920632,2.69127366729717,5.251444468993,1.17891031768509,0.680999182394873,9.14393015285767e-05,0.000201907371389393,2.60995385662568e-18,1.51149939396667e-22,0.000299473418263655,-5.29618889240035,-1.29771963499857,-0.629231023110218,-2.12314364658439,-2.67192837224981,-11.5875693759048,-10.7954357220325,-42.7749333309898,-52.5315041104016,-10.4012190968798,2.28773419882157,1.78703135201302
0.010569609278875,0.576198426312697,1.12432788819323,0.252403268410884,0.145801098559492,1.95770434958447e-05,4.32281232002467e-05,5.58787953529372e-19,3.23610186046539e-23,6.41168954398084e-05,-5.29618889240035,-1.29771963499857,-0.629231023110218,-2.12314364658439,-2.67192837224981,-11.5875693759048,-10.7954357220325,-42.7749333309898,-52.5315041104016,-10.4012190968798,0.746416447515437,1.00979317117558
0.00541916701953885,0.295423929702375,0.576456560510913,0.129410220539548,0.0747539936320358,1.0037387916013e-05,2.21635836654382e-05,2.86497368898415e-19,1.65918871846593e-23,3.28735108361179e-05,-5.29618889240035,-1.29771963499857,-0.629231023110218,-2.12314364658439,-2.67192837224981,-11.5875693759048,-10.7954357220325,-42.7749333309898,-52.5315041104016,-10.4012190968798,0.0783757306268554,0.720104108255987
0.0207727859830608,1.13242091337212,2.20967700697358,0.496056092310197,0.286547490693415,3.84753801195892e-05,8.49575919029322e-05,1.09820356290537e-18,6.36001290049459e-23,0.000126010953832646,-5.29618889240035,-1.29771963499857,-0.629231023110218,-2.12314364658439,-2.67192837224981,-11.5875693759048,-10.7954357220325,-42.7749333309898,-52.5315041104016,-10.4012190968798,1.42207737726814,1.2066625560184
0.0227938245355385,1.24259709895567,2.42466224887897,0.544318683932134,0.314426443775558,4.22187502484845e-05,9.32233377061917e-05,1.20505065317578e-18,6.97879515130276e-23,0.000138270888342053,-5.29618889240035,-1.29771963499857,-0.629231023110218,-2.12314364658439,-2.67192837224981,-11.5875693759048,-10.7954357220325,-42.7749333309898,-52.5315041104016,-10.4012190968798,1.51492325898667,2.07606915029536
0.022095866634459,1.28945820509859,2.97819895045706,0.741890042651859,0.288738583845177,4.07545370734667e-05,0.00014088339588655,1.35253919611554e-18,2.88448987361425e-23,0.000149936963045141,-5.48397207701672,-1.41738522484807,-0.580288620185575,-1.9701615962432,-2.91384091334564,-11.7795507442,-10.5391853482013,-42.8161553210332,-53.5717164337262,-10.476902957513,1.671607358951,0.613793400687061
0.0151772038488862,0.885702758672512,2.04566461779482,0.509589263777789,0.198328692807313,2.79934671567201e-05,9.67699549271769e-05,9.29031815436504e-19,1.98129774840413e-23,0.000102988667078129,-5.48397207701672,-1.41738522484807,-0.580288620185575,-1.9701615962432,-2.91384091334564,-11.7795507442,-10.5391853482013,-42.8161553210332,-53.5717164337262,-10.476902957513,1.29601135335711,2.60382140363962
0.00263997887512065,0.154062408057009,0.355830456672452,0.0886398380595232,0.0344980251009822,4.86928703540792e-06,1.68325232564411e-05,1.61599224171147e-19,3.44634245753697e-24,1.79142290088597e-05,-5.48397207701672,-1.41738522484807,-0.580288620185575,-1.9701615962432,-2.91384091334564,-11.7795507442,-10.5391853482013,-42.8161553210332,-53.5717164337262,-10.476902957513,-0.453012286687445,2.46518240906535
0.00289011893164718,0.168659941326374,0.389545669845073,0.0970385318186536,0.0377667398737165,5.33065577807453e-06,1.84274179575049e-05,1.76910876642974e-19,3.77288609213279e-24,1.96116161732553e-05,-5.48397207701672,-1.41738522484807,-0.580288620185575,-1.9701615962432,-2.91384091334564,-11.7795507442,-10.5391853482013,-42.8161553210332,-53.5717164337262,-10.476902957513,-0.362485547868736,1.35975668781268
0.02615148542589,2.3149989117754,4.20652500623205,1.51037411586653,0.138974304263716,6.16646901745081e-05,0.000331975300427563,2.0231858518368e-18,3.47486940065231e-23,0.00045623682212653,-5.7477241018479,-1.26446559835008,-0.66723792315698,-1.69151743682106,-4.07734104016528,-11.7976738891046,-10.1143248039306,-42.8457330663196,-53.8177750589114,-9.79637335230778,2.10387481581274,0.344016662906404
0.0244063115665457,1.21605064175547,2.96354387302284,1.22710629603276,0.156646663864593,2.7620978376923e-05,0.000288866812680999,2.29261510155111e-18,5.72699083464113e-23,0.000200614747956502,-5.43358342646784,-1.52506148823813,-0.634284110497345,-1.51601112428533,-3.57443247565306,-12.2176049049353,-9.87021474894901,-42.3375084592261,-52.934936822925,-10.2347940830094,1.72066991709542,0.618652422451375
0.00849750976325854,0.423390571441289,1.03181273115333,0.427239802403711,0.0545394396011825,9.61675559982517e-06,0.000100574335222484,7.98216443140403e-19,1.99395801363781e-23,6.98477430629352e-05,-5.43358342646784,-1.52506148823813,-0.634284110497345,-1.51601112428533,-3.57443247565306,-12.2176049049353,-9.87021474894901,-42.3375084592261,-52.934936822925,-10.2347940830094,0.665601299029756,1.89383184735999
0.012398616067858,0.352843028543292,0.759538244081076,0.228419229239117,0.0385742809673022,1.67468381354034e-05,0.000185968812688057,5.50326795097244e-19,1.90332147559707e-23,4.84612246328193e-05,-4.72092963679704,-1.3724912160617,-0.605803820693423,-1.80733183044623,-3.58592873753569,-11.3280603023143,-8.92069078879652,-42.3745338949617,-52.6466158506332,-10.2655057886584,0.33075921676651,0.69408470078418
0.0255237393677056,0.72636118813273,1.56358226399048,0.470222873404824,0.0794088540460921,3.44749711953162e-05,0.00038283462279929,1.13290044697331e-18,3.91816965782449e-23,9.97620750733999e-05,-4.72092963679704,-1.3724912160617,-0.605803820693423,-1.80733183044623,-3.58592873753569,-11.3280603023143,-8.92069078879652,-42.3745338949617,-52.6466158506332,-10.2655057886584,1.05278333250517,0.936857470922632
0.0309321118488861,0.880274053512681,1.89489873634592,0.569861112610559,0.0962352545510417,4.17800718632125e-05,0.00046395566109866,1.37295726282843e-18,4.74841324590887e-23,0.000120901237079384,-4.72092963679704,-1.3724912160617,-0.605803820693423,-1.80733183044623,-3.58592873753569,-11.3280603023143,-8.92069078879652,-42.3745338949617,-52.6466158506332,-10.2655057886584,1.24496922051552,1.22851529354033
0.0349195362353937,0.69067282785878,0.622405871903358,0.327486314688214,0.0504441059660536,1.88347843254943e-05,0.000178083364324605,1.14070954400989e-18,3.36438923502903e-23,6.42841471281801e-05,-3.9006254148743,-0.916005629667711,-1.02007945787243,-1.6622255979935,-3.53280595422557,-11.4257217536182,-9.17917536440835,-41.8607977840771,-52.2921272834344,-10.1981140885605,0.545916586002,1.08771674889254
0.0179184967487161,0.354409598597998,0.319379315833471,0.168045257687072,0.0258847237446546,9.66481969932534e-06,9.13811158069318e-05,5.85339968944182e-19,1.72639170127866e-23,3.29865572539525e-05,-3.9006254148743,-0.916005629667711,-1.02007945787243,-1.6622255979935,-3.53280595422557,-11.4257217536182,-9.17917536440835,-41.8607977840771,-52.2921272834344,-10.1981140885605,-0.121296346870139,1.14937569342782
0.13981326625319,1.55640962037435,2.87953073872608,1.39970117974915,0.428862219630474,4.2973374648142e-05,0.000979756020074582,5.904815903708e-18,1.16092020367158e-22,0.000604702940431599,-3.82467393986454,-1.41484473741483,-0.799599037765174,-1.52096760989218,-2.70384595869648,-11.9121562089747,-8.78543335709755,-41.5279897817651,-52.3648854568979,-9.26799960876306,1.85722638069487,0.559693009661645
0.0129033602526781,0.143640976072012,0.265751766453674,0.129178360912442,0.0395796755697991,3.96601087449119e-06,9.04216404175743e-05,5.4495520255789e-19,1.07141275030795e-23,5.58080080334628e-05,-3.82467393986454,-1.41484473741483,-0.799599037765174,-1.52096760989218,-2.70384595869648,-11.9121562089747,-8.78543335709755,-41.5279897817651,-52.3648854568979,-9.26799960876306,-0.525593576966484,0.317924327028168
0.334370180451533,3.72222879536083,6.88653686825379,3.34745298921353,1.02564471605294,0.000102772901461937,0.00234313385281735,1.41216524881156e-17,2.77639674970858e-22,0.0014461762944979,-3.82467393986454,-1.41484473741483,-0.799599037765174,-1.52096760989218,-2.70384595869648,-11.9121562089747,-8.78543335709755,-41.5279897817651,-52.3648854568979,-9.26799960876306,2.72916736482591,0.529534903678487
0.00284159470153473,0.0316328017304476,0.0585241980918511,0.0284478258944641,0.00871628739996321,8.73400049792781e-07,1.99127707266274e-05,1.20010740290761e-19,2.35947903089812e-24,1.22901117868255e-05,-3.82467393986454,-1.41484473741483,-0.799599037765174,-1.52096760989218,-2.70384595869648,-11.9121562089747,-8.78543335709755,-41.5279897817651,-52.3648854568979,-9.26799960876306,-2.03871592990992,0.348983560360731
0.0229642304975332,0.255639183810565,0.472960895492483,0.229899932823401,0.0704403174834865,7.05834651548503e-06,0.00016092423615649,9.69861852827973e-19,1.9068032570013e-23,9.93220320127562e-05,-3.82467393986454,-1.41484473741483,-0.799599037765174,-1.52096760989218,-2.70384595869648,-11.9121562089747,-8.78543335709755,-41.5279897817651,-52.3648854568979,-9.26799960876306,0.0508564704799244,1.25718019573047
0.177058848782862,1.97102966694884,3.64662389554948,1.7725748504981,0.54310905487842,5.44212752296034e-05,0.00124075831751428,7.47783049637048e-18,1.47018376939009e-22,0.000765792899041066,-3.82467393986454,-1.41484473741483,-0.799599037765174,-1.52096760989218,-2.70384595869648,-11.9121562089747,-8.78543335709755,-41.5279897817651,-52.3648854568979,-9.26799960876306,2.09340081719656,2.08690573551219
0.0527440834364968,0.587150283219408,1.08629326537789,0.528032552198299,0.16178682682363,1.62115607390563e-05,0.000369609656187006,2.22757189677786e-18,4.37953233813185e-23,0.000228122146053444,-3.82467393986454,-1.41484473741483,-0.799599037765174,-1.52096760989218,-2.70384595869648,-11.9121562089747,-8.78543335709755,-41.5279897817651,-52.3648854568979,-9.26799960876306,0.882370264606623,1.74950299367078
0.448206943584727,4.98946643339674,9.23106730820145,4.48709771625831,1.37482679455785,0.000137762069528403,0.00314085682270759,1.89293874576874e-17,3.72162463675742e-22,0.00193852889622597,-3.82467393986454,-1.41484473741483,-0.799599037765174,-1.52096760989218,-2.70384595869648,-11.9121562089747,-8.78543335709755,-41.5279897817651,-52.3648854568979,-9.26799960876306,3.02217371428614,2.85254948847562
0.117972288259993,1.31327455044875,2.42970384332003,1.1810463733548,0.361867358898872,3.62602739879815e-05,0.000826703092790845,4.98239303452747e-18,9.7956665046632e-23,0.000510239060369811,-3.82467393986454,-1.41484473741483,-0.799599037765174,-1.52096760989218,-2.70384595869648,-11.9121562089747,-8.78543335709755,-41.5279897817651,-52.3648854568979,-9.26799960876306,1.68736841251331,0.866450721734426
0.0343126591526667,0.845929054685178,1.03632258646525,0.262617674608264,0.287200649327814,1.1641747981753e-05,0.000608743907935417,2.62934204278597e-18,1.2966248025965e-22,0.000217227984367254,-4.27533302851945,-1.07041188972791,-0.867413634858856,-2.24014812030324,-2.15066628804529,-12.2640050638071,-8.30720499824122,-41.3828901399729,-51.3001995704686,-9.33765524385937,0.903092107125386,0.393528017524207
0.0768049112443719,1.89351415974652,2.31968801717939,0.587839231571868,0.642865371721981,2.60587037713861e-05,0.00136260269457717,5.88547746558363e-18,2.90234436327375e-22,0.000486239669880674,-4.27533302851945,-1.07041188972791,-0.867413634858856,-2.24014812030324,-2.15066628804529,-12.2640050638071,-8.30720499824122,-41.3828901399729,-51.3001995704686,-9.33765524385937,1.70884633614074,0.690878803331431
0.117908226865517,2.90685704212465,3.56110431683951,0.902430330999254,0.986904546400794,4.00044151645712e-05,0.00209182023697141,9.03518018549592e-18,4.45557806242256e-22,0.000746458219642896,-4.27533302851945,-1.07041188972791,-0.867413634858856,-2.24014812030324,-2.15066628804529,-12.2640050638071,-8.30720499824122,-41.3828901399729,-51.3001995704686,-9.33765524385937,2.13748433297971,0.383594714921725
0.198534053945756,2.6055202848986,6.87546266034436,1.85974698068737,0.615497267568324,9.88804716069558e-05,0.000953878783853027,9.97158776850606e-18,2.99784273846759e-22,0.000532990815465343,-4.11464605718416,-1.54021903926518,-0.569892482678494,-1.87741097343352,-2.98317619275351,-11.7194502147954,-9.45282537555656,-41.6446432680012,-52.0568305230625,-10.0348577857362,2.49785142001694,0.906063444465587
0.12833423049054,1.68423217148084,4.44436202377056,1.20215747842851,0.397863070000034,6.39172423169654e-05,0.000616595980760443,6.44572564558491e-18,1.93783299805083e-22,0.000344530143830936,-4.11464605718416,-1.54021903926518,-0.569892482678494,-1.87741097343352,-2.98317619275351,-11.7194502147954,-9.45282537555656,-41.6446432680012,-52.0568305230625,-10.0348577857362,2.06152881463263,0.763358279850247
0.113301019101319,1.56805376608568,4.1482560399173,1.41336115390029,0.559888309172802,5.72311426112714e-05,0.00119144932408552,4.7696337413167e-18,1.78360250712627e-22,0.000518110066690371,-4.23242388930494,-1.60488156209648,-0.632028758456841,-1.70874610828685,-2.63473473608331,-11.8231291295246,-8.78730156655358,-41.9389789287639,-52.1329536194761,-9.62003962735035,2.05471677303228,0.280499677386127
0.0868561188383608,1.82245128589888,2.37324272432086,1.54792352602768,0.470250080987681,1.48165151626067e-05,0.000994842793615271,2.01794648721141e-18,9.67007166575079e-23,0.000879645830246928,-4.28446665168197,-1.24078186058141,-0.976707057778975,-1.40404994369494,-2.59545495442966,-12.9607324258219,-8.75389014550624,-42.585415585899,-52.5313857341338,-8.8769555129828,1.84096431585126,0.663345687601841
0.0643259596083343,1.34971409467484,1.75763225052157,1.14639783061628,0.348268931653778,1.0973165375485e-05,0.000736784215258702,1.49449855651173e-18,7.16169047961255e-23,0.000651468922430283,-4.28446665168197,-1.24078186058141,-0.976707057778975,-1.40404994369494,-2.59545495442966,-12.9607324258219,-8.75389014550624,-42.585415585899,-52.5313857341338,-8.8769555129828,1.54067464888049,3.32664206512572
0.0583496977844789,0.73114085957891,1.66360235678532,0.672570299857416,0.368401341804583,2.5745105506934e-06,0.00115655185446114,1.99310615409115e-18,4.14913929762887e-23,0.000439184741293616,-4.09282411881569,-1.56467216262815,-0.742537673631519,-1.6481716570606,-2.25010535155349,-14.1213741385112,-8.01383525908601,-42.0083603898079,-52.7880792434871,-8.98211342961299,1.25152301919501,2.92282970964978
0.0388104376015925,0.486307518052133,1.1065204776271,0.447350177403043,0.245036698240671,1.71239757661446e-06,0.000769263342997294,1.3256850500309e-18,2.75973857492327e-23,0.000292117228447435,-4.09282411881569,-1.56467216262815,-0.742537673631519,-1.6481716570606,-2.25010535155349,-14.1213741385112,-8.01383525908601,-42.0083603898079,-52.7880792434871,-8.98211342961299,0.843758060636302,0.773944664465845
0.0272029099478921,0.340861387762663,0.775579425756166,0.313555510916713,0.171750478688142,1.20024921001459e-06,0.000539190041106652,9.29195681982663e-19,1.93434871062317e-23,0.000204750040214886,-4.09282411881569,-1.56467216262815,-0.742537673631519,-1.6481716570606,-2.25010535155349,-14.1213741385112,-8.01383525908601,-42.0083603898079,-52.7880792434871,-8.98211342961299,0.488392790791572,0.583208086608002
0.020426565030604,0.706630114143951,0.833335965374942,0.301944975798586,0.32822165687757,2.90463455592124e-06,0.000764480169264753,2.92280299136272e-19,2.98086756271631e-23,0.000173979532489965,-4.67550555151294,-1.13183446021682,-0.966904931975851,-1.98209701117685,-1.89865264930013,-13.5337895075065,-7.96090100604208,-43.4611602161214,-52.6518292859139,-9.44115942866348,0.784586533626839,1.60968127807175
0.815818314173014,5.75910157584448,19.523140951459,2.236174091744,2.60835143320667,3.9249750200905e-05,0.0173913787309341,1.99211511553005e-18,1.09100726876542e-21,0.002246183099759,-3.6363327491236,-1.68198765998838,-0.461168668675774,-2.62800273529096,-2.47405075913211,-13.578334624179,-7.48454981689845,-44.1901038735941,-51.6999547296812,-9.53129204950364,3.43276914611471,0.78851153589218
0.388420467936223,2.74197439567084,9.29519160358339,1.06466816448283,1.24186607070137,1.86872568003937e-05,0.0082802351300156,9.48468883223554e-19,5.19441089386742e-22,0.00106943356813856,-3.6363327491236,-1.68198765998838,-0.461168668675774,-2.62800273529096,-2.47405075913211,-13.578334624179,-7.48454981689845,-44.1901038735941,-51.6999547296812,-9.53129204950364,2.69066590325516,0.627283077054074
0.195964320885545,2.31168262554474,8.40740399929459,0.774126462522073,0.523919382180219,6.70076951419374e-06,0.0078832116214616,5.50319876091729e-19,4.76063109541843e-22,0.000228936932822615,-4.13299610093752,-1.66519775961794,-0.374060682210301,-2.75919345878445,-3.1495908856155,-14.4164616136147,-7.3461933202866,-44.546960679131,-51.59966523166,-10.8852374231786,2.50317342831705,1.28575896567889
0.291091058744788,3.43384009860024,12.4886005798944,1.14990979255617,0.778244973200144,9.95351645379715e-06,0.0117099500910716,8.17461028905378e-19,7.07157884453917e-22,0.000340069528269088,-4.13299610093752,-1.66519775961794,-0.374060682210301,-2.75919345878445,-3.1495908856155,-14.4164616136147,-7.3461933202866,-44.546960679131,-51.59966523166,-10.8852374231786,2.89887695682743,0.5710412057545
0.104996141063402,1.23858135985516,4.50462090393752,0.414770866924049,0.280711882186827,3.5902195765348e-06,0.00422376275282817,2.94857059075915e-19,2.55070867894013e-22,0.000122662607073791,-4.13299610093752,-1.66519775961794,-0.374060682210301,-2.75919345878445,-3.1495908856155,-14.4164616136147,-7.3461933202866,-44.546960679131,-51.59966523166,-10.8852374231786,1.87916441966042,0.359733932523769
0.173766429554908,2.04982638824155,7.45505390053298,0.686437157583387,0.464572326251383,5.94173872310096e-06,0.00699023950225719,4.87982299785126e-19,4.22136980926281e-22,0.000203004063342084,-4.13299610093752,-1.66519775961794,-0.374060682210301,-2.75919345878445,-3.1495908856155,-14.4164616136147,-7.3461933202866,-44.546960679131,-51.59966523166,-10.8852374231786,2.38295286051931,0.276596234343887
0.972095358033307,11.4672708755528,41.7055429472712,3.84011098218217,2.59894044538103,3.32396576609641e-05,0.0391052482869717,2.72990202790376e-18,2.36154590195435e-21,0.00113565841309056,-4.13299610093752,-1.66519775961794,-0.374060682210301,-2.75919345878445,-3.1495908856155,-14.4164616136147,-7.3461933202866,-44.546960679131,-51.59966523166,-10.8852374231786,4.10469472657639,0.350381138756384
1.34980375051376,15.9228877167912,57.910263455358,5.33218903197455,3.60876073684226,4.61549519867428e-05,0.0542996223223583,3.79060754209811e-18,3.27912636257972e-21,0.00157691935531249,-4.13299610093752,-1.66519775961794,-0.374060682210301,-2.75919345878445,-3.1495908856155,-14.4164616136147,-7.3461933202866,-44.546960679131,-51.59966523166,-10.8852374231786,4.43295531283081,0.914186852073686
0.026271247960773,0.309907370830872,1.12710821119762,0.10378046451523,0.0702373571807011,8.98314431116207e-07,0.00105683425584204,7.37766439177046e-20,6.38216790650126e-23,3.06916019323465e-05,-4.13299610093752,-1.66519775961794,-0.374060682210301,-2.75919345878445,-3.1495908856155,-14.4164616136147,-7.3461933202866,-44.546960679131,-51.59966523166,-10.8852374231786,0.493715929692867,0.8809117452605
0.0205564816382768,0.242493435696841,0.881929144836604,0.0812051721488298,0.054958673655779,7.0290471683006e-07,0.000826941834181507,5.77280618070555e-20,4.99385935446565e-23,2.40152790805229e-05,-4.13299610093752,-1.66519775961794,-0.374060682210301,-2.75919345878445,-3.1495908856155,-14.4164616136147,-7.3461933202866,-44.546960679131,-51.59966523166,-10.8852374231786,0.248417121355578,0.271031446269905
0.02840237339791,0.335047078016464,1.21853930662467,0.112199142917434,0.075935016414422,9.71185759404744e-07,0.00114256472318891,7.97614103343735e-20,6.89988980497873e-23,3.3181306786953e-05,-4.13299610093752,-1.66519775961794,-0.374060682210301,-2.75919345878445,-3.1495908856155,-14.4164616136147,-7.3461933202866,-44.546960679131,-51.59966523166,-10.8852374231786,0.571713533979684,1.09762288944035
0.0484606989636727,0.571664042259538,2.07909619687227,0.191436427256602,0.129561847515589,1.65705661512718e-06,0.00194946683931154,1.36090517541625e-19,1.1772730329156e-22,5.66146109304415e-05,-4.13299610093752,-1.66519775961794,-0.374060682210301,-2.75919345878445,-3.1495908856155,-14.4164616136147,-7.3461933202866,-44.546960679131,-51.59966523166,-10.8852374231786,1.10599396075755,2.91063631454866
0.0482402616077015,0.569063664785125,2.06963883290004,0.190565623888854,0.128972498378828,1.64951901895659e-06,0.00194059913156483,1.35471470881111e-19,1.17191786965585e-22,5.63570831726971e-05,-4.13299610093752,-1.66519775961794,-0.374060682210301,-2.75919345878445,-3.1495908856155,-14.4164616136147,-7.3461933202866,-44.546960679131,-51.59966523166,-10.8852374231786,1.10143479740483,1.37440748914097
0.100468569221631,1.18517210088785,4.31037571972445,0.396885401050228,0.268607216238465,3.43540458147056e-06,0.00404162854187199,2.82142434476394e-19,2.44071876241209e-22,0.000117373233957781,-4.13299610093752,-1.66519775961794,-0.374060682210301,-2.75919345878445,-3.1495908856155,-14.4164616136147,-7.3461933202866,-44.546960679131,-51.59966523166,-10.8852374231786,1.83508575647652,2.05962952502769
0.0265884273068187,0.313648960014669,1.14071607047725,0.105033432014772,0.0710853503575694,9.09160005876504e-07,0.00106959368008588,7.46673677883862e-20,6.45922141556788e-23,3.10621493172492e-05,-4.13299610093752,-1.66519775961794,-0.374060682210301,-2.75919345878445,-3.1495908856155,-14.4164616136147,-7.3461933202866,-44.546960679131,-51.59966523166,-10.8852374231786,0.505716879421957,0.971739009112372
0.0217425162441808,0.223988597535113,0.787918249868438,0.131146372258537,0.032058041120115,4.90620100083237e-07,0.000412229994779348,3.29166793417633e-20,1.22513788246997e-22,1.25381411742727e-05,-4.00853717339363,-1.67621164429336,-0.418412450337313,-2.21149274607135,-3.62025874611004,-14.7076472475606,-7.97398063662641,-45.0403589647052,-50.6338701630976,-11.4667867774731,0.180051512009514,0.708258502663621
0.048808126616268,0.502815024089957,1.76873795428989,0.29440055008224,0.0719646664851349,1.10135587327698e-06,0.000925383867913581,7.38921583434423e-20,2.75021916591576e-22,2.81459227208962e-05,-4.00853717339363,-1.67621164429336,-0.418412450337313,-2.21149274607135,-3.62025874611004,-14.7076472475606,-7.97398063662641,-45.0403589647052,-50.6338701630976,-11.4667867774731,0.988678722428063,1.43055850482657
0.143582409181571,1.47916745707389,5.20322483762732,0.866059469512576,0.211703683509949,3.23993852283349e-06,0.0027222689003701,2.17373926231402e-19,8.09051936625444e-22,8.27989040570473e-05,-4.00853717339363,-1.67621164429336,-0.418412450337313,-2.21149274607135,-3.62025874611004,-14.7076472475606,-7.97398063662641,-45.0403589647052,-50.6338701630976,-11.4667867774731,2.06769104478646,0.703277540880243
0.0172337235046071,0.177539596372062,0.624525933887751,0.103950264668231,0.0254100956190503,3.88879146078603e-07,0.000326744966891047,2.60906761708221e-20,9.71078383218785e-23,9.93807965152044e-06,-4.00853717339363,-1.67621164429336,-0.418412450337313,-2.21149274607135,-3.62025874611004,-14.7076472475606,-7.97398063662641,-45.0403589647052,-50.6338701630976,-11.4667867774731,-0.0523499724990767,0.578008699554291
0.220427700974512,2.24544971310399,4.36972565759551,0.833525365023435,0.202304855246495,2.60804803655068e-06,0.0046196785974434,2.2091290653763e-19,2.02281635988181e-21,0.000383144509045216,-3.57606138762038,-1.25497004424734,-0.589175634467051,-2.24596700833423,-3.66185539788824,-14.9207843581683,-7.441306006983,-45.020394280117,-49.7136720379649,-9.93097419475605,2.06387586302163,2.97682465595084
0.148258818203728,1.51028078290029,2.9390605582033,0.560625933196548,0.136069462336722,1.75416301130985e-06,0.00310717793775479,1.48585165586819e-19,1.36053845153483e-21,0.000257701513290562,-3.57606138762038,-1.25497004424734,-0.589175634467051,-2.24596700833423,-3.66185539788824,-14.9207843581683,-7.441306006983,-45.020394280117,-49.7136720379649,-9.93097419475605,1.6672656267284,2.928170282123
0.248856126898504,2.53504399074157,4.93328650596405,0.941024622106723,0.228395988829129,2.94440639843311e-06,0.00521547572375493,2.4940390912666e-19,2.28369774997256e-21,0.000432558422293967,-3.57606138762038,-1.25497004424734,-0.589175634467051,-2.24596700833423,-3.66185539788824,-14.9207843581683,-7.441306006983,-45.020394280117,-49.7136720379649,-9.93097419475605,2.18518103448965,5.25925649842888
0.104495916919664,1.0644774936655,2.07151137202408,0.39514088705209,0.0959046038806475,1.23637079071748e-06,0.00219000401845961,1.0472593338306e-19,9.58935965631596e-22,0.000181633418161195,-3.57606138762038,-1.25497004424734,-0.589175634467051,-2.24596700833423,-3.66185539788824,-14.9207843581683,-7.441306006983,-45.020394280117,-49.7136720379649,-9.93097419475605,1.31745410674066,3.11568702820367
0.106629104773944,1.08620782081682,2.11379936785268,0.403207324151608,0.0978624079958552,1.26161016113396e-06,0.00223471093247802,1.06863816811486e-19,9.78511759741237e-22,0.000185341297023588,-3.57606138762038,-1.25497004424734,-0.589175634467051,-2.24596700833423,-3.66185539788824,-14.9207843581683,-7.441306006983,-45.020394280117,-49.7136720379649,-9.93097419475605,1.33766261100282,3.74940293807808
0.0658472087671634,0.670771392983961,1.30534518283704,0.24899465212755,0.0604334662981721,7.79088484697307e-07,0.00138001231105806,6.59921516752843e-20,6.04265301311531e-22,0.00011445474576723,-3.57606138762038,-1.25497004424734,-0.589175634467051,-2.24596700833423,-3.66185539788824,-14.9207843581683,-7.441306006983,-45.020394280117,-49.7136720379649,-9.93097419475605,0.855643148186756,2.39561155569171
0.0630233623045141,0.642005474719728,1.249365674425,0.238316558389131,0.0578417872699058,7.45677406190052e-07,0.00132083071542242,6.31620893604212e-20,5.78351485592417e-22,0.000109546373263376,-3.57606138762038,-1.25497004424734,-0.589175634467051,-2.24596700833423,-3.66185539788824,-14.9207843581683,-7.441306006983,-45.020394280117,-49.7136720379649,-9.93097419475605,0.811811596519623,6.82066421273934
0.164575212718106,1.67649239432311,3.26251431394143,0.622324751599756,0.151044376178234,1.94721470349136e-06,0.00344913359120612,1.64937475756776e-19,1.51027040270092e-21,0.000286062454034222,-3.57606138762038,-1.25497004424734,-0.589175634467051,-2.24596700833423,-3.66185539788824,-14.9207843581683,-7.441306006983,-45.020394280117,-49.7136720379649,-9.93097419475605,1.77167379452123,6.29374269725683
0.12501953186287,1.2735471572438,2.4783684340333,0.472748889864377,0.114740834226761,1.4792013125571e-06,0.00262013373571443,1.25294724917509e-19,1.1472766500714e-21,0.000217307293706251,-3.57606138762038,-1.25497004424734,-0.589175634467051,-2.24596700833423,-3.66185539788824,-14.9207843581683,-7.441306006983,-45.020394280117,-49.7136720379649,-9.93097419475605,1.49677608863698,5.01775986389249
0.112540814403584,1.14642913888685,2.23099221219433,0.425561864461985,0.103288076165492,1.33155610088689e-06,0.00235860733174913,1.12788539299253e-19,1.03276221420245e-21,0.000195616952368414,-3.57606138762038,-1.25497004424734,-0.589175634467051,-2.24596700833423,-3.66185539788824,-14.9207843581683,-7.441306006983,-45.020394280117,-49.7136720379649,-9.93097419475605,1.39162205918716,4.71440077307887
0.062921773564154,2.26381660645922,3.01809950970219,1.15468589676308,0.230881740232098,1.39998237279352e-06,0.00184622630491008,1.11848117623098e-19,1.8931833211789e-21,0.000185269795957844,-4.67280041298527,-1.08988524655591,-0.802310067531294,-1.76310904326777,-3.37278704599888,-15.3859883116858,-8.20154895777468,-45.5440824939582,-49.6229646431224,-10.5006348381279,1.90693739940171,4.16687617065522
0.0635164283356048,2.28521125683963,3.04662266110904,1.16559848614419,0.233063734169854,1.41321318544822e-06,0.0018636744348531,1.12905160567931e-19,1.91107522777022e-21,0.000187020725118474,-4.67280041298527,-1.08988524655591,-0.802310067531294,-1.76310904326777,-3.37278704599888,-15.3859883116858,-8.20154895777468,-45.5440824939582,-49.6229646431224,-10.5006348381279,1.91634372038763,5.46779198173367
0.028176203269938,1.0137310704445,1.35149695339667,0.517065281177355,0.103388230744384,6.26908392369801e-07,0.000826735241282011,5.00852903374567e-20,8.47762468589762e-22,8.29633231073138e-05,-4.67280041298527,-1.08988524655591,-0.802310067531294,-1.76310904326777,-3.37278704599888,-15.3859883116858,-8.20154895777468,-45.5440824939582,-49.6229646431224,-10.5006348381279,1.10352290002462,3.05272895960215
0.0141502762014127,0.509102468608611,0.678730735745888,0.259673614387465,0.0519222553511781,3.14837553520951e-07,0.000415191922684046,2.51531650702959e-20,4.25751935731369e-22,4.16647312382241e-05,-4.67280041298527,-1.08988524655591,-0.802310067531294,-1.76310904326777,-3.37278704599888,-15.3859883116858,-8.20154895777468,-45.5440824939582,-49.6229646431224,-10.5006348381279,0.41477927743635,2.45840491256228
0.0287723343844516,1.03517883709537,1.38009091892749,0.528004963127811,0.105575641895232,6.40172053022052e-07,0.000844226689511267,5.11449575915419e-20,8.65698795226871e-22,8.47185992811082e-05,-4.67280041298527,-1.08988524655591,-0.802310067531294,-1.76310904326777,-3.37278704599888,-15.3859883116858,-8.20154895777468,-45.5440824939582,-49.6229646431224,-10.5006348381279,1.12445944781099,2.40755663777485
0.0196797097319958,0.708041925362536,0.943954992506043,0.361144989925589,0.0722116585851329,4.3786506905112e-07,0.000577434419313701,3.49821431312398e-20,5.92120916494346e-22,5.79458524454812e-05,-4.67280041298527,-1.08988524655591,-0.802310067531294,-1.76310904326777,-3.37278704599888,-15.3859883116858,-8.20154895777468,-45.5440824939582,-49.6229646431224,-10.5006348381279,0.744633276128013,3.66219533507576
0.0246321968950152,0.886223849485961,1.18150549739249,0.452028745374855,0.0903840461372608,5.48055776289277e-07,0.000722748379127205,4.37855562481873e-20,7.41130799151599e-22,7.25281859399579e-05,-4.67280041298527,-1.08988524655591,-0.802310067531294,-1.76310904326777,-3.37278704599888,-15.3859883116858,-8.20154895777468,-45.5440824939582,-49.6229646431224,-10.5006348381279,0.969099538057792,7.99512466163924
0.0338534179116027,1.21798743602724,1.62380966417893,0.621248607684248,0.124219893965101,7.53223973998984e-07,0.000993313874024703,6.01769602800573e-20,1.01857787097815e-21,9.96795778898922e-05,-4.67280041298527,-1.08988524655591,-0.802310067531294,-1.76310904326777,-3.37278704599888,-15.3859883116858,-8.20154895777468,-45.5440824939582,-49.6229646431224,-10.5006348381279,1.28708510054184,5.20034996429107
0.0233989330706724,1.21066794387765,2.2687270409165,0.575852229522169,0.180316162254435,7.42638683722311e-07,0.00125715036645134,6.92867737226544e-20,2.3826916765487e-21,0.000160805232117457,-5.20442344767946,-1.25818636771567,-0.630139695477478,-2.00126279191932,-3.16240210664053,-15.5624147990377,-8.12826632800864,-45.5653915150183,-48.9354147424591,-10.1846752584559,1.44935859475107,4.10870062815105
0.0282109303499257,1.4596421528479,2.73529140585081,0.69427640524605,0.217398232601534,8.9536254146175e-07,0.00151568369892017,8.35356185582139e-20,2.87269290140037e-21,0.000193874874100781,-5.20442344767946,-1.25818636771567,-0.630139695477478,-2.00126279191932,-3.16240210664053,-15.5624147990377,-8.12826632800864,-45.5653915150183,-48.9354147424591,-10.1846752584559,1.6363776726047,2.59496203225148
0.0306375566324681,1.58519653787784,2.97057361503422,0.753996143355416,0.236098227903552,9.72379153411974e-07,0.00164605862290174,9.07211216595795e-20,3.11979400759376e-21,0.000210551455099067,-5.20442344767946,-1.25818636771567,-0.630139695477478,-2.00126279191932,-3.16240210664053,-15.5624147990377,-8.12826632800864,-45.5653915150183,-48.9354147424591,-10.1846752584559,1.71889476601882,2.88964885725229
0.019232442997172,0.995092474892114,1.86475013022102,0.473314109905322,0.148208480341945,6.10402025983219e-07,0.00103329808622571,5.69493455985433e-20,1.95842185242604e-21,0.000132171729839352,-5.20442344767946,-1.25818636771567,-0.630139695477478,-2.00126279191932,-3.16240210664053,-15.5624147990377,-8.12826632800864,-45.5653915150183,-48.9354147424591,-10.1846752584559,1.25326676116357,3.43922533242391
0.0138543693869188,0.842927932121463,1.80012014649641,0.238755319149604,0.125158484899068,4.80190513758649e-07,0.000492933528306153,7.41878794256346e-20,2.95543068331593e-21,0.000195295608030961,-5.38490965574569,-1.27662885325134,-0.517901628115588,-2.53807105955255,-3.1839295044111,-15.6548379469698,-8.72089126287782,-45.1534412049472,-48.3763976041657,-9.64675124749895,1.10575503884372,2.65781144533014
0.00520733029257492,0.67681155496297,1.89029870913028,0.427750788756848,0.0470713060007091,9.22748449446081e-08,0.000354112672222818,8.40299746218593e-20,6.26371058630851e-22,8.09290572510151e-05,-6.37203410877634,-1.50470853227633,-0.477611270634008,-1.96356065662092,-4.17043781240489,-17.3128404027699,-9.06024154673282,-45.037459511324,-49.9364454253208,-10.5362837578442,1.1143461343763,5.66603552755674
0.0259462761893481,3.37231144301545,9.41868666510301,2.13133015993281,0.23453958890013,4.59772758351036e-07,0.00176441759585373,4.18691499717523e-19,3.12098437608692e-21,0.000403240730508778,-6.37203410877634,-1.50470853227633,-0.477611270634008,-1.96356065662092,-4.17043781240489,-17.3128404027699,-9.06024154673282,-45.037459511324,-49.9364454253208,-10.5362837578442,2.72030692966199,6.9209739440177
0.00663123502998211,0.861880510703659,2.40718646846508,0.544715978272292,0.0599425954800654,1.175066972524e-07,0.000450942080619085,1.07007330046938e-19,7.97647445502445e-22,0.00010305849048054,-6.37203410877634,-1.50470853227633,-0.477611270634008,-1.96356065662092,-4.17043781240489,-17.3128404027699,-9.06024154673282,-45.037459511324,-49.9364454253208,-10.5362837578442,1.35606989567618,6.41714571687422
0.0104306652941168,1.35570328755133,3.78640724383342,0.856816267863601,0.0942872854734098,1.84833296258571e-07,0.000709313708336919,1.6831821503689e-19,1.254667266222e-21,0.000162106849637982,-6.37203410877634,-1.50470853227633,-0.477611270634008,-1.96356065662092,-4.17043781240489,-17.3128404027699,-9.06024154673282,-45.037459511324,-49.9364454253208,-10.5362837578442,1.80902888336098,8.41784515182229
0.0101365987857671,1.31748262560053,3.67965896594437,0.832660477117447,0.0916290913851982,1.79622383960563e-07,0.000689316383175613,1.6357290412988e-19,1.21929506208017e-21,0.00015753665263631,-6.37203410877634,-1.50470853227633,-0.477611270634008,-1.96356065662092,-4.17043781240489,-17.3128404027699,-9.06024154673282,-45.037459511324,-49.9364454253208,-10.5362837578442,1.78043134622278,2.67160310922067
0.00496251283601024,0.644991932594117,1.8014281946602,0.407640510694343,0.0448582953474953,8.79366348494178e-08,0.000337464416997962,8.00793889078224e-20,5.96922846048987e-22,7.71242580842286e-05,-6.37203410877634,-1.50470853227633,-0.477611270634008,-1.96356065662092,-4.17043781240489,-17.3128404027699,-9.06024154673282,-45.037459511324,-49.9364454253208,-10.5362837578442,1.06619106240573,3.11734893455846
0.00775432197655876,1.00785132107361,2.81487518534598,0.636970799888981,0.0700946631150091,1.37408003302151e-07,0.000527315058219123,1.25130430045711e-19,9.3273954071e-22,0.00012051280251582,-6.37203410877634,-1.50470853227633,-0.477611270634008,-1.96356065662092,-4.17043781240489,-17.3128404027699,-9.06024154673282,-45.037459511324,-49.9364454253208,-10.5362837578442,1.51252919211156,2.10776695074863
0.0105113637461709,1.36619189529256,3.81570136791927,0.86344515917223,0.0950167536110156,1.86263287584679e-07,0.000714801423326283,1.69620434887972e-19,1.26437419318899e-21,0.000163361014301911,-6.37203410877634,-1.50470853227633,-0.477611270634008,-1.96356065662092,-4.17043781240489,-17.3128404027699,-9.06024154673282,-45.037459511324,-49.9364454253208,-10.5362837578442,1.81673576327495,1.14612949299889
0.00203718499502777,0.264778738194882,0.739512946173494,0.167342465237758,0.0184149944200271,3.60992906111045e-08,0.000138534139735699,3.28737748163021e-20,2.45045666448682e-22,3.16606498590254e-05,-6.37203410877634,-1.50470853227633,-0.477611270634008,-1.96356065662092,-4.17043781240489,-17.3128404027699,-9.06024154673282,-45.037459511324,-49.9364454253208,-10.5362837578442,0.175847780307355,1.14962182913916
0.00563195289210116,0.471527860666584,1.11074693058622,0.626225715923994,0.053445260609665,3.33657575503155e-08,0.000267815360763908,1.65978983394251e-19,4.99314041911015e-22,1.53468078876615e-05,-5.99813608405401,-1.57061414878762,-0.713804360104433,-1.28688146386658,-3.74793437461049,-18.0345727454728,-9.04404982682764,-44.0612628381564,-49.8676440511155,-11.9034401203219,0.818837059563999,0.535303897547243
0.00540939323287608,0.452894345437387,1.06685319370797,0.601478956743978,0.0513332473850578,3.20472323828554e-08,0.000257232016661288,1.59419939543838e-19,4.79582491391503e-22,1.4740343238701e-05,-5.99813608405401,-1.57061414878762,-0.713804360104433,-1.28688146386658,-3.74793437461049,-18.0345727454728,-9.04404982682764,-44.0612628381564,-49.8676440511155,-11.9034401203219,0.77851773505541,1.15497083337969
0.00848727663236577,0.710586091541663,1.67388056133391,0.943713661526269,0.0805412829569815,5.02817441486668e-08,0.000403594116773962,2.50128077101209e-19,7.52459489863105e-22,2.31274313655991e-05,-5.99813608405401,-1.57061414878762,-0.713804360104433,-1.28688146386658,-3.74793437461049,-18.0345727454728,-9.04404982682764,-44.0612628381564,-49.8676440511155,-11.9034401203219,1.22894898036334,1.18486419931062
0.0165865863533969,0.884252708968857,2.79126335286794,0.691039905884257,0.0739674484205177,8.51394986721347e-08,0.000902823794361444,3.02830219686853e-19,1.06148257331773e-21,6.10578502199912e-05,-5.59387778857576,-1.61772921462997,-0.468222519315077,-1.86427453327085,-4.09884699607225,-17.773691592147,-8.50469998449258,-44.1358314627829,-49.7893371951899,-11.1984056062488,1.49471682730674,1.48668723517431
0.0105343479094737,0.912754553686586,2.38153595429876,0.467124254024315,0.0767117208599909,9.32345865137952e-08,0.000803450751413666,3.62128979486908e-19,4.54324725964622e-22,8.60001557166207e-05,-5.90107048692111,-1.43924462522908,-0.480210717266955,-2.10911634387352,-3.91565712368724,-17.5361034399069,-8.47455102298792,-43.8102428633276,-50.4911863898052,-10.7091178067989,1.34795635574486,0.596369495654778
0.0146114727899279,0.615526333557079,0.801928959521681,0.381865589757917,0.0898785195342992,6.74982901805036e-08,0.000392122942224168,2.3122352022807e-19,1.47920666037887e-22,2.77816764127992e-05,-4.87002642366161,-1.12935572260257,-0.864813426526996,-1.60676476390301,-3.05337447571966,-17.1552417423859,-8.48801331155994,-43.5549802624987,-50.9094443144365,-11.1352120487637,0.644078172337985,0.712359167836367
0.0452319590848438,1.90545212897975,2.48248882282695,1.18212099356243,0.278232151996625,2.08950866462007e-07,0.00121387413397084,7.15786352052007e-19,4.57910137480507e-22,8.60022578749442e-05,-4.87002642366161,-1.12935572260257,-0.864813426526996,-1.60676476390301,-3.05337447571966,-17.1552417423859,-8.48801331155994,-43.5549802624987,-50.9094443144365,-11.1352120487637,1.77407504106813,1.43457818229114
0.0189583647544388,0.831415350222272,2.40258460634119,0.77198095054723,0.184496746439602,5.78289441971364e-08,0.000746427201807573,3.76164433127539e-19,1.51605612696801e-22,2.07974428594522e-05,-5.40302096950299,-1.62213672573239,-0.560965859298354,-1.69630634121823,-3.12763438663022,-18.103287358452,-8.63772340158667,-43.8617715194343,-51.6782706727677,-12.2181914547636,1.43751093649947,0.675506311366462
0.0971671881240388,4.26124788665364,12.3139518335101,3.95662913028585,0.945600018871487,2.96390325463175e-07,0.00382565866193471,1.92795321288025e-18,7.77023297123827e-22,0.000106593003616,-5.40302096950299,-1.62213672573239,-0.560965859298354,-1.69630634121823,-3.12763438663022,-18.103287358452,-8.63772340158667,-43.8617715194343,-51.6782706727677,-12.2181914547636,3.07169877425707,0.388913900215123
0.014686447698696,0.644071269600062,1.86120657660944,0.59802931325852,0.142923815015764,4.47982605790516e-08,0.00057823362944129,2.91402731448332e-19,1.1744409027572e-22,1.61111235477443e-05,-5.40302096950299,-1.62213672573239,-0.560965859298354,-1.69630634121823,-3.12763438663022,-18.103287358452,-8.63772340158667,-43.8617715194343,-51.6782706727677,-12.2181914547636,1.1821908338123,0.807219345982973
0.192564855052888,7.35142894747706,10.19296729024,4.74140803560033,0.90631699587964,4.8495887295231e-07,0.00334773356598934,3.60884224610671e-18,1.67733576110921e-21,0.00024297275437493,-4.79955720004458,-1.15734021846332,-0.830536926275092,-1.59590078189539,-3.25060107647252,-17.6914366750557,-8.85170663698726,-43.31537958785,-50.9893152021585,-11.4747961702384,3.15223492741472,0.424063579726261
0.1769706885409,6.75610013175668,9.36752679575522,4.35744229902748,0.832922200435219,4.45686237173538e-07,0.00307662950262602,3.31659324311068e-18,1.54150280681407e-21,0.000223296486924371,-4.79955720004458,-1.15734021846332,-0.830536926275092,-1.59590078189539,-3.25060107647252,-17.6914366750557,-8.85170663698726,-43.31537958785,-50.9893152021585,-11.4747961702384,3.067786038459,0.195080546785863
0.000455504940639393,0.0173895293895429,0.0241110817402525,0.0112156228363172,0.00214385885365865,1.1471520209439e-09,7.91893816155428e-06,8.53658094899144e-21,3.96767481836986e-24,5.74742935454893e-07,-4.79955720004458,-1.15734021846332,-0.830536926275092,-1.59590078189539,-3.25060107647252,-17.6914366750557,-8.85170663698726,-43.31537958785,-50.9893152021585,-11.4747961702384,-2.89454679464976,0.103192551247817
0.454333818841173,19.7260768376054,40.0903109659418,9.53136773459396,2.46109173676048,2.22816704160874e-06,0.0143794028575806,1.21023832167018e-17,6.84181690743269e-21,0.00103558515157768,-5.06945114037184,-1.29858661526414,-0.589393389713175,-2.0259398468201,-3.37992302610619,-17.294859337951,-8.52248652648338,-43.2336573536597,-50.7117616998057,-11.1533167212131,4.28052807303349,0.324430413439137
0.150818188904058,6.54816141668283,13.3081620644171,3.16398110793632,0.816970656975714,7.39650239218971e-07,0.00477330853783585,4.01744145487859e-18,2.27117241112285e-21,0.000343767226959344,-5.06945114037184,-1.29858661526414,-0.589393389713175,-2.0259398468201,-3.37992302610619,-17.294859337951,-8.52248652648338,-43.2336573536597,-50.7117616998057,-11.1533167212131,3.17777092576468,0.323089967864506
0.0274092164323897,1.19004196250002,2.41858291093105,0.575011831169692,0.148473640471866,1.34421674456775e-07,0.000867485863361913,7.30116991467593e-19,4.12755627315876e-22,6.24751589616629e-05,-5.06945114037184,-1.29858661526414,-0.589393389713175,-2.0259398468201,-3.37992302610619,-17.294859337951,-8.52248652648338,-43.2336573536597,-50.7117616998057,-11.1533167212131,1.47257518437093,0.722296570913037
0.0217579778510567,0.752274208506914,1.86640941377797,0.287225195692657,0.0890427674638759,4.25199268449496e-08,0.000390264292375635,5.52517896895397e-19,3.25308626874338e-22,5.14968376941103e-05,-4.93208792121316,-1.38896751278657,-0.480296644733346,-2.35180184718273,-3.52295162162877,-18.0776061342214,-8.95299950586064,-43.1441142576984,-50.5815810092421,-10.9783032864393,1.1043131302616,0.747484399486361
0.0503623072028256,1.74125854199028,4.3201020290756,0.664828489158646,0.206103675622029,9.84191468833132e-08,0.00090332889928742,1.27889072454193e-18,7.52978659805886e-22,0.00011919763765174,-4.93208792121316,-1.38896751278657,-0.480296644733346,-2.35180184718273,-3.52295162162877,-18.0776061342214,-8.95299950586064,-43.1441142576984,-50.5815810092421,-10.9783032864393,1.94357566455204,0.81349062192816
0.0882997853205159,3.05293311575347,7.57439646666343,1.16563787737623,0.361359741480894,1.72557414937839e-07,0.00158379852534679,2.24226773349884e-18,1.32019078760671e-21,0.000208988158008193,-4.93208792121316,-1.38896751278657,-0.480296644733346,-2.35180184718273,-3.52295162162877,-18.0776061342214,-8.95299950586064,-43.1441142576984,-50.5815810092421,-10.9783032864393,2.50507031858674,1.08959187881449
0.035717910418208,1.23493382396625,3.0638988926898,0.471509065770299,0.146172664272181,6.980073922462e-08,0.000640658113080179,9.07013734495924e-19,5.34026850863973e-22,8.45372418416128e-05,-4.93208792121316,-1.38896751278657,-0.480296644733346,-2.35180184718273,-3.52295162162877,-18.0776061342214,-8.95299950586064,-43.1441142576984,-50.5815810092421,-10.9783032864393,1.59998489759784,0.836551550810037
0.00911607452171271,0.139418668496097,0.530972590238959,0.0415168892751795,0.0207049913625672,6.35244002496986e-09,0.000153457362166787,1.05665767990339e-19,5.9357251044963e-23,5.92085551235723e-06,-4.3991598088797,-1.67171768535068,-0.334488694281647,-2.88309878012272,-3.57882429522468,-18.5758706580219,-8.48353161649638,-43.3954497885987,-50.8799117600332,-11.7384734233602,-0.298556183926535,0.897592740277671
0.00732628393286211,0.112046116835833,0.426724896488341,0.0333657341342156,0.0166399084593185,5.10524340038667e-09,0.000123328544994244,8.49200405763808e-20,4.77034356831774e-23,4.75839337487459e-06,-4.3991598088797,-1.67171768535068,-0.334488694281647,-2.88309878012272,-3.57882429522468,-18.5758706580219,-8.48353161649638,-43.3954497885987,-50.8799117600332,-11.7384734233602,-0.517127049622409,0.889306154431058
0.00824285065151553,0.126063829306056,0.48011101170395,0.0375400088048553,0.0187216713878394,5.74394321523147e-09,0.000138757764068684,9.55441009666529e-20,5.36714519262419e-23,5.35369995071012e-06,-4.3991598088797,-1.67171768535068,-0.334488694281647,-2.88309878012272,-3.57882429522468,-18.5758706580219,-8.48353161649638,-43.3954497885987,-50.8799117600332,-11.7384734233602,-0.399249233155121,0.552107476240823
0.115194599912146,1.76175366923993,6.70959577515621,0.524625093647507,0.261637088476462,8.02721374643638e-08,0.00193915258111066,1.33523764412687e-18,7.50063502631906e-22,7.48184517644196e-05,-4.3991598088797,-1.67171768535068,-0.334488694281647,-2.88309878012272,-3.57882429522468,-18.5758706580219,-8.48353161649638,-43.3954497885987,-50.8799117600332,-11.7384734233602,2.23802740129803,0.959677231044731
0.0391466775292904,0.358036741811776,0.785717100028902,0.0685690885543184,0.0417184535990241,6.64588378306655e-08,0.00161438478188073,4.83591011913749e-19,4.15879876036745e-22,1.42472493036158e-05,-3.49880891237931,-1.28548885416897,-0.499527662048841,-2.93828263704782,-3.43518090279575,-16.7850522480023,-6.68717052197603,-42.4314166071738,-49.4900149599025,-11.4173158882883,0.258369187080504,1.83526956797503
0.0809678844666742,0.740534813564952,1.62511496233698,0.1418228669827,0.0862871422129429,1.37458191675055e-07,0.00333906550322882,1.00022131258668e-18,8.60172966907933e-22,2.94678810154437e-05,-3.49880891237931,-1.28548885416897,-0.499527662048841,-2.93828263704782,-3.43518090279575,-16.7850522480023,-6.68717052197603,-42.4314166071738,-49.4900149599025,-11.4173158882883,0.985106221381681,3.04452309319689
0.204213132375644,1.86773972059943,4.09878335237913,0.357698513426668,0.217629097155186,3.46690148539183e-07,0.00842162334008456,2.5227079681979e-18,2.16948506329593e-21,7.43224097588147e-05,-3.49880891237931,-1.28548885416897,-0.499527662048841,-2.93828263704782,-3.43518090279575,-16.7850522480023,-6.68717052197603,-42.4314166071738,-49.4900149599025,-11.4173158882883,1.91021784839993,3.54385279822628
0.179743017790913,1.64393528429387,3.6076410975989,0.31483680561917,0.191551396458822,3.05147532932336e-07,0.00741249094137946,2.22042107642217e-18,1.90952358348738e-21,6.54166265613553e-05,-3.49880891237931,-1.28548885416897,-0.499527662048841,-2.93828263704782,-3.43518090279575,-16.7850522480023,-6.68717052197603,-42.4314166071738,-49.4900149599025,-11.4173158882883,1.78258178524339,2.17172435553473
0.140056930980447,1.28096508826007,2.81109745690593,0.245322890962042,0.149258096602391,2.37772946532327e-07,0.00577586125419139,1.73016657486937e-18,1.4879132220264e-21,5.09730617849936e-05,-3.49880891237931,-1.28548885416897,-0.499527662048841,-2.93828263704782,-3.43518090279575,-16.7850522480023,-6.68717052197603,-42.4314166071738,-49.4900149599025,-11.4173158882883,1.53310262320716,4.45600331619229
0.176962250786913,1.61850230196466,3.55182802930967,0.3099660306012,0.188587944473931,3.00426658645485e-07,0.00729781382913016,2.18606940179143e-18,1.87998173958389e-21,6.4404579479413e-05,-3.49880891237931,-1.28548885416897,-0.499527662048841,-2.93828263704782,-3.43518090279575,-16.7850522480023,-6.68717052197603,-42.4314166071738,-49.4900149599025,-11.4173158882883,1.76699007083489,3.64966702601413
0.0388673730332881,0.355482214121726,0.780111149984745,0.0680798604530148,0.0414207999438001,6.59846659883348e-08,0.00160286643712416,4.80140677111957e-19,4.12912647998374e-22,1.41455977449826e-05,-3.49880891237931,-1.28548885416897,-0.499527662048841,-2.93828263704782,-3.43518090279575,-16.7850522480023,-6.68717052197603,-42.4314166071738,-49.4900149599025,-11.4173158882883,0.251208792578626,4.07753417474947
0.29919071189095,2.73640764495611,6.00508838397968,0.524060679298523,0.318846313890686,5.07932428930258e-07,0.0123384400067008,3.69599537560454e-18,3.17849186765478e-21,0.000108889053443865,-3.49880891237931,-1.28548885416897,-0.499527662048841,-2.93828263704782,-3.43518090279575,-16.7850522480023,-6.68717052197603,-42.4314166071738,-49.4900149599025,-11.4173158882883,2.29213483587042,1.27333514125092
0.237383332038695,1.93085514328339,4.54272229887197,0.951651746454663,0.309073578046941,6.2948231319078e-07,0.0116708344887071,2.15700929896729e-18,3.20418715967823e-21,0.000191688275169744,-3.51546209059351,-1.41942009666253,-0.563856623218039,-2.1269392045342,-3.25155899464297,-16.355751161326,-6.52804540893742,-42.7551920763001,-49.2672115918635,-10.6370231530437,2.07738308087007,1.99096399840227
0.0988692196469889,0.804193536371314,1.89202588448474,0.396359191437795,0.128727923787095,2.62176895708115e-07,0.00486085644100549,8.98385848444628e-19,1.33453128894766e-21,7.98374090495141e-05,-3.51546209059351,-1.41942009666253,-0.563856623218039,-2.1269392045342,-3.25155899464297,-16.355751161326,-6.52804540893742,-42.7551920763001,-49.2672115918635,-10.6370231530437,1.20150477477145,3.15245796089519
0.0330787895377458,0.269059964589822,0.633017295537482,0.132610354584924,0.0430686508277097,8.77168282075382e-08,0.00162630237964171,3.00573995733908e-19,4.46495681833578e-22,2.67112945830581e-05,-3.51546209059351,-1.41942009666253,-0.563856623218039,-2.1269392045342,-3.25155899464297,-16.355751161326,-6.52804540893742,-42.7551920763001,-49.2672115918635,-10.6370231530437,0.106599089130792,1.19937597313657
0.0730676915937067,0.594326176610226,1.39827101203435,0.292922825361753,0.0951342821189153,1.93757578212861e-07,0.00359233703452709,6.63937475593311e-19,9.86263682379019e-22,5.9002540961677e-05,-3.51546209059351,-1.41942009666253,-0.563856623218039,-2.1269392045342,-3.25155899464297,-16.355751161326,-6.52804540893742,-42.7551920763001,-49.2672115918635,-10.6370231530437,0.899093105204877,1.61853339490478
0.0499005311126843,0.405886530970901,0.954929115975989,0.200047438775779,0.0649705923536621,1.32323956717992e-07,0.00245333501098462,4.53426568365474e-19,6.73554624409451e-22,4.02949383888731e-05,-3.51546209059351,-1.41942009666253,-0.563856623218039,-2.1269392045342,-3.25155899464297,-16.355751161326,-6.52804540893742,-42.7551920763001,-49.2672115918635,-10.6370231530437,0.517738457852975,0.922094195340936
0.0836995412874117,0.680804706873505,1.60172902345857,0.335545103186249,0.10897697190623,2.21950633223139e-07,0.00411504668317174,7.60544926746649e-19,1.12977180478858e-21,6.7587814881912e-05,-3.51546209059351,-1.41942009666253,-0.563856623218039,-2.1269392045342,-3.25155899464297,-16.355751161326,-6.52804540893742,-42.7551920763001,-49.2672115918635,-10.6370231530437,1.03494030865465,1.66274677448759
0.106884747375718,0.869391133895242,2.04541625202997,0.428492833241078,0.139164157088636,2.83432107237891e-07,0.00525493591009978,9.71219807335142e-19,1.44272444137276e-21,8.63099893764469e-05,-3.51546209059351,-1.41942009666253,-0.563856623218039,-2.1269392045342,-3.25155899464297,-16.355751161326,-6.52804540893742,-42.7551920763001,-49.2672115918635,-10.6370231530437,1.27945793822501,1.0518465991161
0.128235068901948,0.778572538980659,4.43953493350926,1.24456680759443,0.143649875035063,1.02416720136624e-06,0.0070094581755178,4.44164185786697e-19,2.2635568067395e-21,0.000104756268986844,-3.96219855418737,-2.15860144482889,-0.417758704408498,-1.68952080699916,-3.84868469414508,-15.6999390927533,-6.86880320466307,-44.1664010016509,-49.4456578990988,-11.0721824844844,1.9083083306614,0.51607545775997
0.25932335471217,1.57446823574927,8.97784905624984,2.51682509685071,0.290495944807111,2.07112201614321e-06,0.0141748760643611,8.98210978381247e-19,4.57747751634214e-21,0.000211843354032665,-3.96219855418737,-2.15860144482889,-0.417758704408498,-1.68952080699916,-3.84868469414508,-15.6999390927533,-6.86880320466307,-44.1664010016509,-49.4456578990988,-11.0721824844844,2.61251903200158,0.431324713091359
0.271207529244058,1.64662238217902,9.38928259344067,2.632165224046,0.30380868523778,2.16603662784103e-06,0.0148244770280063,9.39373858004602e-19,4.78725245844243e-21,0.000221551632700968,-3.96219855418737,-2.15860144482889,-0.417758704408498,-1.68952080699916,-3.84868469414508,-15.6999390927533,-6.86880320466307,-44.1664010016509,-49.4456578990988,-11.0721824844844,2.65732759358542,0.253622452003859
0.0727628502131967,0.441775853665075,2.5190707826592,0.706189258342062,0.0815094843385847,5.81130616643261e-07,0.00397729076506246,2.52026628887107e-19,1.28438223871337e-21,5.94405631349665e-05,-3.96219855418737,-2.15860144482889,-0.417758704408498,-1.68952080699916,-3.84868469414508,-15.6999390927533,-6.86880320466307,-44.1664010016509,-49.4456578990988,-11.0721824844844,1.34164880089161,0.848126345821323
0.110110846738997,0.668532268504819,3.8120691542642,1.06866480582046,0.123346986978704,8.79415581949533e-07,0.006018769916036,3.81387829451755e-19,1.94363491021698e-21,8.99504447428438e-05,-3.96219855418737,-2.15860144482889,-0.417758704408498,-1.68952080699916,-3.84868469414508,-15.6999390927533,-6.86880320466307,-44.1664010016509,-49.4456578990988,-11.0721824844844,1.75593083123847,1.38248962320924
0.0477164396019344,0.289707876715079,1.65195685025482,0.46310496351478,0.0534523094550453,3.81093977058967e-07,0.00260822870481804,1.65274083960907e-19,8.4227249674517e-22,3.89799469430376e-05,-3.96219855418737,-2.15860144482889,-0.417758704408498,-1.68952080699916,-3.84868469414508,-15.6999390927533,-6.86880320466307,-44.1664010016509,-49.4456578990988,-11.0721824844844,0.919719259465686,0.870602941268855
0.0643694505004093,1.22015109259292,1.8902373518638,0.540029841840229,0.119795791597039,2.09159786221162e-06,0.00871302012112519,1.0856521406093e-19,8.6600566252017e-22,6.82958016033783e-05,-4.08946491819052,-1.14737409119299,-0.709646384474074,-1.96247966694111,-3.46831551114757,-14.4239310453732,-6.08928559507082,-45.0132846978581,-49.8444995732666,-10.9380110518702,1.34634878865746,3.9878877899654
0.0429287524609783,0.813733282041617,1.26062178160337,0.360152327255816,0.0798932388478836,1.39491150191228e-06,0.00581081679367339,7.24034330581263e-20,5.77549480803746e-22,4.55472827306002e-05,-4.08946491819052,-1.14737409119299,-0.709646384474074,-1.96247966694111,-3.46831551114757,-14.4239310453732,-6.08928559507082,-45.0132846978581,-49.8444995732666,-10.9380110518702,0.941251461180496,3.16158717630662
0.0323813866603665,0.613803349355432,0.950893725124776,0.271664818960259,0.0602638956497498,1.05218917650757e-06,0.00438313006136217,5.46142952447616e-20,4.35648649943877e-22,3.43565579915058e-05,-4.08946491819052,-1.14737409119299,-0.709646384474074,-1.96247966694111,-3.46831551114757,-14.4239310453732,-6.08928559507082,-45.0132846978581,-49.8444995732666,-10.9380110518702,0.659293411135318,2.91670854715253
0.0337081249107158,0.638952253271246,0.989853979988855,0.282795537677439,0.0627330430124674,1.09529973386936e-06,0.0045627167594137,5.68519657706439e-20,4.53498155082613e-22,3.57642234542535e-05,-4.08946491819052,-1.14737409119299,-0.709646384474074,-1.96247966694111,-3.46831551114757,-14.4239310453732,-6.08928559507082,-45.0132846978581,-49.8444995732666,-10.9380110518702,0.699448542781369,1.39242963619562
0.0230635942974933,0.437180519057364,0.677272635861287,0.193492861659015,0.0429228696914788,7.49420169855984e-07,0.00312187784138766,3.88989502389163e-20,3.10290100419145e-22,2.4470407128804e-05,-4.08946491819052,-1.14737409119299,-0.709646384474074,-1.96247966694111,-3.46831551114757,-14.4239310453732,-6.08928559507082,-45.0132846978581,-49.8444995732666,-10.9380110518702,0.319965009097251,0.690525225261313
0.763555406210487,8.47823098807588,20.084051668141,7.42041974789703,4.44783438394409,3.8177404208652e-05,0.0811792905201791,1.07961210202222e-18,8.16149699846775e-21,0.000683386799286323,-3.99005063709622,-1.58277923070529,-0.720354998079046,-1.7160454234736,-2.22786372642075,-13.8935477790773,-6.23137615604872,-45.0902109109164,-49.9751403938806,-11.008730583553,3.72028104885032,0.714326464580187
0.0756305380391657,0.839772943827138,1.98933518289985,0.734996220896635,0.440560180480289,3.781490639388e-06,0.0080408486008236,1.06936109004546e-19,8.0840028657854e-22,6.76897981449693e-05,-3.99005063709622,-1.58277923070529,-0.720354998079046,-1.7160454234736,-2.22786372642075,-13.8935477790773,-6.23137615604872,-45.0902109109164,-49.9751403938806,-11.008730583553,1.40815550205385,1.05938255536928
0.14303685282745,1.31219583233657,2.25081219833708,1.3880435158466,0.292782413270624,4.39318562839733e-06,0.00398520000883025,1.23762730617124e-19,8.12678749878868e-22,0.000106326687750653,-3.62937769536177,-1.41302278368254,-0.873433597399057,-1.35682951244989,-2.91305028818289,-14.0201806638841,-7.20989250309537,-45.2206454085611,-50.2464310675163,-10.8337189689609,1.68472472551755,0.179824746906392
0.107429809068563,0.985542850963992,1.69050367046486,1.04250930399135,0.219898285893076,3.29956290237189e-06,0.00299313965307344,9.29537126773955e-20,6.10373628947819e-22,7.98581312308719e-05,-3.62937769536177,-1.41302278368254,-0.873433597399057,-1.35682951244989,-2.91305028818289,-14.0201806638841,-7.20989250309537,-45.2206454085611,-50.2464310675163,-10.8337189689609,1.39846011179283,0.280416183884495
0.101238307821269,1.29091804010539,1.65384757970661,0.516508122620954,0.250411185439184,1.98027796789304e-06,0.00336029954254225,8.0463109999682e-20,3.60065913334705e-22,0.000204931299063698,-3.62960932709759,-1.08397764486469,-0.836226829305624,-1.99999553339678,-2.72398223959512,-14.471604604412,-7.03505642853998,-45.3058194034831,-50.7150863936955,-9.83216703063737,1.33933126912552,0.269331074367415
0.0835905217100346,1.06588617273031,1.3655501063947,0.426470812941476,0.206759694856259,1.63507739342409e-06,0.00277453463919006,6.643684083657e-20,2.97299492587183e-22,0.000169207828262917,-3.62960932709759,-1.08397764486469,-0.836226829305624,-1.99999553339678,-2.72398223959512,-14.471604604412,-7.03505642853998,-45.3058194034831,-50.7150863936955,-9.83216703063737,1.14778418510426,0.704946947328793
1.05494859508003,10.7615197643807,27.5536769478457,2.98004994468776,3.02736916671656,1.66015408069551e-05,0.0325803974675577,3.75482309473757e-19,4.71472189202581e-21,0.000855099151063399,-3.76226268946976,-1.43977794336532,-0.499618738943129,-2.72381466982885,-2.70806074961411,-14.8217697773812,-7.23979920630984,-46.2418303248694,-50.6193517523609,-10.8800478597631,3.81575473016806,0.409633250571286
0.601091660015157,6.13172983937362,15.6996136999884,1.69798147183139,1.72494315494331,9.45927391059749e-06,0.0185637530483106,2.13943395688188e-19,2.68636786835343e-21,0.000487220866104151,-3.76226268946976,-1.43977794336532,-0.499618738943129,-2.72381466982885,-2.70806074961411,-14.8217697773812,-7.23979920630984,-46.2418303248694,-50.6193517523609,-10.8800478597631,3.2532548458984,1.08741713400248
0.687496694979445,7.01314671205039,17.95638377502,1.94206096619437,1.97289830642641,1.08190147743475e-05,0.0212322341434688,2.44697085706696e-19,3.07252479754151e-21,0.000557257332705598,-3.76226268946976,-1.43977794336532,-0.499618738943129,-2.72381466982885,-2.70806074961411,-14.8217697773812,-7.23979920630984,-46.2418303248694,-50.6193517523609,-10.8800478597631,3.38756443271417,0.821292375598973
0.187134782935737,1.90895999535716,4.88768019481115,0.528623861046512,0.537017703537363,2.94490722087992e-06,0.00577935800520111,6.66058998583245e-20,8.36333127492039e-22,0.000151683972820157,-3.76226268946976,-1.43977794336532,-0.499618738943129,-2.72381466982885,-2.70806074961411,-14.8217697773812,-7.23979920630984,-46.2418303248694,-50.6193517523609,-10.8800478597631,2.08633653207855,1.0900276202813
0.159804044720355,1.50246576552038,1.50893355104884,1.33684137132638,0.408959062165403,4.5533687533559e-06,0.00701321465133407,9.96837951610586e-20,7.60215817318446e-22,4.15882529881711e-05,-3.42794096822232,-1.18702643123693,-1.18273088966727,-1.30382438754311,-2.48827425384723,-13.8937772469917,-6.5540931356554,-45.3464178585082,-50.2225739021259,-11.681826844059,1.59413403339318,1.49091989389962
0.445545315224748,2.56718746819287,3.09865842254325,1.18249103152365,0.557306385297542,5.08251310713814e-06,0.00886970004840631,2.21775793541566e-19,6.46548582682823e-22,3.45829461733603e-05,-2.8702553926349,-1.11898814377326,-0.930829822167999,-1.89417581604693,-2.64643919998038,-14.251503785638,-6.78691337271354,-45.0144190934036,-50.8521929623077,-12.3339489556384,2.06179907306694,1.77518779997239
0.434618747890036,2.50422968191722,3.02266682585434,1.15349158424606,0.543638985962534,4.95786939571972e-06,0.00865217924523341,2.1633695700006e-19,6.30692604890119e-22,3.37348329128599e-05,-2.8702553926349,-1.11898814377326,-0.930829822167999,-1.89417581604693,-2.64643919998038,-14.251503785638,-6.78691337271354,-45.0144190934036,-50.8521929623077,-12.3339489556384,2.03696931880982,1.17709693829697
0.294964701706795,1.69955705941821,2.05140717692356,0.782845431128349,0.368953967377392,3.36477999283113e-06,0.00587201422528074,1.46822396179338e-19,4.28035046746681e-22,2.28949739871504e-05,-2.8702553926349,-1.11898814377326,-0.930829822167999,-1.89417581604693,-2.64643919998038,-14.251503785638,-6.78691337271354,-45.0144190934036,-50.8521929623077,-12.3339489556384,1.64935580760212,2.56419168380403
0.11259562337731,0.447392796469346,1.59170898946243,0.161748568831817,0.138350884497978,1.078702718957e-06,0.00112979649107686,9.93618537674574e-20,1.59118034181947e-22,5.08736595739537e-06,-3.08123681294221,-1.70160271107636,-0.432476104998217,-2.7189965738136,-2.87524655972608,-14.6370358051289,-7.68300213901681,-44.6528030579314,-51.0896803318467,-13.0860347351308,0.897284380147463,1.24226522505805
0.135113515949232,0.536866460064503,1.91003336971272,0.194096512627214,0.166019547461157,1.29443145879546e-06,0.00135574342623393,1.19233137230981e-19,1.90939899832602e-22,6.1047834792008e-06,-3.08123681294221,-1.70160271107636,-0.432476104998217,-2.7189965738136,-2.87524655972608,-14.6370358051289,-7.68300213901681,-44.6528030579314,-51.0896803318467,-13.0860347351308,1.07959681795792,1.13003075308828
0.156674515303124,0.622537958709589,2.21483062083128,0.225069837197649,0.192512436276873,1.50099285016088e-06,0.00157208879280745,1.3825999458673e-19,2.2140950184096e-22,7.07896605246875e-06,-3.08123681294221,-1.70160271107636,-0.432476104998217,-2.7189965738136,-2.87524655972608,-14.6370358051289,-7.68300213901681,-44.6528030579314,-51.0896803318467,-13.0860347351308,1.22765203642074,1.43293547749578
0.141986170414531,0.564174591661183,2.00718870813319,0.203969383263692,0.174464261346144,1.36027372544669e-06,0.00142470437397219,1.25298023835738e-19,2.00652206895067e-22,6.4153080565775e-06,-3.08123681294221,-1.70160271107636,-0.432476104998217,-2.7189965738136,-2.87524655972608,-14.6370358051289,-7.68300213901681,-44.6528030579314,-51.0896803318467,-13.0860347351308,1.12921119537151,2.26928344241898
0.399403058265371,1.58700707714864,5.64616473705577,0.573760072760459,0.490763004144857,3.82641129368637e-06,0.00400765287511627,3.52459776670472e-19,5.6442894999994e-22,1.80460790655236e-05,-3.08123681294221,-1.70160271107636,-0.432476104998217,-2.7189965738136,-2.87524655972608,-14.6370358051289,-7.68300213901681,-44.6528030579314,-51.0896803318467,-13.0860347351308,2.16345261206162,2.13466045738185
0.151770435651826,0.603051855755566,2.14550405704599,0.218024910927499,0.186486591425586,1.45401017094865e-06,0.00152288073466268,1.33932309099849e-19,2.14479147976571e-22,6.85738685496509e-06,-3.08123681294221,-1.70160271107636,-0.432476104998217,-2.7189965738136,-2.87524655972608,-14.6370358051289,-7.68300213901681,-44.6528030579314,-51.0896803318467,-13.0860347351308,1.19585062140182,2.50821877548533
0.224416857497452,0.89170859789281,3.17247081859123,0.322384693411286,0.275750244989415,2.14998653678638e-06,0.00225182267777392,1.98040335039415e-19,3.17141715913984e-22,1.01397429744881e-05,-3.08123681294221,-1.70160271107636,-0.432476104998217,-2.7189965738136,-2.87524655972608,-14.6370358051289,-7.68300213901681,-44.6528030579314,-51.0896803318467,-13.0860347351308,1.58698682732472,0.855739246015084
0.207395055219714,0.82407336045142,2.93184196562474,0.297932125231649,0.254834854761651,1.98691213080334e-06,0.00208102409867863,1.83019166560143e-19,2.9308682252269e-22,9.37065324574175e-06,-3.08123681294221,-1.70160271107636,-0.432476104998217,-2.7189965738136,-2.87524655972608,-14.6370358051289,-7.68300213901681,-44.6528030579314,-51.0896803318467,-13.0860347351308,1.50810698771484,0.620676893235052
0.111709350670841,0.443871238413284,1.57918018779422,0.160475399080043,0.137261884684587,1.07021193796987e-06,0.00112090353623659,9.85797478878779e-20,1.57865570128972e-22,5.04732182903035e-06,-3.08123681294221,-1.70160271107636,-0.432476104998217,-2.7189965738136,-2.87524655972608,-14.6370358051289,-7.68300213901681,-44.6528030579314,-51.0896803318467,-13.0860347351308,0.88938194889359,0.661428220335674
0.107430289054581,0.426868611798324,1.51868919678794,0.154328338727139,0.132004025260984,1.02921713496073e-06,0.00107796697570127,9.48036198127047e-20,1.51818480090302e-22,4.853982587742e-06,-3.08123681294221,-1.70160271107636,-0.432476104998217,-2.7189965738136,-2.87524655972608,-14.6370358051289,-7.68300213901681,-44.6528030579314,-51.0896803318467,-13.0860347351308,0.850323697266765,0.522382651147934
0.0438556622990409,0.117218680760361,0.384535185787626,0.0324481218641727,0.0174599861053188,3.46162320112178e-07,0.000644277579310595,1.35838451835925e-20,2.00004617332345e-23,3.35116607440461e-06,-2.60961466117832,-1.626477243892,-0.438483205226736,-2.91087593684898,-3.5306067458762,-14.3591212601295,-6.83014412245421,-45.2281689418429,-51.7490500934123,-12.0889654122864,-0.517236778495556,0.746203661685625
0.106743038532761,0.283109781051299,0.719398232266811,0.100464525639867,0.113098958608183,6.54934097754311e-07,0.00173279679591925,3.02347598192966e-20,2.7723512625134e-23,7.28926451993393e-06,-2.51840760497674,-1.54299730081983,-0.610416968125344,-2.57902735567147,-2.46056886677986,-14.5198079836577,-6.63909529396536,-45.2263714661474,-52.2208381106541,-12.1101846691003,0.281076763169033,0.863632217810089
0.272479415285628,0.722684951289109,1.83638401510757,0.256452463594591,0.288703961724988,1.67182855631324e-06,0.00442325292825512,7.71792689256716e-20,7.07688914761569e-23,1.86070638568555e-05,-2.51840760497674,-1.54299730081983,-0.610416968125344,-2.57902735567147,-2.46056886677986,-14.5198079836577,-6.63909529396536,-45.2263714661474,-52.2208381106541,-12.1101846691003,1.21821539700837,0.519061851595997
0.726383233994506,1.92655372342996,4.89548378673438,0.683658138639301,0.769635082947435,4.45680724962724e-06,0.011791631171234,2.05746650259045e-19,1.88657687050492e-22,4.96032304139998e-05,-2.51840760497674,-1.54299730081983,-0.610416968125344,-2.57902735567147,-2.46056886677986,-14.5198079836577,-6.63909529396536,-45.2263714661474,-52.2208381106541,-12.1101846691003,2.19873007206062,1.51249975723924
0.275539435896155,0.73080090692394,1.85700712503748,0.259332497021694,0.291946188563641,1.69060366207389e-06,0.00447292730498501,7.80460138626075e-20,7.15636460680746e-23,1.88160264269039e-05,-2.51840760497674,-1.54299730081983,-0.610416968125344,-2.57902735567147,-2.46056886677986,-14.5198079836577,-6.63909529396536,-45.2263714661474,-52.2208381106541,-12.1101846691003,1.22938308734234,1.66386130992761
0.380456976146504,1.00906900062825,2.56410235136194,0.358078898261883,0.403110951204388,2.3343372067338e-06,0.00617609015363986,1.07763704813733e-19,9.88130366766788e-23,2.5980631390167e-05,-2.51840760497674,-1.54299730081983,-0.610416968125344,-2.57902735567147,-2.46056886677986,-14.5198079836577,-6.63909529396536,-45.2263714661474,-52.2208381106541,-12.1101846691003,1.55202542501494,0.739807448604818
0.487369111808196,1.95571165951499,3.79373011007987,0.52441193599696,0.651929152980515,3.54981020650652e-06,0.00581563252884286,2.17300440299056e-19,6.46547985453619e-23,2.97803340168305e-05,-2.72277791616512,-1.33329025556248,-0.670694669973421,-2.64952216907926,-2.43186378700515,-14.5526608218348,-7.15125012651851,-44.9770504423607,-53.097024308927,-12.425706717598,2.00404440297279,0.350373937389328
0.65564040208717,2.63094961856262,5.10357073215968,0.705472801303974,0.877017196282041,4.77543392623335e-06,0.00782356443446984,2.9232658492207e-19,8.69778102224679e-23,4.00624284469819e-05,-2.72277791616512,-1.33329025556248,-0.670694669973421,-2.64952216907926,-2.43186378700515,-14.5526608218348,-7.15125012651851,-44.9770504423607,-53.097024308927,-12.425706717598,2.30063510827826,0.507254206694495
0.00515544632561348,0.020687742092638,0.04013051193133,0.0055472895656288,0.00689618130255333,3.7550299233903e-08,6.1518427461896e-05,2.29862896386188e-21,6.83925869567918e-25,3.15019786569965e-07,-2.72277791616512,-1.33329025556248,-0.670694669973421,-2.64952216907926,-2.43186378700515,-14.5526608218348,-7.15125012651851,-44.9770504423607,-53.097024308927,-12.425706717598,-2.54492366798769,0.51843596508033
0.00720767289545983,0.0289229037665573,0.0561052496446959,0.00775549702589367,0.00964134158659401,5.24979326542406e-08,8.60070446249202e-05,3.21364332652124e-21,9.56175981912081e-25,4.40419593918221e-07,-2.72277791616512,-1.33329025556248,-0.670694669973421,-2.64952216907926,-2.43186378700515,-14.5526608218348,-7.15125012651851,-44.9770504423607,-53.097024308927,-12.425706717598,-2.20983122430378,0.586983837718786
0.00583711859936172,0.0234231522395621,0.0454367173667353,0.00628077280888457,0.00780802002451543,4.25153393569141e-08,6.96526225784316e-05,2.60256222847847e-21,7.74357089900357e-25,3.5667287354324e-07,-2.72277791616512,-1.33329025556248,-0.670694669973421,-2.64952216907926,-2.43186378700515,-14.5526608218348,-7.15125012651851,-44.9770504423607,-53.097024308927,-12.425706717598,-2.42074007825429,0.165481212235574
0.256463414709519,1.02913475276584,1.99633697529093,0.275956092747091,0.343058213315469,1.86798142326601e-06,0.00306030263491497,1.14347855838082e-19,3.40226534890154e-23,1.56710098529021e-05,-2.72277791616512,-1.33329025556248,-0.670694669973421,-2.64952216907926,-2.43186378700515,-14.5526608218348,-7.15125012651851,-44.9770504423607,-53.097024308927,-12.425706717598,1.36200865890936,1.52831237777977
0.35214309550629,1.41307756485476,2.74111721919033,0.378907973419316,0.471044110960607,2.56487562361355e-06,0.00420202017611605,1.57008000400124e-19,4.67156008607691e-23,2.15174469448632e-05,-2.72277791616512,-1.33329025556248,-0.670694669973421,-2.64952216907926,-2.43186378700515,-14.5526608218348,-7.15125012651851,-44.9770504423607,-53.097024308927,-12.425706717598,1.67906025149836,1.32374656703219
0.269058063305459,1.07967447822195,2.09437498477212,0.289508006262688,0.35990544140667,1.95971602656772e-06,0.00321059087905942,1.19963358788517e-19,3.5693470223172e-23,1.64405966669292e-05,-2.72277791616512,-1.33329025556248,-0.670694669973421,-2.64952216907926,-2.43186378700515,-14.5526608218348,-7.15125012651851,-44.9770504423607,-53.097024308927,-12.425706717598,1.40994984221201,0.7781474099695
0.105932912383997,0.425086914324796,0.824592428249292,0.113984416170696,0.141701129944478,7.7157481767877e-07,0.00126406634357633,4.72316934854565e-20,1.40531497453746e-23,6.47295332785186e-06,-2.72277791616512,-1.33329025556248,-0.670694669973421,-2.64952216907926,-2.43186378700515,-14.5526608218348,-7.15125012651851,-44.9770504423607,-53.097024308927,-12.425706717598,0.47782862889024,2.74398911641787
0.171635827248749,0.688739151513938,1.33603051573424,0.184681126220774,0.229588615216597,1.25012972018132e-06,0.00204807993752281,7.65262712154064e-20,2.27693539969386e-23,1.0487682007091e-05,-2.72277791616512,-1.33329025556248,-0.670694669973421,-2.64952216907926,-2.43186378700515,-14.5526608218348,-7.15125012651851,-44.9770504423607,-53.097024308927,-12.425706717598,0.960397585945467,0.734116369183852
0.0770438846626459,0.385768032856729,1.66404841447344,0.230458790179769,0.0952915598610884,3.13562513262611e-07,0.00121136470873691,3.67688601168541e-20,7.09371923157225e-24,3.18497369186081e-06,-3.46102834261174,-1.85016729512739,-0.388394816605994,-2.36533147081703,-3.24846228995423,-15.8729153462236,-7.61365595028595,-45.647283912218,-54.2004807084025,-13.5547147828048,0.897648253818195,2.2304281113629
0.394189553555406,2.04908892109693,8.34158612250912,1.48934133568143,0.786301069720468,2.28849666410753e-06,0.00859267145223665,1.24884782677196e-19,5.56922113182681e-23,2.03910695088497e-05,-3.50117576067525,-1.8528571100644,-0.448998994850494,-2.17191841006189,-2.81066789523112,-15.557867810224,-7.32709797142507,-46.0971477549111,-53.8124543031013,-13.3706658978308,2.57025237569379,1.40671102547013
0.124521510564168,0.647291754522429,2.63504421948092,0.470471708831422,0.248386584770446,7.22918857096691e-07,0.00271436018373257,3.94501620988708e-20,1.75927500296754e-23,6.44138525325997e-06,-3.50117576067525,-1.8528571100644,-0.448998994850494,-2.17191841006189,-2.81066789523112,-15.557867810224,-7.32709797142507,-46.0971477549111,-53.8124543031013,-13.3706658978308,1.4178989582897,0.748805197063034
0.136761055247491,0.710915752631104,2.89404960193048,0.516715602568274,0.272801151292021,7.93976440752428e-07,0.00298116173958351,4.33278216260146e-20,1.93219874049302e-23,7.07452584296675e-06,-3.50117576067525,-1.8528571100644,-0.448998994850494,-2.17191841006189,-2.81066789523112,-15.557867810224,-7.32709797142507,-46.0971477549111,-53.8124543031013,-13.3706658978308,1.51165576248806,2.57326679336365
0.106045335514573,0.55124830218611,2.24406327135417,0.400664350979204,0.211531634975848,6.15654053691588e-07,0.00231161054091924,3.35966505459568e-20,1.49823839356618e-23,5.48562940865202e-06,-3.50117576067525,-1.8528571100644,-0.448998994850494,-2.17191841006189,-2.81066789523112,-15.557867810224,-7.32709797142507,-46.0971477549111,-53.8124543031013,-13.3706658978308,1.25728717790408,1.59965550243901
0.238538673507266,0.989885178560725,5.29330791484258,0.975169424066839,1.03892420169589,1.53296732319177e-06,0.00671825340722811,2.31591706573534e-19,2.56310901363868e-23,1.96504300650993e-05,-3.57828512275949,-2.15522761786229,-0.478617928873184,-2.17020534883722,-2.10687553770674,-15.5333665679281,-7.14798836189877,-45.0543723111159,-54.1632974528078,-12.9824726276546,2.14506129403065,2.9686374347664
0.181395042797425,0.754561713363804,3.52511643465265,0.611904509341663,0.771716299819272,8.35699408285577e-07,0.00811158394549433,1.15357764798023e-19,1.49707535609552e-23,1.9962920718897e-05,-3.47400275602454,-2.04854289727912,-0.507011220056849,-2.25810372601401,-2.02606297066079,-15.7619215348684,-6.58138680910175,-45.3731733422927,-54.322868383502,-12.5885586560666,1.7669246868827,2.00584482245626
0.0857458466901188,0.386954935610259,1.7910533255087,0.538957368570922,0.274239917420373,4.91803182251469e-07,0.00156778054494461,3.33064016540316e-20,1.50015980796597e-23,1.17676232173279e-05,-3.58082030526956,-2.07389971424398,-0.541648779271089,-1.74257148082144,-2.41820462075431,-15.6496399126239,-7.58254700149009,-45.9729900085617,-53.6783381738455,-12.4746112687997,1.1244526760598,1.12617121912701
0.0279885763241378,0.126307199326747,0.584623449842007,0.175922800088719,0.0895155293944968,1.6053105117318e-07,0.000511744266754521,1.08716491907203e-20,4.8967196551688e-24,3.84110756713575e-06,-3.58082030526956,-2.07389971424398,-0.541648779271089,-1.74257148082144,-2.41820462075431,-15.6496399126239,-7.58254700149009,-45.9729900085617,-53.6783381738455,-12.4746112687997,0.00486146478905702,0.479131522418126
0.00625331933358967,0.0282200581542386,0.130618902491802,0.0393053735307456,0.019999916542249,3.5866487609696e-08,0.00011433594478294,2.42898721553425e-21,1.0940446322176e-24,8.58195569999488e-07,-3.58082030526956,-2.07389971424398,-0.541648779271089,-1.74257148082144,-2.41820462075431,-15.6496399126239,-7.58254700149009,-45.9729900085617,-53.6783381738455,-12.4746112687997,-1.49382255757009,0.846484918426624
0.272774792984764,3.00780326191346,14.5727809549108,3.12386401001285,1.01664812700251,1.07315772539018e-06,0.00744823148184098,6.74074793549807e-20,6.10832029878002e-23,2.75947651749268e-05,-4.390212484674,-1.98989372731007,-0.411948255756236,-1.95203302600546,-3.07459266025998,-16.8360088366562,-7.99088238606842,-47.2346346977646,-54.2409090399673,-13.5889881971151,3.09110372630969,1.74292934442366
0.0847577251609236,0.915187992617274,3.14200772975083,1.81075360797847,0.120212044947726,2.92165840463219e-07,0.00148788284240967,1.41172406251013e-20,3.80675357861317e-23,7.30152062473407e-06,-4.27204400318899,-1.89271139705215,-0.659223618687051,-1.21034250203062,-3.92258367300425,-16.8500298677616,-8.31448669926531,-47.5109757817135,-53.4267660107089,-13.6315135453988,1.80408561865458,0.745459464851264
0.00772126448042727,0.0833718522635287,0.286230814181147,0.164956143992118,0.0109510842936395,2.66157417755105e-08,0.000135543243053337,1.28605325819308e-21,3.467878725683e-24,6.65154376734714e-07,-4.27204400318899,-1.89271139705215,-0.659223618687051,-1.21034250203062,-3.92258367300425,-16.8500298677616,-8.31448669926531,-47.5109757817135,-53.4267660107089,-13.6315135453988,-0.591733132367575,1.19331237951579
0.0981283404811698,1.05955980736055,3.63766256956604,2.09640178796514,0.13917561442537,3.38255291957266e-07,0.00172259783847266,1.6344249354078e-20,4.40727273627072e-23,8.45334275470286e-06,-4.27204400318899,-1.89271139705215,-0.659223618687051,-1.21034250203062,-3.92258367300425,-16.8500298677616,-8.31448669926531,-47.5109757817135,-53.4267660107089,-13.6315135453988,1.95056494285018,0.504209271897884
0.0170388658381718,0.450468444727681,0.630683953910234,0.578267305207786,0.0668912201270173,7.73703047007389e-08,0.000201393549791189,1.58342096838137e-21,1.2842321290428e-23,4.50511258050473e-06,-4.62818489020864,-1.35339382100641,-1.01687697897116,-1.10364562307648,-3.2606141308394,-16.9305893617841,-9.06617617666855,-48.4506258481966,-53.265222735696,-12.8662242487129,0.555926571619803,0.631237211522815
0.011288418124888,0.298439826010136,0.417834393674653,0.383107842454735,0.0443160987855229,5.12585965642908e-08,0.000133425230252433,1.04903214383909e-21,8.50816561368363e-24,2.98468190262404e-06,-4.62818489020864,-1.35339382100641,-1.01687697897116,-1.10364562307648,-3.2606141308394,-16.9305893617841,-9.06617617666855,-48.4506258481966,-53.265222735696,-12.8662242487129,0.144206866629616,0.506487408398739
0.03758188574372,0.53121318816465,0.969729728527363,0.52463582728989,0.286078888534214,5.65498936615006e-08,0.000226995742348506,5.01826438266746e-21,3.02579171171697e-23,9.49431839794185e-06,-4.13542545898588,-1.48678420619074,-0.884930228873354,-1.49924327157032,-2.10568002434161,-17.5423348669991,-9.24477164901258,-47.5953951716377,-52.7064767109219,-12.4190093538234,0.854192352179827,0.577616080661962
0.0732169994112733,1.03490910355958,1.88922667284056,1.02209509442286,0.557338659273832,1.1017045709617e-07,0.00044223292165879,9.77657861175242e-21,5.89484496563444e-23,1.84968234242666e-05,-4.13542545898588,-1.48678420619074,-0.884930228873354,-1.49924327157032,-2.10568002434161,-17.5423348669991,-9.24477164901258,-47.5953951716377,-52.7064767109219,-12.4190093538234,1.52109780640369,1.13740706554923
0.0119581225934811,0.169025909733875,0.308556815252706,0.166933069363429,0.0910270028445974,1.79935239456562e-08,7.22274271629721e-05,1.59675384848043e-21,9.62772024740577e-24,3.02098261163234e-06,-4.13542545898588,-1.48678420619074,-0.884930228873354,-1.49924327157032,-2.10568002434161,-17.5423348669991,-9.24477164901258,-47.5953951716377,-52.7064767109219,-12.4190093538234,-0.290919057584652,1.6298726942796
0.287212349251715,1.17680337543186,3.24510926525258,0.917085638604148,0.612533183377028,3.5665537437966e-07,0.000522056347321736,1.11408559761544e-20,4.82555706315658e-23,1.4747783546411e-05,-3.07839839095378,-1.66806318839366,-0.653715925538816,-1.91741936812303,-2.32101710809728,-16.6773608062861,-9.38859997785508,-47.7745328302614,-53.216395904241,-12.9552827015183,1.8308649470086,2.97609792174052
0.246483480860516,1.00992381776258,2.78492839725063,0.787036006770833,0.525671377204687,3.06078963435045e-07,0.000448024836078386,9.56099891917102e-21,4.14125682658396e-23,1.26564370681395e-05,-3.07839839095378,-1.66806318839366,-0.653715925538816,-1.91741936812303,-2.32101710809728,-16.6773608062861,-9.38859997785508,-47.7745328302614,-53.216395904241,-12.9552827015183,1.67793808844415,1.51684155743749
0.0539452075423259,0.696446529832984,0.739809877375538,0.168811037805754,0.0602948578687964,6.23570561576426e-08,0.000164089463584257,1.81562091985783e-21,4.1157930340391e-24,6.61970492602999e-06,-3.46180734305737,-0.903785178877201,-0.843382968625725,-2.32099622947967,-3.35052937505896,-17.1324099214591,-9.25711968958236,-48.2998803594238,-54.3892316187909,-12.4674806824821,0.542020920366083,1.14906008751945
0.106111089500783,1.36992150788621,1.4552179088414,0.332054022171884,0.118600953657152,1.22657330806585e-07,0.000322766609858034,3.57135550503475e-21,8.09583099034254e-24,1.30210658903039e-05,-3.46180734305737,-0.903785178877201,-0.843382968625725,-2.32099622947967,-3.35052937505896,-17.1324099214591,-9.25711968958236,-48.2998803594238,-54.3892316187909,-12.4674806824821,1.21853862356218,0.762764171632758
0.128460637193049,1.658459927567,1.76172180216021,0.401992585990744,0.143581167153963,1.48491914897323e-07,0.00039074902125755,4.32356887463946e-21,9.80100772237344e-24,1.57636155567771e-05,-3.46180734305737,-0.903785178877201,-0.843382968625725,-2.32099622947967,-3.35052937505896,-17.1324099214591,-9.25711968958236,-48.2998803594238,-54.3892316187909,-12.4674806824821,1.40967459613739,0.471411151610443
0.174787929690857,2.25655721121062,2.39705884401056,0.546964839905045,0.195361439097673,2.02043170171497e-07,0.000531666461779248,5.88279545381979e-21,1.33355857958523e-23,2.14485136288951e-05,-3.46180734305737,-0.903785178877201,-0.843382968625725,-2.32099622947967,-3.35052937505896,-17.1324099214591,-9.25711968958236,-48.2998803594238,-54.3892316187909,-12.4674806824821,1.71762547280066,1.56749922024133
0.242282333752385,3.12792735942841,3.32268373391603,0.758175453688811,0.270800309114734,2.80062192363395e-07,0.000736969602910097,8.15443843325026e-21,1.84851256851018e-23,2.9730862690116e-05,-3.46180734305737,-0.903785178877201,-0.843382968625725,-2.32099622947967,-3.35052937505896,-17.1324099214591,-9.25711968958236,-48.2998803594238,-54.3892316187909,-12.4674806824821,2.04415577860149,0.910302239380386
0.0462828074752021,0.597522970538984,0.634726969878825,0.144833046685798,0.0517305507870488,5.34998335598227e-08,0.000140782126861235,1.5577293574373e-21,3.53118405286974e-24,5.67943924200691e-06,-3.46180734305737,-0.903785178877201,-0.843382968625725,-2.32099622947967,-3.35052937505896,-17.1324099214591,-9.25711968958236,-48.2998803594238,-54.3892316187909,-12.4674806824821,0.388822627378472,0.624871080448531
0.00787531568182723,0.130762974071124,0.238499749729819,0.0502677986486119,0.0252960104292363,1.44174202770044e-08,8.49350880404686e-05,3.9171083538755e-22,1.54564746892596e-24,2.7017265679003e-06,-4.05169406662674,-1.24204101101654,-0.64105907613924,-2.19806265092932,-2.88478064436123,-17.2625006781875,-8.58129532146474,-48.499190387237,-54.0342713936899,-12.0292915778689,-0.792327941865915,0.4803262188746
0.33705327952925,5.59648540227719,10.2074794282646,2.15139647396326,1.08263638165702,6.17046856664971e-07,0.00363511142000385,1.67647148417399e-20,6.61517035564349e-23,0.000115630387008285,-4.05169406662674,-1.24204101101654,-0.64105907613924,-2.19806265092932,-2.88478064436123,-17.2625006781875,-8.58129532146474,-48.499190387237,-54.0342713936899,-12.0292915778689,2.96417980499388,0.679062255930661
0.0235973522791068,0.391814130237392,0.714633271887782,0.150620876791479,0.0757961830955012,4.31999121022504e-08,0.000254496870261697,1.17371022923091e-21,4.63133025990562e-24,8.09536990773346e-06,-4.05169406662674,-1.24204101101654,-0.64105907613924,-2.19806265092932,-2.88478064436123,-17.2625006781875,-8.58129532146474,-48.499190387237,-54.0342713936899,-12.0292915778689,0.305073301818948,1.05345736334694
0.153323175264947,2.54580199723764,4.64331087233148,0.978655182060708,0.492483704430479,2.80690291704809e-07,0.00165358671523768,7.62615131808524e-21,3.00919464501988e-23,5.25994528757773e-05,-4.05169406662674,-1.24204101101654,-0.64105907613924,-2.19806265092932,-2.88478064436123,-17.2625006781875,-8.58129532146474,-48.499190387237,-54.0342713936899,-12.0292915778689,2.17648673799303,0.6997924733701
0.16708323181428,2.77427612963714,5.06002687152082,1.0664850265978,0.53668187349969,3.05880966761159e-07,0.0018019885903722,8.31056365959388e-21,3.27925615667245e-23,5.73200141659018e-05,-4.05169406662674,-1.24204101101654,-0.64105907613924,-2.19806265092932,-2.88478064436123,-17.2625006781875,-8.58129532146474,-48.499190387237,-54.0342713936899,-12.0292915778689,2.26243087000175,0.252421679307499
0.572941687621049,9.51321344686395,17.3512344937131,3.65706195844183,1.84032481883235,1.04889015734443e-06,0.00617916216265983,2.84975836085243e-20,1.12448301133774e-22,0.00019655488641241,-4.05169406662674,-1.24204101101654,-0.64105907613924,-2.19806265092932,-2.88478064436123,-17.2625006781875,-8.58129532146474,-48.499190387237,-54.0342713936899,-12.0292915778689,3.49472273237629,1.37683304043375
0.0867000135339546,1.4395805933047,2.62566382921458,0.553402428452946,0.278485909032282,1.58722593943177e-07,0.000935057536754857,4.31237757336699e-21,1.701616314681e-23,2.97435353026576e-05,-4.05169406662674,-1.24204101101654,-0.64105907613924,-2.19806265092932,-2.88478064436123,-17.2625006781875,-8.58129532146474,-48.499190387237,-54.0342713936899,-12.0292915778689,1.60639282753206,1.41918456813421
0.0441633310998712,0.733294861161303,1.33746300975081,0.281892628190521,0.14185540354529,8.08502580751925e-08,0.000476300451521407,2.19664277821226e-21,8.66770853279842e-24,1.51507888420056e-05,-4.05169406662674,-1.24204101101654,-0.64105907613924,-2.19806265092932,-2.88478064436123,-17.2625006781875,-8.58129532146474,-48.499190387237,-54.0342713936899,-12.0292915778689,0.931833619283748,1.32011511389249
0.0267522815420142,0.444199069466403,0.810178627784439,0.17075865352904,0.0859300147744228,4.89756730958722e-08,0.000288522705610092,1.33063345962456e-21,5.25053190551151e-24,9.17770826137079e-06,-4.05169406662674,-1.24204101101654,-0.64105907613924,-2.19806265092932,-2.88478064436123,-17.2625006781875,-8.58129532146474,-48.499190387237,-54.0342713936899,-12.0292915778689,0.43055854863977,0.738584432639961
0.0354829154538115,0.589163881285596,1.07458123551117,0.226485911366549,0.113973361277509,6.49589331296903e-08,0.000382682379952894,1.76488702370004e-21,6.96404825877059e-24,1.21728625570322e-05,-4.05169406662674,-1.24204101101654,-0.64105907613924,-2.19806265092932,-2.88478064436123,-17.2625006781875,-8.58129532146474,-48.499190387237,-54.0342713936899,-12.0292915778689,0.712990113463489,1.71649696873107
0.136114688777386,2.26006959446313,4.12216100528767,0.868814158697011,0.43720896101096,2.49186540992335e-07,0.00146799360711162,6.7702172971351e-21,2.67145258288359e-23,4.66958641162712e-05,-4.05169406662674,-1.24204101101654,-0.64105907613924,-2.19806265092932,-2.88478064436123,-17.2625006781875,-8.58129532146474,-48.499190387237,-54.0342713936899,-12.0292915778689,2.05743661783684,3.9631132309707
0.214912014923361,3.56843272960408,6.50849614719956,1.37177407608738,0.690310939968336,3.93441604998497e-07,0.00231782085264105,1.06895225920543e-20,4.21796694035508e-23,7.37282826413268e-05,-4.05169406662674,-1.24204101101654,-0.64105907613924,-2.19806265092932,-2.88478064436123,-17.2625006781875,-8.58129532146474,-48.499190387237,-54.0342713936899,-12.0292915778689,2.51416749909902,3.12577044952629
0.155019024074492,2.57396013627234,4.69466875219265,0.989479711506988,0.497930877712897,2.83794899316906e-07,0.00167187640339258,7.7105012515629e-21,3.04247819232203e-23,5.31812352409544e-05,-4.05169406662674,-1.24204101101654,-0.64105907613924,-2.19806265092932,-2.88478064436123,-17.2625006781875,-8.58129532146474,-48.499190387237,-54.0342713936899,-12.0292915778689,2.18748663299686,1.39723850793598
0.115265483060243,1.98595335628984,2.99982051741408,1.91222359478084,0.393992524723817,2.20774025158683e-07,0.000873515684437945,8.29198778255229e-21,8.68318573364838e-24,2.13064763276232e-05,-4.1630980784772,-1.31648173651619,-0.90402835625474,-1.35431406493554,-2.93400415825085,-17.3287069847479,-9.04556528830244,-48.2415780473088,-55.1032345661191,-12.759080294128,2.00258081560447,2.23103855724226
0.0531973156844961,0.91655701971092,1.3844769034482,0.882529266612561,0.181835395632796,1.01891608827641e-07,0.000403144882463361,3.82691747788777e-21,4.00746312214374e-24,9.83336309563223e-06,-4.1630980784772,-1.31648173651619,-0.90402835625474,-1.35431406493554,-2.93400415825085,-17.3287069847479,-9.04556528830244,-48.2415780473088,-55.1032345661191,-12.759080294128,1.22935073751132,2.65224263036507
0.0703098731265223,1.21139585597323,1.82983660313546,1.16642202651695,0.240328359285596,1.34668187617154e-07,0.000532828868766898,5.05796352454637e-21,5.29658724414286e-24,1.29965676418975e-05,-4.1630980784772,-1.31648173651619,-0.90402835625474,-1.35431406493554,-2.93400415825085,-17.3287069847479,-9.04556528830244,-48.2415780473088,-55.1032345661191,-12.759080294128,1.50825503121755,3.47593918343357
0.0653068872802125,1.12519748791749,1.6996323200176,1.08342382683328,0.223227498104848,1.2508570642871e-07,0.000494914772632077,4.69805788399823e-21,4.91970203815608e-24,1.20717808221856e-05,-4.1630980784772,-1.31648173651619,-0.90402835625474,-1.35431406493554,-2.93400415825085,-17.3287069847479,-9.04556528830244,-48.2415780473088,-55.1032345661191,-12.759080294128,1.43444030158193,1.2098137587978
0.0151243538093631,0.260583310909489,0.39361607365359,0.250908992373391,0.051697023115349,2.89684680944079e-08,0.00011461679523403,1.088018318031e-21,1.13934865617553e-24,2.79569111111409e-06,-4.1630980784772,-1.31648173651619,-0.90402835625474,-1.35431406493554,-2.93400415825085,-17.3287069847479,-9.04556528830244,-48.2415780473088,-55.1032345661191,-12.759080294128,-0.0283509208485992,0.565426855683594
0.0490202658413081,0.540472247550694,0.848867189586693,0.583123903041251,0.0869929857410097,6.64224356428004e-08,7.22252725661568e-05,1.17273631668986e-21,1.81782035081022e-24,4.92691348876197e-06,-3.76152379234383,-1.36131430366954,-0.909854851055968,-1.28535790312112,-3.18793010181063,-17.2732332659142,-10.2817228523376,-48.9409495169956,-55.4104063724869,-12.9668001477261,0.74600231456626,0.425136082139921
0.0996955925869152,1.09919234568783,1.72639450319179,1.18593569552419,0.176923097325324,1.35087477981301e-07,0.000146889071788076,2.38506748247923e-21,3.69701538700881e-24,1.00201733192698e-05,-3.76152379234383,-1.36131430366954,-0.909854851055968,-1.28535790312112,-3.18793010181063,-17.2732332659142,-10.2817228523376,-48.9409495169956,-55.4104063724869,-12.9668001477261,1.45588998260124,0.783670190347419
0.0228718325497838,0.401161036728872,0.993865325242627,0.492952906369636,0.0439975575755626,1.15559079229925e-07,3.36595162135184e-05,1.25736079234847e-21,3.98676998247434e-24,6.2174746243223e-06,-4.44818238099055,-1.58372558025127,-0.676486805001754,-1.37767486992085,-3.79395439206433,-16.6438171650897,-10.9695479778599,-48.7956052737343,-54.5493940928156,-12.658479978422,0.670333235813432,0.486395434932283
0.311537848059278,5.46422530139254,13.5374664016483,6.71452483357811,0.599291918438103,1.5740333350483e-06,0.000458477178208226,1.71265452660922e-20,5.43039014623742e-23,8.46883895555124e-05,-4.44818238099055,-1.58372558025127,-0.676486805001754,-1.37767486992085,-3.79395439206433,-16.6438171650897,-10.9695479778599,-48.7956052737343,-54.5493940928156,-12.658479978422,3.28194793545308,0.504190181423025
0.0657596709381383,2.9344406501455,5.38489837138196,1.8894275929803,0.323674676704977,2.78602060165412e-07,0.000150216553667681,5.06047104712909e-21,9.08660405171045e-24,5.13969690581724e-05,-5.08245184786941,-1.28418645968984,-0.677104877748503,-1.72442939329764,-3.48871966750458,-17.4541846965615,-11.1641359295108,-49.093530697231,-55.4159443007821,-12.2366346706223,2.3607033156406,0.532885006087984
0.101197204577461,4.5157949630336,8.28679119502001,2.90762997948999,0.498101222341434,4.28739214719975e-07,0.000231167448005175,7.78753172740766e-21,1.3983326193958e-23,7.90945197602074e-05,-5.08245184786941,-1.28418645968984,-0.677104877748503,-1.72442939329764,-3.48871966750458,-17.4541846965615,-11.1641359295108,-49.093530697231,-55.4159443007821,-12.2366346706223,2.79176770260676,0.947904853504711
0.18863752872703,8.41770684893358,15.4470651499957,5.41999293432831,0.928489912648517,7.99195059496301e-07,0.000430909690597743,1.45164162001833e-20,2.60657407250128e-23,0.000147436826992549,-5.08245184786941,-1.28418645968984,-0.677104877748503,-1.72442939329764,-3.48871966750458,-17.4541846965615,-11.1641359295108,-49.093530697231,-55.4159443007821,-12.2366346706223,3.41452390511888,0.740308534268807
0.644744673833811,28.7709009621193,52.79656200456,18.5250071934617,3.1734879582462,2.73157076135244e-06,0.00147280729232995,4.96156946678762e-20,8.90901593940197e-23,0.000503924693945496,-5.08245184786941,-1.28418645968984,-0.677104877748503,-1.72442939329764,-3.48871966750458,-17.4541846965615,-11.1641359295108,-49.093530697231,-55.4159443007821,-12.2366346706223,4.64355095279074,0.249832013980483
0.00395144250990198,0.176328034528598,0.323573947871446,0.113534091697441,0.0194493351116978,1.67409600470705e-08,9.02638452086893e-06,3.04079386810876e-22,5.46006283309312e-25,3.0884000105115e-06,-5.08245184786941,-1.28418645968984,-0.677104877748503,-1.72442939329764,-3.48871966750458,-17.4541846965615,-11.1641359295108,-49.093530697231,-55.4159443007821,-12.2366346706223,-0.451222726485954,0.489358249091061
0.00217624030483425,0.0971119216973905,0.178206987748797,0.0625284223939899,0.0107116393231682,9.22001317360898e-09,4.97124322371433e-06,1.67470440424939e-22,3.00710658817087e-25,1.70092328649174e-06,-5.08245184786941,-1.28418645968984,-0.677104877748503,-1.72442939329764,-3.48871966750458,-17.4541846965615,-11.1641359295108,-49.093530697231,-55.4159443007821,-12.2366346706223,-1.04770467400952,0.296864839465676
0.017173656221264,0.766352297819573,1.40630864019309,0.493438903721691,0.0845301922281399,7.27591232674766e-08,3.9230236627228e-05,1.3215818881273e-21,2.37303824633825e-24,1.34227234538681e-05,-5.08245184786941,-1.28418645968984,-0.677104877748503,-1.72442939329764,-3.48871966750458,-17.4541846965615,-11.1641359295108,-49.093530697231,-55.4159443007821,-12.2366346706223,1.01807316354255,0.372266192021563
0.0132700053619413,0.5921569041664,1.08664823351944,0.381277976792719,0.0653160916732721,5.62206406981689e-08,3.0313023836413e-05,1.02118026096151e-21,1.83363576441048e-24,1.03716768234909e-05,-5.08245184786941,-1.28418645968984,-0.677104877748503,-1.72442939329764,-3.48871966750458,-17.4541846965615,-11.1641359295108,-49.093530697231,-55.4159443007821,-12.2366346706223,0.760202821296212,0.168895211543391
0.177031215874151,7.8997900809827,14.4966526207418,5.08651669510533,0.871362656584136,7.50022935828311e-07,0.000404397083513859,1.36232637662064e-20,2.44619922893857e-23,0.000138365472253867,-5.08245184786941,-1.28418645968984,-0.677104877748503,-1.72442939329764,-3.48871966750458,-17.4541846965615,-11.1641359295108,-49.093530697231,-55.4159443007821,-12.2366346706223,3.35102264678226,0.373684897478801
0.376810075975419,16.8146644980457,30.8560541057019,10.8266258742492,1.85469114702925,1.59642014566336e-06,0.000860757211719206,2.89970502062567e-20,5.20672307850281e-23,0.000294510230045633,-5.08245184786941,-1.28418645968984,-0.677104877748503,-1.72442939329764,-3.48871966750458,-17.4541846965615,-11.1641359295108,-49.093530697231,-55.4159443007821,-12.2366346706223,4.10643785214336,0.347464436030716
0.489603720238878,21.8479356516698,40.0924493405247,14.0674484140193,2.40987102887044,2.07428965469612e-06,0.00111841471327231,3.76769745877576e-20,6.76529411505146e-23,0.000382668387795862,-5.08245184786941,-1.28418645968984,-0.677104877748503,-1.72442939329764,-3.48871966750458,-17.4541846965615,-11.1641359295108,-49.093530697231,-55.4159443007821,-12.2366346706223,4.36829289858364,0.3158373368217
0.0124206927448903,0.554257422119109,1.01710010374467,0.3568752589745,0.0611357029513756,5.26223829596615e-08,2.83729165867905e-05,9.55822240654651e-22,1.71627861591557e-24,9.70786428190524e-06,-5.08245184786941,-1.28418645968984,-0.677104877748503,-1.72442939329764,-3.48871966750458,-17.4541846965615,-11.1641359295108,-49.093530697231,-55.4159443007821,-12.2366346706223,0.694060420398371,0.301566205705571
0.160304857440987,7.15339787106192,13.126972100737,4.60592969242052,0.789034101999383,6.7915886591944e-07,0.000366188621041413,1.23361032411096e-20,2.21507611937781e-23,0.000125292351379312,-5.08245184786941,-1.28418645968984,-0.677104877748503,-1.72442939329764,-3.48871966750458,-17.4541846965615,-11.1641359295108,-49.093530697231,-55.4159443007821,-12.2366346706223,3.25177393023324,0.174010996298345
0.00779770916299574,0.347962731860874,0.638535302462611,0.224046237525418,0.0383809857373891,3.30363246407513e-08,1.78125130533276e-05,6.00065068610124e-22,1.07747947432997e-24,6.09459583446124e-06,-5.08245184786941,-1.28418645968984,-0.677104877748503,-1.72442939329764,-3.48871966750458,-17.4541846965615,-11.1641359295108,-49.093530697231,-55.4159443007821,-12.2366346706223,0.228526562393567,0.713352929349667
0.269205366794671,5.51170811929284,11.1363879971283,1.87512686089599,0.710488476805912,6.89478339976338e-07,0.000303838593665252,3.27984998556813e-20,1.59975175223391e-23,5.32587255305115e-05,-4.28286312539516,-1.26370780144697,-0.560364435390799,-2.34190606379393,-3.31238493007796,-17.157912934381,-11.0695963195203,-47.8344865547101,-55.4601910565809,-12.8109312871424,2.97058238007206,1.06027312768948
0.450757031918797,9.22879518427327,18.6467500988211,3.1397093912075,1.18964075950911,1.15446142029211e-06,0.00050874685112571,5.49177552526736e-20,2.67862175345802e-23,8.91763241192058e-05,-4.28286312539516,-1.26370780144697,-0.560364435390799,-2.34190606379393,-3.31238493007796,-17.157912934381,-11.0695963195203,-47.8344865547101,-55.4601910565809,-12.8109312871424,3.48603630886016,0.545656702024554
0.293272258641363,6.00445343405744,12.1319782733583,2.04276272899677,0.774005967312153,7.51117529552763e-07,0.000331001687253094,3.57306774647649e-20,1.74276915512223e-23,5.80200421509679e-05,-4.28286312539516,-1.26370780144697,-0.560364435390799,-2.34190606379393,-3.31238493007796,-17.157912934381,-11.0695963195203,-47.8344865547101,-55.4601910565809,-12.8109312871424,3.05620923436145,0.21243023117192
0.109520408068121,2.24231979311817,4.53059971416053,0.762854995908976,0.289046941500356,2.80499419634281e-07,0.000123610190841563,1.33433635851554e-20,6.50824561183366e-24,2.16671659363261e-05,-4.28286312539516,-1.26370780144697,-0.560364435390799,-2.34190606379393,-3.31238493007796,-17.157912934381,-11.0695963195203,-47.8344865547101,-55.4601910565809,-12.8109312871424,2.07121875335523,0.571270177468054
0.0824812439118006,1.68872020335608,3.41205357688202,0.574516020318035,0.217685011445739,2.11247761545806e-07,9.30924425924864e-05,1.00490606808778e-20,4.90144442681101e-24,1.63178245040868e-05,-4.28286312539516,-1.26370780144697,-0.560364435390799,-2.34190606379393,-3.31238493007796,-17.157912934381,-11.0695963195203,-47.8344865547101,-55.4601910565809,-12.8109312871424,1.78767876738289,0.500502968870833
0.0494190479283017,1.01180511725049,2.0443488877323,0.344224133841077,0.130427058367518,1.26570148041681e-07,5.57768004464172e-05,6.02094473688773e-21,2.93672483050204e-24,9.77690579103538e-06,-4.28286312539516,-1.26370780144697,-0.560364435390799,-2.34190606379393,-3.31238493007796,-17.157912934381,-11.0695963195203,-47.8344865547101,-55.4601910565809,-12.8109312871424,1.27544378188103,0.473805514986211
0.0119703685891873,0.245081212642666,0.495185778296551,0.0833785742968891,0.0315922711608637,3.06580435674329e-08,1.35103545709304e-05,1.45840380940237e-21,7.11338646530175e-25,2.36817929293676e-06,-4.28286312539516,-1.26370780144697,-0.560364435390799,-2.34190606379393,-3.31238493007796,-17.157912934381,-11.0695963195203,-47.8344865547101,-55.4601910565809,-12.8109312871424,-0.14245784174371,0.884887469547341
0.0189651056813699,0.388291393339795,0.784541474001771,0.132099814748462,0.0500528247577507,4.85726928045983e-08,2.14049634580108e-05,2.31060406915224e-21,1.12700060204272e-24,3.7519956238897e-06,-4.28286312539516,-1.26370780144697,-0.560364435390799,-2.34190606379393,-3.31238493007796,-17.157912934381,-11.0695963195203,-47.8344865547101,-55.4601910565809,-12.8109312871424,0.317708593980743,1.07203510274507
0.00238147272008169,0.0602404196522026,0.0825823771501146,0.0141977013035131,0.00490616440316448,5.28147678701648e-09,3.42486672314555e-06,1.76207849041083e-22,8.65823863153498e-26,2.40667040790907e-07,-4.2340467928296,-1.00342232928631,-0.687969573021014,-2.44868580762277,-3.51127342318409,-17.2530706839343,-10.778458600067,-48.2843885732531,-55.9027117073449,-13.4338620322996,-1.80598939989043,0.865905361960886
0.00286208463353254,0.072397713377211,0.0992485660863772,0.0170629805622447,0.00589629166417652,6.34734692823195e-09,4.11604900511966e-06,2.11768865876829e-22,1.04055828697144e-25,2.89236753978764e-07,-4.2340467928296,-1.00342232928631,-0.687969573021014,-2.44868580762277,-3.51127342318409,-17.2530706839343,-10.778458600067,-48.2843885732531,-55.9027117073449,-13.4338620322996,-1.62215823399061,0.290536165809292
0.00250769742174399,0.0634333300452094,0.0869594736544907,0.0149502191031984,0.00516620481130083,5.56140979912113e-09,3.60639421943673e-06,1.85547356896123e-22,9.11714944708652e-26,2.53423065736151e-07,-4.2340467928296,-1.00342232928631,-0.687969573021014,-2.44868580762277,-3.51127342318409,-17.2530706839343,-10.778458600067,-48.2843885732531,-55.9027117073449,-13.4338620322996,-1.75434351589773,0.285856070560568
0.00449550099230308,0.113715712147205,0.155890577832171,0.0268009705759621,0.009261356116677,9.96983250601494e-09,6.46511363433905e-06,3.32627182136527e-22,1.63441386632081e-25,4.54306661406164e-07,-4.2340467928296,-1.00342232928631,-0.687969573021014,-2.44868580762277,-3.51127342318409,-17.2530706839343,-10.778458600067,-48.2843885732531,-55.9027117073449,-13.4338620322996,-1.17063136897735,0.169506774118058
0.020724187187374,0.52422760193339,0.718653053635897,0.123552042802462,0.0426947025703172,4.59607673171858e-08,2.98040697522002e-05,1.53340595364313e-21,7.5346216061937e-25,2.09434639377732e-06,-4.2340467928296,-1.00342232928631,-0.687969573021014,-2.44868580762277,-3.51127342318409,-17.2530706839343,-10.778458600067,-48.2843885732531,-55.9027117073449,-13.4338620322996,0.357592995155174,0.608210404851474
0.0271608453808046,0.422800396402738,0.857414091650282,0.125000706209583,0.0424762392265368,7.01313291678475e-08,2.0960024171911e-05,6.62320342481892e-22,1.33809627486426e-24,1.57536944516102e-06,-3.9945520128809,-1.24942824947584,-0.54240745168021,-2.46800905407409,-3.54738359847122,-16.8614693837183,-11.161466707327,-49.1548660539873,-55.3593674804865,-13.7495939068923,0.388573162054955,0.422715632068182
0.017490480584713,0.272266272305254,0.55213982896376,0.080495374660881,0.0273529717903559,4.51617257855033e-08,1.34974037329859e-05,4.26507383280014e-22,8.61679619608987e-25,1.01447389829081e-06,-3.9945520128809,-1.24942824947584,-0.54240745168021,-2.46800905407409,-3.54738359847122,-16.8614693837183,-11.161466707327,-49.1548660539873,-55.3593674804865,-13.7495939068923,-0.0515464997630932,2.04556012804708
0.0453568723527208,0.373927235460671,0.516728605336218,0.172037663029323,0.0544476913331092,1.02155835492324e-07,1.61287494455363e-05,2.71221691280175e-22,3.03442380614543e-25,2.13266781979453e-06,-3.24378056624579,-1.13428105073445,-0.810824476272514,-1.91062884768492,-3.06110182290758,-16.2473533832615,-11.185494191204,-49.8096926890391,-56.6051927607147,-13.2087238570538,0.150586992646276,2.85486193203159
0.0334021113083213,0.275370820169018,0.380533874942076,0.126693505783236,0.0400968530688501,7.52305088713748e-08,1.18776771037986e-05,1.99735489936799e-22,2.23463736523291e-25,1.57055820221649e-06,-3.24378056624579,-1.13428105073445,-0.810824476272514,-1.91062884768492,-3.06110182290758,-16.2473533832615,-11.185494191204,-49.8096926890391,-56.6051927607147,-13.2087238570538,-0.155355601927551,2.96765679610027
0.0424468243758438,0.349936467609893,0.483575855718487,0.160999912248099,0.0509543862220916,9.56016273430319e-08,1.50939462887282e-05,2.53820400294826e-22,2.83973844977008e-25,1.99583815424615e-06,-3.24378056624579,-1.13428105073445,-0.810824476272514,-1.91062884768492,-3.06110182290758,-16.2473533832615,-11.185494191204,-49.8096926890391,-56.6051927607147,-13.2087238570538,0.0842773886442318,2.34912383156621
0.0911132453138823,0.751147999560561,1.03800852520368,0.345590623465409,0.109374954662423,2.05211453450194e-07,3.23995599478132e-05,5.44832286932903e-22,6.09557463498754e-25,4.28412004969972e-06,-3.24378056624579,-1.13428105073445,-0.810824476272514,-1.91062884768492,-3.06110182290758,-16.2473533832615,-11.185494191204,-49.8096926890391,-56.6051927607147,-13.2087238570538,0.848128474088144,0.957482637423223
0.0253151047929697,0.202859792493,0.347286534456369,0.098869489433313,0.0209794921885905,3.22974868013778e-08,3.32078792282321e-06,2.13437053827333e-22,1.99364051030251e-25,1.692421870913e-06,-3.31296439526765,-1.23185057720138,-0.694215453323617,-1.95056494836587,-3.5008202421137,-16.884886779011,-12.2519188383008,-49.535310633767,-56.5112753165299,-12.9259603564267,-0.363389638740858,2.56177418564523
0.0262253907269017,0.21015426815,0.359774337684717,0.102424659607887,0.0217338772403803,3.34588467158276e-08,3.44019752276121e-06,2.21111868901883e-22,2.06532826070634e-25,1.75327833727844e-06,-3.31296439526765,-1.23185057720138,-0.694215453323617,-1.95056494836587,-3.5008202421137,-16.884886779011,-12.2519188383008,-49.535310633767,-56.5112753165299,-12.9259603564267,-0.328062830519223,5.36979814979066
0.0287587921818133,0.230455400523253,0.394528932574141,0.112318993857148,0.0238333935753331,3.66910079382184e-08,3.77252436967474e-06,2.42471517503787e-22,2.26484123174384e-25,1.92264694409084e-06,-3.31296439526765,-1.23185057720138,-0.694215453323617,-1.95056494836587,-3.5008202421137,-16.884886779011,-12.2519188383008,-49.535310633767,-56.5112753165299,-12.9259603564267,-0.235847348203421,1.80875266469077
0.034280453008996,0.274702618884761,0.470278113499843,0.133884134166545,0.0284093825407865,4.37356466685761e-08,4.49684547119855e-06,2.89025818930774e-22,2.6996886005084e-25,2.29179333412605e-06,-3.31296439526765,-1.23185057720138,-0.694215453323617,-1.95056494836587,-3.5008202421137,-16.884886779011,-12.2519188383008,-49.535310633767,-56.5112753165299,-12.9259603564267,-0.0602155751073521,1.93970339008014
0.0862012935797496,0.861157839457473,1.23740872529884,0.317482068557236,0.0492810955175853,1.46960753379356e-07,5.11425562969695e-06,3.98989901722008e-22,1.45595708895768e-24,4.51835462978763e-06,-3.38776750746401,-1.0861748830314,-0.723677957358325,-2.08403135199391,-3.94691214229804,-16.6697976823927,-13.1201761088563,-50.2098035370195,-55.8230761671512,-13.2440600631145,0.936697412764553,2.49601406044079
0.175287899923153,1.22401958190232,2.98158605119759,0.729829155757141,0.0691593772647697,1.52942351286277e-07,1.84639792887633e-05,8.39727912778706e-22,1.32776814867977e-24,5.07515753113851e-06,-3.38611237709859,-1.44264668044519,-0.552331471815936,-1.9597316681327,-4.31612848516995,-17.3379916382289,-12.5444756520419,-50.1737511685432,-56.623329645576,-13.8359398555933,1.64478686269356,4.69060653963564
0.169632748478888,1.18453016985826,2.88539389719824,0.706283352504001,0.0669281522207434,1.48008113617019e-07,1.78682929967403e-05,8.12636547540018e-22,1.28493159255154e-24,4.9114224161952e-06,-3.38611237709859,-1.44264668044519,-0.552331471815936,-1.9597316681327,-4.31612848516995,-17.3379916382289,-12.5444756520419,-50.1737511685432,-56.623329645576,-13.8359398555933,1.61199289528059,3.0007408991094
0.0692094651489474,0.483283447587862,1.1772288674199,0.288160708994767,0.0273064114101852,6.03867028801543e-08,7.29019020512412e-06,3.31552376059813e-22,5.24246815965172e-25,2.0038401876612e-06,-3.38611237709859,-1.44264668044519,-0.552331471815936,-1.9597316681327,-4.31612848516995,-17.3379916382289,-12.5444756520419,-50.1737511685432,-56.623329645576,-13.8359398555933,0.71549473099567,11.391419951635
0.0762381666204673,0.532364235481707,1.29678462839772,0.317425428711742,0.0300795669843201,6.6519391616883e-08,8.0305596114205e-06,3.65223820687831e-22,5.77487718186911e-25,2.20734406455714e-06,-3.38611237709859,-1.44264668044519,-0.552331471815936,-1.9597316681327,-4.31612848516995,-17.3379916382289,-12.5444756520419,-50.1737511685432,-56.623329645576,-13.8359398555933,0.812219309697751,7.9307439790876
0.084194882689633,0.587925265538918,1.43212559406372,0.350554032419724,0.0332188682632864,7.34617924595483e-08,8.86868158545324e-06,4.03340978690535e-22,6.37758131429113e-25,2.43771699674048e-06,-3.38611237709859,-1.44264668044519,-0.552331471815936,-1.9597316681327,-4.31612848516995,-17.3379916382289,-12.5444756520419,-50.1737511685432,-56.623329645576,-13.8359398555933,0.911491241860257,8.97623465539722
0.114390987533679,0.798781939858662,1.94575080745825,0.476278613039071,0.0451326615584967,9.98085241880936e-08,1.20493931729971e-05,5.47997353179899e-22,8.66487132368119e-25,3.31199291069402e-06,-3.38611237709859,-1.44264668044519,-0.552331471815936,-1.9597316681327,-4.31612848516995,-17.3379916382289,-12.5444756520419,-50.1737511685432,-56.623329645576,-13.8359398555933,1.21797939365882,5.60962287445902
0.081917342563993,0.572021408435411,1.39338543075166,0.341071260432453,0.0323202708309831,7.14745911631842e-08,8.62877652795879e-06,3.9243027682913e-22,6.2050625473089e-25,2.3717747672644e-06,-3.38611237709859,-1.44264668044519,-0.552331471815936,-1.9597316681327,-4.31612848516995,-17.3379916382289,-12.5444756520419,-50.1737511685432,-56.623329645576,-13.8359398555933,0.884067819477103,2.60429599087879
0.0846241581846465,0.590922857569844,1.4394274205367,0.352341364986606,0.0333882377743775,7.38363442887718e-08,8.91389938914978e-06,4.0539745044696e-22,6.41009800994086e-25,2.45014592516284e-06,-3.38611237709859,-1.44264668044519,-0.552331471815936,-1.9597316681327,-4.31612848516995,-17.3379916382289,-12.5444756520419,-50.1737511685432,-56.623329645576,-13.8359398555933,0.916576881702923,15.8313167911079
0.120952016771958,0.63910368691063,1.82580911720167,0.437433528352823,0.0210101007482242,1.37784834995538e-07,1.7785526712183e-05,1.81775097112648e-22,1.60342132701573e-24,4.69451416079883e-06,-3.22564256250235,-1.56096976829648,-0.511257954189958,-1.94011171478567,-4.97603316375002,-16.9108537301179,-12.0504067323377,-51.172553233939,-55.9031837510632,-13.3823971256509,1.11328119486433,18.2606406484438
0.116254489059608,0.614282213400287,1.75489844407344,0.420444509264182,0.0201941116218078,1.32433555223548e-07,1.70947734131559e-05,1.74715325982815e-22,1.54114773853617e-24,4.51218888045275e-06,-3.22564256250235,-1.56096976829648,-0.511257954189958,-1.94011171478567,-4.97603316375002,-16.9108537301179,-12.0504067323377,-51.172553233939,-55.9031837510632,-13.3823971256509,1.07366894280863,12.606818234957
0.0672579224960655,0.355387098027709,1.01527970657063,0.243244148649498,0.011683110091689,7.66181664480656e-08,9.89001762091367e-06,1.01079880431988e-22,8.91616280729647e-25,2.61048371089992e-06,-3.22564256250235,-1.56096976829648,-0.511257954189958,-1.94011171478567,-4.97603316375002,-16.9108537301179,-12.0504067323377,-51.172553233939,-55.9031837510632,-13.3823971256509,0.526422101696445,2.38005134080061
0.153524425893522,0.811214473623694,2.31749998049254,0.55523448967008,0.0266681262654565,1.74890326379642e-07,2.25751736149212e-05,2.30727177361367e-22,2.03522310140257e-24,5.95874802769513e-06,-3.22564256250235,-1.56096976829648,-0.511257954189958,-1.94011171478567,-4.97603316375002,-16.9108537301179,-12.0504067323377,-51.172553233939,-55.9031837510632,-13.3823971256509,1.35174696423037,7.30639439066731
0.243492134894943,1.28659881247369,3.67559112880503,0.880610563890577,0.0422960643573909,2.77378786436154e-07,3.58045775916695e-05,3.65936903310536e-22,3.22789559422758e-24,9.45066734573431e-06,-3.22564256250235,-1.56096976829648,-0.511257954189958,-1.94011171478567,-4.97603316375002,-16.9108537301179,-12.0504067323377,-51.172553233939,-55.9031837510632,-13.3823971256509,1.81297192529508,6.73215104446047
0.306893079653646,1.62160585601311,4.63264853114574,1.10990561582006,0.053309193964187,3.49603201913321e-07,4.51274415395238e-05,4.61220249534315e-22,4.06838118258049e-24,1.19114500670255e-05,-3.22564256250235,-1.56096976829648,-0.511257954189958,-1.94011171478567,-4.97603316375002,-16.9108537301179,-12.0504067323377,-51.172553233939,-55.9031837510632,-13.3823971256509,2.04438669570185,0.850299330068871
0.372665590299342,1.96914412096231,5.6255054739495,1.34777764282905,0.0647342789855895,4.24529232651987e-07,5.47990350874173e-05,5.60067749799695e-22,4.94030584423798e-24,1.44642804443781e-05,-3.22564256250235,-1.56096976829648,-0.511257954189958,-1.94011171478567,-4.97603316375002,-16.9108537301179,-12.0504067323377,-51.172553233939,-55.9031837510632,-13.3823971256509,2.23856876027856,2.06982584377815
0.324235649490352,1.99841040657128,5.06720675176597,1.25979595740696,0.0945811290021839,3.4525415983064e-07,2.43777991879682e-05,1.10308532118425e-21,4.60508973586789e-24,1.40221405896405e-05,-3.29468318743061,-1.47604640529131,-0.54560874387205,-1.93744870383451,-4.52669577794853,-17.047383469099,-12.7902361823116,-50.4245743349656,-55.903278548842,-13.3432714799868,2.16839847311853,2.66834286021817
0.107146267974231,1.09032879618595,1.24235617332259,0.31462361098818,0.0457482376286702,8.6526921761024e-08,6.63813681236717e-06,4.99288579922529e-22,1.97661313527685e-24,3.91695868972884e-06,-3.26325613318502,-0.943216446965875,-0.812686029186145,-2.18607398595084,-4.11429775537766,-17.2925059827978,-12.9523749799961,-50.0785537323855,-55.6103531351271,-13.4798907953393,1.02969574559738,3.02200550392663
0.0833701395031488,0.848381054804311,0.966673029688847,0.24480754052374,0.0355965450335865,6.73262977272298e-08,5.16511123113629e-06,3.88494712391491e-22,1.5379958252155e-24,3.04777197157537e-06,-3.26325613318502,-0.943216446965875,-0.812686029186145,-2.18607398595084,-4.11429775537766,-17.2925059827978,-12.9523749799961,-50.0785537323855,-55.6103531351271,-13.4798907953393,0.778791059925538,8.91441623079906
0.045717334140229,0.845200429629829,0.974035138965775,0.141870007750186,0.0208324233546129,3.7721131403269e-08,1.38332929875375e-06,4.37742651237428e-22,9.634956222433e-25,4.669749309791e-06,-3.79216087156607,-0.87506460633961,-0.733191020440047,-2.65972720044606,-4.57812781225703,-17.7999285062632,-14.1979005503742,-49.8872941698273,-56.0061126880098,-12.9812882901279,0.706883121416601,6.81454536828288
0.0421192886998968,0.778681468951402,0.897376629531927,0.130704554993476,0.0191928700588712,3.4752403077304e-08,1.27445852206778e-06,4.0329143093021e-22,8.87666593810474e-25,4.30223071913891e-06,-3.79216087156607,-0.87506460633961,-0.733191020440047,-2.65972720044606,-4.57812781225703,-17.7999285062632,-14.1979005503742,-49.8872941698273,-56.0061126880098,-12.9812882901279,0.624911392240276,1.90018045096264
0.0464221576624942,0.858230873224911,0.989051825532628,0.144057215741351,0.0211535965437818,3.83026775760604e-08,1.40465606784771e-06,4.44491323772543e-22,9.78349821223354e-25,4.74174277175724e-06,-3.79216087156607,-0.87506460633961,-0.733191020440047,-2.65972720044606,-4.57812781225703,-17.7999285062632,-14.1979005503742,-49.8872941698273,-56.0061126880098,-12.9812882901279,0.722182473661811,1.14919113084901
0.0647074189811639,1.19628012769432,1.37863025097025,0.200800029244799,0.0294858038367932,5.33897503005769e-08,1.95793718524398e-06,6.19572371666809e-22,1.36371282550689e-24,6.60947167651569e-06,-3.79216087156607,-0.87506460633961,-0.733191020440047,-2.65972720044606,-4.57812781225703,-17.7999285062632,-14.1979005503742,-49.8872941698273,-56.0061126880098,-12.9812882901279,1.05428145492292,0.711536421812363
0.0256883374153868,0.30145993114444,0.770502823620232,0.1065252347919,0.0205177139898093,1.3029546979626e-08,1.61206235420636e-06,2.19429254412795e-22,1.07880974710672e-24,1.83021366191984e-06,-3.86441205882362,-1.40181204168569,-0.463405831248019,-2.44206724717616,-4.0891605405698,-18.3587400855814,-13.5406901050374,-50.0737062263303,-55.3888777561556,-13.4137717144578,0.202693871678951,0.692619010172587
0.0171534035990593,0.201300060188708,0.514503749077046,0.0711322930839237,0.0137007165277444,8.70048825816791e-09,1.07645565929029e-06,1.46524023782434e-22,7.20375892744086e-25,1.22212633335386e-06,-3.86441205882362,-1.40181204168569,-0.463405831248019,-2.44206724717616,-4.0891605405698,-18.3587400855814,-13.5406901050374,-50.0737062263303,-55.3888777561556,-13.4137717144578,-0.20114660565071,0.996509476346508
0.0682294524664706,0.800691991465548,2.04649234122832,0.282936117125278,0.0544960294141033,3.46070997873743e-08,4.28171469374378e-06,5.82814591758794e-22,2.86537027174417e-24,4.861134997964e-06,-3.86441205882362,-1.40181204168569,-0.463405831248019,-2.44206724717616,-4.0891605405698,-18.3587400855814,-13.5406901050374,-50.0737062263303,-55.3888777561556,-13.4137717144578,1.17953310581573,0.816605082781105
0.0875837096259583,1.02781969289305,2.62700907725986,0.363194981480677,0.0699546052830784,4.44238971471076e-08,5.49628412484097e-06,7.4813826177864e-22,3.67817341015043e-24,6.24006526101743e-06,-3.86441205882362,-1.40181204168569,-0.463405831248019,-2.44206724717616,-4.0891605405698,-18.3587400855814,-13.5406901050374,-50.0737062263303,-55.3888777561556,-13.4137717144578,1.42925179731655,0.813895435087885
0.291280119760545,3.41825488457505,8.73673337089962,1.2078898936106,0.232650408297133,1.47742064551745e-07,1.82791789130517e-05,2.48810884374485e-21,1.22326263181153e-23,2.07527971160982e-05,-3.86441205882362,-1.40181204168569,-0.463405831248019,-2.44206724717616,-4.0891605405698,-18.3587400855814,-13.5406901050374,-50.0737062263303,-55.3888777561556,-13.4137717144578,2.63094219486123,1.87522014764819
0.238210910868791,2.47800239872089,5.35945086688691,0.891493241200112,0.237897126850416,7.00036593122205e-08,7.0119889840029e-06,1.95527048906859e-21,5.63099410424698e-24,1.65146612263764e-05,-3.65435412125753,-1.31230255242876,-0.540893784015393,-2.33461272672931,-3.65567224251971,-18.6944736240166,-14.0876444655693,-49.9035137150704,-55.7535115362443,-13.2310173160605,2.21975530364206,1.48781913691538
0.105046100813249,1.09274797213166,2.3634073435736,0.393130140629953,0.104907728530017,3.08701705836568e-08,3.0921425850249e-06,8.62233976448728e-22,2.48315231320094e-24,7.28262513986244e-06,-3.65435412125753,-1.31230255242876,-0.540893784015393,-2.33461272672931,-3.65567224251971,-18.6944736240166,-14.0876444655693,-49.9035137150704,-55.7535115362443,-13.2310173160605,1.40099815144059,1.5456803261094
0.0711373573439531,0.740010360961496,1.60050255504498,0.266228247218713,0.0710436514521341,2.0905320036414e-08,2.09400301702229e-06,5.83905980534922e-22,1.68159400564213e-24,4.93180330317514e-06,-3.65435412125753,-1.31230255242876,-0.540893784015393,-2.33461272672931,-3.65567224251971,-18.6944736240166,-14.0876444655693,-49.9035137150704,-55.7535115362443,-13.2310173160605,1.01121146084614,2.10581188370595
0.058857465769719,0.612268098165878,1.32422018282797,0.220271324837732,0.058779935600957,1.72965963930743e-08,1.73253147850528e-06,4.83110809077446e-22,1.39131344375221e-24,4.08046425868942e-06,-3.65435412125753,-1.31230255242876,-0.540893784015393,-2.33461272672931,-3.65567224251971,-18.6944736240166,-14.0876444655693,-49.9035137150704,-55.7535115362443,-13.2310173160605,0.821717528933274,7.10592699196013
0.0625488803571556,0.650668246038952,1.40727244537346,0.234086272033748,0.0624664876617423,1.83814019891598e-08,1.8411921537367e-06,5.13410487540566e-22,1.4785736523731e-24,4.33638226486e-06,-3.65435412125753,-1.31230255242876,-0.540893784015393,-2.33461272672931,-3.65567224251971,-18.6944736240166,-14.0876444655693,-49.9035137150704,-55.7535115362443,-13.2310173160605,0.882547179062566,3.39020286995997
0.0464992114746106,0.483710662758777,1.04617474631306,0.174021133622981,0.0464379602524287,1.36648440933442e-08,1.36875325078784e-06,3.8167242478387e-22,1.09918048972109e-24,3.22369249164999e-06,-3.65435412125753,-1.31230255242876,-0.540893784015393,-2.33461272672931,-3.65567224251971,-18.6944736240166,-14.0876444655693,-49.9035137150704,-55.7535115362443,-13.2310173160605,0.586034197189664,1.43845007758188
0.0130997143107438,0.136270514923901,0.294727369802795,0.0490250707958253,0.0130824586737917,3.849647081035e-09,3.8560388399302e-07,1.07524398079042e-22,3.09660098196546e-25,9.08175629803162e-07,-3.65435412125753,-1.31230255242876,-0.540893784015393,-2.33461272672931,-3.65567224251971,-18.6944736240166,-14.0876444655693,-49.9035137150704,-55.7535115362443,-13.2310173160605,-0.680810736095474,1.18130522501946
0.0221356305014949,0.230267141332232,0.498024308154677,0.0828415663657627,0.0221064722775383,6.50505524972097e-09,6.51585591375093e-07,1.81692538425914e-22,5.23257328529188e-25,1.53461668666297e-06,-3.65435412125753,-1.31230255242876,-0.540893784015393,-2.33461272672931,-3.65567224251971,-18.6944736240166,-14.0876444655693,-49.9035137150704,-55.7535115362443,-13.2310173160605,-0.15621260757776,2.00027186501371
0.0968419224674988,1.00740354543787,2.17882347801152,0.362426385213539,0.0967143571621642,2.84591873765571e-08,2.85064395688321e-06,7.94892863701222e-22,2.28921627674224e-24,6.71384671772094e-06,-3.65435412125753,-1.31230255242876,-0.540893784015393,-2.33461272672931,-3.65567224251971,-18.6944736240166,-14.0876444655693,-49.9035137150704,-55.7535115362443,-13.2310173160605,1.31967882614633,0.556951677917556
0.146739644295449,1.52646740329984,3.30146050387718,0.549166285576049,0.146546351070239,4.31227605376696e-08,4.31943593836028e-06,1.20446076554969e-21,3.46873310241486e-24,1.0173150781297e-05,-3.65435412125753,-1.31230255242876,-0.540893784015393,-2.33461272672931,-3.65567224251971,-18.6944736240166,-14.0876444655693,-49.9035137150704,-55.7535115362443,-13.2310173160605,1.73525873151202,2.00714405662797
0.0544631795192718,0.566556288284625,1.22535417720121,0.203825913173402,0.054391437736913,1.60052360751327e-08,1.60318103578915e-06,4.47041855750819e-22,1.28743826910804e-24,3.77581763904809e-06,-3.65435412125753,-1.31230255242876,-0.540893784015393,-2.33461272672931,-3.65567224251971,-18.6944736240166,-14.0876444655693,-49.9035137150704,-55.7535115362443,-13.2310173160605,0.744123710469608,3.47374073297308
0.104525055428616,1.0873277682113,2.35168446686667,0.391180152541394,0.104387369493939,3.07170496226604e-08,3.07680506549699e-06,8.57957158647549e-22,2.47083548237983e-24,7.24650215968745e-06,-3.65435412125753,-1.31230255242876,-0.540893784015393,-2.33461272672931,-3.65567224251971,-18.6944736240166,-14.0876444655693,-49.9035137150704,-55.7535115362443,-13.2310173160605,1.39602564980839,1.3338409829737
0.0596725521128556,0.620747079695694,1.34255861742099,0.223321747520935,0.0595939482692265,1.75361279345426e-08,1.7565244032552e-06,4.89801158679675e-22,1.41058101791963e-24,4.13697247982024e-06,-3.65435412125753,-1.31230255242876,-0.540893784015393,-2.33461272672931,-3.65567224251971,-18.6944736240166,-14.0876444655693,-49.9035137150704,-55.7535115362443,-13.2310173160605,0.835470993346495,2.25808507573406
0.0834256634344504,0.867840156235824,1.87697424347055,0.312216660534972,0.0833157707355283,2.45165164755112e-08,2.45572224568551e-06,6.84770219589973e-22,1.97207347568154e-24,5.78372570836825e-06,-3.65435412125753,-1.31230255242876,-0.540893784015393,-2.33461272672931,-3.65567224251971,-18.6944736240166,-14.0876444655693,-49.9035137150704,-55.7535115362443,-13.2310173160605,1.1705548193469,3.08427042597011
0.0578439825028437,0.601725281477839,1.30141806283514,0.216478410906151,0.0577677873478763,1.6998761432139e-08,1.70269853140441e-06,4.74791988097923e-22,1.367356026018e-24,4.01020159628659e-06,-3.65435412125753,-1.31230255242876,-0.540893784015393,-2.33461272672931,-3.65567224251971,-18.6944736240166,-14.0876444655693,-49.9035137150704,-55.7535115362443,-13.2310173160605,0.804348271539191,4.40680904137192
0.0945744249150749,0.983815774611136,2.12780758760297,0.353940381213759,0.0944498464775166,2.77928319792653e-08,2.78389777888128e-06,7.76280907464121e-22,2.23561560285822e-24,6.55664588349659e-06,-3.65435412125753,-1.31230255242876,-0.540893784015393,-2.33461272672931,-3.65567224251971,-18.6944736240166,-14.0876444655693,-49.9035137150704,-55.7535115362443,-13.2310173160605,1.29598593204721,1.91563427111277
0.132079174545344,1.37396104213175,2.97161806708616,0.494300160227844,0.131905192866749,3.88144502004124e-08,3.88788957462269e-06,1.08412545532517e-21,3.1221787887302e-24,9.15677126089847e-06,-3.65435412125753,-1.31230255242876,-0.540893784015393,-2.33461272672931,-3.65567224251971,-18.6944736240166,-14.0876444655693,-49.9035137150704,-55.7535115362443,-13.2310173160605,1.63000039221104,1.65038028648052
0.219164247421644,2.27986841091352,4.93092449691159,0.82021199019185,0.218875552676347,6.44063668367173e-08,6.45133039037965e-06,1.79893265039612e-21,5.18075591328714e-24,1.51941961260364e-05,-3.65435412125753,-1.31230255242876,-0.540893784015393,-2.33461272672931,-3.65567224251971,-18.6944736240166,-14.0876444655693,-49.9035137150704,-55.7535115362443,-13.2310173160605,2.13642027921794,0.539453248563616
0.138241900201419,1.43806914239767,3.11027177207127,0.517363874017122,0.138059800654447,4.0625506401361e-08,4.06929589330987e-06,1.13471002159714e-21,3.26785755595747e-24,9.5840200635246e-06,-3.65435412125753,-1.31230255242876,-0.540893784015393,-2.33461272672931,-3.65567224251971,-18.6944736240166,-14.0876444655693,-49.9035137150704,-55.7535115362443,-13.2310173160605,1.67560389290665,1.68055381538381
0.0506539736844403,0.737195186061075,0.860085892917301,0.219725242168808,0.0288172244305905,1.38879919956766e-08,5.1212640109525e-07,4.81418605756279e-22,1.17783876106323e-24,2.16359740190225e-06,-3.62273724406202,-0.944902229725668,-0.790722665723355,-2.15537705887383,-4.18678164659329,-18.7322409018635,-15.1246940117237,-49.7253047044765,-55.7383606776413,-13.6837379042583,0.639999646486782,2.02028384348263
0.0380361826474651,0.55356152152115,0.64584042940662,0.164992178016599,0.0216389185706003,1.04285243926747e-08,3.8455686521256e-07,3.61498312699181e-22,8.84441772014952e-25,1.62465015019372e-06,-3.62273724406202,-0.944902229725668,-0.790722665723355,-2.15537705887383,-4.18678164659329,-18.7322409018635,-15.1246940117237,-49.7253047044765,-55.7383606776413,-13.6837379042583,0.353519846708564,1.67177407254317
0.0511260837392693,0.744066063790809,0.868102148474908,0.221773146579504,0.0290858095072658,1.40174321991913e-08,5.16899571010934e-07,4.85905569913823e-22,1.18881656757313e-24,2.1837627712453e-06,-3.62273724406202,-0.944902229725668,-0.790722665723355,-2.15537705887383,-4.18678164659329,-18.7322409018635,-15.1246940117237,-49.7253047044765,-55.7383606776413,-13.6837379042583,0.649276777052297,7.55793597242234
0.0288462371840991,0.419815182133006,0.489798526377235,0.125128316495375,0.0164107261572565,7.90888220564647e-09,2.91643844691508e-07,2.74156483220778e-22,6.70751251973191e-25,1.23211742902895e-06,-3.62273724406202,-0.944902229725668,-0.790722665723355,-2.15537705887383,-4.18678164659329,-18.7322409018635,-15.1246940117237,-49.7253047044765,-55.7383606776413,-13.6837379042583,0.0769615226333524,1.52441896335336
0.0357740832329809,0.48312791255533,0.661684390198182,0.281461721860403,0.0276206301475572,1.03813581915378e-08,7.1973641258553e-07,1.21759932218092e-21,1.48331643834557e-24,5.1911993823544e-06,-3.72908932644081,-1.12603157774391,-0.811524335354331,-1.66631656649027,-3.98775006302091,-18.7818118674598,-14.5429385322565,-48.5559635480947,-55.2663195609517,-12.5671035392792,0.398557746660357,1.56361170130788
0.0495675672943197,0.669408497805273,0.916811349857654,0.389985474910187,0.0382703711688233,1.43841190119188e-08,9.9724660538933e-07,1.68707150220077e-21,2.05524169264191e-24,7.19278040047322e-06,-3.72908932644081,-1.12603157774391,-0.811524335354331,-1.66631656649027,-3.98775006302091,-18.7818118674598,-14.5429385322565,-48.5559635480947,-55.2663195609517,-12.5671035392792,0.724670782118227,0.60604391383103
0.227080492514058,3.06671518640652,4.20012488472503,1.78661367805482,0.175325423620459,6.58969767512005e-08,4.56861739784701e-06,7.72886483113903e-21,9.41553764439106e-24,3.29517909601365e-05,-3.72908932644081,-1.12603157774391,-0.811524335354331,-1.66631656649027,-3.98775006302091,-18.7818118674598,-14.5429385322565,-48.5559635480947,-55.2663195609517,-12.5671035392792,2.24663859465993,0.920473111136739
0.300187926197847,4.05402886815486,5.5523341743656,2.36180505420905,0.231770570618814,8.71121802434259e-08,6.03946101696162e-06,1.02171343730878e-20,1.24468230987852e-23,4.35604559568936e-05,-3.72908932644081,-1.12603157774391,-0.811524335354331,-1.66631656649027,-3.98775006302091,-18.7818118674598,-14.5429385322565,-48.5559635480947,-55.2663195609517,-12.5671035392792,2.52574274665484,2.23815004706154
0.0888834775863082,1.20036867771757,1.64400606110206,0.699313424286967,0.0686255925735862,2.57932876189626e-08,1.78824080213237e-06,3.02521972002338e-21,3.68541445331973e-24,1.28979365017569e-05,-3.72908932644081,-1.12603157774391,-0.811524335354331,-1.66631656649027,-3.98775006302091,-18.7818118674598,-14.5429385322565,-48.5559635480947,-55.2663195609517,-12.5671035392792,1.30866031878326,1.00771876232171
0.183805812140912,2.48229193622796,3.39970799333345,1.4461390956187,0.141913695539095,5.33390041358808e-08,3.69797696788236e-06,6.2559767309246e-21,7.62122067074297e-24,2.66721752796555e-05,-3.72908932644081,-1.12603157774391,-0.811524335354331,-1.66631656649027,-3.98775006302091,-18.7818118674598,-14.5429385322565,-48.5559635480947,-55.2663195609517,-12.5671035392792,2.03521387897449,0.797911727406927
0.171141805561201,3.17204271317307,4.83258390485704,1.14247916081692,0.121460952978765,1.10264678081763e-08,3.58139295648208e-06,8.50776476828826e-21,1.13854266265804e-23,3.15234808855799e-05,-4.01019161826463,-1.09055305504326,-0.669547529847819,-2.11172822078191,-4.35309126693039,-20.5678961143632,-14.7846875636563,-48.4582365286329,-55.0746368847697,-12.6097066893014,2.24492882441659,0.924825116595905
0.0802424667939254,1.4872609953252,2.26583126339448,0.535668919840978,0.0569488352316803,5.16992896066805e-09,1.67919115054412e-06,3.98899631607407e-21,5.33823232156645e-24,1.47802686777516e-05,-4.01019161826463,-1.09055305504326,-0.669547529847819,-2.11172822078191,-4.35309126693039,-20.5678961143632,-14.7846875636563,-48.4582365286329,-55.0746368847697,-12.6097066893014,1.4874892251596,0.410819474862994
0.0207607399070896,0.38479174346922,0.586227410648921,0.138590992593613,0.0147340928500234,1.33759036553802e-09,4.34448891261803e-07,1.03205345395266e-21,1.381134668707e-24,3.82402642934369e-06,-4.01019161826463,-1.09055305504326,-0.669547529847819,-2.11172822078191,-4.35309126693039,-20.5678961143632,-14.7846875636563,-48.4582365286329,-55.0746368847697,-12.6097066893014,0.135500037941657,1.42060179349562
0.0286305151832683,0.530654779313992,0.808448680371959,0.191126690834398,0.0203193465619317,1.84463084846279e-09,5.99135465946354e-07,1.42327403626139e-21,1.90468149398908e-24,5.27360042255317e-06,-4.01019161826463,-1.09055305504326,-0.669547529847819,-2.11172822078191,-4.35309126693039,-20.5678961143632,-14.7846875636563,-48.4582365286329,-55.0746368847697,-12.6097066893014,0.456909452756227,2.88140680232098
0.0144447547882981,0.267727566736506,0.407880992435673,0.0964278206287792,0.0102515786623734,9.30658778244639e-10,3.02277651490721e-07,7.18074555024479e-22,9.60955712964599e-25,2.66065295953049e-06,-4.01019161826463,-1.09055305504326,-0.669547529847819,-2.11172822078191,-4.35309126693039,-20.5678961143632,-14.7846875636563,-48.4582365286329,-55.0746368847697,-12.6097066893014,-0.227232302485243,2.4504361145355
0.023649037779705,0.438325152154842,0.6677851677724,0.157872196966059,0.0167839450818847,1.52368004367589e-09,4.9489075479881e-07,1.17563589893378e-21,1.57328236398541e-24,4.35603672618898e-06,-4.01019161826463,-1.09055305504326,-0.669547529847819,-2.11172822078191,-4.35309126693039,-20.5678961143632,-14.7846875636563,-48.4582365286329,-55.0746368847697,-12.6097066893014,0.265758767545169,0.996767072272572
0.0255258528017712,0.473111143778554,0.720781371933561,0.170401117321828,0.018115938398173,1.64460105625289e-09,5.34165858147209e-07,1.26893572517418e-21,1.69813987413805e-24,4.70173684475362e-06,-4.01019161826463,-1.09055305504326,-0.669547529847819,-2.11172822078191,-4.35309126693039,-20.5678961143632,-14.7846875636563,-48.4582365286329,-55.0746368847697,-12.6097066893014,0.342128113226471,3.4803563764465
0.0644296440676511,1.19417685414124,1.81931971499304,0.430108385527226,0.0457263258552046,4.15112715373426e-09,1.34828467361247e-06,3.20291266084657e-21,4.2862641462936e-24,1.18676243164035e-05,-4.01019161826463,-1.09055305504326,-0.669547529847819,-2.11172822078191,-4.35309126693039,-20.5678961143632,-14.7846875636563,-48.4582365286329,-55.0746368847697,-12.6097066893014,1.2680101780914,3.17295177510536
0.0755927950032845,1.40108124822141,2.13453704814043,0.504629437068045,0.0536489193234788,4.8703560062402e-09,1.58188995784986e-06,3.75785282828159e-21,5.02890698263813e-24,1.39238219472999e-05,-4.01019161826463,-1.09055305504326,-0.669547529847819,-2.11172822078191,-4.35309126693039,-20.5678961143632,-14.7846875636563,-48.4582365286329,-55.0746368847697,-12.6097066893014,1.42779731373688,2.62485987689196
0.0581112832297909,1.47305172708555,2.85917764067254,0.511429727727264,0.0470593792581224,2.89545179702946e-09,8.74924746011819e-07,2.44075542972069e-21,2.51211731216484e-24,9.81203546483692e-06,-4.44454872654373,-1.21181704248474,-0.548619250916902,-2.26969838390126,-4.65549838238029,-21.2592779731229,-15.5482812550206,-49.0611326553175,-55.9400695798143,-13.1310541133147,1.59915329617524,0.818579632294421
0.0270879098375722,0.976029031381653,1.22772560074495,0.424914159144313,0.0143303675871071,1.27616302938232e-09,3.46437413141381e-07,3.54594910076582e-21,1.67983938127009e-24,5.0101423722243e-06,-4.59078087059661,-1.00637603624233,-0.776949735905281,-1.83798119744108,-5.22748747439243,-21.4615209827106,-15.8576767489849,-48.0705941878109,-55.7254571378983,-13.1861593141606,0.982113088498986,2.67913726246683
0.038192110150776,0.714281102601577,1.49240051014667,0.233890838073955,0.00717538715916491,6.47673213024041e-10,1.6375695869661e-07,3.93515474857739e-21,1.20974600817705e-24,4.51477768827822e-06,-4.17577904429057,-1.24713141203277,-0.510266814838392,-2.36355349546164,-5.84775127835964,-22.0682875667005,-16.5355351865097,-47.8949894646167,-55.9822845239132,-13.2188073298171,0.910652719032918,1.81579129790805
0.211634088309145,3.95804864797354,8.26984474306602,1.29606020940525,0.039761000732874,3.58895409076559e-09,9.07427071225367e-07,2.18058882916595e-20,6.70357025352721e-24,2.50177551385654e-05,-4.17577904429057,-1.24713141203277,-0.510266814838392,-2.36355349546164,-5.84775127835964,-22.0682875667005,-16.5355351865097,-47.8949894646167,-55.9822845239132,-13.2188073298171,2.62288255018701,0.486517791138534
0.124168272707103,2.32223489058933,4.85201767591641,0.760414160176212,0.0233282587958846,2.10568266121899e-09,5.32398409641508e-07,1.27937777210271e-20,3.93306553779422e-24,1.46782187471955e-05,-4.17577904429057,-1.24713141203277,-0.510266814838392,-2.36355349546164,-5.84775127835964,-22.0682875667005,-16.5355351865097,-47.8949894646167,-55.9822845239132,-13.2188073298171,2.08966144893013,0.34818778750918
0.053353526772643,0.997834782639573,2.08485025465394,0.326740288551485,0.0100238559584487,9.04785045251024e-10,2.2876482198899e-07,5.49732348916705e-21,1.68998821433438e-24,6.30704381908024e-06,-4.17577904429057,-1.24713141203277,-0.510266814838392,-2.36355349546164,-5.84775127835964,-22.0682875667005,-16.5355351865097,-47.8949894646167,-55.9822845239132,-13.2188073298171,1.24496384720009,0.950333534592645
0.126572944903031,2.36720784182773,4.94598300010956,0.775140521013,0.0237800393842979,2.14646181066263e-09,5.42708963415909e-07,1.30415450523742e-20,4.00923421709768e-24,1.49624806100498e-05,-4.17577904429057,-1.24713141203277,-0.510266814838392,-2.36355349546164,-5.84775127835964,-22.0682875667005,-16.5355351865097,-47.8949894646167,-55.9822845239132,-13.2188073298171,2.10884254683296,0.569027857951627
0.241558847038259,4.51771109070672,9.43918901383393,1.47932127748141,0.0453831496185552,4.09642708868427e-09,1.03573596695969e-06,2.48892098454574e-20,7.65144554178156e-24,2.85552300909561e-05,-4.17577904429057,-1.24713141203277,-0.510266814838392,-2.36355349546164,-5.84775127835964,-22.0682875667005,-16.5355351865097,-47.8949894646167,-55.9822845239132,-13.2188073298171,2.75513688175387,0.558275228884053
0.178301889382924,3.33465916498441,6.96735083829308,1.09193176740705,0.0334986750531007,3.0236967040835e-09,7.64508036344089e-07,1.83714784000034e-20,5.64776332283999e-24,2.10774787982622e-05,-4.17577904429057,-1.24713141203277,-0.510266814838392,-2.36355349546164,-5.84775127835964,-22.0682875667005,-16.5355351865097,-47.8949894646167,-55.9822845239132,-13.2188073298171,2.45150188677266,0.306844799346575
0.0445256429949735,0.832732866734458,1.73989057053861,0.272677783834483,0.00836530701598856,7.55079155005266e-10,1.90913354933328e-07,4.58773539281835e-21,1.41036247177851e-24,5.26347925674549e-06,-4.17577904429057,-1.24713141203277,-0.510266814838392,-2.36355349546164,-5.84775127835964,-22.0682875667005,-16.5355351865097,-47.8949894646167,-55.9822845239132,-13.2188073298171,1.06408903559209,0.727691013557871
0.358553225435997,6.70577750730989,14.01087854122,2.19580206645484,0.0673636046689695,6.08045270715547e-09,1.53737474825192e-06,3.69438196036292e-20,1.13572759263052e-23,4.23854061969325e-05,-4.17577904429057,-1.24713141203277,-0.510266814838392,-2.36355349546164,-5.84775127835964,-22.0682875667005,-16.5355351865097,-47.8949894646167,-55.9822845239132,-13.2188073298171,3.15010088137398,0.668058139803772
0.15316082315685,2.86446287486991,5.98493483893357,0.937966327255281,0.0287752679657702,2.59734699265861e-09,6.56710260119667e-07,1.57810484459303e-20,4.85141286228056e-24,1.81054952024646e-05,-4.17577904429057,-1.24713141203277,-0.510266814838392,-2.36355349546164,-5.84775127835964,-22.0682875667005,-16.5355351865097,-47.8949894646167,-55.9822845239132,-13.2188073298171,2.29951226639283,1.32224231006931
0.212288980896143,3.97029665933715,8.29543542205887,1.30007081199874,0.0398840394401052,3.60005995489126e-09,9.10235065282161e-07,2.1873365675427e-20,6.72431416345462e-24,2.50951715061954e-05,-4.17577904429057,-1.24713141203277,-0.510266814838392,-2.36355349546164,-5.84775127835964,-22.0682875667005,-16.5355351865097,-47.8949894646167,-55.9822845239132,-13.2188073298171,2.62597222921391,5.23756146588569
0.124839286615469,2.33478440807963,4.8782383140327,0.764523490736042,0.0234543263151367,2.11706191552831e-09,5.35275527361459e-07,1.28629161780917e-20,3.95432009518505e-24,1.47575408535168e-05,-4.17577904429057,-1.24713141203277,-0.510266814838392,-2.36355349546164,-5.84775127835964,-22.0682875667005,-16.5355351865097,-47.8949894646167,-55.9822845239132,-13.2188073298171,2.09505096830401,8.30349257420732
0.125196665429199,2.34146822136227,4.89220330108949,0.76671210063278,0.0235214692758392,2.12312245221094e-09,5.36807866564716e-07,1.28997389912419e-20,3.96564017128482e-24,1.47997874297893e-05,-4.17577904429057,-1.24713141203277,-0.510266814838392,-2.36355349546164,-5.84775127835964,-22.0682875667005,-16.5355351865097,-47.8949894646167,-55.9822845239132,-13.2188073298171,2.09790958966766,7.78128293187586
0.0299519819051955,0.560171579310102,1.17040804759801,0.183427784485476,0.00562726347158153,5.07934656671014e-10,1.28425621008297e-07,3.08612651561331e-21,9.4873759013981e-25,3.54069306700883e-06,-4.17577904429057,-1.24713141203277,-0.510266814838392,-2.36355349546164,-5.84775127835964,-22.0682875667005,-16.5355351865097,-47.8949894646167,-55.9822845239132,-13.2188073298171,0.667619261476677,7.36220956954842
0.0449858709782475,0.841340198197507,1.75787450686238,0.275496248388761,0.00845177288415963,7.62883838629024e-10,1.92886682265871e-07,4.63515535276972e-21,1.42494032472822e-24,5.31788387126413e-06,-4.17577904429057,-1.24713141203277,-0.510266814838392,-2.36355349546164,-5.84775127835964,-22.0682875667005,-16.5355351865097,-47.8949894646167,-55.9822845239132,-13.2188073298171,1.07437222751609,5.36378272871403
0.0616240496241154,1.15251275560623,2.40803042129017,0.377389480581043,0.0115776900680005,1.04503904241051e-09,2.64226483144688e-07,6.34948345476478e-21,1.95195939020309e-24,7.28472145702203e-06,-4.17577904429057,-1.24713141203277,-0.510266814838392,-2.36355349546164,-5.84775127835964,-22.0682875667005,-16.5355351865097,-47.8949894646167,-55.9822845239132,-13.2188073298171,1.38907597563132,5.55520701828006
0.0339331515207621,0.634628691300626,1.32597681669183,0.207808712751115,0.00637523034812274,5.75448520302225e-10,1.45495749517216e-07,3.49632952497154e-21,1.07484227593209e-24,4.01131633664887e-06,-4.17577904429057,-1.24713141203277,-0.510266814838392,-2.36355349546164,-5.84775127835964,-22.0682875667005,-16.5355351865097,-47.8949894646167,-55.9822845239132,-13.2188073298171,0.792416222808069,7.63918183781517
0.046583701531521,0.871223338062182,1.82031156842874,0.285281461243718,0.008751967159606,7.89980326469607e-10,1.99737727439433e-07,4.79978910734138e-21,1.47555206432404e-24,5.50676711712537e-06,-4.17577904429057,-1.24713141203277,-0.510266814838392,-2.36355349546164,-5.84775127835964,-22.0682875667005,-16.5355351865097,-47.8949894646167,-55.9822845239132,-13.2188073298171,1.10927449271988,6.70597308024303
0.154046153827119,0.872705935965061,2.96764491037378,0.80332878617751,0.0452550522151366,2.13368827636622e-09,7.35856536218833e-07,9.22491223049316e-21,1.14997231702881e-24,6.43206665401033e-06,-3.4480349086875,-1.71368851039078,-0.489763208608128,-1.79652308893548,-4.67297285129946,-21.5429456569357,-15.6997625482273,-47.7099111646973,-56.6998362493145,-13.5317465506605,1.57753188739397,4.35679184713246
0.206880316292039,1.1720232902732,3.98547644616689,1.07885143018511,0.0607764574673331,2.86549254568631e-09,9.88237805205859e-07,1.23888374529137e-20,1.54438543750338e-24,8.63811234966955e-06,-3.4480349086875,-1.71368851039078,-0.489763208608128,-1.79652308893548,-4.67297285129946,-21.5429456569357,-15.6997625482273,-47.7099111646973,-56.6998362493145,-13.5317465506605,1.87242007359491,2.15401121086255
0.0102585910198199,0.058117213933702,0.197628143716854,0.053497093352243,0.00301372712477258,1.42091411224653e-10,4.90038281825724e-08,6.14326287383769e-22,7.65815659231102e-26,4.28338777544324e-07,-3.4480349086875,-1.71368851039078,-0.489763208608128,-1.79652308893548,-4.67297285129946,-21.5429456569357,-15.6997625482273,-47.7099111646973,-56.6998362493145,-13.5317465506605,-1.13160486748523,2.05798090974195
0.0854700422311424,0.484206916882926,1.64655026766418,0.44571411602486,0.0251090412055412,1.18384278061092e-09,4.0827821834013e-07,5.11829486378277e-21,6.38043729487738e-25,3.56872920805767e-06,-3.4480349086875,-1.71368851039078,-0.489763208608128,-1.79652308893548,-4.67297285129946,-21.5429456569357,-15.6997625482273,-47.7099111646973,-56.6998362493145,-13.5317465506605,0.98844556098803,0.692052537025146
0.0359500381614315,0.842421223082046,1.63870105265423,0.408731285285465,0.061387368943576,1.50324416771961e-09,1.82518334616897e-07,5.07779536308491e-21,3.69757728856117e-25,2.44608806346539e-06,-4.41995948403963,-1.26580947562563,-0.60043046379671,-1.98903169379127,-3.88488553326121,-21.4099746365352,-16.6107495560538,-47.8237441198655,-57.351283857281,-14.0153548690334,1.09433435073808,1.29965312031887
0.0287116762765097,0.672803887911921,1.30875672305296,0.32643526814912,0.0490273266654144,1.20057341008392e-09,1.45769173165166e-07,4.05540645071323e-21,2.95308844012406e-25,1.95358036357801e-06,-4.41995948403963,-1.26580947562563,-0.60043046379671,-1.98903169379127,-3.88488553326121,-21.4099746365352,-16.6107495560538,-47.8237441198655,-57.351283857281,-14.0153548690334,0.869508083989341,1.62595775025935
0.245201241234537,5.74582782400611,11.1769431319892,2.78779727669121,0.418699390345458,1.02530443541747e-08,1.2448866394845e-06,3.46336690985535e-20,2.52197379219618e-24,1.66838162072987e-05,-4.41995948403963,-1.26580947562563,-0.60043046379671,-1.98903169379127,-3.88488553326121,-21.4099746365352,-16.6107495560538,-47.8237441198655,-57.351283857281,-14.0153548690334,3.01428347123781,0.606107260325941
0.0708860495565147,0.616451392651489,0.792088827127942,0.283175629202299,0.0877030544251175,7.28850268339486e-10,8.23934552643744e-08,2.2097948373061e-21,6.17236757655927e-25,2.82028866849751e-06,-3.26203366115053,-1.09912783761942,-0.848433772088901,-1.87704001003896,-3.04915058619877,-21.6549048323371,-16.9271118636855,-48.1767393095496,-56.3598968707182,-13.3940233476345,0.615352034096809,1.49681136642312
0.0773203156450309,0.672406158303844,0.863986052482821,0.308879238861319,0.0956637856617612,7.95007383801872e-10,8.98722387265644e-08,2.41037602462309e-21,6.73262810218003e-25,3.0762838587087e-06,-3.26203366115053,-1.09912783761942,-0.848433772088901,-1.87704001003896,-3.04915058619877,-21.6549048323371,-16.9271118636855,-48.1767393095496,-56.3598968707182,-13.3940233476345,0.702235118820822,2.53493276613821
0.0416706391694554,0.362383342130083,0.465632489212007,0.166465891947678,0.0515565807076677,4.28457457152008e-10,4.84353122472864e-08,1.2990364659903e-21,3.62845021994047e-25,1.65791763250915e-06,-3.26203366115053,-1.09912783761942,-0.848433772088901,-1.87704001003896,-3.04915058619877,-21.6549048323371,-16.9271118636855,-48.1767393095496,-56.3598968707182,-13.3940233476345,0.0840751663249437,0.979399907214765
0.305369012206951,0.868212686593577,2.21887575823064,0.222164184979013,0.129567635360764,1.70226062313427e-09,1.09077695238485e-07,1.73797704539207e-21,4.39408121794008e-25,2.87902595583884e-06,-2.50644026830606,-1.46152447440855,-0.523205258308153,-2.82454450919034,-3.363758164115,-21.5115146016515,-17.3514113189951,-49.1217710443128,-57.404574777941,-14.0782644415099,1.32020591070943,1.38283169783829
0.304581868087903,0.865974710626741,2.21315620276111,0.221591516421697,0.129233651236258,1.6978727370521e-09,1.0879652765797e-07,1.73349709374133e-21,4.38275467513102e-25,2.87160474327589e-06,-2.50644026830606,-1.46152447440855,-0.523205258308153,-2.82454450919034,-3.363758164115,-21.5115146016515,-17.3514113189951,-49.1217710443128,-57.404574777941,-14.0782644415099,1.31762490105291,6.49174838962684
0.306289336305455,0.870829314431235,2.22556302756791,0.222833745560104,0.129958127560175,1.70739091275365e-09,1.09406434657104e-07,1.74321497751216e-21,4.4073241426443e-25,2.8877027922612e-06,-2.50644026830606,-1.46152447440855,-0.523205258308153,-2.82454450919034,-3.363758164115,-21.5115146016515,-17.3514113189951,-49.1217710443128,-57.404574777941,-14.0782644415099,1.32321518801353,4.86822016837812
0.320256154763831,0.631292503238172,1.71180327737499,0.230072967339786,0.1264313632982,1.06632134428838e-09,8.01540514526643e-08,1.34269458274107e-21,5.32601167049393e-25,1.56391250185513e-06,-2.24384390075868,-1.56519574978794,-0.567662417949381,-2.57456855205958,-3.17326548167984,-21.7642608889446,-17.4445251917794,-49.1648182563788,-56.9972344272224,-14.4735296435027,1.10520978099113,7.44731842852345
0.34022730261028,0.670659852558348,1.81855119096841,0.244420298930032,0.13431561286311,1.13281705686668e-09,8.51524516027988e-08,1.42642490806245e-21,5.65814132646195e-25,1.66143795867731e-06,-2.24384390075868,-1.56519574978794,-0.567662417949381,-2.57456855205958,-3.17326548167984,-21.7642608889446,-17.4445251917794,-49.1648182563788,-56.9972344272224,-14.4735296435027,1.16570255310444,3.49851376522061
0.240755256240988,0.474579445607226,1.28686250224448,0.172959287064638,0.0950458400719965,8.01616033480136e-10,6.02564819104577e-08,1.00938193852855e-21,4.00387404082164e-25,1.17568436865882e-06,-2.24384390075868,-1.56519574978794,-0.567662417949381,-2.57456855205958,-3.17326548167984,-21.7642608889446,-17.4445251917794,-49.1648182563788,-56.9972344272224,-14.4735296435027,0.819869504993136,6.61625376725152
0.270259527290995,0.532738593683901,1.44456597531966,0.194155242516854,0.106693595022164,8.99853127444786e-10,6.76408422877299e-08,1.13308049768905e-21,4.49454405482226e-25,1.31976309335111e-06,-2.24384390075868,-1.56519574978794,-0.567662417949381,-2.57456855205958,-3.17326548167984,-21.7642608889446,-17.4445251917794,-49.1648182563788,-56.9972344272224,-14.4735296435027,0.935471331295168,4.33396222563672
0.278195690188829,0.548382446479094,1.48698561177697,0.199856605379165,0.109826649233939,9.26277287492391e-10,6.962711358896e-08,1.16635337245559e-21,4.62652620593494e-25,1.35851789692962e-06,-2.24384390075868,-1.56519574978794,-0.567662417949381,-2.57456855205958,-3.17326548167984,-21.7642608889446,-17.4445251917794,-49.1648182563788,-56.9972344272224,-14.4735296435027,0.964413409373167,2.64555653171766
0.19027810384786,0.638535704176631,2.17925691658171,0.251130009201448,0.0683370329245145,3.05245397551153e-10,1.97861954189939e-07,2.76334732469172e-21,4.03292986534896e-25,3.50951948926033e-07,-2.86150135865777,-1.6508104723645,-0.423248831386983,-2.5840172951292,-3.88553623574594,-23.1121378668162,-16.6379290365978,-48.5400769953182,-57.3723669854321,-16.0648493066258,1.20223278612731,1.20807919334538
0.39296998761034,1.31872959991068,4.50068897151507,0.518643788269953,0.141132386956861,6.30405063263086e-10,4.08632460142379e-07,5.7069759577562e-21,8.32896884702366e-25,7.24800070172861e-07,-2.86150135865777,-1.6508104723645,-0.423248831386983,-2.5840172951292,-3.88553623574594,-23.1121378668162,-16.6379290365978,-48.5400769953182,-57.3723669854321,-16.0648493066258,1.92747932122504,1.77117672972658
0.509604788852681,6.80994171601403,10.1006253680058,2.34034075732732,0.336047695196696,1.85926959175761e-09,4.25165972048929e-07,2.26486437315332e-20,1.43525000562972e-24,8.99379197023174e-07,-3.67466851582349,-1.08216517679624,-0.687951398778053,-2.15025219677569,-4.0910509174355,-23.1036308572815,-17.6713349601208,-48.2347357204741,-57.9012519162018,-16.9221098310487,3.00054873833279,0.910766473414539
0.275481986238551,3.68131601416061,5.46019268165496,1.26514062349195,0.181660550624133,1.00508333378004e-09,2.29836078904946e-07,1.2243396249904e-20,7.75866967792693e-25,4.86186105384503e-07,-3.67466851582349,-1.08216517679624,-0.687951398778053,-2.15025219677569,-4.0910509174355,-23.1036308572815,-17.6713349601208,-48.2347357204741,-57.9012519162018,-16.9221098310487,2.3854354775926,1.12576925826865
0.161925869922535,0.624116357726123,1.29116913214307,0.238359392877524,0.0304051458875534,2.02008147567125e-10,4.99437580525804e-08,1.83192389283678e-21,1.94235499582785e-25,9.42876018453256e-08,-2.67331817987318,-1.32411999560627,-0.597153426410024,-2.28667722851364,-4.34584495060306,-23.175414623175,-17.6650698418978,-48.6016217690223,-57.7534277109253,-17.029617669935,0.852701538324997,0.44430504659789
0.743221589695472,2.86462411328138,5.92632156564099,1.09404289121949,0.139556210951844,9.27194750524431e-10,2.29236250346919e-07,8.40832529407822e-21,8.91519167655381e-25,4.3276952203858e-07,-2.67331817987318,-1.32411999560627,-0.597153426410024,-2.28667722851364,-4.34584495060306,-23.175414623175,-17.6650698418978,-48.6016217690223,-57.7534277109253,-17.029617669935,2.37655713761281,0.655868753819803
0.25120628468436,0.96823288033048,2.00307585650124,0.369782651364034,0.0471695087224311,3.13388566327197e-10,7.74810467874306e-08,2.84198439177256e-21,3.01330344727157e-25,1.46274577142576e-07,-2.67331817987318,-1.32411999560627,-0.597153426410024,-2.28667722851364,-4.34584495060306,-23.175414623175,-17.6650698418978,-48.6016217690223,-57.7534277109253,-17.029617669935,1.29183735382006,1.52622336813685
0.0891211829959601,0.343502790223029,0.710637037550005,0.13118886488988,0.0167344635663211,1.11181771600902e-10,2.74881759353175e-08,1.00825905438262e-21,1.06903841312759e-25,5.18942564417131e-08,-2.67331817987318,-1.32411999560627,-0.597153426410024,-2.28667722851364,-4.34584495060306,-23.175414623175,-17.6650698418978,-48.6016217690223,-57.7534277109253,-17.029617669935,0.255559951173569,1.02181958516961
0.156565271825522,0.603454823153904,1.24842464174139,0.230468443096148,0.0293985756139944,1.95320615229349e-10,4.82903569345107e-08,1.77127757524399e-21,1.87805282780901e-25,9.11661862292432e-08,-2.67331817987318,-1.32411999560627,-0.597153426410024,-2.28667722851364,-4.34584495060306,-23.175414623175,-17.6650698418978,-48.6016217690223,-57.7534277109253,-17.029617669935,0.819035896288302,1.27930644633111
0.936289635250894,3.60877281196058,7.46581306841081,1.37824443446058,0.175808985719371,1.16805384398315e-09,2.88785374643843e-07,1.05925714912145e-20,1.12311074903685e-24,5.45190860377497e-07,-2.67331817987318,-1.32411999560627,-0.597153426410024,-2.28667722851364,-4.34584495060306,-23.175414623175,-17.6650698418978,-48.6016217690223,-57.7534277109253,-17.029617669935,2.60748776887276,1.70661585278893
0.256035464532098,0.909567815662334,1.43648076981255,0.167759308094064,0.0583071534614152,4.5002042587708e-10,6.09699479096991e-08,2.66684590680193e-21,3.15494954681177e-25,1.81172434112392e-07,-2.40206236507511,-1.13440877443497,-0.67742684179287,-2.82484807108286,-3.88165354657711,-22.5613511976625,-17.6525078056928,-48.4130135413775,-57.4552778747938,-16.5634396388392,1.03962305430619,3.17879202094054
0.0985054524050427,0.349941322928145,0.552662453852326,0.06454264673514,0.022432722516247,1.73137989784123e-10,2.34571890770384e-08,1.02602529311375e-21,1.21381517592387e-25,6.97031273311223e-08,-2.40206236507511,-1.13440877443497,-0.67742684179287,-2.82484807108286,-3.88165354657711,-22.5613511976625,-17.6525078056928,-48.4130135413775,-57.4552778747938,-16.5634396388392,0.0844189871049372,2.24655401068798
0.0983944309573315,0.265114152354112,0.508241351251475,0.0287182864947127,0.012259781510348,1.06789369520001e-10,6.40437711064363e-09,1.03031471011478e-21,1.13855166118144e-25,1.0087349063058e-07,-2.2274538312312,-1.23627754089107,-0.585481602083195,-3.45890395776593,-4.31011392871838,-22.8688454894297,-18.7749669155554,-48.2331054122452,-57.3435531015708,-16.0180814319818,-0.091317241256423,1.70982768271696
0.0832085324801976,0.5722305527672,0.80820784349221,0.0550964186656243,0.0392464367398358,1.39354115084897e-10,1.99725608491622e-08,3.84661299382953e-21,2.0148409777282e-25,8.90714919070846e-08,-2.92980184304005,-1.00160976500792,-0.656332481970035,-3.3420670224051,-3.68129108304858,-23.1373992923422,-18.1723029234051,-47.450490394113,-57.3074835122837,-16.6772229702913,0.443396460475318,0.703382707477928
0.0975353411078128,0.670756958365342,0.947364715508984,0.0645828958664717,0.0460038710044197,1.63348045500233e-10,2.34114276163107e-08,4.50892113200282e-21,2.36175541357477e-25,1.04407782317358e-07,-2.92980184304005,-1.00160976500792,-0.656332481970035,-3.3420670224051,-3.68129108304858,-23.1373992923422,-18.1723029234051,-47.450490394113,-57.3074835122837,-16.6772229702913,0.602261349284926,0.322620923926823
0.0608127423282023,0.580254904455985,0.653553296014971,0.0738020504106211,0.0536397418368939,9.76004036918901e-11,5.29065395016849e-08,1.60359362727936e-21,1.32901055616936e-25,6.17014368986871e-08,-3.15206446274423,-0.896396310090305,-0.777439723057276,-2.95847729296226,-3.27757356200675,-23.402248014873,-17.1068474141952,-48.2341483536479,-57.6323011307524,-16.9530671463772,0.35210852854235,0.544050108350957
0.102899225292791,0.981830087823117,1.10585586626806,0.124878002891025,0.0907620289532973,1.65146407540014e-10,8.9521401588251e-08,2.71338761605196e-21,2.248774704119e-25,1.04402955914431e-07,-3.15206446274423,-0.896396310090305,-0.777439723057276,-2.95847729296226,-3.27757356200675,-23.402248014873,-17.1068474141952,-48.2341483536479,-57.6323011307524,-16.9530671463772,0.878059297835092,0.817043776114441
0.263390453597315,2.51318385975583,2.83065180909581,0.319649382511904,0.232322953913399,4.22724146543975e-10,2.29147328407036e-07,6.94543999669282e-21,5.75617345680409e-25,2.67239542736663e-07,-3.15206446274423,-0.896396310090305,-0.777439723057276,-2.95847729296226,-3.27757356200675,-23.402248014873,-17.1068474141952,-48.2341483536479,-57.6323011307524,-16.9530671463772,1.81794672942783,0.203514989388004
0.250649390842347,2.39161288846743,2.69372386867664,0.304186890282033,0.221084728325484,4.02275588877602e-10,2.18062718272188e-07,6.60946621461337e-21,5.47772840976478e-25,2.54312286877109e-07,-3.15206446274423,-0.896396310090305,-0.777439723057276,-2.95847729296226,-3.27757356200675,-23.402248014873,-17.1068474141952,-48.2341483536479,-57.6323011307524,-16.9530671463772,1.76836429715686,0.48493349410539
1.19609840476777,11.4127720442663,12.8544450532318,1.45157924778861,1.05501589283715,1.9196583263837e-09,1.0405948667505e-06,3.15403598991305e-20,2.61397092993203e-24,1.21357773750935e-06,-3.15206446274423,-0.896396310090305,-0.777439723057276,-2.95847729296226,-3.27757356200675,-23.402248014873,-17.1068474141952,-48.2341483536479,-57.6323011307524,-16.9530671463772,3.33112939312192,0.730181866918742
0.0608916996256595,0.581008288653739,0.654401848473255,0.073897872605512,0.0537093859425468,9.7727124898848e-11,5.29752316411435e-08,1.60567568137167e-21,1.33073610048441e-25,6.17815480484271e-08,-3.15206446274423,-0.896396310090305,-0.777439723057276,-2.95847729296226,-3.27757356200675,-23.402248014873,-17.1068474141952,-48.2341483536479,-57.6323011307524,-16.9530671463772,0.353406054043756,0.938714256606548
0.0606676538761531,0.578870518837801,0.651994033393024,0.0736259717658801,0.053511766895895,9.73675463835548e-11,5.27803138518342e-08,1.59976773638559e-21,1.32583977193945e-25,6.1554228178506e-08,-3.15206446274423,-0.896396310090305,-0.777439723057276,-2.95847729296226,-3.27757356200675,-23.402248014873,-17.1068474141952,-48.2341483536479,-57.6323011307524,-16.9530671463772,0.349719854722225,0.469190376982789
0.0325839394672066,0.255225733289032,0.303595466618644,0.0145308329257109,0.0117812680874051,4.48291870409004e-11,2.97115958319661e-08,8.17464847851434e-22,4.42729687933079e-26,2.27772169580242e-08,-2.94221138537551,-0.883882515814844,-0.710334784650124,-3.7497580974848,-3.9595200780564,-23.3464373111824,-16.8500040542756,-48.0741099485721,-57.8976988242714,-17.1157806757942,-0.481724381008175,0.230166711969478
0.211846443094879,1.65936546248436,1.97384419424235,0.0944730846193692,0.0765966233756306,2.91459657019304e-10,1.93171728114994e-07,5.31479689700239e-21,2.87843370613681e-25,1.48087446608906e-07,-2.94221138537551,-0.883882515814844,-0.710334784650124,-3.7497580974848,-3.9595200780564,-23.3464373111824,-16.8500040542756,-48.0741099485721,-57.8976988242714,-17.1157806757942,1.39031779359112,1.34742718235734
0.0358268555584056,0.1658248450726,0.291942421446388,0.0178669480647157,0.0195880127647714,2.62960173975361e-11,2.85236967949906e-08,5.60252125686562e-22,2.48532943892409e-26,1.30746270912542e-08,-2.69615676276129,-1.1639224490762,-0.598297934207885,-3.39190200102942,-3.29993674470217,-23.7287028691857,-16.7396298798804,-48.3007545762309,-58.3239064473105,-17.5196915993702,-0.632900748777288,0.459941772148166
0.073717124542092,0.341200213243999,0.600698986987544,0.0367629258874416,0.0403041783602458,5.41065287266158e-11,5.86901885823991e-08,1.15277143585431e-21,5.11379904604299e-26,2.69022748048919e-08,-2.69615676276129,-1.1639224490762,-0.598297934207885,-3.39190200102942,-3.29993674470217,-23.7287028691857,-16.7396298798804,-48.3007545762309,-58.3239064473105,-17.5196915993702,0.0886366106937992,1.73836139081084
0.139931164110442,0.647672346561781,1.14025755957335,0.06978404336157,0.0765061121346882,1.02705980431552e-10,1.11406765540714e-07,2.1882113548834e-21,9.70710480074509e-26,5.1066379135801e-08,-2.69615676276129,-1.1639224490762,-0.598297934207885,-3.39190200102942,-3.29993674470217,-23.7287028691857,-16.7396298798804,-48.3007545762309,-58.3239064473105,-17.5196915993702,0.729552100546377,1.81671875209043
0.126550417150683,0.699906144289853,0.919909990399532,0.133691373008995,0.114652799942987,6.3686326422264e-11,2.85616963474319e-07,1.76105443273213e-21,2.51791219411155e-25,6.9639349238242e-08,-2.75761371352062,-1.04730825036926,-0.773978668102739,-2.70272053980002,-2.85634606617446,-24.1675504500989,-15.7591134301815,-48.4788734315676,-57.3316964789743,-17.1704352846,0.690499217855136,1.39645855364227
0.371344273290605,2.05377543887095,2.69934556178458,0.392298396742035,0.33643240088942,1.86878503732346e-10,8.38102521736874e-07,5.1675647798889e-21,7.38845667192545e-25,2.04346805941494e-07,-2.75761371352062,-1.04730825036926,-0.773978668102739,-2.70272053980002,-2.85634606617446,-24.1675504500989,-15.7591134301815,-48.4788734315676,-57.3316964789743,-17.1704352846,1.76698802720892,1.71117579565999
0.0915309284939606,0.506225587302481,0.665349174249525,0.0966958132471058,0.0829256629057058,4.60628160779462e-11,2.06580005416356e-07,1.27372908747071e-21,1.82114643461729e-25,5.03684969121975e-08,-2.75761371352062,-1.04730825036926,-0.773978668102739,-2.70272053980002,-2.85634606617446,-24.1675504500989,-15.7591134301815,-48.4788734315676,-57.3316964789743,-17.1704352846,0.366535366032744,0.34811786140265
0.0437879244447038,0.242175711898732,0.318299615777486,0.0462587786909955,0.0396712097384832,2.20362138057463e-11,9.88268098859581e-08,6.09345430696351e-22,8.71227068203786e-26,2.40960293255424e-08,-2.75761371352062,-1.04730825036926,-0.773978668102739,-2.70272053980002,-2.85634606617446,-24.1675504500989,-15.7591134301815,-48.4788734315676,-57.3316964789743,-17.1704352846,-0.370783483700196,0.721327555100717
0.0488425845704155,0.270131271105385,0.355042539684089,0.051598661936861,0.0442506568017274,2.45799646835991e-11,1.10234885094288e-07,6.7968523534306e-22,9.71797186060174e-26,2.68775550581358e-08,-2.75761371352062,-1.04730825036926,-0.773978668102739,-2.70272053980002,-2.85634606617446,-24.1675504500989,-15.7591134301815,-48.4788734315676,-57.3316964789743,-17.1704352846,-0.261538998487008,0.460369032215124
0.0201343115654601,0.111355842935961,0.146358698579633,0.0212704455535075,0.0182413874871374,1.01325650876256e-11,4.54419753047932e-08,2.80185711202709e-22,4.00602619510527e-26,1.10796976126055e-08,-2.75761371352062,-1.04730825036926,-0.773978668102739,-2.70272053980002,-2.85634606617446,-24.1675504500989,-15.7591134301815,-48.4788734315676,-57.3316964789743,-17.1704352846,-1.14771616268079,0.628718782235706
0.156741095449153,0.866880238229169,1.13936961138705,0.165585643487689,0.142005106454756,7.887974447901e-11,3.53755576171043e-07,2.18118286092534e-21,3.11860145889449e-25,8.62529585577844e-08,-2.75761371352062,-1.04730825036926,-0.773978668102739,-2.70272053980002,-2.85634606617446,-24.1675504500989,-15.7591134301815,-48.4788734315676,-57.3316964789743,-17.1704352846,0.904453805095984,0.164465327031119
0.0356808109454327,0.197338099519795,0.259368046295559,0.0376941989822872,0.0323262852168969,1.795631989246e-11,8.05295241690223e-08,4.96528195589537e-22,7.09923767918686e-26,1.96347709512016e-08,-2.75761371352062,-1.04730825036926,-0.773978668102739,-2.70272053980002,-2.85634606617446,-24.1675504500989,-15.7591134301815,-48.4788734315676,-57.3316964789743,-17.1704352846,-0.575528529716721,0.744928602391148
0.0565342381280219,0.312671119696382,0.410954081578964,0.059724338232353,0.0512191807815494,2.84507789426578e-11,1.27594501780531e-07,7.86720999409604e-22,1.12483428164334e-25,3.11101902432094e-08,-2.75761371352062,-1.04730825036926,-0.773978668102739,-2.70272053980002,-2.85634606617446,-24.1675504500989,-15.7591134301815,-48.4788734315676,-57.3316964789743,-17.1704352846,-0.115295126276872,1.00589955324824
0.497904386289048,5.56131119016496,8.9038178092229,1.03780193785453,1.06175939633138,2.81681939897362e-10,1.30356257743617e-06,7.71924513578367e-21,1.25827776479706e-24,1.08052992382629e-06,-3.53423597981428,-1.12105485799055,-0.650408611933469,-2.79978380879838,-2.77696142399475,-24.8271313182417,-16.3872983615059,-49.1474591379778,-57.8691870632453,-16.5749477309777,2.8368887640198,0.0854655645219018
0.369774723261517,4.13017511583159,6.61252814202972,0.770736179350798,0.788528476069357,2.0919450449036e-10,9.6810653731759e-07,5.73279089816087e-21,9.34475222706407e-25,8.02468635668337e-07,-3.53423597981428,-1.12105485799055,-0.650408611933469,-2.79978380879838,-2.77696142399475,-24.8271313182417,-16.3872983615059,-49.1474591379778,-57.8691870632453,-16.5749477309777,2.53937466499234,0.13422019693466
0.147759064217931,1.65038541517577,2.64231411428855,0.307980101006622,0.315089762506017,8.35924747651522e-11,3.86847740039121e-07,2.29077804723348e-21,3.73408931860083e-25,3.20660140381569e-07,-3.53423597981428,-1.12105485799055,-0.650408611933469,-2.79978380879838,-2.77696142399475,-24.8271313182417,-16.3872983615059,-49.1474591379778,-57.8691870632453,-16.5749477309777,1.62206370358133,0.992527300164515
0.346132682030064,3.86610684875171,6.18974731591185,0.721458131435399,0.738112853879243,1.9581937420311e-10,9.06209351728962e-07,5.36625724872651e-21,8.74728300174408e-25,7.51161730739626e-07,-3.53423597981428,-1.12105485799055,-0.650408611933469,-2.79978380879838,-2.77696142399475,-24.8271313182417,-16.3872983615059,-49.1474591379778,-57.8691870632453,-16.5749477309777,2.4733028764578,0.720713022524769
0.0112373108286163,0.125514424414542,0.200952172824447,0.0234223744063212,0.0239630754223828,6.35734008496299e-12,2.94203832514513e-08,1.74217298223857e-22,2.83983406074126e-26,2.43867114812042e-08,-3.53423597981428,-1.12105485799055,-0.650408611933469,-2.79978380879838,-2.77696142399475,-24.8271313182417,-16.3872983615059,-49.1474591379778,-57.8691870632453,-16.5749477309777,-0.954279733450299,0.579041671242428
0.0226509557868035,0.252998401608684,0.405057655815429,0.0472122890601636,0.0483021756883331,1.28144385593988e-11,5.93024265701028e-08,3.51168387130114e-22,5.72423035481966e-26,4.91560954369639e-08,-3.53423597981428,-1.12105485799055,-0.650408611933469,-2.79978380879838,-2.77696142399475,-24.8271313182417,-16.3872983615059,-49.1474591379778,-57.8691870632453,-16.5749477309777,-0.253317250036262,1.18398010297003
0.0498153561776783,0.556409433983469,0.890827371121214,0.103832130424526,0.106229075219552,2.81822907192877e-11,1.30421494333206e-07,7.72310822019227e-22,1.2589074679778e-25,1.08107067337217e-07,-3.53423597981428,-1.12105485799055,-0.650408611933469,-2.79978380879838,-2.77696142399475,-24.8271313182417,-16.3872983615059,-49.1474591379778,-57.8691870632453,-16.5749477309777,0.534803994311996,1.16497179395122
0.0230516958981528,0.257474442645811,0.412223925160626,0.048047567630883,0.0491567365044835,1.30411512678385e-11,6.03516035342304e-08,3.57381248957467e-22,5.82550328702486e-26,5.00257637787467e-08,-3.53423597981428,-1.12105485799055,-0.650408611933469,-2.79978380879838,-2.77696142399475,-24.8271313182417,-16.3872983615059,-49.1474591379778,-57.8691870632453,-16.5749477309777,-0.235779957674519,0.539422270253285
0.061398599024608,0.685787723946217,1.09796570287548,0.127975544710908,0.130929835589187,3.47353366559653e-11,1.60747561579071e-07,9.51891266508132e-22,1.55163308598581e-25,1.33244505077701e-07,-3.53423597981428,-1.12105485799055,-0.650408611933469,-2.79978380879838,-2.77696142399475,-24.8271313182417,-16.3872983615059,-49.1474591379778,-57.8691870632453,-16.5749477309777,0.743867718536126,0.154234256589556
0.0270088122515792,0.177715108379346,0.407655027657435,0.052279821009253,0.120862573306036,3.43276001859127e-11,1.69695969871811e-07,2.71312587200014e-22,6.51869188314097e-26,3.87548215147367e-08,-3.37018470101814,-1.486166140083,-0.65592659715766,-2.70973742840464,-1.87169375112661,-23.8536640296651,-15.347850028012,-49.4173632318749,-57.7511313079341,-16.8246032771788,-0.241407385521809,0.255705634623813
0.0193874361421801,0.13511577921529,0.184191070166619,0.0163891054647707,0.0213648960287373,1.43737417548801e-11,7.72259571999662e-08,1.48665403963894e-22,1.42418179051501e-26,7.63258499416603e-09,-2.96615567664968,-1.02464887667822,-0.714807267746958,-3.13416409822853,-2.86903170872962,-23.9886436955737,-15.3995558356715,-49.2833696944599,-58.5366405835273,-17.7138648879612,-0.976974367597701,0.352974977890833
0.252959109328934,1.76293383590954,2.40324758333166,0.213838152227187,0.278760173893058,1.87542534524615e-10,1.00761179596495e-06,1.93972363849158e-21,1.85821247641593e-25,9.95867575187549e-08,-2.96615567664968,-1.02464887667822,-0.714807267746958,-3.13416409822853,-2.86903170872962,-23.9886436955737,-15.3995558356715,-49.2833696944599,-58.5366405835273,-17.7138648879612,1.59162825012683,0.612127609601265
0.0696504036006704,0.485410679687005,0.661716293101447,0.0588787399171221,0.0767545342444948,5.16384377561452e-11,2.77438390923871e-07,5.34088432921464e-22,5.11644942542368e-26,2.74204707348326e-08,-2.96615567664968,-1.02464887667822,-0.714807267746958,-3.13416409822853,-2.86903170872962,-23.9886436955737,-15.3995558356715,-49.2833696944599,-58.5366405835273,-17.7138648879612,0.301888892573914,1.39828931135515
0.237315383038849,1.65390888531708,2.25462377017591,0.200613779589672,0.261520834805692,1.7594435928738e-10,9.45298154900379e-07,1.81976549284714e-21,1.7432952178638e-25,9.34280230858521e-08,-2.96615567664968,-1.02464887667822,-0.714807267746958,-3.13416409822853,-2.86903170872962,-23.9886436955737,-15.3995558356715,-49.2833696944599,-58.5366405835273,-17.7138648879612,1.52779038428779,0.793171423504895
0.0832818910201223,0.431996555342298,0.81527480601305,0.0963664487921131,0.120493267934002,4.04571302681753e-11,4.105951797027e-07,3.06518966620679e-22,3.16063927152998e-26,4.07206726946783e-08,-2.92210892416306,-1.27592244051814,-0.640814813287018,-2.7761819555254,-2.55274617138335,-24.367362990336,-15.1422428480768,-49.9733473730918,-59.153022885593,-17.4531147208374,0.436584776003644,0.405694543659396
0.00618479826568197,0.0320815427403789,0.0605450974337916,0.00715650230871183,0.0089482424740393,3.00448496128196e-12,3.04922033375667e-08,2.2763147545439e-23,2.34719889829134e-27,3.02405652386782e-09,-2.92210892416306,-1.27592244051814,-0.640814813287018,-2.7761819555254,-2.55274617138335,-24.367362990336,-15.1422428480768,-49.9733473730918,-59.153022885593,-17.4531147208374,-2.16355196621117,0.144598606460074
0.0788537643974172,0.409027150779115,0.771926365804664,0.0912426117585761,0.114086599676837,3.83060108180241e-11,3.88763693600198e-07,2.90221248355263e-22,2.99258700072303e-26,3.8555540603595e-08,-2.92210892416306,-1.27592244051814,-0.640814813287018,-2.7761819555254,-2.55274617138335,-24.367362990336,-15.1422428480768,-49.9733473730918,-59.153022885593,-17.4531147208374,0.381948698698551,0.262463325570369
0.389656450332475,1.89758725663052,2.04215340906176,0.165826442561554,0.494857605086101,6.84976673206052e-11,1.67588918700863e-06,7.65702330446558e-22,7.6238877561892e-26,1.64030876782132e-07,-2.54994236828452,-0.966869329345889,-0.893447699838006,-3.40426610793284,-2.31093776791539,-25.0116739685793,-14.9066192192521,-50.2287012838175,-59.4433785176575,-17.2306636974069,1.60745254362528,1.82233316257088
0.154318654418253,0.751516141551321,0.808769791782384,0.0656735271833174,0.195982280494438,2.71276603856696e-11,6.63715342252392e-07,3.03247009560887e-22,3.01934716842761e-26,6.49624153955784e-08,-2.54994236828452,-0.966869329345889,-0.893447699838006,-3.40426610793284,-2.31093776791539,-25.0116739685793,-14.9066192192521,-50.2287012838175,-59.4433785176575,-17.2306636974069,0.681206738436315,1.03336880255541
0.190547159522377,2.03996766299702,5.34569711090906,0.22086254953836,0.436838011648593,2.49806727231281e-11,2.93408119769335e-06,4.63316758051371e-22,9.36359124857887e-26,2.33610165599851e-07,-3.76611723918767,-1.39532772442469,-0.431969721715314,-3.6184763994275,-2.93645451601583,-26.5211803618074,-14.8473778845674,-51.2318929497133,-59.7386452012216,-17.3778737504997,2.10826168068313,0.79782256834891
0.10134697269981,1.18590408072593,1.4113541039842,0.23910676902139,0.339832297730994,9.49128857705236e-12,2.23553303618084e-06,2.67969794658886e-22,2.81642346321094e-26,1.54589937571962e-07,-3.47630043536052,-1.01658973805033,-0.842545558092644,-2.61794025356888,-2.26639818409358,-26.5677418889757,-14.1981260224688,-50.8582631232649,-60.0188397723644,-16.8695849488381,1.18709515907015,1.64125211321734
0.104034077037489,1.21734703274018,1.44877461723476,0.245446423962134,0.348842580100465,9.74293973175538e-12,2.29480575403833e-06,2.75074721213797e-22,2.89109785656603e-26,1.58688720996323e-07,-3.47630043536052,-1.01658973805033,-0.842545558092644,-2.61794025356888,-2.26639818409358,-26.5677418889757,-14.1981260224688,-50.8582631232649,-60.0188397723644,-16.8695849488381,1.21326366567171,2.20175195883538
0.219175884424314,2.56467034792836,3.05223506668395,0.51709919079015,0.734931122528505,2.05261342572469e-11,4.83462818189955e-06,5.7951920199263e-22,6.09087856320151e-26,3.34320654952308e-07,-3.47630043536052,-1.01658973805033,-0.842545558092644,-2.61794025356888,-2.26639818409358,-26.5677418889757,-14.1981260224688,-50.8582631232649,-60.0188397723644,-16.8695849488381,1.95841968908757,0.506349290206004
0.299516574010222,3.504770965541,4.17105646749531,0.706646073110325,1.0043260577294,2.80501544526786e-11,6.60680016626494e-06,7.91946643262707e-22,8.32353926507091e-26,4.56868589604106e-07,-3.47630043536052,-1.01658973805033,-0.842545558092644,-2.61794025356888,-2.26639818409358,-26.5677418889757,-14.1981260224688,-50.8582631232649,-60.0188397723644,-16.8695849488381,2.27071491133504,0.574591350290282
0.673722447867129,3.80290463327055,11.4743372107619,0.925514552866906,1.06538316143294,1.90898110649192e-11,8.67728864060207e-06,8.00685125815259e-22,1.03086019769896e-25,8.22314781872165e-07,-3.2820742227684,-1.55137201954825,-0.447024176601857,-2.96454259423236,-2.8238026610187,-27.5690035467802,-14.5419386181531,-51.4637116348972,-60.4213708992203,-16.8982797403486,2.8871371714696,1.03894735750549
0.0673357818880197,0.380084644258948,1.14681271223699,0.092501365010662,0.106480655962299,1.90794793645411e-12,8.67259235806561e-07,8.00251782667492e-23,1.0303022802498e-26,8.21869732420713e-08,-3.2820742227684,-1.55137201954825,-0.447024176601857,-2.96454259423236,-2.8238026610187,-27.5690035467802,-14.5419386181531,-51.4637116348972,-60.4213708992203,-16.8982797403486,0.58401071653174,0.564429502696556
0.970098556507237,5.47583401287828,16.5219935899073,1.33265610282841,1.53405407568822,2.74875777357596e-11,1.24945000887144e-05,1.15291317252262e-21,1.4843441730559e-25,1.18405789418802e-06,-3.2820742227684,-1.55137201954825,-0.447024176601857,-2.96454259423236,-2.8238026610187,-27.5690035467802,-14.5419386181531,-51.4637116348972,-60.4213708992203,-16.8982797403486,3.25171661476893,0.85408006465667
1.44545580460647,8.15904322904474,24.6179229708236,1.98566989555477,2.28575473431004,4.09567445763216e-11,1.86169204744647e-05,1.71785127011231e-21,2.21168652049368e-25,1.76425719290452e-06,-3.2820742227684,-1.55137201954825,-0.447024176601857,-2.96454259423236,-2.8238026610187,-27.5690035467802,-14.5419386181531,-51.4637116348972,-60.4213708992203,-16.8982797403486,3.65049893030723,1.44151804196538
1.27374584011369,7.18980638438333,21.6934871868068,1.74978630356013,2.01422317795476,3.60913719135756e-11,1.64053615022376e-05,1.5137826436937e-21,1.94895374603399e-25,1.55467586984758e-06,-3.2820742227684,-1.55137201954825,-0.447024176601857,-2.96454259423236,-2.8238026610187,-27.5690035467802,-14.5419386181531,-51.4637116348972,-60.4213708992203,-16.8982797403486,3.52403626246012,0.339829933620366
1.12163305400218,6.33118808998856,19.1028158985968,1.5408239962049,1.77368139183067,3.1781281969831e-11,1.44462067268634e-05,1.33300427469118e-21,1.71620654092027e-25,1.36901396570998e-06,-3.2820742227684,-1.55137201954825,-0.447024176601857,-2.96454259423236,-2.8238026610187,-27.5690035467802,-14.5419386181531,-51.4637116348972,-60.4213708992203,-16.8982797403486,3.39685993003372,1.0573276886328
0.600998769094943,3.39240737905739,10.2357618655572,0.825611657758161,0.950382417362998,1.70291979858954e-11,7.74063534411412e-06,7.14256704034454e-22,9.19585968802739e-26,7.33551588311059e-07,-3.2820742227684,-1.55137201954825,-0.447024176601857,-2.96454259423236,-2.8238026610187,-27.5690035467802,-14.5419386181531,-51.4637116348972,-60.4213708992203,-16.8982797403486,2.77291183022444,0.609155255353369
0.519448363068431,2.93208663732595,8.8468562986058,0.713583198845022,0.821423630753292,1.47184810901737e-11,6.69029716094896e-06,6.17338162406017e-22,7.94805997547425e-26,6.34014895485138e-07,-3.2820742227684,-1.55137201954825,-0.447024176601857,-2.96454259423236,-2.8238026610187,-27.5690035467802,-14.5419386181531,-51.4637116348972,-60.4213708992203,-16.8982797403486,2.62708635201943,0.630895296411601
0.0331300500916108,0.187006416949194,0.564246252687643,0.0455118329425807,0.0523898196011916,9.38734339077398e-13,4.26702432481822e-07,3.93733924256873e-23,5.06921657358074e-27,4.04370226949446e-08,-3.2820742227684,-1.55137201954825,-0.447024176601857,-2.96454259423236,-2.8238026610187,-27.5690035467802,-14.5419386181531,-51.4637116348972,-60.4213708992203,-16.8982797403486,-0.125240327931727,0.208660273626282
0.00924968536253431,0.0522109237013486,0.157533728138592,0.0127065951855501,0.014626882427614,2.62088262814648e-13,1.1913242608964e-07,1.09927842121018e-23,1.41529089785588e-27,1.12897425718233e-08,-3.2820742227684,-1.55137201954825,-0.447024176601857,-2.96454259423236,-2.8238026610187,-27.5690035467802,-14.5419386181531,-51.4637116348972,-60.4213708992203,-16.8982797403486,-1.40109152012908,0.330557613764576
0.0233176083858012,0.372995332798615,0.828507979826767,0.135888031007948,0.0928639341784061,3.3751589839977e-13,1.43211850325133e-07,2.77594599127736e-23,3.68981643975134e-27,8.93202810415111e-08,-4.13257122414944,-1.36021411705618,-0.562153555541507,-2.3699487787923,-2.75064467555159,-29.0911885243732,-16.132965577212,-52.3124902970348,-61.2382455443843,-16.605062008558,0.374024745035327,0.542374278209671
0.0982231497380824,1.57120643845247,3.49000901015536,0.572415069181557,0.391180260048765,1.42175278351836e-12,6.03265943316852e-07,1.16934015811028e-22,1.55429916598318e-26,3.76252967038003e-07,-4.13257122414944,-1.36021411705618,-0.562153555541507,-2.3699487787923,-2.75064467555159,-29.0911885243732,-16.132965577212,-52.3124902970348,-61.2382455443843,-16.605062008558,1.81205787345892,1.11484554131273
0.044652205374872,0.714269831126172,1.58655672819654,0.260219666106438,0.177830392905035,6.46328258167678e-13,2.74244461397129e-07,5.31581577583863e-23,7.06583791688006e-27,1.71044451352715e-07,-4.13257122414944,-1.36021411705618,-0.562153555541507,-2.3699487787923,-2.75064467555159,-29.0911885243732,-16.132965577212,-52.3124902970348,-61.2382455443843,-16.605062008558,1.02371964376438,0.408790869501206
0.0587701077193017,0.684545838808977,1.65839517730664,0.268047917423851,0.247007247656348,6.18591766497476e-13,2.29120188867296e-07,5.58147477533437e-23,4.55033729846074e-27,2.70054552295845e-07,-3.90459766392074,-1.44947540810314,-0.56462536436224,-2.38706525655334,-2.46881333850395,-29.1818065831032,-16.359494867316,-52.3104798391927,-61.7250718875517,-16.1951175912739,1.07047573845755,0.910678645785858
0.123220873955038,1.43525917841092,3.47708913665016,0.562005072451943,0.51788996329247,1.29697598060001e-12,4.8038690090233e-07,1.17024491950833e-22,9.54050554721706e-27,5.66212301470762e-07,-3.90459766392074,-1.44947540810314,-0.56462536436224,-2.38706525655334,-2.46881333850395,-29.1818065831032,-16.359494867316,-52.3104798391927,-61.7250718875517,-16.1951175912739,1.81082085313937,1.22453698400122
0.17094393806718,1.99113062770643,4.8237550258447,0.77966790215854,0.718467147400579,1.79929077424989e-12,6.6643926471498e-07,1.62347716440366e-22,1.32355138950578e-26,7.85504577989048e-07,-3.90459766392074,-1.44947540810314,-0.56462536436224,-2.38706525655334,-2.46881333850395,-29.1818065831032,-16.359494867316,-52.3104798391927,-61.7250718875517,-16.1951175912739,2.13817804012716,2.84777296804797
0.0648938239389154,0.940391121319117,1.14873086853251,0.121957906348856,0.140222175893609,7.6217996084398e-13,9.37372200043554e-08,3.93541041352401e-23,1.6398038259453e-27,6.47822602725663e-08,-3.61719724771695,-0.943653828936393,-0.743536684799974,-2.98627374890083,-2.8467215687995,-28.784788123209,-17.0649649265299,-52.4716363893932,-62.557415319672,-17.4344284574815,0.882194425188017,0.80069492510038
0.0701091928983743,1.01596821581266,1.24105175441768,0.131759385758224,0.151491513084645,8.23434629902302e-13,1.01270667070395e-07,4.25169039315263e-23,1.77159112794628e-27,6.99886631140318e-08,-3.61719724771695,-0.943653828936393,-0.743536684799974,-2.98627374890083,-2.8467215687995,-28.784788123209,-17.0649649265299,-52.4716363893932,-62.557415319672,-17.4344284574815,0.959495893954379,1.35002140590449
0.056840651007146,0.82369076581823,1.00617603396055,0.106823213236174,0.12282092932193,6.67595196728622e-13,8.21046485666024e-08,3.44703511532263e-23,1.43630797714241e-27,5.67429321328506e-08,-3.61719724771695,-0.943653828936393,-0.743536684799974,-2.98627374890083,-2.8467215687995,-28.784788123209,-17.0649649265299,-52.4716363893932,-62.557415319672,-17.4344284574815,0.749693725225811,3.59319874218965
0.191000839852335,2.76783649135398,3.38103917039226,0.35895654047434,0.412713440755343,2.24331074674921e-12,2.75895095396257e-07,1.1583023599507e-22,4.8264054872686e-27,1.90672476493909e-07,-3.61719724771695,-0.943653828936393,-0.743536684799974,-2.98627374890083,-2.8467215687995,-28.784788123209,-17.0649649265299,-52.4716363893932,-62.557415319672,-17.4344284574815,1.96171979390442,2.51440927508297
0.159497092322433,2.31130854050791,2.82336934812815,0.299750119004919,0.344640336732316,1.87329826171856e-12,2.303888586864e-07,9.67251550229718e-23,4.03033642251792e-27,1.59222889334977e-07,-3.61719724771695,-0.943653828936393,-0.743536684799974,-2.98627374890083,-2.8467215687995,-28.784788123209,-17.0649649265299,-52.4716363893932,-62.557415319672,-17.4344284574815,1.78146766084014,1.15276160210442
0.129594306937802,2.5704875625534,2.29689087213052,0.242817019174253,0.339992979288185,4.03567266947301e-12,7.37399471317721e-07,8.52243381418252e-23,1.55551755095521e-26,1.62870059481486e-07,-3.76249642548993,-0.775054407542364,-0.887593587801527,-3.13459712831956,-2.79798031224957,-27.9549981209456,-15.8392860696132,-52.535905181385,-61.1445540989054,-17.3494631366647,1.71915000151204,0.78024037653599
0.684642219159154,13.5797964488687,12.134394642942,1.28279387254919,1.79617109222332,2.13203184423374e-11,3.89565577670055e-06,4.5023721620575e-22,8.21774515556555e-26,8.60436863260556e-07,-3.76249642548993,-0.775054407542364,-0.887593587801527,-3.13459712831956,-2.79798031224957,-27.9549981209456,-15.8392860696132,-52.535905181385,-61.1445540989054,-17.3494631366647,3.38363754052293,0.543528489032041
0.163281725082538,4.2472546268311,2.99969236630792,0.696349695607605,0.566672742757904,1.79058474083654e-11,1.31801329012334e-06,1.17571866953325e-22,2.82012459805057e-26,2.10499090126452e-07,-3.97252208131894,-0.713971081911938,-1.06173414711623,-2.52214719457097,-2.72821720111174,-26.906137671531,-15.6996289243437,-52.6552363375614,-60.9906752361276,-17.5340283922352,2.16024388596226,0.273914885550021
0.0106982109719727,0.278279924018182,0.196539703200442,0.0456247994079763,0.0371283715371452,1.17319028268357e-12,8.6356168974058e-08,7.7033032104454e-24,1.84774431443224e-27,1.3791890515872e-08,-3.97252208131894,-0.713971081911938,-1.06173414711623,-2.52214719457097,-2.72821720111174,-26.906137671531,-15.6996289243437,-52.6552363375614,-60.9906752361276,-17.5340283922352,-0.565156669055682,0.754500982658025
0.00275882001566735,0.204501339041941,0.277544927354591,0.0358573828417374,0.0398329606496295,5.87982683003475e-13,5.69759624000165e-08,3.91313537363533e-24,1.69759145802865e-27,2.27680247275047e-08,-5.31401817339113,-1.00824670780387,-0.702838410688695,-2.74927174829611,-2.6441265045642,-27.5831448502856,-16.1017023225034,-53.3187692455238,-61.0616530059325,-17.018974661701,-0.578934047834499,0.532704428418465
0.00075115680097884,0.0556805339812917,0.075568452662958,0.00976305697142682,0.0108455060950593,1.60092789195241e-13,1.55131111874054e-08,1.06544763064075e-24,4.62211148875311e-28,6.19915635010445e-09,-5.31401817339113,-1.00824670780387,-0.702838410688695,-2.74927174829611,-2.6441265045642,-27.5831448502856,-16.1017023225034,-53.3187692455238,-61.0616530059325,-17.018974661701,-1.87987796501685,0.594502002475586
0.00091544383097459,0.0678585366891731,0.0920961824700951,0.0118983549963198,0.0132175487668905,1.95107008365391e-13,1.8906015251712e-08,1.29847384650657e-24,5.63302288276157e-28,7.55498642967082e-09,-5.31401817339113,-1.00824670780387,-0.702838410688695,-2.74927174829611,-2.6441265045642,-27.5831448502856,-16.1017023225034,-53.3187692455238,-61.0616530059325,-17.018974661701,-1.68208337572735,0.512262628563008
0.00266436464909573,0.197499704707734,0.26804245611526,0.0346297122356881,0.0384691758146542,5.67851569141223e-13,5.50252423879455e-08,3.77915902357913e-24,1.63947000663046e-27,2.19885022832948e-08,-5.31401817339113,-1.00824670780387,-0.702838410688695,-2.74927174829611,-2.6441265045642,-27.5831448502856,-16.1017023225034,-53.3187692455238,-61.0616530059325,-17.018974661701,-0.613771481988925,0.466745002537228
0.0234464648299926,1.73800154642325,2.3587792393148,0.304742194459904,0.338529554534966,4.9971057261417e-12,4.84223287847873e-07,3.32566787220248e-23,1.44273704664769e-26,1.93499281573361e-07,-5.31401817339113,-1.00824670780387,-0.702838410688695,-2.74927174829611,-2.6441265045642,-27.5831448502856,-16.1017023225034,-53.3187692455238,-61.0616530059325,-17.018974661701,1.56098262441839,2.27228982635002
0.1670655251102,2.76468327932657,10.7142142626298,0.732741360107376,1.15650473771652,2.43404250502940e-11,2.09038623398691e-06,1.63198317760972e-22,5.18843727051341e-26,3.64743877372046e-07,-4.53247834249009,-1.72618308284098,-0.371537869261127,-3.05407165541033,-2.59770686561889,-27.1819917303844,-15.8212708730091,-52.9101852621161,-60.9638890348543,-17.5671796004034,2.74310916489867,1.39131686174512
0.0546210733428697,0.968493034852675,3.97586193122812,0.274163540109848,0.547501872679519,6.15220723366502e-12,8.80026673115471e-07,7.76691124853326e-23,2.796992582393e-26,1.822755127165e-07,-4.6687461653676,-1.79342464118042,-0.38116909068892,-3.05544114226446,-2.36380005021217,-27.5756208520504,-15.7047242729091,-52.6709952295619,-60.6000783089497,-17.2791571417185,1.76141065333406,2.71973385614577
0.0610533332349535,1.08254423382382,4.44406542251011,0.306449451663625,0.611976518103837,6.87670042676805e-12,9.83659940039975e-07,8.68155441923246e-23,3.12637064300432e-26,2.03740551720688e-07,-4.6687461653676,-1.79342464118042,-0.38116909068892,-3.05544114226446,-2.36380005021217,-27.5756208520504,-15.7047242729091,-52.6709952295619,-60.6000783089497,-17.2791571417185,1.87273868389487,1.61614960497704
0.0413927839671776,0.733940593106382,3.012976200039,0.207765821740758,0.414906287087947,4.66224790834591e-12,6.66899270487842e-07,5.88589823903097e-23,2.11960883657562e-26,1.38131502341953e-07,-4.6687461653676,-1.79342464118042,-0.38116909068892,-3.05544114226446,-2.36380005021217,-27.5756208520504,-15.7047242729091,-52.6709952295619,-60.6000783089497,-17.2791571417185,1.48409745171495,1.76632163884495
0.0233606275708464,0.713479767241825,1.08707117028405,0.239243878935131,0.256860691381129,7.01824282883274e-12,3.61320568727109e-07,4.06021107555035e-23,2.20317471463676e-26,2.10671637392125e-07,-4.5982776433157,-1.17917558664459,-0.75808730708496,-2.27184622048759,-2.20079578505869,-26.5240826256296,-15.675074657763,-52.3997965646721,-59.9188874326955,-16.2145395236533,0.841574387123067,2.70862893179537
0.0160212498960115,0.507240687625725,1.23022131019054,0.131399173639791,0.15516958577683,8.03889842227513e-12,2.59095400302614e-07,3.94327798437008e-23,2.64642778462664e-26,3.09255083040352e-07,-4.84681489923268,-1.39174523881609,-0.505781499638194,-2.74249104166366,-2.57621223819182,-26.2597046341013,-15.8790450819528,-52.3004203655465,-59.6069772728472,-15.7020749689602,0.712975579821778,4.37072502702268
0.0138623628192743,0.438889256094585,1.06444717238383,0.113692940998383,0.134260255006097,6.95564499150663e-12,2.24181912591856e-07,3.41191545424948e-23,2.28981773354872e-26,2.67582504026567e-07,-4.84681489923268,-1.39174523881609,-0.505781499638194,-2.74249104166366,-2.57621223819182,-26.2597046341013,-15.8790450819528,-52.3004203655465,-59.6069772728472,-15.7020749689602,0.568237077063761,2.03298983754696
0.0296275234559737,0.938022031239688,2.27500419507111,0.242991784310013,0.286949555877114,1.48660468510287e-11,4.79135841437167e-07,7.29216270476087e-23,4.89394409128377e-26,5.71894345705081e-07,-4.84681489923268,-1.39174523881609,-0.505781499638194,-2.74249104166366,-2.57621223819182,-26.2597046341013,-15.8790450819528,-52.3004203655465,-59.6069772728472,-15.7020749689602,1.32776339602671,1.79363124785886
0.0473570452374208,1.49934745079608,3.63639832203329,0.388401444993902,0.458664157965264,2.37620958860075e-11,7.65857387693151e-07,1.16558942093543e-22,7.82254824858145e-26,9.14123870016547e-07,-4.84681489923268,-1.39174523881609,-0.505781499638194,-2.74249104166366,-2.57621223819182,-26.2597046341013,-15.8790450819528,-52.3004203655465,-59.6069772728472,-15.7020749689602,1.79677521946742,3.48861478090569
0.0188277581868715,1.14001334950072,3.41803994322749,0.386228757384107,0.343362104129308,2.54835750308318e-11,6.35970275736018e-07,8.01405986824854e-23,2.40232904888295e-26,1.68240372680254e-06,-5.64135062685357,-1.53788765562949,-0.439860357290279,-2.62025307740205,-2.73789731955826,-26.0619146157899,-15.9370416390183,-52.5471872842749,-60.659701342082,-14.9642146254457,1.66892762805568,1.40773610790205
0.00674903766038896,0.408651574593278,1.2252377618511,0.13844836986106,0.12308229949198,9.13489571606881e-12,2.27971237957755e-07,2.87273669688067e-23,8.61143905856139e-27,6.03077966026068e-07,-5.64135062685357,-1.53788765562949,-0.439860357290279,-2.62025307740205,-2.73789731955826,-26.0619146157899,-15.9370416390183,-52.5471872842749,-60.659701342082,-14.9642146254457,0.642995273760707,3.52815921012747
0.0135119999323278,0.675451566285576,1.08636922885664,0.316813768628673,0.140377113767581,1.39572151784008e-11,3.38654290562192e-07,1.01574844545501e-22,9.33787971914575e-27,2.40124023615003e-06,-5.10731097127607,-1.19550769148311,-0.720292713323722,-1.95257502519702,-2.76655667482211,-25.7981583910733,-15.7014199085505,-51.4443801872162,-60.7388521619586,-13.7426590558161,0.803133866791129,3.57032473316618
0.0355559266978035,0.608186988495299,1.55240288424788,0.402124927504627,0.103178050439107,1.03605223693611e-11,3.14090668017832e-07,9.16864876108587e-23,1.5745657368182e-26,1.88937788373188e-06,-4.33043745118565,-1.49106192641385,-0.553985050543128,-1.90478150268596,-3.26508816708214,-26.2868074875976,-15.9673731700521,-51.7374562467329,-60.4070219352235,-14.1730519741074,0.993789028982305,2.82453276157467
0.0164401470649128,0.281210039012901,0.717791212079604,0.185932235793811,0.0477068798545674,4.79043937932683e-12,1.45227455828028e-07,4.23934764237474e-23,7.28038745739205e-27,8.73599794873712e-07,-4.33043745118565,-1.49106192641385,-0.553985050543128,-1.90478150268596,-3.26508816708214,-26.2868074875976,-15.9673731700521,-51.7374562467329,-60.4070219352235,-14.1730519741074,0.222408507345839,2.48737665872185
0.0169648753137854,1.06916918600899,2.19672178786932,0.240855855901892,0.0839039025399283,9.02486404781611e-12,6.15681132913193e-07,1.10641052846558e-22,2.48160469861227e-26,5.12829884013345e-06,-5.35965888019135,-1.21616676460616,-0.496082497160169,-2.70660528252413,-3.76113180221166,-26.7140863255806,-15.5835852986138,-51.8387996783828,-60.2413556608303,-13.4637852136905,1.28304864980363,2.30659881411948
0.0148704279148448,0.397255478623312,1.28359490120827,0.152709019580081,0.0237608061354439,5.6086951604064e-12,3.17224619716699e-07,3.96011839769389e-23,1.0290318021253e-26,2.54351323131498e-06,-4.83549147686975,-1.55028641728954,-0.377446077016486,-2.50633173618299,-4.36682859180692,-26.5338137501786,-15.5907664694482,-52.2102939506392,-60.4657047906185,-13.5090750056892,0.627110735003103,0.807277210473185
0.00816833131044163,0.218212574840833,0.705079132994958,0.0838831184392207,0.0130518192098379,3.08085823433066e-12,1.7425159575187e-07,2.17529443578737e-23,5.65247532678552e-27,1.39715271711397e-06,-4.83549147686975,-1.55028641728954,-0.377446077016486,-2.50633173618299,-4.36682859180692,-26.5338137501786,-15.5907664694482,-52.2102939506392,-60.4657047906185,-13.5090750056892,0.0280008399304952,1.30744113275391
0.0102792281297745,0.274604047304875,0.887288845438238,0.105560570195214,0.0164247288788342,3.877027439582e-12,2.19282474796418e-07,2.73744378197589e-23,7.11321335701411e-27,1.75821118971878e-06,-4.83549147686975,-1.55028641728954,-0.377446077016486,-2.50633173618299,-4.36682859180692,-26.5338137501786,-15.5907664694482,-52.2102939506392,-60.4657047906185,-13.5090750056892,0.257861370443345,1.27259191616058
0.0308811490993166,0.824973278249802,2.66561835034785,0.317128063124211,0.0493436369948779,1.16474759497822e-11,6.58774638870077e-07,8.22390635901271e-23,2.13697175974654e-26,5.28206799307446e-06,-4.83549147686975,-1.55028641728954,-0.377446077016486,-2.50633173618299,-4.36682859180692,-26.5338137501786,-15.5907664694482,-52.2102939506392,-60.4657047906185,-13.5090750056892,1.35788213411728,2.45672899488424
0.03415784451147,0.554346015171992,1.4710105435578,0.060570808239962,0.0248428732714986,7.92696743350583e-12,6.69638078768679e-07,3.26469867752992e-23,1.73321866648825e-26,3.08819936377953e-06,-4.13987078869656,-1.35307398794121,-0.377158167656614,-3.56704999104192,-4.45829213431351,-26.3238583472446,-14.9796362283166,-52.5393974459146,-60.0803400139259,-13.4510301439389,0.763107776862599,2.3429973821819
0.0542229830392056,1.03211437710943,2.55498925764726,0.0713823721751309,0.0169358183516922,5.72790542932799e-12,1.86351642814459e-06,6.14245644807128e-23,2.66064799361106e-26,8.06241781548226e-06,-4.23096608393342,-1.28470617338001,-0.378267645627043,-3.95601999325255,-5.39464013561083,-27.20198686148,-14.5093609671495,-52.4605480685666,-60.2049583829287,-13.0446127341534,1.31631566483053,0.995728469448638
0.0139361722210803,0.265269870911565,0.65667302538182,0.0183464091502047,0.00435277566863965,1.4721631318487e-12,4.78953469982603e-07,1.57870936128528e-23,6.83829007191025e-27,2.07217008170919e-06,-4.23096608393342,-1.28470617338001,-0.378267645627043,-3.95601999325255,-5.39464013561083,-27.20198686148,-14.5093609671495,-52.4605480685666,-60.2049583829287,-13.0446127341534,-0.0423014170154834,0.769317936273199
0.0589858696728013,1.12277415817537,2.77941667757415,0.0776525205006382,0.0184234418341177,6.2310382833084e-12,2.02720564237831e-06,6.68200300331725e-23,2.89435635960619e-26,8.77061164576377e-06,-4.23096608393342,-1.28470617338001,-0.378267645627043,-3.95601999325255,-5.39464013561083,-27.20198686148,-14.5093609671495,-52.4605480685666,-60.2049583829287,-13.0446127341534,1.40050872310183,0.83695532049338
0.0567046020078199,1.07935107403115,2.67192324856765,0.0746493235467736,0.0177109186083523,5.9900540232844e-12,1.94880383686322e-06,6.42357776565722e-23,2.78241765952888e-26,8.43140985285004e-06,-4.23096608393342,-1.28470617338001,-0.378267645627043,-3.95601999325255,-5.39464013561083,-27.20198686148,-14.5093609671495,-52.4605480685666,-60.2049583829287,-13.0446127341534,1.36106617655044,0.572385434399476
0.0580889690264619,0.874372555198512,1.85053437527088,0.0813619996235884,0.00823698837955878,2.12865384612813e-12,6.30427954271978e-07,1.2160793191259e-22,2.68184336785997e-26,1.16021020348374e-05,-3.9009995166154,-1.1894687512365,-0.439745572735725,-3.56406697168029,-5.85434051139954,-27.9307513547387,-15.3320869772945,-51.5164600565222,-59.9359280575506,-12.4195442879829,1.05522002161417,0.963669602533263
0.117365690126256,1.90951857343092,2.84889732347754,0.193726606271918,0.0123616862572326,2.93720275178516e-12,1.42822290784847e-06,1.59250477774182e-22,3.8795771766272e-26,2.20637775162307e-05,-3.76814456503704,-0.978832748597546,-0.578751887718442,-3.26699126295027,-6.01883731076879,-28.1792473355494,-15.0847635113851,-51.8172478403468,-60.1371701483337,-12.3472572236181,1.62568390308935,0.888236017299636
0.0361608297781734,0.978168459090565,2.04999592761962,0.246783378482961,0.00710655067128118,2.26126207711323e-12,5.34948745694825e-07,3.07423822389632e-23,3.8304699291053e-26,2.85614639925008e-05,-4.51921459660423,-1.22150917550955,-0.481597993666682,-2.59868013763105,-6.14617409082619,-28.0145338176021,-15.6405306973673,-53.0358358006495,-59.723660725573,-11.662887961853,1.19943580028801,0.604047167251777
0.0141107708683013,0.230369094420192,0.435872345968756,0.0325155994452765,0.00214841850677269,1.28017443981936e-12,5.35302945411083e-08,4.74940506858891e-24,1.9876911064038e-26,3.11846189574017e-06,-3.9253712797387,-1.13262689585213,-0.494960260871238,-3.09058971976288,-5.80757768365131,-27.0485791640666,-16.4075724880935,-53.368577268266,-58.844793098649,-12.3427250577261,-0.335445602106938,1.19681078165426
0.320413586777545,5.23099613159224,9.89736301811303,0.738332437095068,0.04878418663864,2.90689493714977e-11,1.21551358428653e-06,1.07844846131303e-22,4.51345459970138e-25,7.081098336646e-05,-3.9253712797387,-1.13262689585213,-0.494960260871238,-3.09058971976288,-5.80757768365131,-27.0485791640666,-16.4075724880935,-53.368577268266,-58.844793098649,-12.3427250577261,2.78722862072441,1.57124902320998
0.00606884811333271,0.0990785731758146,0.187462689967471,0.0139845112778806,0.0009240051959717,5.50585386606149e-13,2.30226420699479e-08,2.04265367632806e-24,8.54878555790696e-27,1.34120749100796e-06,-3.9253712797387,-1.13262689585213,-0.494960260871238,-3.09058971976288,-5.80757768365131,-27.0485791640666,-16.4075724880935,-53.368577268266,-58.844793098649,-12.3427250577261,-1.1792151793411,2.20875187495651
0.0429167161361858,0.700648116538492,1.32566887508438,0.0988934456108024,0.00653423317956486,3.89354228420988e-12,1.62807863365421e-07,1.44449138212765e-23,6.04539438533322e-26,9.48453810285023e-06,-3.9253712797387,-1.13262689585213,-0.494960260871238,-3.09058971976288,-5.80757768365131,-27.0485791640666,-16.4075724880935,-53.368577268266,-58.844793098649,-12.3427250577261,0.77687740431946,1.08394638303459
0.0313526875237288,0.511856531432016,0.968463706975219,0.0722463314420758,0.00477356586268125,2.84441647888176e-12,1.18938831440509e-07,1.05526915877848e-23,4.41644604213427e-26,6.92890291284042e-06,-3.9253712797387,-1.13262689585213,-0.494960260871238,-3.09058971976288,-5.80757768365131,-27.0485791640666,-16.4075724880935,-53.368577268266,-58.844793098649,-12.3427250577261,0.462915990595924,2.14334714833843
0.0614212543665057,1.00274881355702,1.89726177846267,0.141533649936459,0.00935161947010478,5.57233340655254e-12,2.33006252316759e-07,2.06731736720835e-23,8.65200648411954e-26,1.35740168356636e-05,-3.9253712797387,-1.13262689585213,-0.494960260871238,-3.09058971976288,-5.80757768365131,-27.0485791640666,-16.4075724880935,-53.368577268266,-58.844793098649,-12.3427250577261,1.13537193833025,1.15288981851748
0.0188891909145309,0.240301797010882,0.5783154630471,0.0841606008868352,0.001464745664748,3.55889068865623e-12,9.21599781173819e-08,6.12409958816548e-24,1.47641718518168e-26,4.29228507051119e-06,-3.88918691720613,-1.34588114547309,-0.467657262780077,-2.39504987760618,-6.44609514666822,-26.2815937113364,-16.1197613648435,-53.3698319796496,-59.3976155732197,-12.2787128037665,-0.079978512596989,1.82781221139531
0.0555961383913355,0.707274971318453,1.70214312846413,0.247708037637707,0.00431115356152146,1.04748043545877e-11,2.71252427948879e-07,1.80249270477779e-23,4.34550608981154e-26,1.26333878393716e-05,-3.88918691720613,-1.34588114547309,-0.467657262780077,-2.39504987760618,-6.44609514666822,-26.2815937113364,-16.1197613648435,-53.3698319796496,-59.3976155732197,-12.2787128037665,0.999545383675281,1.34803831457808
0.0734745007598683,0.934717354859889,2.24951085101323,0.327364902064378,0.00569751541738884,1.38432460019664e-11,3.58480594158534e-07,2.38213040399749e-23,5.74291488107434e-26,1.6695977297378e-05,-3.88918691720613,-1.34588114547309,-0.467657262780077,-2.39504987760618,-6.44609514666822,-26.2815937113364,-16.1197613648435,-53.3698319796496,-59.3976155732197,-12.2787128037665,1.27837005581202,1.58550726348011
0.244771069574226,3.11389345055084,7.49396282148107,1.09057504835918,0.0189805569035133,4.61170350970415e-11,1.19423306788517e-06,7.93576820286782e-23,1.91317995137995e-25,5.5620551053793e-05,-3.88918691720613,-1.34588114547309,-0.467657262780077,-2.39504987760618,-6.44609514666822,-26.2815937113364,-16.1197613648435,-53.3698319796496,-59.3976155732197,-12.2787128037665,2.48175500203453,1.67105398718785
0.182774521662892,2.32519466832273,5.59586340182388,0.814350050224737,0.0141730892256568,3.44363369618584e-11,8.91753172122851e-07,5.92576663504308e-23,1.42860245320972e-25,4.1532766234045e-05,-3.88918691720613,-1.34588114547309,-0.467657262780077,-2.39504987760618,-6.44609514666822,-26.2815937113364,-16.1197613648435,-53.3698319796496,-59.3976155732197,-12.2787128037665,2.18968490931824,0.421909987496253
0.33421828425554,4.25181018413645,10.2324976592493,1.48910621728511,0.0259166623471536,6.29696817189081e-11,1.63064420825589e-06,1.08357529246644e-22,2.61231738675065e-25,7.59460878071998e-05,-3.88918691720613,-1.34588114547309,-0.467657262780077,-2.39504987760618,-6.44609514666822,-26.2815937113364,-16.1197613648435,-53.3698319796496,-59.3976155732197,-12.2787128037665,2.79322596340799,0.535611533910482
0.387376395519283,4.92806941197638,11.8599976336686,1.7259516494801,0.0300387612433991,7.29851401924393e-11,1.89000155145787e-06,1.25592019001709e-22,3.02781188493594e-25,8.80254705815255e-05,-3.88918691720613,-1.34588114547309,-0.467657262780077,-2.39504987760618,-6.44609514666822,-26.2815937113364,-16.1197613648435,-53.3698319796496,-59.3976155732197,-12.2787128037665,2.94082845682759,0.838847799359291
0.88200741783484,11.2205953363304,27.0037255996891,3.9297752141688,0.0683944880114123,1.66178000998625e-10,4.30329624465262e-06,2.85957259300398e-22,6.89394752290488e-25,0.000200422944994446,-3.88918691720613,-1.34588114547309,-0.467657262780077,-2.39504987760618,-6.44609514666822,-26.2815937113364,-16.1197613648435,-53.3698319796496,-59.3976155732197,-12.2787128037665,3.763632104439,0.267463060448119
0.00367956710980827,0.0468101885734487,0.112654404656617,0.0163942743956638,0.000285328789180426,6.93262998115426e-13,1.79525330574377e-08,1.19295927092723e-24,2.8760237214666e-27,8.36126387987557e-07,-3.88918691720613,-1.34588114547309,-0.467657262780077,-2.39504987760618,-6.44609514666822,-26.2815937113364,-16.1197613648435,-53.3698319796496,-59.3976155732197,-12.2787128037665,-1.71577324971877,0.387871712969897
1.51758938608772,12.9743640377902,61.8513846660541,13.8256066322424,0.591284448655024,2.44641656194451e-10,7.7337272410338e-06,3.91576333113954e-22,1.2978980648405e-24,0.000604840371720896,-4.09110478854135,-1.94525252085336,-0.383493448200937,-1.88170550846329,-5.03368601103887,-26.6394545381213,-16.2781475671923,-53.8000896936817,-59.509524083415,-11.9187739174183,4.50822793427556,0.633523281670245
0.871456839099342,7.4503672583298,35.5173887410684,7.93918273600027,0.339537744107364,1.40482429815124e-10,4.44099672659296e-06,2.24857841422642e-22,7.4530182895841e-25,0.000347322064407938,-4.09110478854135,-1.94525252085336,-0.383493448200937,-1.88170550846329,-5.03368601103887,-26.6394545381213,-16.2781475671923,-53.8000896936817,-59.509524083415,-11.9187739174183,3.95351584844991,0.210859961906024
0.394892192311534,3.37606147334687,16.0943593255141,3.59756345365447,0.153858226968123,6.36582469744337e-11,2.01239448097638e-06,1.01892144250765e-22,3.37726276238026e-25,0.000157385616015096,-4.09110478854135,-1.94525252085336,-0.383493448200937,-1.88170550846329,-5.03368601103887,-26.6394545381213,-16.2781475671923,-53.8000896936817,-59.509524083415,-11.9187739174183,3.16196230635105,0.373530148509794
0.0792434420833465,0.677477896605063,3.22967244202638,0.721926937861377,0.0308748963265808,1.27743690694858e-11,4.03829370666037e-07,2.04468064674058e-23,6.77718960570867e-26,3.15827412905773e-05,-4.09110478854135,-1.94525252085336,-0.383493448200937,-1.88170550846329,-5.03368601103887,-26.6394545381213,-16.2781475671923,-53.8000896936817,-59.509524083415,-11.9187739174183,1.5558741691557,0.388278375661862
0.0861711993086526,0.736705540808787,3.51202245115504,0.785040483013188,0.0335740949035694,1.38911520523196e-11,4.39133640229187e-07,2.22343425399809e-23,7.36967679485467e-26,3.43438223140472e-05,-4.09110478854135,-1.94525252085336,-0.383493448200937,-1.88170550846329,-5.03368601103887,-26.6394545381213,-16.2781475671923,-53.8000896936817,-59.509524083415,-11.9187739174183,1.63968551665128,0.0977950497957751
0.06460236390778,0.552306569039805,2.63295572374643,0.588543171881616,0.0251704271756253,1.04141669975823e-11,3.29217551314567e-07,1.66690390703875e-23,5.52503093845321e-26,2.5747490169763e-05,-4.09110478854135,-1.94525252085336,-0.383493448200937,-1.88170550846329,-5.03368601103887,-26.6394545381213,-16.2781475671923,-53.8000896936817,-59.509524083415,-11.9187739174183,1.35160051267795,0.184152254882682
0.0140420334295492,0.0897280656302907,0.276540925723973,0.0790654386761777,0.00578549173053968,1.49811997659128e-12,4.74146513264068e-08,6.60464820802314e-24,2.83090000199808e-27,2.76691462643657e-06,-3.50033646660414,-1.64560808247144,-0.520032862401521,-1.77211583862141,-4.3870383278884,-26.4614465497553,-16.0989709631907,-52.6089049636634,-60.363839234732,-12.0324141187297,-0.765363593102883,0.462604769814624
0.0798201736578007,0.698364514656731,0.924549605133365,0.320283359377858,0.0275612240249028,2.95350127538747e-12,7.70550082870025e-07,3.11658587973708e-23,7.98805458545288e-27,2.5258856039905e-05,-3.24611382959442,-1.07714891107923,-0.796583399268006,-1.85668400280282,-4.30948024657589,-27.2661646021892,-14.7942960096666,-52.5408538313546,-60.8099850877254,-11.3044685553303,0.71813482584815,0.331554661579133
0.0252861576462139,0.221234236946639,0.292887198759713,0.101462263805737,0.00873109420438102,9.35636887711065e-13,2.44101835123613e-07,9.87300305945829e-24,2.53052828975627e-27,8.00172921855878e-06,-3.24611382959442,-1.07714891107923,-0.796583399268006,-1.85668400280282,-4.30948024657589,-27.2661646021892,-14.7942960096666,-52.5408538313546,-60.8099850877254,-11.3044685553303,-0.431384331991864,0.610924728574537
0.0258726667599713,0.226365736087783,0.299680678962553,0.10381566772171,0.00893361079055403,9.57338862739775e-13,2.49763745208491e-07,1.01020060719185e-23,2.58922356190194e-27,8.18732827944285e-06,-3.24611382959442,-1.07714891107923,-0.796583399268006,-1.85668400280282,-4.30948024657589,-27.2661646021892,-14.7942960096666,-52.5408538313546,-60.8099850877254,-11.3044685553303,-0.408454375395743,0.308285507883847
0.221745910137514,1.9401044599853,2.56846213510514,0.889769111899231,0.0765669682968514,8.20502885913103e-12,2.14064091322423e-06,8.6580890613796e-23,2.21913628235546e-26,7.01708323213327e-05,-3.24611382959442,-1.07714891107923,-0.796583399268006,-1.85668400280282,-4.30948024657589,-27.2661646021892,-14.7942960096666,-52.5408538313546,-60.8099850877254,-11.3044685553303,1.73989072805811,0.373161555231387
0.435918942993354,3.81395212641807,5.04920834102034,1.7491515876289,0.150519086766789,1.61298465675613e-11,4.20817648290491e-06,1.70204944462711e-22,4.36248651423914e-26,0.000137945250198796,-3.24611382959442,-1.07714891107923,-0.796583399268006,-1.85668400280282,-4.30948024657589,-27.2661646021892,-14.7942960096666,-52.5408538313546,-60.8099850877254,-11.3044685553303,2.4158148661121,0.166706973252695
0.183581778786309,1.60619795681678,2.12641057152066,0.736633186020329,0.0633892197943761,6.79288196124181e-12,1.77222058503242e-06,7.1679671106116e-23,1.83720631343959e-26,5.80939067082558e-05,-3.24611382959442,-1.07714891107923,-0.796583399268006,-1.85668400280282,-4.30948024657589,-27.2661646021892,-14.7942960096666,-52.5408538313546,-60.8099850877254,-11.3044685553303,1.55101877979036,0.288237334114588
0.0080252502248869,0.0365852517865833,0.073914783992887,0.032979958183547,0.00133893743082615,2.15195651494042e-13,4.27140040629693e-08,2.91398776317164e-24,2.85486848038443e-28,7.37476888335649e-07,-2.94683123692954,-1.42977888358303,-0.726511224153812,-1.53352403693381,-4.73754774879872,-27.2888975807879,-15.0904078136249,-52.3141885305649,-61.5450256353503,-12.2416998942221,-1.87833119285136,0.229360485428554
0.0654873074636498,0.939318937650125,1.54510415927579,0.790310163621601,0.0522573602364282,3.19325625742245e-12,5.5764864646557e-07,1.74540889945876e-22,6.5407505919124e-27,2.10701068414457e-05,-3.94746591615126,-1.28416718258655,-0.786475656767526,-1.45689678024562,-4.1731415141407,-27.6915469312635,-15.621103720572,-51.3214501731791,-61.5133125644019,-11.9892222412276,1.22156698185179,0.362428294886695
0.0483024901488197,0.997939852402767,1.2545318477941,0.353816802867623,0.0588781849024469,2.83960191749264e-12,2.22948458740171e-07,4.46472750674381e-23,3.44293386353205e-27,1.01895744032366e-05,-4.02850395685481,-1.0002940656988,-0.77146931973368,-2.03720779890291,-3.83051642517953,-27.5855890365555,-16.3145570120043,-52.4614807482001,-61.9317053287112,-12.4923772708004,0.998231793078428,2.09619915212564
0.0608918940476749,1.10543532563842,1.78131224509597,0.492245481759792,0.0749816114451477,1.86319524071338e-12,3.4202288269555e-07,4.40666305792445e-23,8.21569593744562e-27,1.78390595315404e-05,-4.05566194935528,-1.15676751632293,-0.679656424525055,-1.9657844738207,-3.84751910980351,-28.2657349642701,-16.1453949272202,-52.7333461456004,-61.3207577810499,-12.1911268826085,1.25700673356461,0.903786798235702
0.0775050360998655,1.40703136533398,2.26730785797535,0.626544869895456,0.0954388526218649,2.37153100016113e-12,4.35337022848131e-07,5.60893341759041e-23,1.04571851504356e-26,2.270609207684e-05,-4.05566194935528,-1.15676751632293,-0.679656424525055,-1.9657844738207,-3.84751910980351,-28.2657349642701,-16.1453949272202,-52.7333461456004,-61.3207577810499,-12.1911268826085,1.49824958655496,1.18371191675822
0.00704615933710779,0.127916425710416,0.206126120797957,0.0569606209774866,0.00867656343850893,2.15601284005529e-13,3.9577480157259e-08,5.09920910437964e-24,9.50686516585398e-28,2.06426254018263e-06,-4.05566194935528,-1.15676751632293,-0.679656424525055,-1.9657844738207,-3.84751910980351,-28.2657349642701,-16.1453949272202,-52.7333461456004,-61.3207577810499,-12.1911268826085,-0.899610636124757,1.03509922749222
0.00589980212312667,0.107105383781863,0.172590948761431,0.0476935556662459,0.00726495172006286,1.80524574064879e-13,3.31385213260935e-08,4.26960607346049e-24,7.96016959117003e-28,1.72842252560518e-06,-4.05566194935528,-1.15676751632293,-0.679656424525055,-1.9657844738207,-3.84751910980351,-28.2657349642701,-16.1453949272202,-52.7333461456004,-61.3207577810499,-12.1911268826085,-1.07717451773072,1.45599283777611
0.030725243141686,0.420273043059587,0.78484822081667,0.161898371167447,0.0175227162337843,5.60226977233327e-13,5.05873450500078e-08,2.71052339415359e-23,5.49278193595785e-27,1.17525447080801e-05,-3.82999767578484,-1.21417764211091,-0.589591894876146,-2.16811344478533,-4.39158413501976,-28.5577613425159,-17.1468913554625,-52.3096423539494,-60.8136896215037,-11.6987677356257,0.347326965703909,0.609482710578156
0.0545388222040085,0.428616248077157,1.28643858366765,0.126778747189844,0.0938080917690242,5.74243781278538e-13,4.06563065356949e-08,4.16317124198554e-23,2.23464207528485e-26,4.15130279831903e-05,-3.59708871059786,-1.53543950072246,-0.436368601198459,-2.75355807365383,-3.05475037421035,-28.873968596407,-17.7063580843704,-52.2214262509355,-59.7513775616047,-10.7777494664007,0.688246213713969,0.50879939445118
0.047581654992397,0.616602469934491,0.846413332996509,0.149849880418912,0.10660391336567,7.72588712373518e-13,2.85621333009833e-08,3.64412911950576e-23,2.35600068590891e-26,7.04048351096407e-05,-3.61466004768443,-1.05288281414075,-0.73609952174192,-2.46747333955991,-2.80798711351171,-28.4583816110431,-17.9405360631869,-52.2356917829741,-59.5795989172579,-10.1306006729589,0.569352056334866,0.617660502993302
0.233034305311421,3.01985141663212,4.14536533234676,0.733899709667529,0.522099723068004,3.78380436553073e-12,1.3988493870317e-07,1.78473636102998e-22,1.1538669330475e-25,0.000344812340868806,-3.61466004768443,-1.05288281414075,-0.73609952174192,-2.46747333955991,-2.80798711351171,-28.4583816110431,-17.9405360631869,-52.2356917829741,-59.5795989172579,-10.1306006729589,2.15809044452649,0.870732453716988
0.4489475781247,9.85824438058757,12.0128845836811,4.74040501365272,0.837812669698482,1.72197831228625e-11,4.23817543987722e-07,6.47559856364466e-22,3.98264493121669e-25,0.000675260918821681,-4.12943891793728,-1.04028166932128,-0.842609978300294,-1.77246718940007,-3.50555051537746,-28.1135519788745,-18.0025525624877,-52.1174207676693,-59.511270938067,-10.6290011627541,3.32858976737506,0.560912394387094
0.0587087917750156,1.28916079472952,1.57092269566656,0.619901887071714,0.109560607893815,2.25182785481083e-12,5.54225418577989e-08,8.46812826743897e-23,5.20809741211426e-26,8.83037454896265e-05,-4.12943891793728,-1.04028166932128,-0.842609978300294,-1.77246718940007,-3.50555051537746,-28.1135519788745,-18.0025525624877,-52.1174207676693,-59.511270938067,-10.6290011627541,1.29427312927622,1.6818748930504
0.0696441036335927,1.52928454621537,1.86352843772751,0.735367054245099,0.12996776291287,2.67126145410126e-12,6.57457449230678e-08,1.00454324609531e-22,6.17817646960143e-26,0.000104751520448273,-4.12943891793728,-1.04028166932128,-0.842609978300294,-1.77246718940007,-3.50555051537746,-28.1135519788745,-18.0025525624877,-52.1174207676693,-59.511270938067,-10.6290011627541,1.46508167850607,0.75472020286129
0.0145731747761421,0.320005999240112,0.389947234674648,0.153877098663115,0.0271960270198647,5.58967062713574e-13,1.37574350384686e-08,2.10202781452394e-23,1.29279638608086e-26,2.19194753886238e-05,-4.12943891793728,-1.04028166932128,-0.842609978300294,-1.77246718940007,-3.50555051537746,-28.1135519788745,-18.0025525624877,-52.1174207676693,-59.511270938067,-10.6290011627541,-0.0991338664174721,1.21227950181252
0.149271164906199,3.27778051229748,3.9941796393692,1.57614343632472,0.278565425614853,5.72542811550221e-12,1.4091564712965e-07,2.15308019946965e-22,1.32419479969965e-25,0.000224518382277908,-4.12943891793728,-1.04028166932128,-0.842609978300294,-1.77246718940007,-3.50555051537746,-28.1135519788745,-18.0025525624877,-52.1174207676693,-59.511270938067,-10.6290011627541,2.22744818959073,1.45966626963298
0.070150786130386,1.54041056653521,1.87708618622896,0.740717078090114,0.130913318777323,2.69069571131093e-12,6.62240656487738e-08,1.01185161038622e-22,6.22312462337074e-26,0.000105513620312504,-4.12943891793728,-1.04028166932128,-0.842609978300294,-1.77246718940007,-3.50555051537746,-28.1135519788745,-18.0025525624877,-52.1174207676693,-59.511270938067,-10.6290011627541,1.47233065186115,3.63766674468489
0.047714820299757,1.04774896226341,1.2767473467311,0.503817337247513,0.0890439840359689,1.83014431381998e-12,4.50439626731687e-08,6.8823630386496e-23,4.23281461957143e-26,7.17677407496246e-05,-4.12943891793728,-1.04028166932128,-0.842609978300294,-1.77246718940007,-3.50555051537746,-28.1135519788745,-18.0025525624877,-52.1174207676693,-59.511270938067,-10.6290011627541,1.08692568670089,6.41007523216578
0.0938711624977003,2.06127598250488,2.51179312634052,0.991178816912799,0.175179582410072,3.60051181577461e-12,8.86166837278207e-08,1.35399319354145e-22,8.32737557178761e-26,0.000141191378520923,-4.12943891793728,-1.04028166932128,-0.842609978300294,-1.77246718940007,-3.50555051537746,-28.1135519788745,-18.0025525624877,-52.1174207676693,-59.511270938067,-10.6290011627541,1.76360686935115,9.97522432157036
0.0796199207608112,1.74833917069283,2.13046013669727,0.840700985931916,0.148584337290418,3.05389278072872e-12,7.51631613880121e-08,1.14843395897104e-22,7.0631380876687e-26,0.000119756121803872,-4.12943891793728,-1.04028166932128,-0.842609978300294,-1.77246718940007,-3.50555051537746,-28.1135519788745,-18.0025525624877,-52.1174207676693,-59.511270938067,-10.6290011627541,1.59894796130968,4.54541440551055
0.0490623521878456,1.07733882823151,1.31280444077325,0.518045829012709,0.0915587081233094,1.88183009629141e-12,4.63160658831703e-08,7.07673039876369e-23,4.35235510280927e-26,7.37945600604517e-05,-4.12943891793728,-1.04028166932128,-0.842609978300294,-1.77246718940007,-3.50555051537746,-28.1135519788745,-18.0025525624877,-52.1174207676693,-59.511270938067,-10.6290011627541,1.11477562176142,5.7772399287833
0.0668539222020593,1.46801616710276,1.78886910301287,0.705905730269836,0.124760808987735,2.56424156700189e-12,6.31117450994535e-08,9.642978015251e-23,5.93065755031271e-26,0.000100554815601336,-4.12943891793728,-1.04028166932128,-0.842609978300294,-1.77246718940007,-3.50555051537746,-28.1135519788745,-18.0025525624877,-52.1174207676693,-59.511270938067,-10.6290011627541,1.42419361246574,4.15701075962418
0.0773160048983583,1.39069603711905,1.85156872548009,0.921509997660251,0.203082792119377,4.20428650761121e-12,1.28081083087549e-07,1.08235543272802e-22,3.68860201438011e-26,0.000280289203337303,-4.05151131673531,-1.1618526531128,-0.875623781558246,-1.57339867365094,-3.0857985611858,-27.6865735350967,-17.3622593330102,-52.0693894443887,-60.0536219105218,-9.67134563982818,1.49165702105271,6.00184312138621
0.124420127661195,1.95744180445745,3.51392668282131,1.14979060130796,0.22265357075528,9.4633053601522e-12,1.36707918067634e-07,3.69522988101226e-22,9.62636054128336e-26,0.000904554313822921,-4.02558278318915,-1.26985305042656,-0.684757344104663,-1.80191162936744,-3.4436296791603,-27.3250908594143,-17.7469106412851,-51.2913207486715,-59.5441986620663,-8.94955967582567,1.9414914693438,6.82993578283769
0.132904905393458,2.09092871647773,3.75355741967761,1.22820008274901,0.237837336394049,1.01086514476604e-11,1.46030656444844e-07,3.94722451242256e-22,1.02828261075769e-25,0.000966240010854568,-4.02558278318915,-1.26985305042656,-0.684757344104663,-1.80191162936744,-3.4436296791603,-27.3250908594143,-17.7469106412851,-51.2913207486715,-59.5441986620663,-8.94955967582567,2.00746137965481,3.54207494568903
0.135012163148735,2.1240811854591,3.81307149825188,1.24767366155893,0.24160833769853,1.02689279558556e-11,1.48346027968495e-07,4.0098092563114e-22,1.04458642211604e-25,0.00098156011322629,-4.02558278318915,-1.26985305042656,-0.684757344104663,-1.80191162936744,-3.4436296791603,-27.3250908594143,-17.7469106412851,-51.2913207486715,-59.5441986620663,-8.94955967582567,2.02319237598496,4.07496851641285
0.294934283218645,4.6400586978334,8.32966069849168,2.72554508038866,0.527793794550665,2.24324893065203e-11,3.24062131935637e-07,8.75943464109125e-22,2.28190068569841e-25,0.00214421961458012,-4.02558278318915,-1.26985305042656,-0.684757344104663,-1.80191162936744,-3.4436296791603,-27.3250908594143,-17.7469106412851,-51.2913207486715,-59.5441986620663,-8.94955967582567,2.80458006697984,1.73407293524598
0.0534179934491336,0.840399503304641,1.50865391357597,0.493646068068615,0.0955931102756874,4.06293413483952e-12,5.8693579640645e-08,1.5864938357439e-22,4.13293953317209e-26,0.000388357392959407,-4.02558278318915,-1.26985305042656,-0.684757344104663,-1.80191162936744,-3.4436296791603,-27.3250908594143,-17.7469106412851,-51.2913207486715,-59.5441986620663,-8.94955967582567,1.09597514939253,2.39815373203326
0.0440488258396489,0.692998912286811,1.24404585796906,0.407063767744998,0.0788267022798927,3.35032198979787e-12,4.83991086254153e-08,1.30823316553259e-22,3.40804889790276e-26,0.000320242039459954,-4.02558278318915,-1.26985305042656,-0.684757344104663,-1.80191162936744,-3.4436296791603,-27.3250908594143,-17.7469106412851,-51.2913207486715,-59.5441986620663,-8.94955967582567,0.903126201061393,1.84011692857447
0.0632599105627535,0.995237634050373,1.78661356372067,0.584597138516854,0.113205517766477,4.81150326691043e-12,6.95074891236911e-08,1.87879498418611e-22,4.8944067035894e-26,0.000459909711292135,-4.02558278318915,-1.26985305042656,-0.684757344104663,-1.80191162936744,-3.4436296791603,-27.3250908594143,-17.7469106412851,-51.2913207486715,-59.5441986620663,-8.94955967582567,1.26507930827943,2.20855793788522
0.0120405704468418,0.189428482233538,0.340054961884941,0.111269253571767,0.0215469639383432,9.15797122143814e-13,1.32297028549651e-08,3.57600305802288e-23,9.31576541696239e-27,8.75368812370735e-05,-4.02558278318915,-1.26985305042656,-0.684757344104663,-1.80191162936744,-3.4436296791603,-27.3250908594143,-17.7469106412851,-51.2913207486715,-59.5441986620663,-8.94955967582567,-0.393890677728872,2.1699720006586
0.072940556268513,1.14753855959029,2.06001851749985,0.674057868515333,0.13052932520922,5.54780621177246e-12,8.0144199958682e-08,2.16630643391573e-22,5.64339633724278e-26,0.000530289560584535,-4.02558278318915,-1.26985305042656,-0.684757344104663,-1.80191162936744,-3.4436296791603,-27.3250908594143,-17.7469106412851,-51.2913207486715,-59.5441986620663,-8.94955967582567,1.40747231594335,2.37837789079179
0.0868869421876557,1.36695031661376,2.45389833848546,0.802939133576479,0.155486803411493,6.60855828705374e-12,9.54679375195813e-08,2.58050872537197e-22,6.72242544313733e-26,0.000631682026438228,-4.02558278318915,-1.26985305042656,-0.684757344104663,-1.80191162936744,-3.4436296791603,-27.3250908594143,-17.7469106412851,-51.2913207486715,-59.5441986620663,-8.94955967582567,1.58243526267523,1.41001734171172
0.116030388682144,0.709742900722662,2.41763515606522,0.867742420393229,0.145336058385136,1.4640698495554e-11,3.70144794673113e-08,4.95559341746031e-22,6.73617985535868e-26,0.000644421448088888,-3.60249869990599,-1.79144803530276,-0.565805694967672,-1.59045590817953,-3.37730212324006,-26.3958114462081,-18.5605522130197,-50.5049506730332,-59.4083149897637,-8.79575317252217,1.4485955491195,1.68225753607302
0.184265527164172,1.12712842935444,3.83939777831279,1.37804428953946,0.23080527195046,2.3250598890307e-11,5.87819505667235e-08,7.86987826078143e-22,1.06975917793453e-25,0.00102339274388962,-3.60249869990599,-1.79144803530276,-0.565805694967672,-1.59045590817953,-3.37730212324006,-26.3958114462081,-18.5605522130197,-50.5049506730332,-59.4083149897637,-8.79575317252217,1.91112122070404,2.38355590130801
0.0647830562574599,0.396269587545772,1.34983426414643,0.484485199746381,0.0811452426690924,8.17431713414524e-12,2.06662335006073e-08,2.76684832998264e-22,3.76100023008216e-26,0.000359798768229763,-3.60249869990599,-1.79144803530276,-0.565805694967672,-1.59045590817953,-3.37730212324006,-26.3958114462081,-18.5605522130197,-50.5049506730332,-59.4083149897637,-8.79575317252217,0.865787512582545,2.4444984856924
0.0690559355664084,0.422406238380224,1.43886493406202,0.516440264929798,0.086497318481052,8.71346845804174e-12,2.20293109257862e-08,2.9493406306422e-22,4.00906355084003e-26,0.00038352992265453,-3.60249869990599,-1.79144803530276,-0.565805694967672,-1.59045590817953,-3.37730212324006,-26.3958114462081,-18.5605522130197,-50.5049506730332,-59.4083149897637,-8.79575317252217,0.929660257496189,5.44650272836359
0.0443120142381856,0.271050867617351,0.923295049469969,0.331390896163218,0.0555038517204843,5.59128386589475e-12,1.41358325159771e-08,1.89254150199147e-22,2.57254759767573e-26,0.000246104599902123,-3.60249869990599,-1.79144803530276,-0.565805694967672,-1.59045590817953,-3.37730212324006,-26.3958114462081,-18.5605522130197,-50.5049506730332,-59.4083149897637,-8.79575317252217,0.485999262971305,10.4938848971062
0.0877583788888354,0.53680666851774,1.82855323032793,0.656307963557678,0.109923417673903,1.10733401858176e-11,2.79955169534409e-08,3.74811159117856e-22,5.09483964265025e-26,0.000487401466527876,-3.60249869990599,-1.79144803530276,-0.565805694967672,-1.59045590817953,-3.37730212324006,-26.3958114462081,-18.5605522130197,-50.5049506730332,-59.4083149897637,-8.79575317252217,1.16933076462399,7.24192713951996
0.0879318729447869,0.537867909248963,1.83216819132048,0.657605452549528,0.110140730935813,1.10952316419509e-11,2.80508627317724e-08,3.75552142589004e-22,5.10491189335975e-26,0.000488365035572511,-3.60249869990599,-1.79144803530276,-0.565805694967672,-1.59045590817953,-3.37730212324006,-26.3958114462081,-18.5605522130197,-50.5049506730332,-59.4083149897637,-8.79575317252217,1.17130576449491,4.06479052929108
0.0881385470505948,0.53913210805952,1.83647449926037,0.659151081163233,0.110399604496865,1.11213097522144e-11,2.81167931706233e-08,3.76434836209125e-22,5.11691042205535e-26,0.000489512883373936,-3.60249869990599,-1.79144803530276,-0.565805694967672,-1.59045590817953,-3.37730212324006,-26.3958114462081,-18.5605522130197,-50.5049506730332,-59.4083149897637,-8.79575317252217,1.17365339563857,3.84989844872293
0.103649061674995,1.02291159819997,1.39301659305157,0.712575039109613,0.186746274476358,1.15857747845401e-11,7.72967841910727e-08,4.26931723644622e-22,4.26730330061184e-26,0.00171562925215932,-3.49656463991924,-1.20716707799209,-0.898348540490757,-1.56869020129218,-2.90782455138051,-26.4110632289851,-17.6054336308422,-50.4352382761571,-59.6460504825936,-7.59779550173537,1.22982014695587,2.57567445358631
0.0941468177566367,0.929134043864821,1.26530889135522,0.647248236123351,0.169625920251799,1.05236247157718e-11,7.02104402761478e-08,3.87791867393179e-22,3.87608936986565e-26,0.00155834536203973,-3.49656463991924,-1.20716707799209,-0.898348540490757,-1.56869020129218,-2.90782455138051,-26.4110632289851,-17.6054336308422,-50.4352382761571,-59.6460504825936,-7.59779550173537,1.13366481575196,9.8048291449627
0.136772691727201,1.34980838633616,1.83818961767101,0.940296077761301,0.24642568121116,1.52882966562249e-11,1.01998889954447e-07,5.63368351656729e-22,5.63102597755456e-26,0.0022639011586958,-3.49656463991924,-1.20716707799209,-0.898348540490757,-1.56869020129218,-2.90782455138051,-26.4110632289851,-17.6054336308422,-50.4352382761571,-59.6460504825936,-7.59779550173537,1.50712972432126,9.510541955496
0.115465882601856,1.13953169089159,1.55183161136647,0.793814285254573,0.208036841400785,1.29066456512454e-11,8.61092349961961e-08,4.75605350253263e-22,4.75380996192683e-26,0.00191122469047809,-3.49656463991924,-1.20716707799209,-0.898348540490757,-1.56869020129218,-2.90782455138051,-26.4110632289851,-17.6054336308422,-50.4352382761571,-59.6460504825936,-7.59779550173537,1.33778445853458,6.10309784149985
0.105369566092382,1.03989123983742,1.41613972762807,0.724403303472988,0.189846136500913,1.17780908207253e-11,7.85798586010229e-08,4.34018501899851e-22,4.33813765318952e-26,0.00174410753897868,-3.49656463991924,-1.20716707799209,-0.898348540490757,-1.56869020129218,-2.90782455138051,-26.4110632289851,-17.6054336308422,-50.4352382761571,-59.6460504825936,-7.59779550173537,1.2462832085974,3.00054414047559
0.0911034143213945,0.899098724474545,1.22440633598105,0.62632519748848,0.16414256860273,1.01834365248765e-11,6.79408075873548e-08,3.75256052274774e-22,3.7507903530253e-26,0.00150797006799224,-3.49656463991924,-1.20716707799209,-0.898348540490757,-1.56869020129218,-2.90782455138051,-26.4110632289851,-17.6054336308422,-50.4352382761571,-59.6460504825936,-7.59779550173537,1.1008046433305,2.05014060960119
0.145546895160075,0.854214314393167,1.60552105024293,0.678150549168462,0.133698633915226,1.4691856861292e-11,1.48532789664489e-07,6.81155818126238e-22,2.54115782201166e-26,0.00462116375724884,-3.15740986209997,-1.38772608436161,-0.756704575513319,-1.61853888807635,-3.24231993377044,-26.1738806519542,-16.9526130185626,-49.9684040653653,-60.1647455265449,-6.60726163140686,1.23015292130643,1.51593701370852
0.0867572492161714,0.370263622672583,1.70992115178731,0.671610111959874,0.0796865751422425,2.2374746096839e-11,1.30964706065303e-07,4.7620104495863e-22,1.78781130746442e-26,0.00332997150357665,-3.51676203601816,-2.06566077016054,-0.535673477437651,-1.47019803419377,-3.60177488657809,-25.5952089362825,-16.9204587062172,-50.1683228402607,-60.3583410162241,-6.77691226933411,1.07212073682322,4.03705027618183
0.0949981031321844,0.405434037276851,1.87234228139999,0.735404675194444,0.0872558034286115,2.45000672159135e-11,1.43404715639011e-07,5.2143419010341e-22,1.95763102797562e-26,0.00364627716049167,-3.51676203601816,-2.06566077016054,-0.535673477437651,-1.47019803419377,-3.60177488657809,-25.5952089362825,-16.9204587062172,-50.1683228402607,-60.3583410162241,-6.77691226933411,1.16286368140758,5.9758056229106
0.0984063300735839,0.419979708856046,1.93951591115247,0.761788633865085,0.0903862615139172,2.53790509682015e-11,1.48549616423867e-07,5.40141574738284e-22,2.0278645441289e-26,0.00377709387834661,-3.51676203601816,-2.06566077016054,-0.535673477437651,-1.47019803419377,-3.60177488657809,-25.5952089362825,-16.9204587062172,-50.1683228402607,-60.3583410162241,-6.77691226933411,1.19811188904124,0.974901548178209
0.321266133698509,1.37110343608095,6.33191764754124,2.48700351811008,0.295083098356835,8.28547266765739e-11,4.84968404930926e-07,1.76339464378191e-21,6.62034852096843e-26,0.0123310395378565,-3.51676203601816,-2.06566077016054,-0.535673477437651,-1.47019803419377,-3.60177488657809,-25.5952089362825,-16.9204587062172,-50.1683228402607,-60.3583410162241,-6.77691226933411,2.38127661361398,1.8616503581726
0.0712164175924653,0.303938276164645,1.40362286605527,0.551304549473214,0.065412313819483,1.83667563915898e-11,1.07504989857177e-07,3.90899121193216e-22,1.46756055314378e-26,0.00273347349428779,-3.51676203601816,-2.06566077016054,-0.535673477437651,-1.47019803419377,-3.60177488657809,-25.5952089362825,-16.9204587062172,-50.1683228402607,-60.3583410162241,-6.77691226933411,0.874730133037344,0.689395170633478
0.306174099563857,1.30669347284813,6.03446482805366,2.37017221206417,0.281221057743679,7.89624821102868e-11,4.62186172526954e-07,1.68055612031091e-21,6.30934616067758e-26,0.011751767557089,-3.51676203601816,-2.06566077016054,-0.535673477437651,-1.47019803419377,-3.60177488657809,-25.5952089362825,-16.9204587062172,-50.1683228402607,-60.3583410162241,-6.77691226933411,2.33316065001917,1.30259687216624
0.230395897111181,0.983286356863702,4.54093255969655,1.78355371628234,0.211618742335508,5.94192386940645e-11,3.47794924532868e-07,1.26461786132881e-21,4.74778066121534e-26,0.00884320075674095,-3.51676203601816,-2.06566077016054,-0.535673477437651,-1.47019803419377,-3.60177488657809,-25.5952089362825,-16.9204587062172,-50.1683228402607,-60.3583410162241,-6.77691226933411,2.04880587802203,2.59722376082619
0.193344138948033,1.17309101761961,3.33873520197413,1.92660591895895,0.3419092577762,4.67957374343848e-11,3.20276548449012e-07,9.74986926088209e-22,6.05527630439466e-26,0.010670410653753,-3.58695640357485,-1.78403066847404,-0.738080775786954,-1.28791296544674,-3.01688273427877,-25.7289018266286,-16.897753829481,-50.3232909991032,-60.0099552384599,-6.48395355666057,1.94367282901374,1.86584449866772
0.0922042733912079,1.84333541406508,2.6094987085117,1.24489339657005,0.39105116689551,2.43014345910034e-11,2.15154867034015e-07,6.58790302168146e-22,3.20493186892358e-26,0.0210667437120623,-4.20862866974046,-1.21330321373914,-0.865721732208909,-1.60582996838653,-2.76379673532526,-26.26536560005,-17.1767876257249,-50.5965168235032,-60.5274014548369,-5.68493947867818,1.8248798693922,1.58933077717034
0.0493025928700378,0.985650795782305,1.39532635190106,0.665657567055281,0.209099163885835,1.29942321731082e-11,1.15045565929232e-07,3.52262090030443e-22,1.7137107131611e-26,0.0112646090049041,-4.20862866974046,-1.21330321373914,-0.865721732208909,-1.60582996838653,-2.76379673532526,-26.26536560005,-17.1767876257249,-50.5965168235032,-60.5274014548369,-5.68493947867818,1.1988500641367,1.41987387816159
0.0461256019029349,0.922136820296825,1.30541344959518,0.622763513119966,0.195625102660593,1.21569018049626e-11,1.07632188609993e-07,3.29562807641186e-22,1.60328156250178e-26,0.0105387331640358,-4.20862866974046,-1.21330321373914,-0.865721732208909,-1.60582996838653,-2.76379673532526,-26.26536560005,-17.1767876257249,-50.5965168235032,-60.5274014548369,-5.68493947867818,1.13224154241999,0.434277815812152
0.0896590814919723,0.721367589293132,2.72475086740224,0.870751522883519,0.0783982097274533,2.67096871138114e-11,1.70440487494027e-07,2.99526278201303e-22,2.3527662775894e-26,0.01188883419623,-3.91511043669514,-1.82997609107578,-0.500992652913022,-1.64176827284664,-4.04932383903772,-25.849364455114,-17.088249300152,-51.0632097299547,-60.5149902946169,-5.93552527422634,1.50336965204221,1.20244555133205
0.0944556810726822,0.75995945772144,2.87052013751562,0.917335163046502,0.0825923729248622,2.81386073289094e-11,1.79558746985934e-07,3.15550395296018e-22,2.47863504127514e-26,0.0125248654400463,-3.91511043669514,-1.82997609107578,-0.500992652913022,-1.64176827284664,-4.04932383903772,-25.849364455114,-17.088249300152,-51.0632097299547,-60.5149902946169,-5.93552527422634,1.55548589884775,1.23488004834913
0.0966238481185442,0.777403819285621,2.9364110092553,0.938391978771513,0.0844882256589866,2.87845102585601e-11,1.8368039804588e-07,3.22793643776363e-22,2.53553045247944e-26,0.0128123653573892,-3.91511043669514,-1.82997609107578,-0.500992652913022,-1.64176827284664,-4.04932383903772,-25.849364455114,-17.088249300152,-51.0632097299547,-60.5149902946169,-5.93552527422634,1.57818074339604,3.22821133881957
0.0655855809942304,0.527680092935521,1.99315413150992,0.636954378514794,0.0573482579602706,1.95381250664527e-11,1.24677146042774e-07,2.19103348506095e-22,1.72104755805635e-26,0.00869667729279194,-3.91511043669514,-1.82997609107578,-0.500992652913022,-1.64176827284664,-4.04932383903772,-25.849364455114,-17.088249300152,-51.0632097299547,-60.5149902946169,-5.93552527422634,1.19071102758585,0.760269840836848
0.122982150048016,0.989474079256172,3.73744315067879,1.19437866928614,0.107536015669096,3.66367209400915e-11,2.3378711066903e-07,4.10849465286733e-22,3.22720521517186e-26,0.0163074879497583,-3.91511043669514,-1.82997609107578,-0.500992652913022,-1.64176827284664,-4.04932383903772,-25.849364455114,-17.088249300152,-51.0632097299547,-60.5149902946169,-5.93552527422634,1.81939438099342,1.26306996220459
0.08228886078918,0.662069208666651,2.50076892470659,0.799173376039369,0.0719536633549047,2.45140780839672e-11,1.5642981519381e-07,2.74904402314395e-22,2.15936248134961e-26,0.0109115396437204,-3.91511043669514,-1.82997609107578,-0.500992652913022,-1.64176827284664,-4.04932383903772,-25.849364455114,-17.088249300152,-51.0632097299547,-60.5149902946169,-5.93552527422634,1.41759090737989,1.38259326620099
0.0519959617802694,0.301067703341161,1.51025367461072,0.406050608122567,0.0171800144645004,2.5254184841525e-11,8.90727240933739e-08,1.18870296062026e-22,1.14290420075003e-26,0.00849975534141202,-3.78734289561519,-2.03117378560925,-0.418476040979233,-1.73203115072763,-4.89476219461525,-25.2327829117691,-17.0645663503614,-51.3147629563578,-60.5643935245393,-5.5984715733906,0.830753674127188,0.758441521076919
0.0314931809434856,0.208509215109963,1.32693368346171,0.237995376938191,0.0148952576791368,2.16529986239036e-11,1.04887531011241e-07,3.80594810087358e-23,7.71074641811035e-27,0.0118680462494232,-4.06322592870223,-2.17301373568222,-0.322370914815004,-2.04074572426113,-4.81195408739182,-25.161118860635,-16.6756188882207,-52.2281337003485,-60.7324242103948,-5.03914737370807,0.605241694132356,1.95561707317726
0.0622640822456607,0.366227298384589,0.9828058698195,0.31435805818359,0.00887038012045213,4.76527269185451e-11,2.42478906274411e-07,6.1869221164739e-23,1.56932853178051e-26,0.00774527350794778,-3.33156010059167,-1.55969065668891,-0.572533217989742,-1.71241218223408,-5.28022718114606,-24.3222708115587,-15.7875406669718,-51.6922089628313,-59.9717541289172,-5.41586204378953,0.555189552184107,2.77597326984602
0.0271563614706407,0.409066297531021,0.841209724447157,0.423127951453469,0.0118172560007636,4.04877625794359e-11,3.93724417266975e-07,3.71719855571168e-23,9.40164009902237e-27,0.00487747871787459,-4.14687130731777,-1.43460539500328,-0.713641630592751,-1.4008080155504,-4.97892179837103,-24.4707487015882,-15.2883419765183,-52.1872141862846,-60.4696407137441,-5.86385420438367,0.540727355580563,2.01317259713746
0.0493662071640335,0.726258707923262,2.01923362968681,0.421188509851199,0.0109946208439774,1.00216170980321e-10,6.43165195130516e-07,2.54907900516915e-23,5.16898104841987e-26,0.00896601808898102,-4.18282972984046,-1.49418955609935,-0.471622527285346,-2.03901535411721,-5.68468971544131,-24.1980321287374,-15.4312048080613,-53.1980655948426,-59.3988774134972,-5.88865419120968,1.17434057546724,0.994848783847667
0.107814408156912,1.58612859406784,4.40994946182186,0.91986386074203,0.0240119427296552,2.18869299115755e-10,1.40465469890589e-06,5.56711686142562e-23,1.12889092463175e-25,0.0195815313616383,-4.18282972984046,-1.49418955609935,-0.471622527285346,-2.03901535411721,-5.68468971544131,-24.1980321287374,-15.4312048080613,-53.1980655948426,-59.3988774134972,-5.88865419120968,1.9554857567741,1.59607334720307
0.0439429235916958,0.646473220112543,1.79740422042705,0.374917490513145,0.00978677138515432,8.92066009731657e-11,5.7250821260276e-07,2.26904172688707e-23,4.60112599906446e-26,0.00798102731483298,-4.18282972984046,-1.49418955609935,-0.471622527285346,-2.03901535411721,-5.68468971544131,-24.1980321287374,-15.4312048080613,-53.1980655948426,-59.3988774134972,-5.88865419120968,1.05796605159808,0.658071325625539
0.0652265063159238,0.959589989199421,2.66796990626514,0.556507306844902,0.0145269557277911,1.32413468340506e-10,8.49800320348032e-07,3.36804318950374e-23,6.82966333389466e-26,0.0118466065980391,-4.18282972984046,-1.49418955609935,-0.471622527285346,-2.03901535411721,-5.68468971544131,-24.1980321287374,-15.4312048080613,-53.1980655948426,-59.3988774134972,-5.88865419120968,1.45294037576429,0.455109145286435
0.145694733591049,2.14341094946727,5.95937428933457,1.24305575128505,0.0324484793712273,2.95768485595357e-10,1.89817665044047e-06,7.52310959046564e-23,1.52552395667008e-25,0.0264614539356051,-4.18282972984046,-1.49418955609935,-0.471622527285346,-2.03901535411721,-5.68468971544131,-24.1980321287374,-15.4312048080613,-53.1980655948426,-59.3988774134972,-5.88865419120968,2.25658801784031,0.310907147504592
0.0391263045473665,0.575612772760983,1.60038930446677,0.333822484144496,0.0087140355363921,7.94285940039518e-11,5.09755128955442e-07,2.02033024615693e-23,4.09679289373051e-26,0.00710622051965649,-4.18282972984046,-1.49418955609935,-0.471622527285346,-2.03901535411721,-5.68468971544131,-24.1980321287374,-15.4312048080613,-53.1980655948426,-59.3988774134972,-5.88865419120968,0.94186944222645,1.22215829802496
0.0304583324360083,0.44809254004405,1.24584189655504,0.259868043105838,0.0067835435596865,6.18321241702835e-11,3.96824881835926e-07,1.57274986686961e-23,3.18919666250769e-26,0.00553192102998772,-4.18282972984046,-1.49418955609935,-0.471622527285346,-2.03901535411721,-5.68468971544131,-24.1980321287374,-15.4312048080613,-53.1980655948426,-59.3988774134972,-5.88865419120968,0.691434050799413,0.689706495665082
0.0286620224363035,0.421665843435977,1.17236714998003,0.244542070634579,0.00638347743146695,5.8185514061755e-11,3.73421745604776e-07,1.47999540242781e-23,3.00111066443397e-26,0.00520567056684693,-4.18282972984046,-1.49418955609935,-0.471622527285346,-2.03901535411721,-5.68468971544131,-24.1980321287374,-15.4312048080613,-53.1980655948426,-59.3988774134972,-5.88865419120968,0.630647437283075,1.6031622224889
0.054274430487831,0.619921245313998,0.668622077612601,0.150114811337792,0.00334984790656632,1.62926963790495e-11,3.17980729504415e-07,1.31246250385864e-23,1.33100424500575e-26,0.00328915747990765,-3.31888171581953,-0.883342492160346,-0.807715944344373,-2.30153452820534,-6.10401999466286,-25.2454838428984,-15.3664547145072,-53.0927316517382,-59.9864583485637,-6.12230349159676,0.405179659462055,1.68030933048642
0.0525281873369891,0.599975697862631,0.647109613768425,0.145284968651606,0.00324206881223726,1.57684898750855e-11,3.07749914256684e-07,1.27023490906861e-23,1.28818008221505e-26,0.00318333105907368,-3.31888171581953,-0.883342492160346,-0.807715944344373,-2.30153452820534,-6.10401999466286,-25.2454838428984,-15.3664547145072,-53.0927316517382,-59.9864583485637,-6.12230349159676,0.372476364011782,1.4536986933407
0.0589045988328423,0.672806917271375,0.725662432540539,0.162921152027621,0.00363562446098015,1.76826313143607e-11,3.45107763263066e-07,1.42442908342032e-23,1.44455262620309e-26,0.00356975651537132,-3.31888171581953,-0.883342492160346,-0.807715944344373,-2.30153452820534,-6.10401999466286,-25.2454838428984,-15.3664547145072,-53.0927316517382,-59.9864583485637,-6.12230349159676,0.487045603103023,1.85853005557974
0.267695994262184,3.05761723590614,3.29782275453418,0.740406362873958,0.0165223450143143,8.03599322406423e-11,1.56836592804017e-06,6.47341578242907e-23,6.56486860445064e-26,0.0162230036124689,-3.31888171581953,-0.883342492160346,-0.807715944344373,-2.30153452820534,-6.10401999466286,-25.2454838428984,-15.3664547145072,-53.0927316517382,-59.9864583485637,-6.12230349159676,2.00097842371863,1.38572477841477
0.164658654659454,1.88072721041454,2.02847659175317,0.455420769175654,0.0101628233525669,4.94290486779175e-11,9.64695136498355e-07,3.98177020438376e-23,4.0380224418533e-26,0.00997869974381589,-3.31888171581953,-0.883342492160346,-0.807715944344373,-2.30153452820534,-6.10401999466286,-25.2454838428984,-15.3664547145072,-53.0927316517382,-59.9864583485637,-6.12230349159676,1.51500100825922,1.17622217815077
1.18680188105903,7.59537153470839,10.2560767159684,2.21609917574985,0.0178885016430394,3.08585725589399e-10,4.91610838697696e-06,1.95758867250524e-22,1.07982758814071e-25,0.0210396802310191,-2.88712944854487,-1.03085258978193,-0.730521262705702,-2.26264312067882,-7.08198878181387,-24.9574130754125,-15.2813849616673,-53.0435502421211,-60.5462175800315,-6.91973673233576,3.05839164296216,0.41394188117855
0.610983444554774,3.91021141524343,5.27998242971159,1.14088116094525,0.00920926948821064,1.58864569200718e-10,2.53088648073215e-06,1.00779606877718e-22,5.55911470867197e-26,0.0108315435836755,-2.88712944854487,-1.03085258978193,-0.730521262705702,-2.26264312067882,-7.08198878181387,-24.9574130754125,-15.2813849616673,-53.0435502421211,-60.5462175800315,-6.91973673233576,2.3944440327122,0.454912697183179
0.775235525671547,4.96140252080328,6.6994122196171,1.44758686084966,0.0116850185326157,2.01572495805754e-10,3.21127049970256e-06,1.27872419803047e-22,7.0535842695152e-26,0.0137434122949827,-2.88712944854487,-1.03085258978193,-0.730521262705702,-2.26264312067882,-7.08198878181387,-24.9574130754125,-15.2813849616673,-53.0435502421211,-60.5462175800315,-6.91973673233576,2.6325410568389,0.482135806876809
0.623111049392298,3.98782644605627,5.38478648132264,1.16352687419629,0.00939206720914836,1.62017922593712e-10,2.58112285194728e-06,1.02780013367921e-22,5.66945934572244e-26,0.0110465423394257,-2.88712944854487,-1.03085258978193,-0.730521262705702,-2.26264312067882,-7.08198878181387,-24.9574130754125,-15.2813849616673,-53.0435502421211,-60.5462175800315,-6.91973673233576,2.41409892189148,0.476594906424608
0.182982955693791,1.17106616967377,1.58129782338693,0.341681609846649,0.0027580769425944,4.75782260328694e-11,7.57973219891899e-07,3.0182405930133e-23,1.66489493209572e-26,0.00324393054726932,-2.88712944854487,-1.03085258978193,-0.730521262705702,-2.26264312067882,-7.08198878181387,-24.9574130754125,-15.2813849616673,-53.0435502421211,-60.5462175800315,-6.91973673233576,1.18876717978122,2.01860613605377
0.246006268203794,3.36028033641662,8.07193870063021,0.561591648063893,0.0233883304295856,1.01948626749583e-10,1.06997248831341e-06,9.39950888762705e-23,3.46313994309631e-26,0.0185025061420149,-3.91050933388584,-1.2960866670626,-0.419717382066747,-3.08509136907689,-6.26362915161551,-25.5146631598557,-16.2559886926923,-53.2269107679638,-61.1331478133129,-6.49796015995143,2.50811107101467,2.86123080538717
0.0559753950563148,1.45680309580749,2.58144913946655,0.111315354685049,0.0017620832039146,3.97302241698239e-11,1.95912967550757e-07,3.26862990689101e-23,6.33765323208022e-27,0.00811437444985407,-4.32159220368452,-1.06250477038732,-0.490398221677082,-3.63413721746858,-7.78000767618223,-25.3876580486767,-16.8843444643307,-53.2138353753626,-61.7620381084724,-6.2528673115388,1.43874914489011,2.64062811799885
0.0581795946072994,1.51416909968154,2.68310146417774,0.115698731605705,0.00183147053030968,4.12947212526501e-11,2.03627629942564e-07,3.39734204131819e-23,6.58721739137541e-27,0.00843390235137037,-4.32159220368452,-1.06250477038732,-0.490398221677082,-3.63413721746858,-7.78000767618223,-25.3876580486767,-16.8843444643307,-53.2138353753626,-61.7620381084724,-6.2528673115388,1.47737160984037,0.67914631243337
0.482375903744622,5.56847304648498,12.0649354430438,0.592512462273334,0.020099985725389,2.7248812192504e-10,3.99026111827166e-07,1.5168320076551e-22,3.49682628753591e-26,0.029674738884411,-3.66065575094131,-1.2145032878618,-0.441320817046796,-3.45500753816776,-6.83866033944343,-24.9550502573876,-17.6658631443684,-53.1718722568262,-61.5469808010551,-6.44908330304893,2.93162416534642,0.384696739185585
0.0225477503205963,0.260287752651893,0.563952614324376,0.0276958756800874,0.000939535860032424,1.27369424774309e-11,1.86517217610449e-08,7.09014466133093e-24,1.63452538640072e-27,0.00138708960791877,-3.66065575094131,-1.2145032878618,-0.441320817046796,-3.45500753816776,-6.83866033944343,-24.9550502573876,-17.6658631443684,-53.1718722568262,-61.5469808010551,-6.44908330304893,-0.131464231122283,1.268725322949
0.029921256590431,0.345406371975383,0.748374921582767,0.0367529084249084,0.00124678041685881,1.69021440554382e-11,2.47511589728652e-08,9.40874520333725e-24,2.16904359834936e-27,0.00184069201948482,-3.66065575094131,-1.2145032878618,-0.441320817046796,-3.45500753816776,-6.83866033944343,-24.9550502573876,-17.6658631443684,-53.1718722568262,-61.5469808010551,-6.44908330304893,0.151469622526828,2.03770558666411
0.0301283761897848,0.276294009252439,0.609797007615069,0.0300082839954482,0.00185289945116182,1.35855342708394e-11,1.98746486588917e-08,1.71109149391216e-23,2.28088028221925e-27,0.00112326831607684,-3.4501561378748,-1.23415804644126,-0.442497468711754,-3.45415011936988,-6.23887191299468,-24.9698838629403,-17.6816891712161,-52.370193988556,-61.2931043708071,-6.73938102093812,-0.0521316828862413,1.36387953258568
0.124353450595151,0.997424801442529,2.10976941830174,0.175939624014616,0.00467675601184766,4.30476987375529e-11,4.73119011179357e-08,5.36745679940712e-23,1.61377590881573e-26,0.00984646743230976,-3.31485562294721,-1.23280678297069,-0.483649601795072,-2.9678426510548,-6.59537883214635,-25.0989406049431,-18.0967322267239,-52.5093311995606,-60.6188639626443,-5.85087078732304,1.23022826288579,2.21573626016684
0.146768562534372,1.17721385006393,2.49006218421092,0.207653310671141,0.00551975641928533,5.08071857587017e-11,5.58400244192225e-08,6.3349582592527e-23,1.90466423935904e-26,0.0116213250550361,-3.31485562294721,-1.23280678297069,-0.483649601795072,-2.9678426510548,-6.59537883214635,-25.0989406049431,-18.0967322267239,-52.5093311995606,-60.6188639626443,-5.85087078732304,1.39595728553854,2.37403593779699
0.228498531098328,1.83276057817367,3.87668545368793,0.323287737147035,0.00859350403143646,7.90998229773107e-11,8.6935262810787e-08,9.86266153877098e-23,2.96530110681657e-26,0.0180928099222205,-3.31485562294721,-1.23280678297069,-0.483649601795072,-2.9678426510548,-6.59537883214635,-25.0989406049431,-18.0967322267239,-52.5093311995606,-60.6188639626443,-5.85087078732304,1.83863012582497,2.61507171572841
0.131638555441496,1.05585779401393,2.23336784955059,0.186246845900609,0.00495073842024908,4.55695989919974e-11,5.00836147975683e-08,5.6819031244167e-23,1.70831712691592e-26,0.0104233114785923,-3.31485562294721,-1.23280678297069,-0.483649601795072,-2.9678426510548,-6.59537883214635,-25.0989406049431,-18.0967322267239,-52.5093311995606,-60.6188639626443,-5.85087078732304,1.28716029442711,1.88413881667089
0.0170637668692922,0.136866521998458,0.289502328480356,0.0241424159352873,0.000641743947665261,5.90700050542683e-12,6.49213388897261e-09,7.36521834076484e-24,2.21442153438607e-27,0.00135113118250346,-3.31485562294721,-1.23280678297069,-0.483649601795072,-2.9678426510548,-6.59537883214635,-25.0989406049431,-18.0967322267239,-52.5093311995606,-60.6188639626443,-5.85087078732304,-0.755942337096322,2.76077545154619
0.0682681226285386,0.547570801869487,1.15823080644117,0.0965881346272604,0.00256746677629403,2.36325213512511e-11,2.59735025594415e-08,2.94665083462988e-23,8.85938034777051e-27,0.00540555845382425,-3.31485562294721,-1.23280678297069,-0.483649601795072,-2.9678426510548,-6.59537883214635,-25.0989406049431,-18.0967322267239,-52.5093311995606,-60.6188639626443,-5.85087078732304,0.630543275801374,2.86965320880999
0.113178116045083,0.907788721451923,1.92016970104273,0.160128368680998,0.00425646760978643,3.91791093843804e-11,4.3060098528927e-08,4.88509683971694e-23,1.46874989157581e-26,0.00896158995471851,-3.31485562294721,-1.23280678297069,-0.483649601795072,-2.9678426510548,-6.59537883214635,-25.0989406049431,-18.0967322267239,-52.5093311995606,-60.6188639626443,-5.85087078732304,1.13606316988871,1.83283766178755
0.149568888335593,1.19967494296396,2.53757225898908,0.211615309845488,0.00562507268082303,5.17765805031259e-11,5.69054450952977e-08,6.4558284698531e-23,1.94100499462733e-26,0.0118430584823726,-3.31485562294721,-1.23280678297069,-0.483649601795072,-2.9678426510548,-6.59537883214635,-25.0989406049431,-18.0967322267239,-52.5093311995606,-60.6188639626443,-5.85087078732304,1.41485742220643,1.82802790068554
0.114733062008025,0.920260765138027,1.94655077389615,0.16232836077429,0.00431494691088728,3.97173883388083e-11,4.36516981129378e-08,4.95221283241001e-23,1.48892894026723e-26,0.00908471259192581,-3.31485562294721,-1.23280678297069,-0.483649601795072,-2.9678426510548,-6.59537883214635,-25.0989406049431,-18.0967322267239,-52.5093311995606,-60.6188639626443,-5.85087078732304,1.14970857423743,2.44510171469335
0.192478869784306,1.5438509953497,3.26557913107115,0.272325856810037,0.00723885591520931,6.66308201353809e-11,7.32311102823729e-08,8.30794813832253e-23,2.49786203380274e-26,0.0152407264428002,-3.31485562294721,-1.23280678297069,-0.483649601795072,-2.9678426510548,-6.59537883214635,-25.0989406049431,-18.0967322267239,-52.5093311995606,-60.6188639626443,-5.85087078732304,1.66708672431379,1.30005026883312
0.201963152295122,1.61992334038638,3.42648861207139,0.285744552399225,0.007595546260658,6.99140144039233e-11,7.68395299456694e-08,8.71731737099398e-23,2.62094270872657e-26,0.0159917042276114,-3.31485562294721,-1.23280678297069,-0.483649601795072,-2.9678426510548,-6.59537883214635,-25.0989406049431,-18.0967322267239,-52.5093311995606,-60.6188639626443,-5.85087078732304,1.71518561034617,1.00327106002764
0.143907001648492,1.86125291663923,2.01495467813142,0.259912722212231,0.0037321810916353,6.726083034299e-11,6.99834511196413e-08,6.28774185384515e-23,1.06917032783046e-26,0.0200016284455022,-3.39807734755948,-0.838239465587735,-0.75889263473186,-2.80689872575522,-7.05025181079134,-24.8819324020558,-17.9344963730585,-52.5803444759918,-61.2598188023313,-5.37143092410273,1.45948933763508,1.7021634659649
0.0869414674588809,1.15284501211053,4.88706743189534,0.786187753455729,0.00411686412458385,8.06738127140348e-11,1.55740007954198e-07,6.70499727807438e-23,1.28034370219993e-26,0.0271738083588048,-4.38044603288033,-1.79569304746221,-0.351333441888892,-2.17848550129777,-7.43058939854114,-25.1785329533001,-17.6130036940245,-52.9945298863846,-61.5580097169148,-5.54342755587882,1.93792585830053,2.01588127290337
0.158502828979195,2.10174961540068,8.90960362192936,1.43329744336863,0.00750544739284638,1.47076279173225e-10,2.83929321271896e-07,1.22238681717124e-22,2.33419224215837e-26,0.0495405199026127,-4.38044603288033,-1.79569304746221,-0.351333441888892,-2.17848550129777,-7.43058939854114,-25.1785329533001,-17.6130036940245,-52.9945298863846,-61.5580097169148,-5.54342755587882,2.53846319550542,2.25395549059643
0.0874364692197501,1.15940874202772,4.91489197931764,0.790663918095098,0.00414030351490576,8.11331295454232e-11,1.56626714613613e-07,6.74317221986311e-23,1.28763334666569e-26,0.0273285225979391,-4.38044603288033,-1.79569304746221,-0.351333441888892,-2.17848550129777,-7.43058939854114,-25.1785329533001,-17.6130036940245,-52.9945298863846,-61.5580097169148,-5.54342755587882,1.94360321748814,1.84306217607877
0.0727760099320087,0.965010857346103,4.0908128003501,0.658093421082154,0.00344609946411527,6.75295502471978e-11,1.30365137568518e-07,5.61254557537823e-23,1.07173606233131e-26,0.0227463534353867,-4.38044603288033,-1.79569304746221,-0.351333441888892,-2.17848550129777,-7.43058939854114,-25.1785329533001,-17.6130036940245,-52.9945298863846,-61.5580097169148,-5.54342755587882,1.76007712089163,2.02275524824157
0.0971936346287019,1.28878888481594,5.46335207196856,0.878895278539845,0.00460232613085415,9.018689592214e-11,1.7410492222633e-07,7.49565281883255e-23,1.4313222634485e-26,0.0303781530067359,-4.38044603288033,-1.79569304746221,-0.351333441888892,-2.17848550129777,-7.43058939854114,-25.1785329533001,-17.6130036940245,-52.9945298863846,-61.5580097169148,-5.54342755587882,2.04939597586116,3.18129692405331
0.0615930967164431,0.816725279724272,3.46220998782741,0.556969415759907,0.00291656464521806,5.71528189506329e-11,1.10332959092039e-07,4.75011013619299e-23,9.07050867495266e-27,0.0192511014055467,-4.38044603288033,-1.79569304746221,-0.351333441888892,-2.17848550129777,-7.43058939854114,-25.1785329533001,-17.6130036940245,-52.9945298863846,-61.5580097169148,-5.54342755587882,1.59324055186626,2.21249373365332
0.0969529878851089,0.604208821114852,1.68041871643956,0.338617759718687,0.00244759307027074,6.36614463591212e-11,5.1959328455936e-08,2.62653075777333e-23,8.0330639842535e-27,0.0194795551842249,-3.34226242323582,-1.51256875476839,-0.489690345955747,-2.09161670451217,-7.02138350190699,-24.4861753185638,-17.7815379137709,-53.0025266112572,-61.0949648327967,-4.94712315980655,1.00873334429271,1.85241220133671
0.0802607374974787,0.500183095363979,1.39110354851395,0.280318448328503,0.00202619464545476,5.27009507019434e-11,4.30135688720498e-08,2.17432489990416e-23,6.65002341655162e-27,0.0161257894090013,-3.34226242323582,-1.51256875476839,-0.489690345955747,-2.09161670451217,-7.02138350190699,-24.4861753185638,-17.7815379137709,-53.0025266112572,-61.0949648327967,-4.94712315980655,0.819787697904944,2.44337425522779
0.112577917860303,0.70158303026766,1.95123476188715,0.393189350541978,0.00284204682734391,7.39211161555755e-11,6.03330865668689e-08,3.04982208755199e-23,9.32767145307079e-27,0.0226188775748058,-3.34226242323582,-1.51256875476839,-0.489690345955747,-2.09161670451217,-7.02138350190699,-24.4861753185638,-17.7815379137709,-53.0025266112572,-61.0949648327967,-4.94712315980655,1.15815272936195,4.56186493272968
0.141165661286707,0.879741198786098,2.44672623834818,0.493034830765165,0.00356374880096499,9.26924519789232e-11,7.56539135254643e-08,3.82428596992107e-23,1.16963160623722e-26,0.0283626564702743,-3.34226242323582,-1.51256875476839,-0.489690345955747,-2.09161670451217,-7.02138350190699,-24.4861753185638,-17.7815379137709,-53.0025266112572,-61.0949648327967,-4.94712315980655,1.38444124771636,2.31469327973748
0.0987918251608219,0.615668413302946,1.71229000418426,0.345040078126522,0.00249401479972506,6.48688670188091e-11,5.29448034997687e-08,2.67634626906964e-23,8.18542130520517e-27,0.0198490098340342,-3.34226242323582,-1.51256875476839,-0.489690345955747,-2.09161670451217,-7.02138350190699,-24.4861753185638,-17.7815379137709,-53.0025266112572,-61.0949648327967,-4.94712315980655,1.02752200429703,1.4580231822502
0.169230011665623,1.0546375937058,2.93314610709254,0.591052309757458,0.00427223763671375,1.11120116512254e-10,9.06942421532787e-08,4.58457073344481e-23,1.40215948102278e-26,0.0340012765256287,-3.34226242323582,-1.51256875476839,-0.489690345955747,-2.09161670451217,-7.02138350190699,-24.4861753185638,-17.7815379137709,-53.0025266112572,-61.0949648327967,-4.94712315980655,1.56576594960722,2.98489372495974
0.200274828697963,1.64290530094715,4.69236149426545,0.875750508187311,0.00664043350919431,2.9416202998394e-10,2.42093190200938e-07,9.51265887617402e-23,9.17366406518058e-27,0.0605485252970943,-3.62009445327975,-1.51556354156006,-0.466093768427284,-2.14470377768092,-7.02660777115999,-23.958920119072,-17.2459728425047,-52.7188634550473,-61.9654904745394,-4.81633990547039,2.01202974106432,1.51788909187287
0.137192809839105,1.68137506926309,5.56072559933547,0.892284801236711,0.00714523367026192,2.19920180856123e-10,1.09330715401936e-07,2.49894723070614e-22,2.36877107525308e-26,0.0997078242707029,-4.11202869031563,-1.60604876659057,-0.409932115606237,-2.23963063229622,-7.0669704829411,-24.3634171685311,-18.154549180843,-51.8666632292346,-61.1305018496632,-4.43117184578363,2.12566071883149,1.07896012033385
0.182717427424931,2.23930486993057,7.40593823625387,1.18837119528013,0.0095162327829816,2.9289617824711e-10,1.4560986891512e-07,3.32817156963815e-22,3.15479912931606e-26,0.132793818905275,-4.11202869031563,-1.60604876659057,-0.409932115606237,-2.23963063229622,-7.0669704829411,-24.3634171685311,-18.154549180843,-51.8666632292346,-61.1305018496632,-4.43117184578363,2.41221425837261,1.1659067875213
0.0360088135629677,0.768201076489861,1.96846530788745,0.149211914301123,0.00240901370668315,7.3784065792526e-11,2.66420940665147e-08,1.54695482807582e-22,8.92732311359303e-27,0.0421898232433022,-4.41136962851382,-1.35108184097426,-0.410123871599593,-2.98976581905304,-7.11591594480182,-24.4172563975221,-18.5281514674806,-51.3079617536143,-61.0680590034218,-4.25295432161232,1.08737807921753,1.63619698713934
0.0343975635211357,0.733827158158304,1.88038437725272,0.142535279350652,0.00230122000143153,7.0482524660468e-11,2.54499671694677e-08,1.47773480150953e-22,8.52786119533036e-27,0.0403019977989346,-4.41136962851382,-1.35108184097426,-0.410123871599593,-2.98976581905304,-7.11591594480182,-24.4172563975221,-18.5281514674806,-51.3079617536143,-61.0680590034218,-4.25295432161232,1.04160008352866,0.438677508760429
0.0102529228194607,0.218732737009068,0.560488415961367,0.0424856608618381,0.000685927392816041,2.10088102612407e-11,7.58590209408375e-09,4.40470176272766e-23,2.54190976628537e-27,0.0120128645928265,-4.41136962851382,-1.35108184097426,-0.410123871599593,-2.98976581905304,-7.11591594480182,-24.4172563975221,-18.5281514674806,-51.3079617536143,-61.0680590034218,-4.25295432161232,-0.168822832414201,0.793909200015265
0.0251715748100811,0.537002721076481,1.37603455531498,0.104304987911315,0.00168399518718517,5.15779596192684e-11,1.86238700344789e-08,1.08138217646729e-22,6.24054944811273e-27,0.0294923433157778,-4.41136962851382,-1.35108184097426,-0.410123871599593,-2.98976581905304,-7.11591594480182,-24.4172563975221,-18.5281514674806,-51.3079617536143,-61.0680590034218,-4.25295432161232,0.729329723669678,0.722484064157769
0.0615261995896504,1.31258122888301,3.36340405124984,0.254949861216369,0.00411614389550511,1.26070611866966e-10,4.55218218771974e-08,2.64319320996041e-22,1.52536062519177e-26,0.0720873372009412,-4.41136962851382,-1.35108184097426,-0.410123871599593,-2.98976581905304,-7.11591594480182,-24.4172563975221,-18.5281514674806,-51.3079617536143,-61.0680590034218,-4.25295432161232,1.62307744321565,0.533567345132789
0.0962363047532105,1.03205661491426,3.61411702800861,0.56637116307573,0.00413062406634895,1.69469615745605e-10,2.26022794820476e-08,5.13976643858763e-22,1.60823452657044e-26,0.137837166781901,-4.0367016207667,-1.6641994915825,-0.410905443053681,-2.26425866709769,-7.18507979432119,-24.1941004798649,-19.3009680902671,-50.715617423948,-61.0878284244164,-3.67743525792101,1.69575301655019,0.285674730336301
0.0869455475250776,0.932420750055918,3.26520625065284,0.511693076768844,0.00373184913936537,1.53108835253512e-10,2.0420230908917e-08,4.64356781258387e-22,1.45297382126194e-26,0.124530217217822,-4.0367016207667,-1.6641994915825,-0.410905443053681,-2.26425866709769,-7.18507979432119,-24.1941004798649,-19.3009680902671,-50.715617423948,-61.0878284244164,-3.67743525792101,1.59422837397156,0.335337042315845
0.0186750023999319,0.331653239802763,1.31996967908236,0.357451055589764,0.00153005824563105,6.76271183173044e-11,7.72850638549415e-09,1.48237602886635e-22,4.38822100395814e-27,0.0301696415992162,-4.70300773755952,-1.82610363242452,-0.444829552164361,-1.75119515176864,-7.20488779336917,-24.1394503728889,-19.4007885342163,-50.9856641386069,-61.4133119222684,-4.22335742336472,0.722438318106667,0.419785098855506
0.024386841510769,0.574523375300371,0.976066560730929,0.525943190555367,0.00194903767406488,2.04149997050651e-10,1.2899509886859e-08,2.71936436209498e-22,5.33786448764982e-27,0.0963978764334375,-4.50183564991937,-1.34233856986966,-0.812348572850004,-1.43068615024943,-7.0285436041233,-23.1002901880358,-18.9542005949931,-50.444597958703,-61.2830959219576,-3.12739518173289,0.788124075425832,1.27650696525902
0.0312308937535327,0.361220092581346,1.0449408949256,0.390306492747462,0.00131140203284763,3.44064610067627e-10,2.68513439226951e-08,2.14862041499012e-22,1.27599231639971e-26,0.0920711421151015,-4.11923550965722,-1.67115585167424,-0.608927696052016,-1.59371098964929,-7.28954647998992,-22.4430796762165,-18.0858379842468,-50.544934097122,-60.2763762745605,-3.03808173689263,0.65288801998941,0.641014468184869
0.0230727101669283,0.26686160723971,0.771979777474725,0.288350011834478,0.000968835514442852,2.54187507070289e-10,1.98371932872006e-08,1.58735438329249e-22,9.42675580271783e-27,0.0680201723820184,-4.11923550965722,-1.67115585167424,-0.608927696052016,-1.59371098964929,-7.28954647998992,-22.4430796762165,-18.0858379842468,-50.544934097122,-60.2763762745605,-3.03808173689263,0.350130771770634,0.888770280194878
0.00828331114286277,0.095805724982383,0.277147705950334,0.10352025612911,0.000347820691818367,9.12556086588308e-11,7.12173138786788e-09,5.69874546842157e-23,3.38429039400941e-27,0.0244198556543664,-4.11923550965722,-1.67115585167424,-0.608927696052016,-1.59371098964929,-7.28954647998992,-22.4430796762165,-18.0858379842468,-50.544934097122,-60.2763762745605,-3.03808173689263,-0.674276984384029,1.29334362319951
0.0110298788402993,0.127572841408141,0.369043920332876,0.137845345047152,0.000463150547255644,1.21514004441563e-10,9.48314423864453e-09,7.58832681451959e-23,4.50644825028408e-27,0.0325169542130914,-4.11923550965722,-1.67115585167424,-0.608927696052016,-1.59371098964929,-7.28954647998992,-22.4430796762165,-18.0858379842468,-50.544934097122,-60.2763762745605,-3.03808173689263,-0.387911920680194,0.824176897634574
0.00363722297368594,0.0420685373163621,0.121696262014193,0.0454560075482717,0.000152728949714169,4.00705696752182e-11,3.12717035127827e-09,2.50233361773345e-23,1.48605051270131e-27,0.0107228206774156,-4.11923550965722,-1.67115585167424,-0.608927696052016,-1.59371098964929,-7.28954647998992,-22.4430796762165,-18.0858379842468,-50.544934097122,-60.2763762745605,-3.03808173689263,-1.49729929816437,0.198962512323353
0.327247302590342,3.78497976623892,10.9492252104396,4.08975637851081,0.0137412903148932,3.60521912853334e-09,2.8135697745229e-07,2.2513932538883e-21,1.33702559703586e-25,0.964750901506647,-4.11923550965722,-1.67115585167424,-0.608927696052016,-1.59371098964929,-7.28954647998992,-22.4430796762165,-18.0858379842468,-50.544934097122,-60.2763762745605,-3.03808173689263,3.00219639277365,0.554627096629505
0.0121980213885936,0.141083711854984,0.408128293948577,0.15244414662651,0.000512201481390876,1.34383200999117e-10,1.04874766014171e-08,8.3919845473694e-23,4.98371314313221e-27,0.0359607307320563,-4.11923550965722,-1.67115585167424,-0.608927696052016,-1.59371098964929,-7.28954647998992,-22.4430796762165,-18.0858379842468,-50.544934097122,-60.2763762745605,-3.03808173689263,-0.287246012001331,0.320004134590684
0.244335499434277,2.82601235888663,8.17511523864302,3.05357037139242,0.0102597790887335,2.69179611067084e-09,2.1007200689193e-07,1.68097732435821e-21,9.98275048937895e-26,0.720320355533627,-4.11923550965722,-1.67115585167424,-0.608927696052016,-1.59371098964929,-7.28954647998992,-22.4430796762165,-18.0858379842468,-50.544934097122,-60.2763762745605,-3.03808173689263,2.71002250920607,0.24342662709576
0.183020802478495,2.11683955436325,6.12361345279293,2.28729309122404,0.00768514197249169,2.01630416138522e-09,1.57355551561883e-07,1.25914498533583e-21,7.47763223002384e-26,0.539559784872033,-4.11923550965722,-1.67115585167424,-0.608927696052016,-1.59371098964929,-7.28954647998992,-22.4430796762165,-18.0858379842468,-50.544934097122,-60.2763762745605,-3.03808173689263,2.42108005180189,1.09209652254414
0.229726010461513,2.85818565164656,6.90243970956063,2.66979290899035,0.0313811630390696,6.68080872272841e-09,2.14036403552979e-07,6.62380749079892e-21,8.17441610169029e-26,0.353871917593753,-4.03930333489066,-1.51824835986921,-0.636560465651991,-1.58643448862772,-6.02998286515209,-21.392462186305,-17.9255551221869,-49.0320519944496,-60.3346385243383,-3.60725564188189,2.56843539585588,0.585794360485403
0.0292303743947358,0.363676000464421,0.878267535061515,0.339704877690692,0.00399294421529131,8.50067172770952e-10,2.72340262967502e-08,8.42814326883307e-22,1.04011401508578e-26,0.0450267195180383,-4.03930333489066,-1.51824835986921,-0.636560465651991,-1.58643448862772,-6.02998286515209,-21.392462186305,-17.9255551221869,-49.0320519944496,-60.3346385243383,-3.60725564188189,0.506756443527678,0.53014052587982
0.0286203718074175,0.356086521854499,0.859939153032933,0.332615647442813,0.00390961629518146,8.32327298221892e-10,2.6665685081555e-08,8.25225810462516e-22,1.01840809261828e-26,0.0440870662986322,-4.03930333489066,-1.51824835986921,-0.636560465651991,-1.58643448862772,-6.02998286515209,-21.392462186305,-17.9255551221869,-49.0320519944496,-60.3346385243383,-3.60725564188189,0.485666821127058,0.70250780626834
0.796961990291736,9.91557430080885,23.9458391226524,9.26200505611524,0.108867054727685,2.31769602655248e-08,7.42531844033593e-07,2.29792124564877e-20,2.83585603249195e-25,1.22764708788219,-4.03930333489066,-1.51824835986921,-0.636560465651991,-1.58643448862772,-6.02998286515209,-21.392462186305,-17.9255551221869,-49.0320519944496,-60.3346385243383,-3.60725564188189,3.81235504258499,1.27091673032318
0.0772907238466823,2.16025205570012,7.6807491734877,1.26849875891275,0.0267200271217932,5.38363311276285e-09,1.54106040783744e-07,3.36463329183729e-21,1.93564721649365e-25,0.321211719496957,-5.00554317692697,-1.67513693701218,-0.406644753320748,-2.20752772268689,-6.06770375963102,-21.4852642352689,-18.130986739329,-49.5863298172364,-59.3495474198409,-3.5810166553259,2.44536184435398,0.38058610750345
0.0212433252450763,0.593744433311479,2.11105090879873,0.348646388174768,0.00734398901259453,1.47968945719084e-09,4.23559850868262e-08,9.2476814540765e-22,5.32011881028155e-26,0.0882849155784816,-5.00554317692697,-1.67513693701218,-0.406644753320748,-2.20752772268689,-6.06770375963102,-21.4852642352689,-18.130986739329,-49.5863298172364,-59.3495474198409,-3.5810166553259,1.15383063785954,0.306478314901842
0.0110585947681514,0.309084336283897,1.09894549304393,0.181494143676871,0.00382304547593663,7.70278941785352e-10,2.20491693121179e-08,4.814046791911e-22,2.76948346657545e-26,0.0459582995721996,-5.00554317692697,-1.67513693701218,-0.406644753320748,-2.20752772268689,-6.06770375963102,-21.4852642352689,-18.130986739329,-49.5863298172364,-59.3495474198409,-3.5810166553259,0.500995830645961,0.571934178420038
0.0393343901730592,1.09938415636548,3.9088466218878,0.645557741393273,0.0135982161886358,2.73981035325891e-09,7.84268387528289e-08,1.7123115440466e-21,9.85079438536338e-26,0.163469385122014,-5.00554317692697,-1.67513693701218,-0.406644753320748,-2.20752772268689,-6.06770375963102,-21.4852642352689,-18.130986739329,-49.5863298172364,-59.3495474198409,-3.5810166553259,1.76988710218802,0.614176428366609
0.00601684725615188,0.168169037719442,0.597922910922175,0.0987487617807301,0.0020800726642304,4.19099427596394e-10,1.19966855335112e-08,2.61926445793242e-22,1.50684235621087e-26,0.0250053532547173,-5.00554317692697,-1.67513693701218,-0.406644753320748,-2.20752772268689,-6.06770375963102,-21.4852642352689,-18.130986739329,-49.5863298172364,-59.3495474198409,-3.5810166553259,-0.10764869152194,0.668632285213198
0.0755720053491944,2.61566550754267,4.70787371681718,1.02963781012507,0.0207414747478548,3.7098008872531e-09,7.23891046729926e-08,1.62717034852002e-21,8.75325938908437e-26,0.0987704860973199,-4.72839724341893,-1.18420931810017,-0.596491513498284,-2.11652077968441,-6.02134785168537,-21.5580155104019,-18.5869379162519,-50.0131723085537,-59.8435141646581,-4.46068432199708,2.14572787943062,1.0271086214419
0.0809616906836222,2.80221096125441,5.04363241225768,1.10307007885159,0.0222207265123987,3.97437848239943e-09,7.75517901677814e-08,1.74321776744863e-21,9.37752909768615e-26,0.105814653285067,-4.72839724341893,-1.18420931810017,-0.596491513498284,-2.11652077968441,-6.02134785168537,-21.5580155104019,-18.5869379162519,-50.0131723085537,-59.8435141646581,-4.46068432199708,2.21461805270778,1.19477846766053
0.0119795423256384,0.735631207430877,1.12083345410618,0.163201769580696,0.00830809118595101,2.6670948955201e-09,4.31475226889057e-09,2.44930928059525e-22,3.21656359449803e-26,0.0179619361821953,-5.14624871426608,-1.02872018673379,-0.607621260026779,-2.53446181753129,-5.51221922138766,-20.4639698350465,-19.9829197497113,-50.4827598113881,-59.4205926588764,-4.74119424071327,0.721693824039346,0.140145011856872
0.00830410049386212,0.320790167459888,0.396517469184355,0.0453105049434893,0.00496421294953694,1.33900402590362e-09,2.99448285371313e-09,1.36524020627871e-22,1.27527461920831e-26,0.00636184659315828,-4.54542278873226,-0.891384991484628,-0.679452118367692,-2.84863331413231,-5.05991745174374,-20.1857567015549,-19.3809112281293,-50.0999585953806,-59.3784678127755,-4.81185353689824,-0.245583062037566,0.641364820191057
0.020817716756597,0.804195330899153,0.994037628593713,0.113589817308828,0.0124448854128483,3.3567761574909e-09,7.5069293690705e-09,3.42254816641917e-22,3.19701162445933e-26,0.0159486413396829,-4.54542278873226,-0.891384991484628,-0.679452118367693,-2.84863331413231,-5.05991745174374,-20.1857567015549,-19.3809112281293,-50.0999585953806,-59.3784678127755,-4.81185353689824,0.673471901053701,0.85376555442606
0.0553463413277322,0.688543104804789,1.37026329700276,0.45950779898769,0.0216830220463241,1.05653605462159e-08,1.13077440240049e-08,6.38678937295822e-22,9.53491566295591e-26,0.0327049641759986,-3.86038629734518,-1.3394189305994,-0.651238665692013,-1.74384093922034,-4.79746729350403,-19.3319266346446,-19.2640196087478,-49.7688819239537,-58.5784935984883,-4.38646997759691,0.966241574659632,0.722362296376937
0.0412573524102232,0.306271045075947,0.50164491564223,0.184123939051054,0.0246828653684414,5.81567287368424e-09,7.0028867137786e-09,3.98031038313115e-22,5.73493489457176e-26,0.0218060739907474,-3.26468900444768,-1.26004786348003,-0.766625811542187,-1.7689092289395,-3.77840904846703,-19.039472406836,-18.853706447828,-49.3522753065132,-58.1973990822373,-3.90232978717777,0.0767630626111568,0.792797548880602
0.0194891723386283,0.144676495972579,0.236967319583152,0.0869765743606926,0.0116597064250181,2.74721096432336e-09,3.30802773468574e-09,1.8802213541665e-22,2.70907191037849e-26,0.010300766026112,-3.26468900444768,-1.26004786348003,-0.766625811542187,-1.7689092289395,-3.77840904846703,-19.039472406836,-18.853706447828,-49.3522753065132,-58.1973990822373,-3.90232978717777,-0.673207227867015,2.18608163346458
0.0327297754353884,0.24296717898974,0.397958775299554,0.146066938990657,0.0195811072067443,4.61361808360245e-09,5.55544396699203e-09,3.15761088369662e-22,4.54956802292034e-26,0.0172989264494775,-3.26468900444768,-1.26004786348003,-0.766625811542187,-1.7689092289395,-3.77840904846703,-19.039472406836,-18.853706447828,-49.3522753065132,-58.1973990822373,-3.90232978717777,-0.154781047169617,2.55694875675379
0.519298322664537,3.85497446387869,6.31410762077047,2.31753244272425,0.310678456943594,7.32007507035649e-08,8.81439819045173e-08,5.00993976804985e-21,7.21845173614068e-25,0.274468839752499,-3.26468900444768,-1.26004786348003,-0.766625811542187,-1.7689092289395,-3.77840904846703,-19.039472406836,-18.853706447828,-49.3522753065132,-58.1973990822373,-3.90232978717777,2.60941224631741,1.8965424379389
0.51350708597878,3.20695315570854,6.30826815149784,1.94524349442533,0.833630923001777,6.4223480524866e-08,5.21904535647412e-08,4.64702423692781e-21,9.04693616066398e-25,0.164193288854674,-3.22926892911856,-1.39745616506845,-0.720916300837817,-1.89739031961357,-2.74474199172384,-19.1236744316387,-19.3311437194685,-49.3808373659625,-57.9249786490261,-4.36948843335757,2.56277747878428,1.57559177964593
0.136637926953746,1.54835139298052,1.69326331063063,0.375568501487337,0.345249776975076,2.54893590545664e-08,8.61564657622985e-09,6.84025393698716e-22,1.3168924790485e-25,0.0543710142199294,-3.4143580984532,-0.986746630347989,-0.897279757727321,-2.40325177482423,-2.4874245104787,-18.9089421416551,-19.9936232952104,-50.1579845674379,-58.7132899240412,-4.33586147176724,1.4239373778048,2.06859982852118
0.0286558546781316,0.324721938462606,0.355113023470186,0.0787646346826379,0.0724061587966287,5.34565610874374e-09,1.80688277223468e-09,1.43454549662609e-22,2.76180123247279e-26,0.0114027482480493,-3.4143580984532,-0.986746630347989,-0.897279757727321,-2.40325177482423,-2.4874245104787,-18.9089421416551,-19.9936232952104,-50.1579845674379,-58.7132899240412,-4.33586147176724,-0.13803940647792,2.04073529645519
0.274601976485116,5.23559508758247,10.3818062904694,1.68745972484376,0.920193748841829,9.30136131609053e-08,3.08267449685243e-08,2.16642780941451e-21,3.01201632751416e-25,0.342073057564888,-4.22850667933199,-1.28059357868293,-0.596019212324286,-2.41284981462532,-3.01924512588998,-19.1265940677769,-20.2309572719706,-50.517281403873,-59.3980916854525,-4.00880503746775,2.93607409134579,1.73627577917838
0.166379792066598,3.17221759714496,6.29027800161377,1.02242235010089,0.557540213486355,5.6356424724835e-08,1.86777512806107e-08,1.31262641686491e-21,1.82496374092982e-25,0.207260140359245,-4.22850667933199,-1.28059357868293,-0.596019212324286,-2.41284981462532,-3.01924512588998,-19.1265940677769,-20.2309572719706,-50.517281403873,-59.3980916854525,-4.00880503746775,2.43502447945483,0.724678586239319
0.132271975411257,2.52191376607058,5.00077255070967,0.812826018548768,0.443244606169088,4.48033714484142e-08,1.48488168391123e-08,1.04353832264813e-21,1.45084662066462e-25,0.164771862308604,-4.22850667933199,-1.28059357868293,-0.596019212324286,-2.41284981462532,-3.01924512588998,-19.1265940677769,-20.2309572719706,-50.517281403873,-59.3980916854525,-4.00880503746775,2.20561162296486,0.580748247839709
0.0652046627954158,1.24320012764968,2.46517591403451,0.400689913989916,0.2185014247446,2.2086225886538e-08,7.31985813241897e-09,5.1442162431464e-22,7.15207921966621e-26,0.0812257750487251,-4.22850667933199,-1.28059357868293,-0.596019212324286,-2.41284981462532,-3.01924512588998,-19.1265940677769,-20.2309572719706,-50.517281403873,-59.3980916854525,-4.00880503746775,1.49828238199248,0.887350864886075
0.0669759142710877,0.767632451900964,1.91038112004255,0.220164100663514,0.147464284589691,1.30721455625013e-08,6.54592620852483e-09,4.10543952633535e-22,1.44799551472904e-25,0.0396500932588594,-3.85154440150942,-1.41256642743908,-0.500819427353026,-2.66150428737261,-3.06229145969301,-19.300904352244,-19.9925451224847,-50.392681426521,-58.3425693172508,-4.37578416764765,1.14812218879554,1.06519712055506
0.0946652932590068,0.554227349853713,1.98370135581821,0.630212860345333,0.237942740847558,1.85924399100722e-08,3.67900150277502e-08,1.63387176573392e-22,2.38135514283534e-25,0.0282210217848771,-3.61841407301005,-1.85118653320827,-0.576041764357227,-1.72270387868734,-2.6967314545183,-19.0615170308892,-18.3790455949444,-51.4269257668422,-57.9579638470499,-4.82869436097437,1.26100623558838,0.573336371721373
0.044646946046841,0.505216135746127,1.84424990499784,0.217943235980131,0.231738559893711,6.43791961567352e-09,3.48493318844562e-08,6.30948224259107e-23,1.59426929017451e-25,0.00988830199665652,-4.15757985644771,-1.73137943453427,-0.436537845572069,-2.57213112035317,-2.51075592459326,-19.9096708749053,-18.2208423559431,-52.1660140039903,-58.1468223037099,-5.66501332184184,1.04861048484172,0.478086104022193
0.00858096377135618,0.0971005128322507,0.354457427021109,0.0418878149066583,0.0445392207742032,1.23734230168934e-09,6.69790166706477e-09,1.21265715426285e-23,3.06412156531839e-26,0.00190049194192404,-4.15757985644771,-1.73137943453427,-0.436537845572069,-2.57213112035317,-2.51075592459326,-19.9096708749053,-18.2208423559431,-52.1660140039903,-58.1468223037099,-5.66501332184184,-0.600629187678942,0.400179480010614
0.00471393965691133,0.0533420219852569,0.194720659175733,0.0230110086805146,0.0244675545416343,6.79732149036385e-10,3.67948229683285e-09,6.66171400093606e-24,1.68327061449284e-26,0.00104403241540085,-4.15757985644771,-1.73137943453427,-0.436537845572069,-2.57213112035317,-2.51075592459326,-19.9096708749053,-18.2208423559431,-52.1660140039903,-58.1468223037099,-5.66501332184184,-1.19965141892734,0.667924526208885
0.0299790777908498,0.339237398652877,1.23835819161498,0.146342310145538,0.155605454108874,4.32286886469293e-09,2.3400275360988e-08,4.2366270421313e-23,1.07050374777171e-25,0.00663969657557701,-4.15757985644771,-1.73137943453427,-0.436537845572069,-2.57213112035317,-2.51075592459326,-19.9096708749053,-18.2208423559431,-52.1660140039903,-58.1468223037099,-5.66501332184184,0.65032430885469,0.623878199934082
0.226474415159427,2.56274032163742,9.35507253293457,1.10553064155315,1.17550828150158,3.26567483086836e-08,1.76775406966216e-07,3.20052417325576e-22,8.08703029139108e-25,0.0501590278820656,-4.15757985644771,-1.73137943453427,-0.436537845572069,-2.57213112035317,-2.51075592459326,-19.9096708749053,-18.2208423559431,-52.1660140039903,-58.1468223037099,-5.66501332184184,2.67245655865498,1.20364992670849
0.383755069431764,4.34249753718644,15.8519297064451,1.87329322744699,1.99186853785536,5.53360197697938e-08,2.99541378775141e-07,5.42320586394361e-22,1.37032647541441e-24,0.084993182183346,-4.15757985644771,-1.73137943453427,-0.436537845572069,-2.57213112035317,-2.51075592459326,-19.9096708749053,-18.2208423559431,-52.1660140039903,-58.1468223037099,-5.66501332184184,3.19982908652537,0.497768127539358
0.0912093496824366,1.03210721607102,3.76762241050641,0.44523674252161,0.473419241756745,1.31520409220673e-08,7.11937809747137e-08,1.28896559145579e-22,3.25693643240321e-25,0.0202008350947981,-4.15757985644771,-1.73137943453427,-0.436537845572069,-2.57213112035317,-2.51075592459326,-19.9096708749053,-18.2208423559431,-52.1660140039903,-58.1468223037099,-5.66501332184184,1.76298198773897,0.40476499198716
0.512918129454837,4.92335441535082,11.6657118118745,0.962174199155515,0.691434223786882,9.53353112125514e-08,3.81322748598318e-07,4.61727390459011e-22,2.33187567690547e-24,0.087775612362944,-3.60380010610007,-1.34217097791883,-0.479507143071244,-2.97472083235285,-3.30514832130842,-19.1020266358717,-17.7157807790789,-52.0632286467198,-57.3515303444267,-5.36913264829112,2.93616106784662,1.37968789218544
0.223989568317272,2.15001179884102,5.09437589120266,0.420178135921861,0.301946927612838,4.16325997807657e-08,1.66522321874009e-07,2.01634750128833e-22,1.01832202108893e-24,0.0383313055104074,-3.60380010610007,-1.34217097791883,-0.479507143071244,-2.97472083235285,-3.30514832130842,-19.1020266358717,-17.7157807790789,-52.0632286467198,-57.3515303444267,-5.36913264829112,2.10764430787638,1.97085892614422
0.148913158666394,1.89274601403952,6.54691125092141,0.411657746131726,0.391064741305631,3.50455797113255e-08,1.8823838380929e-07,2.9595646799694e-22,6.25154101356163e-24,0.0740957676081758,-4.15203384293279,-1.60961318015426,-0.368648498562963,-3.13520486038228,-3.18652402616032,-19.4142582174621,-17.7331985506063,-51.8194717281701,-55.6768561085741,-4.8500387378536,2.24764187224368,3.68488269325668
0.133050051925288,1.69111956058569,5.8494957039812,0.367805538400909,0.349406221739124,3.13123181463744e-08,1.68186122465282e-07,2.64429441879163e-22,5.58559004399894e-24,0.0662026500277079,-4.15203384293279,-1.60961318015426,-0.368648498562963,-3.13520486038228,-3.18652402616032,-19.4142582174621,-17.7331985506063,-51.8194717281701,-55.6768561085741,-4.8500387378536,2.13500395164325,3.27917555558369
0.140340921801547,1.7837894429571,6.17003606756867,0.387960527305042,0.368552965838749,3.30281689395589e-08,1.77402376920978e-07,2.78919632783224e-22,5.89166891885567e-24,0.0698304194259986,-4.15203384293279,-1.60961318015426,-0.368648498562963,-3.13520486038228,-3.18652402616032,-19.4142582174621,-17.7331985506063,-51.8194717281701,-55.6768561085741,-4.8500387378536,2.18835318209829,2.44642930577527
0.116873563712969,1.4855099028548,5.13830245802446,0.32308701427956,0.306924722893505,2.75053046348005e-08,1.47737721369859e-07,2.32279587838142e-22,4.90648296964522e-24,0.0581536010247146,-4.15203384293279,-1.60961318015426,-0.368648498562963,-3.13520486038228,-3.18652402616032,-19.4142582174621,-17.7331985506063,-51.8194717281701,-55.6768561085741,-4.8500387378536,2.0053712623971,1.17163008918556
0.0655360072106085,0.832988955004538,2.8812660129573,0.181168711082347,0.172105822853682,1.54234010293659e-08,8.28428608265288e-08,1.30249102190664e-22,2.75127490821703e-24,0.0326092119980049,-4.15203384293279,-1.60961318015426,-0.368648498562963,-3.13520486038228,-3.18652402616032,-19.4142582174621,-17.7331985506063,-51.8194717281701,-55.6768561085741,-4.8500387378536,1.42687828395279,2.9129906170106
0.0408857664492383,0.872444035644354,2.52134460856248,0.0960798832690433,0.175640787798214,3.00032227189332e-08,5.5763470043463e-08,1.12307586538423e-22,3.23232107437184e-24,0.0283996009059975,-4.51466615393296,-1.4541496383452,-0.39290053480518,-3.66026818500063,-3.05700721685245,-18.6396539059438,-18.0198397095155,-51.8584936852523,-55.4065346226688,-4.8790730553739,1.31769286885446,3.98077840006859
0.0554677968581915,1.18360380009859,3.42058967467015,0.130347059873335,0.238283598026705,4.07039614857427e-08,7.56516777622075e-08,1.52362421858501e-22,4.38513801511596e-24,0.0385284031757934,-4.51466615393296,-1.4541496383452,-0.39290053480518,-3.66026818500063,-3.05700721685245,-18.6396539059438,-18.0198397095155,-51.8584936852523,-55.4065346226688,-4.8790730553739,1.62271349051136,2.57030952353004
0.0249100041583525,0.531544017471526,1.53615084510911,0.05853749359786,0.107010657605303,1.82797209787057e-08,3.39743727781506e-08,6.84243611076724e-23,1.96931935967738e-24,0.0173027006242445,-4.51466615393296,-1.4541496383452,-0.39290053480518,-3.66026818500063,-3.05700721685245,-18.6396539059438,-18.0198397095155,-51.8584936852523,-55.4065346226688,-4.8790730553739,0.822180371159964,6.88686163633154
0.0259751417743435,0.30764719303973,1.10095999734039,0.0351709451528723,0.152682256079319,2.92346487771165e-08,2.80977830535431e-08,8.39425880080855e-23,1.37356347456661e-24,0.00655792434855788,-4.13857763258778,-1.66676397839626,-0.391779824627277,-3.83549730770322,-2.36735862337626,-17.8358735778554,-17.8755375072944,-51.3198714914679,-55.4325961413192,-5.51504348505883,0.487962348683587,2.71557021301546
0.0228734538235623,0.270911085878786,0.969494522090671,0.0309711876406341,0.134450489797024,2.57437435630064e-08,2.47426308122983e-08,7.39190156232278e-23,1.20954645723104e-24,0.00577484354342642,-4.13857763258778,-1.66676397839626,-0.391779824627277,-3.83549730770322,-2.36735862337626,-17.8358735778554,-17.8755375072944,-51.3198714914679,-55.4325961413192,-5.51504348505883,0.360799370070183,3.8545551552999
0.129033075470576,1.52825589260175,5.46908485278126,0.174713780571724,0.758458269173338,1.4522487210212e-07,1.39577423399659e-07,4.16989843125372e-22,6.82325898418931e-24,0.0325768827269158,-4.13857763258778,-1.66676397839626,-0.391779824627277,-3.83549730770322,-2.36735862337626,-17.8358735778554,-17.8755375072944,-51.3198714914679,-55.4325961413192,-5.51504348505883,2.09089112409943,2.040944950728
0.106808614618325,1.26503141985721,4.52709798805685,0.144621344485052,0.627822569374393,1.20211560801617e-07,1.15536820082325e-07,3.45168146164896e-22,5.64803122474973e-24,0.0269658899468684,-4.13857763258778,-1.66676397839626,-0.391779824627277,-3.83549730770322,-2.36735862337626,-17.8358735778554,-17.8755375072944,-51.3198714914679,-55.4325961413192,-5.51504348505883,1.90186093809907,5.53957221866307
0.104116674866593,1.23314833272539,4.41299974722124,0.14097639554943,0.611999308885777,1.17181821297027e-07,1.12624899916711e-07,3.36468736880227e-22,5.50568166027626e-24,0.0262862579588661,-4.13857763258778,-1.66676397839626,-0.391779824627277,-3.83549730770322,-2.36735862337626,-17.8358735778554,-17.8755375072944,-51.3198714914679,-55.4325961413192,-5.51504348505883,1.8763344976342,3.07343174883577
0.0525952770294537,0.622933629615093,2.22925813308396,0.0712152264566339,0.309155793093905,5.9195228447606e-08,5.68932672804224e-08,1.69969569722056e-22,2.78123415417608e-24,0.0132786897121496,-4.13857763258778,-1.66676397839626,-0.391779824627277,-3.83549730770322,-2.36735862337626,-17.8358735778554,-17.8755375072944,-51.3198714914679,-55.4325961413192,-5.51504348505883,1.19344867900335,4.63408878350083
0.112026995438576,0.78250037077748,2.89722022096546,0.0910762976089415,0.15933916578821,1.53637735354574e-07,9.13427430703926e-08,4.60678899789476e-22,1.31651473318853e-23,0.00943021733992205,-3.58812566973716,-1.64437114643935,-0.335358530908246,-3.79516795220115,-3.23583049417187,-17.0877786372326,-17.6077572619236,-50.5284512249993,-54.0835795114998,-6.06294639859904,1.39911026370845,2.71500900853472
0.172272258131842,1.20330912504703,4.45527140861881,0.140054809021303,0.24502770775665,2.36260193359439e-07,1.404645420605e-07,7.08420269862005e-22,2.02450280008251e-23,0.0145015478587317,-3.58812566973716,-1.64437114643935,-0.335358530908246,-3.79516795220115,-3.23583049417187,-17.0877786372326,-17.6077572619236,-50.5284512249993,-54.0835795114998,-6.06294639859904,1.82944651222422,3.608771946453
0.12974813757492,0.797986805498018,3.00009521244245,0.0449688930472178,0.0796571418152988,1.27702611095947e-07,1.57105268850506e-07,8.54252863750893e-22,2.17299722386729e-23,0.0108176143518956,-3.44414918561109,-1.62765229075407,-0.303345048976105,-4.50377336848485,-3.93201265629165,-17.2755507016284,-17.0683388286732,-49.9138040631318,-53.5853387897686,-5.92856858953299,1.40198907462141,2.60619152721507
0.0389546768284153,0.239581998651544,0.900727683953761,0.0135011471357301,0.0239157052616532,3.83405422102107e-08,4.71681913166493e-08,2.56474927957632e-22,6.52405546522132e-24,0.00324780516320856,-3.44414918561109,-1.62765229075407,-0.303345048976105,-4.50377336848485,-3.93201265629165,-17.2755507016284,-17.0683388286732,-49.9138040631318,-53.5853387897686,-5.92856858953299,0.198792744354135,1.02353949406355
0.977588179204761,6.01243673163155,22.6042367234676,0.338818414634268,0.600177248655366,9.62176146758907e-07,1.18371066120588e-06,6.43637371035461e-21,1.63724615952256e-22,0.0815053850888804,-3.44414918561109,-1.62765229075407,-0.303345048976105,-4.50377336848485,-3.93201265629165,-17.2755507016284,-17.0683388286732,-49.9138040631318,-53.5853387897686,-5.92856858953299,3.42148240332502,1.14204865000123
0.140636004557338,0.636302485270982,3.70381597654625,0.0929466651662182,0.179972871932134,1.82199810888707e-07,2.92218359403848e-07,1.10034094637348e-21,2.65405328986956e-23,0.0139483864587517,-3.52342808384786,-2.01392905232724,-0.252484196200834,-3.9375772725678,-3.27679698033082,-17.0800097194462,-16.6076123373609,-49.8205146992396,-53.5452169534706,-5.83423927283653,1.56184782939263,1.32062563231052
0.0172361971038083,0.282426341387396,1.36375560070629,0.0298501915556059,0.0777963579423337,8.5480068624993e-08,1.06333800374973e-07,2.19406762626863e-22,3.52757978923896e-24,0.00500719849494438,-4.63514785247649,-1.83874172961686,-0.264161863772257,-4.08596825066223,-3.12806489074544,-16.8493868324478,-16.6310868593695,-50.4455190899858,-54.5758344369363,-5.87128293170346,0.574404228771342,0.953925602568817
0.0690910708460592,1.13210229867228,5.46659650372005,0.119654102764996,0.311845684160316,3.42645738020163e-07,4.26237649221054e-07,8.79489140757605e-22,1.41402574863562e-23,0.0200712897323532,-4.63514785247649,-1.83874172961686,-0.264161863772257,-4.08596825066223,-3.12806489074544,-16.8493868324478,-16.6310868593695,-50.4455190899858,-54.5758344369363,-5.87128293170346,1.96281807516658,0.897295415951263
0.0285360520174958,0.467581840727562,2.25781827200777,0.0494196378605335,0.128798765971622,1.41519830044352e-07,1.76045031304952e-07,3.63247342415638e-22,5.84022100439708e-24,0.00828986091613499,-4.63514785247649,-1.83874172961686,-0.264161863772257,-4.08596825066223,-3.12806489074544,-16.8493868324478,-16.6310868593695,-50.4455190899858,-54.5758344369363,-5.87128293170346,1.07856084442199,2.32600503290647
0.0323120962547991,0.529454790568852,2.55658495738057,0.0559591107574314,0.1458421130233,1.60246496871826e-07,1.99340258884344e-07,4.11314188985843e-22,6.61303053161237e-24,0.00938682000217901,-4.63514785247649,-1.83874172961686,-0.264161863772257,-4.08596825066223,-3.12806489074544,-16.8493868324478,-16.6310868593695,-50.4455190899858,-54.5758344369363,-5.87128293170346,1.20283423066904,1.35495844497473
0.352516643017349,8.1717040325059,25.6281879622138,1.20192997733617,2.93623810471269,1.90269463479307e-06,4.84678994296912e-06,8.82722334270562e-21,2.98812792567486e-22,0.293105944253332,-4.69548707672663,-1.55215217408192,-0.409136795113858,-3.46890105382773,-2.57570042731652,-16.825069080806,-15.8900235726907,-49.8292760780517,-53.2150545994866,-4.8800507839545,3.65282963311588,1.00645316221473
0.496213061849658,11.502737129774,36.0750105570557,1.69187289734154,4.13313734009267,2.67829037067371e-06,6.8224877474068e-06,1.24254658872919e-20,4.20617901755243e-22,0.412584769897299,-4.69548707672663,-1.55215217408192,-0.409136795113858,-3.46890105382773,-2.57570042731652,-16.825069080806,-15.8900235726907,-49.8292760780517,-53.2150545994866,-4.8800507839545,3.99473719241563,1.28295677187814
1.56838555492425,41.1067269497919,99.8470634516991,9.34366734204843,4.34973563547264,1.15722684347168e-05,3.17683796308365e-05,4.62885954591769e-20,1.60584974209138e-21,1.41739632370115,-4.61022288302985,-1.34409788349863,-0.456630014520282,-2.82557084013635,-3.59015459455298,-16.4271686385552,-15.4173087784571,-49.5796610048527,-52.9409035664213,-4.71144805065344,5.06026966435223,0.450473299498582
0.324342941251602,8.50089232348605,20.6484241923686,1.93227522293961,0.899527571678149,2.3931510777338e-06,6.56971728406452e-06,9.57250540244874e-21,3.32090554470326e-22,0.293118290400627,-4.61022288302985,-1.34409788349863,-0.456630014520282,-2.82557084013635,-3.59015459455298,-16.4271686385552,-15.4173087784571,-49.5796610048527,-52.9409035664213,-4.71144805065344,3.48426902071862,0.522237170584168
1.03759029011455,23.1657392597933,52.7583749357828,1.70566127819127,1.1124326702461,7.72802183994076e-06,1.79139524293964e-05,8.56083519833098e-21,8.89076931788607e-22,0.935820084789215,-4.35403141630887,-1.24825798111146,-0.425209885952205,-3.85697953027245,-4.28438320016175,-16.1615900472402,-15.3208630956749,-50.5980216098439,-52.8627908749038,-4.45726445034759,4.39093241226143,0.446739503062834
0.00704085222767505,0.157197449154085,0.358006358804795,0.0115742303341006,0.00754871563377488,5.24406023318329e-08,1.21560015615658e-07,5.80918847749368e-23,6.03307428317128e-24,0.00635026271107814,-4.35403141630887,-1.24825798111146,-0.425209885952205,-3.85697953027245,-4.28438320016175,-16.1615900472402,-15.3208630956749,-50.5980216098439,-52.8627908749038,-4.45726445034759,-0.601994644762407,0.364527836556274
0.00428970299529055,0.0957739697813517,0.218118616900032,0.00705170466967303,0.00459912337565042,3.19499119742193e-08,7.40615405965201e-08,3.53930069916276e-23,3.67570515421484e-24,0.00386895507698916,-4.35403141630887,-1.24825798111146,-0.425209885952205,-3.85697953027245,-4.28438320016175,-16.1615900472402,-15.3208630956749,-50.5980216098439,-52.8627908749038,-4.45726445034759,-1.09750636399698,0.452881026988923
0.0101696748686865,0.126796908150774,0.387514702702124,0.0122913803281361,0.00517225017310903,6.7694150029425e-08,1.98414636401389e-07,5.55960176029843e-23,7.22854071993044e-24,0.00989988707020446,-3.99385709560591,-1.47068067747114,-0.353513544977301,-3.80436910512554,-4.66995950509748,-15.9137781274881,-14.8384189291581,-50.6494427155373,-52.6895171093848,-4.02074398548257,-0.594487943474137,0.409181849346969
0.335504697411137,3.49536332044896,16.5983944968075,2.43967677692785,1.09285654268109,1.72700721293546e-06,2.3422192310764e-05,3.21227099917411e-21,4.02197169470575e-22,0.972049586806813,-4.30834646445964,-1.964789818385,-0.406921169391357,-2.32436158095847,-3.12743219341439,-16.4853477252557,-13.8780537387054,-50.4035359325149,-52.4813269351766,-3.24457560360625,3.21622714301667,0.324440715014952
0.386342490176539,4.02500286796032,19.113488163687,2.80935202546255,1.25845307491399,1.98869426373695e-06,2.69712709615074e-05,3.69901460849596e-21,4.63140627222885e-22,1.11934068536101,-4.30834646445964,-1.964789818385,-0.406921169391357,-2.32436158095847,-3.12743219341439,-16.4853477252557,-13.8780537387054,-50.4035359325149,-52.4813269351766,-3.24457560360625,3.357315441792,0.0201426495500162
0.179677844380938,1.87192415364858,8.88918625099344,1.30655656283541,0.585273795931133,9.2488998110902e-07,1.25436366690172e-05,1.72031549230955e-21,2.15394660594069e-22,0.520576241514738,-4.30834646445964,-1.964789818385,-0.406921169391357,-2.32436158095847,-3.12743219341439,-16.4853477252557,-13.8780537387054,-50.4035359325149,-52.4813269351766,-3.24457560360625,2.59175667940623,0.372269487818592
0.0199504895538347,0.207848682744432,0.987008821558137,0.145073217836909,0.0649857459726739,1.02694953683001e-07,1.3927799122621e-06,1.91014848696966e-22,2.39162983112328e-23,0.0578020673839749,-4.30834646445964,-1.964789818385,-0.406921169391357,-2.32436158095847,-3.12743219341439,-16.4853477252557,-13.8780537387054,-50.4035359325149,-52.4813269351766,-3.24457560360625,0.393844867551632,0.556789154762117
0.514973277747451,5.36510731426219,25.4772278460578,3.74471164235081,1.67744869217901,2.65082000938131e-06,3.59512198767352e-05,4.93058290456848e-21,6.17340967984115e-22,1.4920195327028,-4.30834646445964,-1.964789818385,-0.406921169391357,-2.32436158095847,-3.12743219341439,-16.4853477252557,-13.8780537387054,-50.4035359325149,-52.4813269351766,-3.24457560360625,3.64470619692599,0.867036536735716
0.369198554932782,2.81447896983196,10.3407929114965,1.36261963917841,0.433008548010016,1.39586255268624e-06,1.36104232329421e-05,7.01763667148099e-22,1.24693642547997e-22,0.958629602795534,-3.78628085098656,-1.75508300676114,-0.4537636105382,-2.48045110830394,-3.62685797038745,-16.2718581770081,-13.9945348051563,-51.4983057015726,-53.2260425230191,-2.83211067202845,2.78986016057557,1.27889194036724
0.899344280869007,6.85589239536788,25.1895161569588,3.31925508136945,1.05478137987593,3.40023271181583e-06,3.31541283984216e-05,1.70945181702082e-21,3.03745810453355e-22,2.33516095669133,-3.78628085098656,-1.75508300676114,-0.453763610538199,-2.48045110830394,-3.62685797038745,-16.2718581770081,-13.9945348051563,-51.4983057015726,-53.2260425230191,-2.83211067202845,3.68019149297545,1.87146979773049
0.0571713316922096,0.435829199695289,1.60129798344214,0.211005103679161,0.0670524707994858,2.16152853065443e-07,2.10760852317951e-06,1.08669881959234e-22,1.93091264924351e-23,0.148446222931108,-3.78628085098656,-1.75508300676114,-0.453763610538199,-2.48045110830394,-3.62685797038745,-16.2718581770081,-13.9945348051563,-51.4983057015726,-53.2260425230191,-2.83211067202845,0.924578150558243,1.62319088898658
0.0604105715592224,0.460522612933617,1.69202506838846,0.222960328854961,0.0708515608358126,2.28399741817092e-07,2.22702238586673e-06,1.14826950608274e-22,2.04031519503032e-23,0.156856957982981,-3.78628085098656,-1.75508300676114,-0.453763610538199,-2.48045110830394,-3.62685797038745,-16.2718581770081,-13.9945348051563,-51.4983057015726,-53.2260425230191,-2.83211067202845,0.9796896874449,0.436657409916878
0.112035960139066,0.453772474689805,1.93758723688886,0.319947104577994,0.172018986921469,4.92106623271533e-07,3.47276586534048e-06,1.97160219160846e-22,5.89960373324484e-23,0.215757504916965,-3.35555617930942,-1.95678015639269,-0.505177286037038,-2.3062203878052,-2.92677121194261,-15.6911912227265,-13.7371799949155,-51.1446463311916,-52.3511927468236,-2.70022095713675,1.16662079275981,0.805972489617027
0.0955145677611278,0.386856878167468,1.65186077042764,0.27276607762596,0.146652192404268,4.19538078272592e-07,2.96065415204072e-06,1.68085970696037e-22,5.02961816762552e-23,0.183940806128527,-3.35555617930942,-1.95678015639269,-0.505177286037038,-2.3062203878052,-2.92677121194261,-15.6911912227265,-13.7371799949155,-51.1446463311916,-52.3511927468236,-2.70022095713675,1.00707967818196,0.939506998477943
0.0477873238300483,0.18307382730359,1.00352560968263,0.0970308252207822,0.137615482356005,2.56911501438425e-07,1.12678984651598e-06,4.11190152643404e-23,1.89327671813589e-23,0.0956434454943702,-3.48867485306614,-2.14554576617924,-0.44416057728186,-2.78040655175254,-2.43097182926219,-15.6222141503056,-14.1438177984583,-51.9932515454204,-52.76882808421,-2.79480809795017,0.447679986571843,0.464114979906299
0.380658488351864,1.45830736632201,7.99376301051565,0.772916419915779,1.0962007764601,2.0464745865569e-06,8.97564636995424e-06,3.27540881944074e-22,1.50812348504903e-22,0.761864998176737,-3.48867485306614,-2.14554576617924,-0.44416057728186,-2.78040655175254,-2.43097182926219,-15.6222141503056,-14.1438177984583,-51.9932515454204,-52.76882808421,-2.79480809795017,2.52282219121156,0.633332877462616
0.0454151429150191,0.173985972944651,0.953710217058882,0.092214178183236,0.130784197515313,2.44158316875692e-07,1.07085557033303e-06,3.90778517205989e-23,1.79929374236592e-23,0.0908956685136741,-3.48867485306614,-2.14554576617924,-0.44416057728186,-2.78040655175254,-2.43097182926219,-15.6222141503056,-14.1438177984583,-51.9932515454204,-52.76882808421,-2.79480809795017,0.396765167901423,0.643275493408115
0.0174635662314946,0.551033851959965,1.22664576372923,0.0948487352404584,0.0580212582152113,4.98332082477638e-07,3.15274336523872e-06,3.60809968791252e-23,4.05747070982401e-23,0.217753899872315,-4.82041478969667,-1.36873532618944,-0.568492868857522,-3.12824820878946,-3.61972210642313,-15.2847754416581,-13.4400138663358,-52.4490521991438,-52.3316736290436,-2.29716604533546,0.772776291786933,0.603052214417966
0.0170409848026714,0.719691488954434,1.41550923334329,0.182701543882029,0.108108721896201,5.87916196137474e-07,3.31215985810497e-06,3.47684208299043e-23,1.46667211288858e-23,0.101333807499932,-5.00602477569387,-1.26282345638927,-0.586401461452382,-2.63379217529392,-3.15850868402751,-15.2805722328079,-13.5518008662969,-52.6472235144998,-53.5103519833076,-3.22322599700624,0.933890810026917,0.810744454275616
0.00456721344692761,0.238758855470015,0.347522545462629,0.0346510936238048,0.0191639738909505,1.6790418229245e-07,5.00638088396104e-07,6.01141211215407e-24,2.63272091215503e-24,0.0117819022504809,-4.96793755101001,-1.01138675126556,-0.636011278982985,-2.94151153376001,-3.53380866429331,-15.1789579056785,-14.0864679172838,-53.0474680924142,-53.8731098950344,-4.0202761743606,-0.420914458069711,1.86256341744653
0.00512789770524381,0.268069579251861,0.390185412638663,0.0389049615356227,0.0215165984425065,1.8851658261286e-07,5.62097859991855e-07,6.74939035221275e-24,2.95592130318955e-24,0.0132282824561857,-4.96793755101001,-1.01138675126556,-0.636011278982985,-2.94151153376001,-3.53380866429331,-15.1789579056785,-14.0864679172838,-53.0474680924142,-53.8731098950344,-4.0202761743606,-0.305121956828113,3.22354019501804
0.00482281221149203,0.252120715868285,0.36697123869992,0.0365903015946975,0.0202364632999941,1.77300743687674e-07,5.28655714104843e-07,6.34783376772342e-24,2.78005806212824e-24,0.0124412626448297,-4.96793755101001,-1.01138675126556,-0.636011278982985,-2.94151153376001,-3.53380866429331,-15.1789579056785,-14.0864679172838,-53.0474680924142,-53.8731098950344,-4.0202761743606,-0.366460523680634,2.5389801901244
0.0151058856771124,0.789685881126151,1.14941767074824,0.114607181151175,0.063384118583423,5.55336730348128e-07,1.65584153593851e-06,1.98825181216995e-23,8.70762480906384e-24,0.038968195930147,-4.96793755101001,-1.01138675126556,-0.636011278982985,-2.94151153376001,-3.53380866429331,-15.1789579056785,-14.0864679172838,-53.0474680924142,-53.8731098950344,-4.0202761743606,0.775266719845502,1.94613124596662
0.0109961209882593,0.5690823930809,1.8967604633623,0.0711632843980766,0.0435267657156655,7.16848379052711e-07,1.16913572725396e-06,1.04497828743302e-23,8.03072839430618e-24,0.0605165933016576,-5.48554469155544,-1.53906203778268,-0.335184574059821,-3.61811024788281,-4.10971121205038,-15.1237334702147,-14.6345777625282,-53.8907930169877,-54.1540989846327,-3.78016966785095,0.975331985749506,4.98008708322164
0.0124394374195629,0.643778367195424,2.1457233063449,0.0805039544204359,0.0492399527773571,8.10939654089132e-07,1.32259282429494e-06,1.18213886744282e-23,9.08481667318324e-24,0.0684598119668627,-5.48554469155544,-1.53906203778268,-0.335184574059821,-3.61811024788281,-4.10971121205038,-15.1237334702147,-14.6345777625282,-53.8907930169877,-54.1540989846327,-3.78016966785095,1.09866127535392,2.38946847535119
0.00807116001157128,0.373637148420855,0.648571278412502,0.0278020214518772,0.00639751326005893,3.77558016786637e-07,7.79657473087088e-07,2.53654531419926e-24,3.32145586321729e-24,0.0226825152504277,-4.90302942477715,-1.06804150533185,-0.516554729960524,-3.66621790826865,-5.13541727867449,-14.8731129546498,-14.1479825122154,-54.4148105505751,-54.145210393466,-3.86973226601325,0.0835713614358666,0.922893322032664
0.0110281689806105,0.510525575544432,0.886186575913417,0.0379877725301311,0.00874135281502008,5.15882921802786e-07,1.06529846365e-06,3.46585253072183e-24,4.53832862546219e-24,0.0309926467482204,-4.90302942477715,-1.06804150533185,-0.516554729960524,-3.66621790826865,-5.13541727867449,-14.8731129546498,-14.1479825122154,-54.4148105505751,-54.145210393466,-3.86973226601325,0.395726961709182,0.83378290106821
0.0100032666771736,0.463079908067005,0.803828873150124,0.0344573808905924,0.00792897565150183,4.67939369632973e-07,9.6629500703247e-07,3.1437537083013e-24,4.11655929365675e-24,0.0281123467548395,-4.90302942477715,-1.06804150533185,-0.516554729960524,-3.66621790826865,-5.13541727867449,-14.8731129546498,-14.1479825122154,-54.4148105505751,-54.145210393466,-3.86973226601325,0.298185853162141,0.844865682421008
0.00955571074060825,0.442361259984527,0.767864783041247,0.0329157239625341,0.00757422552454483,4.47003304486395e-07,9.23062023165538e-07,3.00309909209876e-24,3.93238040394431e-24,0.0268545728608751,-4.90302942477715,-1.06804150533185,-0.516554729960524,-3.66621790826865,-5.13541727867449,-14.8731129546498,-14.1479825122154,-54.4148105505751,-54.145210393466,-3.86973226601325,0.252413104876642,0.251495881214419
0.171468657287443,5.62754527937218,13.933348329258,0.488462755395322,0.0498923992708921,5.2482857453525e-06,2.17332632637053e-05,6.93163557590846e-23,4.09933767317667e-23,0.707223667393336,-4.80682753286448,-1.31579940758842,-0.40918762032037,-3.75996480064446,-6.04135935449194,-15.2010818068212,-13.7801393492125,-54.0668340871134,-54.5921044687748,-3.38988104932688,3.04347274744493,0.70852752301853
0.00994489543743838,0.202472276019995,0.441827790712457,0.0380485830970495,0.00255988165142355,2.99501474600013e-07,7.42795930438093e-07,3.01486501391933e-24,1.81847237897736e-24,0.0104516263659415,-4.26157248854726,-1.24802891808378,-0.467711694328492,-2.91976804102244,-5.61867085920414,-14.6720231035959,-13.7637210938929,-53.8093637819151,-54.3149220431641,-4.21187428730861,-0.349123392267834,0.467419360883956
0.00384277150410443,0.078236588564999,0.170725097569108,0.0147022170134101,0.000989154720213333,1.15729294417463e-07,2.87021120816076e-07,1.16496321525878e-24,7.02669412956157e-25,0.0040385755911911,-4.26157248854726,-1.24802891808378,-0.467711694328492,-2.91976804102244,-5.61867085920414,-14.6720231035959,-13.7637210938929,-53.8093637819151,-54.3149220431641,-4.21187428730861,-1.299988938308,0.919914670515893
0.00242000615809808,0.0492699151936717,0.107515054438665,0.00925880075673113,0.000622925539983654,7.2881149676339e-08,1.80753104663452e-07,7.33641891502739e-25,4.42509866809623e-25,0.00254331484195409,-4.26157248854726,-1.24802891808378,-0.467711694328492,-2.91976804102244,-5.61867085920414,-14.6720231035959,-13.7637210938929,-53.8093637819151,-54.3149220431641,-4.21187428730861,-1.76241270560089,0.42941694211219
0.00134643685855466,0.0271560509312934,0.0500586409583258,0.0112988397388629,0.000472586140805236,6.3655012066738e-08,1.85199515680875e-07,5.98839393937716e-25,4.15130816167298e-25,0.00606439547039288,-4.27101540553321,-1.26687725274217,-0.655282007308211,-2.14377710221792,-5.31801238476976,-14.2305096365738,-13.1625539955574,-53.4355259380242,-53.8019256863052,-2.76604228238033,-2.3392781342944,0.420172551192185
0.0194220078076379,0.391719099088211,0.722083110957018,0.162982877534273,0.0068169343836543,9.18207291712578e-07,2.67145571414754e-06,8.63810531528707e-24,5.98815599971561e-24,0.0874773558271486,-4.27101540553321,-1.26687725274217,-0.655282007308211,-2.14377710221792,-5.31801238476976,-14.2305096365738,-13.1625539955574,-53.4355259380242,-53.8019256863052,-2.76604228238033,0.329666972722841,0.521295074360013
0.164228172761645,3.31228946647811,6.10577397913927,1.37814691632254,0.0576424790244039,7.76415637496931e-06,2.25892345885872e-05,7.30418948495307e-23,5.06345135778514e-23,0.739689039763602,-4.27101540553321,-1.26687725274217,-0.655282007308211,-2.14377710221792,-5.31801238476976,-14.2305096365738,-13.1625539955574,-53.4355259380242,-53.8019256863052,-2.76604228238033,2.46451688474503,1.02939793887834
0.203569582057155,4.10575951132267,7.56843260305165,1.70828662982396,0.071450928098475,9.62408606087853e-06,2.80005614558216e-05,9.05393256050051e-23,6.27641810377486e-23,0.916884028756008,-4.27101540553321,-1.26687725274217,-0.655282007308211,-2.14377710221792,-5.31801238476976,-14.2305096365738,-13.1625539955574,-53.4355259380242,-53.8019256863052,-2.76604228238033,2.67926799956094,1.53704398465707
0.218976557559876,4.41650012183909,8.14124242331485,1.83757672312451,0.0768586254947924,1.03524761114825e-05,3.01197580472415e-05,9.73917107085789e-23,6.75144300185882e-23,0.986277548294275,-4.27101540553321,-1.26687725274217,-0.655282007308211,-2.14377710221792,-5.31801238476976,-14.2305096365738,-13.1625539955574,-53.4355259380242,-53.8019256863052,-2.76604228238033,2.75222480753246,0.411683002785773
0.15556952535693,3.13765471221941,5.78385756778773,1.30548649503386,0.0546033786495227,7.35480460958434e-06,2.13982561215197e-05,6.91908868121199e-23,4.79648961047507e-23,0.700690209801945,-4.27101540553321,-1.26687725274217,-0.655282007308211,-2.14377710221792,-5.31801238476976,-14.2305096365738,-13.1625539955574,-53.4355259380242,-53.8019256863052,-2.76604228238033,2.41035286665188,1.37056754357536
0.324620503549191,6.62534064436755,12.6619540257957,1.93618815731842,0.138167741534088,1.95524930447988e-05,5.31290915566188e-05,6.3481761127846e-23,1.21678222574194e-22,1.28012088702227,-4.25913355315773,-1.24313330427898,-0.595433341611941,-2.47331392001775,-5.11332190645347,-13.9764428510371,-12.9768210089962,-54.2453246863961,-53.5946972842383,-2.88708057638893,3.13403509284715,0.363129459832354
1.17692263467392,24.0203969913432,45.9063433431628,7.01971576786225,0.500931828443805,7.08882260274146e-05,0.00019262132160168,2.30155275909748e-22,4.41148518743397e-22,4.6411216499979,-4.25913355315773,-1.24313330427898,-0.595433341611941,-2.47331392001775,-5.11332190645347,-13.9764428510371,-12.9768210089962,-54.2453246863961,-53.5946972842383,-2.88708057638893,4.42203664832726,0.38100227479715
1.63352554452458,33.339431937981,63.7163245038183,9.74310858188397,0.695275045037327,9.83902633956028e-05,0.000267351344928127,3.19447099859577e-22,6.12297999091653e-22,6.44170699683939,-4.25913355315773,-1.24313330427898,-0.595433341611941,-2.47331392001775,-5.11332190645347,-13.9764428510371,-12.9768210089962,-54.2453246863961,-53.5946972842383,-2.88708057638893,4.74987414300359,1.33444480917591
0.158338926344007,3.23161757443798,6.17607385837186,0.94440724069459,0.0673935614377133,9.5370462500468e-06,2.59145778616313e-05,3.09642606967576e-23,5.93505305770853e-23,0.624399767191322,-4.25913355315773,-1.24313330427898,-0.595433341611941,-2.47331392001775,-5.11332190645347,-13.9764428510371,-12.9768210089962,-54.2453246863961,-53.5946972842383,-2.88708057638893,2.41611611319618,1.9087648316056
0.502789179265754,10.2616733956018,19.6114952781034,2.99886927621219,0.214001409668814,3.02839217582079e-05,8.22891100433512e-05,9.8323865026529e-23,1.88461582043368e-22,1.98271804494735,-4.25913355315773,-1.24313330427898,-0.595433341611941,-2.47331392001775,-5.11332190645347,-13.9764428510371,-12.9768210089962,-54.2453246863961,-53.5946972842383,-2.88708057638893,3.57154922970894,1.04771697161015
0.235204099170957,7.09656249235123,9.38318032457421,1.59948188243826,0.0476444138463028,8.91948186846838e-06,2.85193167447566e-05,3.82648651851177e-23,1.3769311281887e-22,0.679517299628818,-4.39392916198784,-0.987017016527214,-0.707708767981307,-2.47694777399875,-5.99061741610668,-14.5739002268803,-13.4115564470876,-54.5641376421181,-53.2836423705393,-3.33300011369055,2.94662752732625,1.11944810877828
0.0214288951073893,0.970383096689091,0.92884038426484,0.103161096799843,0.0126293973085389,1.6460069957664e-06,6.9438350015267e-06,5.89360271798053e-24,1.4886448202975e-23,0.109288638084112,-4.60649955599049,-0.793548867361385,-0.837302896446427,-3.03494799294583,-5.13521258974392,-14.0806427325033,-12.6411408691361,-54.2516592812425,-53.3250754762924,-2.97724736780467,0.763484526946712,1.08224714217398
0.0415202253123571,0.644568579944841,0.755393842647177,0.218610725179495,0.0180075578876138,1.79430991034808e-06,1.20939368981645e-05,2.1943927341194e-24,1.93261543582973e-23,0.062076341481618,-3.73556958320424,-0.993169023944349,-0.834510989515943,-2.07445761107126,-4.57095869623002,-13.7848850306671,-11.8768012834051,-55.0301318519858,-52.8545778748956,-3.33338530682626,0.553994969663211,0.746303969964148
0.0878623205576335,1.36399286772746,1.59851386765418,0.462609378165899,0.0381063881922332,3.7969984829495e-06,2.55923794381259e-05,4.64362696454732e-24,4.08967137485564e-23,0.131361797130706,-3.73556958320424,-0.993169023944349,-0.834510989515943,-2.07445761107126,-4.57095869623002,-13.7848850306671,-11.8768012834051,-55.0301318519858,-52.8545778748956,-3.33338530682626,1.30358535441314,0.679224436854766
0.0452450398654785,0.702393372777765,0.823160863593307,0.238222478354994,0.0196230311462813,1.95527897100694e-06,1.3178894212917e-05,2.39125356350608e-24,2.10599200223347e-23,0.0676452626138078,-3.73556958320424,-0.993169023944349,-0.834510989515943,-2.07445761107126,-4.57095869623002,-13.7848850306671,-11.8768012834051,-55.0301318519858,-52.8545778748956,-3.33338530682626,0.639907352127225,0.92096318445101
0.0795901893311095,0.576155530844185,1.0704639732531,0.367382579778081,0.0285877888535046,2.56530798257454e-06,1.73812558381675e-05,1.64899997990497e-24,1.1242681762431e-23,0.119951225139618,-3.33830022055724,-1.35881341312846,-0.739343602869808,-1.80878729941205,-4.36221139271564,-13.6808677925908,-11.7675539602958,-55.5693089776862,-53.6497606021066,-2.92810585321645,0.807435777220405,1.23862762742904
0.532161562482795,3.85233192814258,7.15741205512178,2.456419432178,0.191145699137856,1.71523439726616e-05,0.000116215784162446,1.10256604892548e-23,7.51716152891916e-23,0.802026379488381,-3.33830022055724,-1.35881341312846,-0.739343602869808,-1.80878729941205,-4.36221139271564,-13.6808677925908,-11.7675539602958,-55.5693089776862,-53.6497606021066,-2.92810585321645,2.70749207369005,2.25141056105105
0.142939041342194,2.92409946566423,3.17717989495379,0.552304480216607,0.21577741098799,1.08732760280899e-05,3.81084029923348e-05,1.40777011607452e-23,2.05366706598433e-23,0.740471246601384,-3.99339373933433,-0.97507015711279,-0.892062737563295,-2.64171250558891,-3.581564622725,-13.4772592351156,-12.2231324645763,-54.6655068796974,-54.2878868464642,-2.34852519114275,2.04805671540679,1.23384855106585
0.0944826062742177,1.93282770002355,2.10011368663535,0.365072874826872,0.14262871762545,7.18722784360558e-06,2.51896277032126e-05,9.30535061329078e-24,1.35747249311128e-23,0.489450975696208,-3.99339373933433,-0.97507015711279,-0.892062737563295,-2.64171250558891,-3.581564622725,-13.4772592351156,-12.2231324645763,-54.6655068796974,-54.2878868464642,-2.34852519114275,1.63405421732037,0.444335408444561
0.180918697227042,3.70104808961035,4.02137332147694,0.699054688594382,0.27311060519508,1.37623627185427e-05,4.82340063151181e-05,1.78182204808297e-23,2.59933721834954e-23,0.937218355540076,-3.99339373933433,-0.97507015711279,-0.892062737563295,-2.64171250558891,-3.581564622725,-13.4772592351156,-12.2231324645763,-54.6655068796974,-54.2878868464642,-2.34852519114275,2.28368620411257,0.726595790416751
0.422907863672313,8.65141284408749,9.40019150303966,1.63408055372275,0.638411752680031,3.21703146528763e-05,0.000112749764837652,4.16511155203234e-23,6.07610029712188e-23,2.19080182762165,-3.99339373933433,-0.97507015711279,-0.892062737563295,-2.64171250558891,-3.581564622725,-13.4772592351156,-12.2231324645763,-54.6655068796974,-54.2878868464642,-2.34852519114275,3.13279279929553,0.690326521420976
0.25721016129323,5.26174016656797,5.71714309516247,0.993838513995632,0.388278402894768,1.95658026995963e-05,6.85737667487238e-05,2.53319719524681e-23,3.6954496988675e-23,1.33243323155771,-3.99339373933433,-0.97507015711279,-0.892062737563295,-2.64171250558891,-3.581564622725,-13.4772592351156,-12.2231324645763,-54.6655068796974,-54.2878868464642,-2.34852519114275,2.63553195929618,0.205948329452033
0.228504341452423,4.67450611441696,5.07908401200381,0.88292163112377,0.344944773206372,1.73821704336257e-05,6.09206235595234e-05,2.25048090619209e-23,3.28302076233916e-23,1.18372764347872,-3.99339373933433,-0.97507015711279,-0.892062737563295,-2.64171250558891,-3.581564622725,-13.4772592351156,-12.2231324645763,-54.6655068796974,-54.2878868464642,-2.34852519114275,2.51719367029774,0.411450746201714
0.078896789465871,2.9924595876994,3.08608765522567,0.566348748305999,0.185766469868725,8.2745021354216e-06,3.84655608254182e-05,5.78114105488309e-24,3.35126646410087e-23,0.299881691989616,-4.51501263540846,-0.879302238439284,-0.848493734576239,-2.54394311971458,-3.65866282472764,-13.6777296956848,-12.1411451332809,-55.4828390465867,-53.7255167077532,-3.17976513441082,1.9753978922699,0.380694293154681
0.354680151563659,4.63789104173952,5.68316301443728,2.49593384782931,0.163555985286852,1.72054399738189e-05,0.000114836578394882,1.88898263295389e-23,9.19695180711507e-23,0.603166797338346,-3.67119531418131,-1.10039669098839,-0.897148490557807,-1.71999349015352,-4.44525636663576,-13.6049413836384,-11.7066569347325,-54.9580751811996,-53.375241472058,-3.1402179450397,2.63465643703597,1.28489453681922
0.0134782054303061,0.176244562737314,0.215965957679915,0.0948480172718651,0.00621529329829622,6.53824166544344e-07,4.36390643145944e-06,7.17832556149208e-25,3.49493495033294e-24,0.0229209499528672,-3.67119531418131,-1.10039669098839,-0.897148490557807,-1.71999349015352,-4.44525636663576,-13.6049413836384,-11.7066569347325,-54.9580751811996,-53.375241472058,-3.1402179450397,-0.635485996494604,0.794863009962075
0.0272605391294435,0.356465986788503,0.436805068033999,0.191836227720347,0.0125708312605326,1.32240151465425e-06,8.82628200372585e-06,1.45186260785829e-24,7.06873117946291e-24,0.0463590984946106,-3.67119531418131,-1.10039669098839,-0.897148490557807,-1.71999349015352,-4.44525636663576,-13.6049413836384,-11.7066569347325,-54.9580751811996,-53.375241472058,-3.1402179450397,0.0688802385809948,1.29688924102233
0.0966376252686617,1.26365903068603,1.54845816803857,0.680052489034211,0.0445631421632023,4.68786554150871e-06,3.12888504787617e-05,5.14680043463454e-24,2.50583963729476e-23,0.164341327471267,-3.67119531418131,-1.10039669098839,-0.897148490557807,-1.71999349015352,-4.44525636663576,-13.6049413836384,-11.7066569347325,-54.9580751811996,-53.375241472058,-3.1402179450397,1.33440819611875,0.656349768456599
0.219130846920129,2.86541264691337,3.51120951947397,1.54205442712316,0.101049245120589,1.06299791980879e-05,7.09490975746457e-05,1.16706379635768e-23,5.68212184891609e-23,0.372652516787736,-3.67119531418131,-1.10039669098839,-0.897148490557807,-1.71999349015352,-4.44525636663576,-13.6049413836384,-11.7066569347325,-54.9580751811996,-53.375241472058,-3.1402179450397,2.15310906111997,1.09833185807182
0.282722871905527,3.69695870807748,4.53016657928373,1.9895604037427,0.130373852818593,1.3714811444483e-05,9.15386076736179e-05,1.50574705862145e-23,7.33108017525366e-23,0.480796707765444,-3.67119531418131,-1.10039669098839,-0.897148490557807,-1.71999349015352,-4.44525636663576,-13.6049413836384,-11.7066569347325,-54.9580751811996,-53.375241472058,-3.1402179450397,2.40790720184547,1.43650557954064
0.106960977240098,1.39864989898798,1.71387281515212,0.752699361138466,0.0493236171875516,5.18864860447431e-06,3.46312941219691e-05,5.69660939636923e-24,2.77352693287814e-23,0.181897153809325,-3.67119531418131,-1.10039669098839,-0.897148490557807,-1.71999349015352,-4.44525636663576,-13.6049413836384,-11.7066569347325,-54.9580751811996,-53.375241472058,-3.1402179450397,1.43590410445166,1.63536672124688
0.0981494640456026,1.10388011277811,1.71263737338532,0.436156800393751,0.0376893584484978,6.71238600948752e-06,2.75943239519306e-05,2.50690812701589e-24,1.22789502738552e-23,0.12551128714324,-3.57803551390104,-1.15794034660193,-0.718737189089877,-2.08652516141731,-4.5351491887063,-13.1683277751623,-11.7546721553684,-55.5997637549977,-54.0109274904391,-3.33213128212014,1.25677169506205,0.998042154092432
0.14254767086968,1.60322361946641,2.48735406753738,0.633453647808144,0.0547382536995787,9.74875411633531e-06,4.00766998253147e-05,3.64091559811627e-24,1.78333705566587e-23,0.182286697376276,-3.57803551390104,-1.15794034660193,-0.718737189089877,-2.08652516141731,-4.5351491887063,-13.1683277751623,-11.7546721553684,-55.5997637549977,-54.0109274904391,-3.33213128212014,1.62995671110292,1.3990727224965
0.155585407608005,1.74985812675609,2.71485317229091,0.691390770496064,0.0597447398588872,1.06403975147857e-05,4.37422066587514e-05,3.97392208475395e-24,1.94644515070255e-23,0.198959056572262,-3.57803551390104,-1.15794034660193,-0.718737189089877,-2.08652516141731,-4.5351491887063,-13.1683277751623,-11.7546721553684,-55.5997637549977,-54.0109274904391,-3.33213128212014,1.71747506082588,1.02059259015175
0.222560881963187,2.50312657201438,3.88352690470783,0.989016528147044,0.0854632976195064,1.52208121040253e-05,6.25720897779544e-05,5.68459226114679e-24,2.78433920052952e-23,0.284605759537877,-3.57803551390104,-1.15794034660193,-0.718737189089877,-2.08652516141731,-4.5351491887063,-13.1683277751623,-11.7546721553684,-55.5997637549977,-54.0109274904391,-3.33213128212014,2.07548092589705,1.27960322274727
0.25752292182884,2.89634217319096,4.49358928972386,1.14438091644322,0.0988887081951061,1.76118461207604e-05,7.24015255619838e-05,6.57758360581205e-24,3.22173043150295e-23,0.329314415538816,-3.57803551390104,-1.15794034660193,-0.718737189089877,-2.08652516141731,-4.5351491887063,-13.1683277751623,-11.7546721553684,-55.5997637549977,-54.0109274904391,-3.33213128212014,2.22138896787196,0.500568382502062
0.0381196071034459,0.601449637364957,0.880047947446014,0.181762392328459,0.0153490255757552,4.6449702184971e-06,1.3692738681528e-05,6.42480042363385e-25,4.33353187991684e-24,0.0760383758272084,-3.85079696411786,-1.09218293251039,-0.711549344293581,-2.28882543855111,-4.76047374440423,-12.8634960542709,-11.7824153459218,-56.2882322140553,-54.3794298027045,-3.16028757807634,0.583770457033509,1.22185829730575
0.058157666392346,0.917609335971006,1.34265641295677,0.277308119861436,0.0234174372904716,7.08665825533435e-06,2.08905019948615e-05,9.8020789842119e-25,6.61150836861636e-24,0.116008921140608,-3.85079696411786,-1.09218293251039,-0.711549344293581,-2.28882543855111,-4.76047374440423,-12.8634960542709,-11.7824153459218,-56.2882322140553,-54.3794298027045,-3.16028757807634,1.00619939362798,1.28573853533451
0.117273785406649,1.85034109910511,2.7074401332698,0.559186345627366,0.0472207996973183,1.42901063787477e-05,4.21252845919726e-05,1.97656986368486e-24,1.3331976018512e-23,0.233929697786001,-3.85079696411786,-1.09218293251039,-0.711549344293581,-2.28882543855111,-4.76047374440423,-12.8634960542709,-11.7824153459218,-56.2882322140553,-54.3794298027045,-3.16028757807634,1.70755293249977,0.300513947109832
0.0860302762922583,1.35738226099682,1.98613715675919,0.410210650627236,0.0346404648798123,1.04830060336717e-05,3.09024720210995e-05,1.44998177464918e-24,9.78013608426865e-24,0.17160729027131,-3.85079696411786,-1.09218293251039,-0.711549344293581,-2.28882543855111,-4.76047374440423,-12.8634960542709,-11.7824153459218,-56.2882322140553,-54.3794298027045,-3.16028757807634,1.39774096934418,0.526792057734532
0.0552633793062108,0.871943390000941,1.27583748162412,0.263507543600676,0.0222520400084872,6.7339820778912e-06,1.98508607248919e-05,9.31426658765023e-25,6.28247860387185e-24,0.11023559591692,-3.85079696411786,-1.09218293251039,-0.711549344293581,-2.28882543855111,-4.76047374440423,-12.8634960542709,-11.7824153459218,-56.2882322140553,-54.3794298027045,-3.16028757807634,0.955152155606168,0.886268414392558
0.340180620455252,5.57313748106294,17.3626797853695,1.52015075448792,0.533047741653843,5.87504869705907e-05,0.0001793821123993,1.64167175993454e-23,2.25875108086663e-23,1.04477198498655,-4.35066507185399,-1.55442832864555,-0.418063443223185,-2.85357699553466,-3.90153079330332,-13.0145976221722,-11.8983788272888,-55.7361285564727,-55.4170316034736,-3.22858784063553,3.27238650605893,0.568844229958111
0.433584690321122,7.10336492893066,22.1299853231189,1.93754157201546,0.67940772076332,7.48817250826005e-05,0.000228635415943779,2.09242884173579e-23,2.8789408597098e-23,1.33163710784096,-4.35066507185399,-1.55442832864555,-0.418063443223185,-2.85357699553466,-3.90153079330332,-13.0145976221722,-11.8983788272888,-55.7361285564727,-55.4170316034736,-3.22858784063553,3.51499693407395,0.855207222352393
0.484908468989161,7.94419611496894,24.7495300026359,2.16688997158325,0.759829775010642,8.37455368596583e-05,0.000255699179368827,2.3401113756194e-23,3.21972347215094e-23,1.48926409448193,-4.35066507185399,-1.55442832864555,-0.418063443223185,-2.85357699553466,-3.90153079330332,-13.0145976221722,-11.8983788272888,-55.7361285564727,-55.4170316034736,-3.22858784063553,3.62686994226509,0.861583462713054
0.345550285473953,5.66110804604229,17.6367452925393,1.54414594950697,0.541461765379903,5.96778485419096e-05,0.000182213613654846,1.66758513327637e-23,2.29440489515108e-23,1.06126344641311,-4.35066507185399,-1.55442832864555,-0.418063443223185,-2.85357699553466,-3.90153079330332,-13.0145976221722,-11.8983788272888,-55.7361285564727,-55.4170316034736,-3.22858784063553,3.28804796955261,0.867332394414474
0.12550444573708,0.959939364475258,2.78329824545352,0.469270703615234,0.0922451977589732,4.68191709850042e-06,6.18254149556619e-05,3.82431601254815e-24,8.37337378298742e-24,0.249475212209592,-3.6186694017021,-1.58414046338422,-0.519618661172917,-2.29983078870256,-3.92656035909403,-13.8150582003453,-11.2344513376658,-55.4639179056819,-54.6802406530303,-2.93165102345167,1.54325530486422,1.77337816475016
0.0677709286714121,0.676061663122239,1.26039025657596,0.212100822573849,0.022937430913229,2.24994111824461e-06,1.63089067209491e-05,1.37050748482388e-24,1.88156951871225e-24,0.0713434498044824,-3.52913918961435,-1.22898822243101,-0.606095832519224,-2.38821077215126,-4.61250239809741,-13.8421237447276,-11.8613164077572,-55.7843783666976,-55.4674531858983,-3.47776697596306,0.837517232968209,1.88807570016258
0.112925126056452,1.12650586360075,2.10015904155972,0.353418679592812,0.0382201089473957,3.74902468327167e-06,2.71751528776524e-05,2.28364482410189e-24,3.13521563375283e-24,0.118877935132558,-3.52913918961435,-1.22898822243101,-0.606095832519224,-2.38821077215126,-4.61250239809741,-13.8421237447276,-11.8613164077572,-55.7843783666976,-55.4674531858983,-3.47776697596306,1.34810890845698,2.23978295579481
0.0862076907893908,0.859981056059931,1.60327349267527,0.269801852904738,0.0291774510167629,2.86202700801688e-06,2.07456680213041e-05,1.7433475944986e-24,2.39344164891621e-24,0.0907520994793103,-3.52913918961435,-1.22898822243101,-0.606095832519224,-2.38821077215126,-4.61250239809741,-13.8421237447276,-11.8613164077572,-55.7843783666976,-55.4674531858983,-3.47776697596306,1.07814330461652,1.19269421555467
0.0730714706949336,0.728938218396342,1.35896868322568,0.228689784025552,0.0247314275257984,2.42591491234041e-06,1.75844690767671e-05,1.47769846861696e-24,2.02873200415592e-24,0.0769234080728007,-3.52913918961435,-1.22898822243101,-0.606095832519224,-2.38821077215126,-4.61250239809741,-13.8421237447276,-11.8613164077572,-55.7843783666976,-55.4674531858983,-3.47776697596306,0.912821923438666,4.14080872641728
0.0921807957785505,0.919566889870092,1.71436011163462,0.288495716281811,0.0311990801387512,3.06032935951427e-06,2.21830809948662e-05,1.86413958091174e-24,2.55927694880067e-24,0.0970400746380568,-3.52913918961435,-1.22898822243101,-0.606095832519224,-2.38821077215126,-4.61250239809741,-13.8421237447276,-11.8613164077572,-55.7843783666976,-55.4674531858983,-3.47776697596306,1.14513573076375,3.52406002622038
0.162053063177626,1.61659085324197,3.01383064805969,0.507173041220038,0.0548477203099316,5.38003325804558e-06,3.89976696943631e-05,3.27714169449268e-24,4.49918733690886e-24,0.170595634516552,-3.52913918961435,-1.22898822243101,-0.606095832519224,-2.38821077215126,-4.61250239809741,-13.8421237447276,-11.8613164077572,-55.7843783666976,-55.4674531858983,-3.47776697596306,1.70930774271082,2.60445353784035
0.0905009853444968,0.715089064523493,3.95912658978375,0.693068477969334,0.0487368842658153,1.20793692837943e-05,6.61348585069074e-05,4.4450372577724e-24,2.50241355276977e-24,0.150351096092387,-4.13527965022963,-2.06823328795728,-0.356861666874148,-2.09951158054403,-4.75420426811605,-13.0568966881057,-11.3566996996257,-55.5031390906539,-56.0776716542729,-3.62766718898082,1.7328851096786,1.38103057276758
0.0881922386127198,0.527150458798925,2.66138675465363,0.263675298063158,0.0353493591992963,1.30453418555395e-05,3.47366545574573e-05,9.15680297475351e-25,4.98927148152137e-25,0.102766085347506,-3.73075985710309,-1.94279281029456,-0.323676216392484,-2.63556040407484,-4.64499855379568,-12.5496029735251,-11.5702386409018,-56.6526537669837,-57.2598609611067,-3.57782342913746,1.30252353967347,0.405511597892716
0.016681516725351,0.099710239059091,0.50339994038862,0.0498740474659874,0.00668631317210323,2.46751972479942e-06,6.57042040317807e-06,1.73200458880361e-25,9.4371814317809e-26,0.0194381523645327,-3.73075985710309,-1.94279281029456,-0.323676216392484,-2.63556040407484,-4.64499855379568,-12.5496029735251,-11.5702386409018,-56.6526537669837,-57.2598609611067,-3.57782342913746,-0.362694098305966,0.438202314543258
0.016147116604363,0.0965159753303057,0.487273289948006,0.0482763092363767,0.00647211403020476,2.38847158660051e-06,6.35993393985402e-06,1.67651901893324e-25,9.13485695002295e-26,0.0188154421430093,-3.73075985710309,-1.94279281029456,-0.323676216392484,-2.63556040407484,-4.64499855379568,-12.5496029735251,-11.5702386409018,-56.6526537669837,-57.2598609611067,-3.57782342913746,-0.395253926579802,0.724904852528892
0.43627967405015,3.69480588480192,10.3287278420502,0.780010145547802,0.151176956290505,9.24057388979866e-05,0.000107188296434226,9.61578587428636e-24,4.50585562868054e-24,1.18502143475277,-3.63744101761636,-1.50104121212241,-0.473040106821183,-3.05641758285341,-4.69727346292057,-12.0972907025427,-11.9488927209243,-55.8066053525441,-56.5646336607389,-2.63820836776042,2.80796923058288,0.844464928463435
0.112119541569629,0.949528402611624,2.65438043422352,0.200454857606835,0.0388509757464311,2.37473567985984e-05,2.75463272131571e-05,2.47116143195058e-24,1.15796012859523e-24,0.304538734938618,-3.63744101761636,-1.50104121212241,-0.473040106821183,-3.05641758285341,-4.69727346292057,-12.0972907025427,-11.9488927209243,-55.8066053525441,-56.5646336607389,-2.63820836776042,1.44925137617494,1.51084078136533
0.0858952360059105,0.727437564360623,2.03353162753976,0.153569280266611,0.0297638902557158,1.81929464585387e-05,2.11033531170902e-05,1.89316680602265e-24,8.8711795587705e-25,0.233308361274818,-3.63744101761636,-1.50104121212241,-0.473040106821183,-3.05641758285341,-4.69727346292057,-12.0972907025427,-11.9488927209243,-55.8066053525441,-56.5646336607389,-2.63820836776042,1.18281410631827,1.1224357751165
0.0688919208675759,0.472943752657534,1.26012750662826,0.0932439400740088,0.0179406175072472,7.3536984319233e-06,2.19947043090828e-05,4.59559716740776e-25,1.24422013718216e-24,0.164632117323243,-3.40653043772403,-1.48009288478885,-0.500101159489975,-3.10385027944153,-4.75200207332017,-12.5516212543495,-11.4560229178757,-56.7708426882949,-55.774847365116,-2.53535595737292,0.73131407107013,0.631755481575846
0.0877583354356441,0.602461884720745,1.60522004649768,0.118779283075663,0.0228537498925306,9.36754739241171e-06,2.80180696699482e-05,5.85412560232849e-25,1.58495636033289e-24,0.209717487821323,-3.40653043772403,-1.48009288478885,-0.500101159489975,-3.10385027944152,-4.75200207332017,-12.5516212543495,-11.4560229178757,-56.7708426882949,-55.774847365116,-2.53535595737292,0.973362007296128,0.320825575864056
0.0985855965949594,0.873807203259403,2.56947336181078,0.265017728312911,0.0386536916444579,9.96838596457573e-06,5.92490253945094e-05,3.70453624426198e-25,1.70666251075083e-24,0.124435558741314,-3.69560687130974,-1.51367228300377,-0.435075803781665,-2.70673532004653,-4.6318897578832,-12.894868640413,-11.1125379912291,-57.6338460082842,-56.1062792806907,-3.46274406165708,1.37877676410696,1.67958762152492
0.111127816221539,0.984974374054075,2.89636593376408,0.298733713895409,0.0435712770395606,1.123658020804e-05,6.67867825803974e-05,4.17583335859654e-25,1.92378688568594e-24,0.140266452512763,-3.69560687130974,-1.51367228300377,-0.435075803781665,-2.70673532004653,-4.6318897578832,-12.894868640413,-11.1125379912291,-57.6338460082842,-56.1062792806907,-3.46274406165708,1.49853262866654,1.25808333226675
1.06599734033663,5.31799105570739,7.96712693345509,1.68117452039716,0.179083483494736,5.02431598442496e-05,0.000593991112757778,3.05897421240242e-24,8.0821945393399e-24,1.06487297091973,-2.78545897075315,-1.17827419057079,-0.774045858825548,-2.32987713307076,-4.56927299512773,-12.748005944293,-10.2780160019007,-56.9933323982982,-56.0217485962975,-2.7865142855842,2.84936980149991,1.20109102911928
1.22219105431558,6.09720198097618,9.13449865042871,1.92750617832108,0.205323431138975,5.76049659587314e-05,0.000681024798923289,3.50718597158946e-24,9.26642637035113e-24,1.22090193830085,-2.78545897075315,-1.17827419057079,-0.774045858825548,-2.32987713307076,-4.56927299512773,-12.748005944293,-10.2780160019007,-56.9933323982982,-56.0217485962975,-2.7865142855842,2.98610416487562,1.34531485732107
0.767529304733815,4.9893017459296,8.46696131886412,1.19791884637849,0.1767959909738,2.73778896243404e-05,0.000407971069745613,5.07059975164401e-24,5.16517801546915e-24,0.711062878008413,-3.05635736797946,-1.18448278049657,-0.655607063601889,-2.61119299331408,-4.5245375543166,-13.2975535681382,-10.5960930433538,-56.4303618768337,-56.4118814139479,-3.13277316686503,2.79177874979336,0.498831721041872
0.484610678338526,3.1501975085747,5.34595857499384,0.756354527648056,0.111627301504871,1.72861382366764e-05,0.000257589040095976,3.20152829354126e-24,3.26124410674305e-24,0.448958315373388,-3.05635736797946,-1.18448278049657,-0.655607063601889,-2.61119299331408,-4.5245375543166,-13.2975535681382,-10.5960930433538,-56.4303618768337,-56.4118814139479,-3.13277316686503,2.3319479325033,1.16376793022156
0.159974270206602,1.03990805396338,1.76474819853629,0.249679317824346,0.0368491593181518,5.70630708878233e-06,8.50324199290284e-05,1.05685279998572e-24,1.07656551797514e-24,0.148205109927173,-3.05635736797946,-1.18448278049657,-0.655607063601889,-2.61119299331408,-4.5245375543166,-13.2975535681382,-10.5960930433538,-56.4303618768337,-56.4118814139479,-3.13277316686503,1.2236150800909,0.854177280119333
0.408216574651353,2.65359987698677,4.5032208229377,0.637122680740536,0.094030356107961,1.45611486814917e-05,0.000216982663230246,2.69683886892367e-24,2.74714107192367e-24,0.378184455801325,-3.05635736797946,-1.18448278049657,-0.655607063601889,-2.61119299331408,-4.5245375543166,-13.2975535681382,-10.5960930433538,-56.4303618768337,-56.4118814139479,-3.13277316686503,2.16039994279017,2.23766509103553
0.546482551879426,2.42557291361983,10.4226972067225,1.12577456586378,0.0705020419191399,1.65142233944806e-05,0.000377064335702668,4.76652904937894e-24,3.07018619254019e-24,0.38032874037283,-3.31041809776652,-1.82009744933851,-0.362179347020444,-2.58769389712675,-5.358278805055,-13.7174537233428,-10.5892599322081,-56.4065890532995,-56.8464692219249,-3.67288449286986,2.70616519886371,1.37403971260572
0.764186541138191,4.53316108120376,10.0965240665749,3.82572220122238,0.137860694346078,2.5663021827928e-05,0.000327142831278836,1.21559838876972e-23,2.6774850180113e-24,1.41315524207095,-3.30249933989061,-1.5221364775066,-0.721364771276199,-1.69180872383223,-5.01506754899971,-13.604015425632,-11.0586696735969,-55.7977766663296,-57.3107202881123,-2.68773101939789,3.03355598406531,0.768825049823922
0.0525536208768508,0.311748527369309,0.694344730513675,0.263097481203656,0.00948077239582401,1.76486322003332e-06,2.24978318801594e-05,8.35975163430185e-25,1.84132440137505e-25,0.0971836336208138,-3.30249933989061,-1.5221364775066,-0.721364771276199,-1.69180872383223,-5.01506754899971,-13.604015425632,-11.0586696735969,-55.7977766663296,-57.3107202881123,-2.68773101939789,0.356578059318229,1.35418582847805
0.0373345595689273,0.221468925858954,0.493268670554198,0.186906790065903,0.0067352250114368,1.25377452438043e-06,1.59826598146258e-05,5.93884189452221e-25,1.30809322748563e-25,0.069040117464852,-3.30249933989061,-1.5221364775066,-0.721364771276199,-1.69180872383223,-5.01506754899971,-13.604015425632,-11.0586696735969,-55.7977766663296,-57.3107202881123,-2.68773101939789,0.0146634885923209,0.938543182798235
0.0590789512720707,0.646040836736281,0.733051053807772,0.289107861214935,0.0158955938024586,4.00785443725148e-06,5.83307584413181e-05,8.80771664164472e-25,3.90549894681113e-25,0.114952105949163,-3.44848279078718,-1.05649478076561,-0.930142147363026,-1.86055765663293,-4.76131554583299,-13.0468567312224,-10.3689832330192,-56.0086013148455,-56.8218439967812,-2.78284192570403,0.619602218330151,2.90478856259846
0.0720272748547165,0.787633495738323,0.89371372711067,0.352471581401135,0.019379428360467,4.88625520450085e-06,7.11151007300138e-05,1.07381023821611e-24,4.76146647883636e-25,0.14014613922646,-3.44848279078718,-1.05649478076561,-0.930142147363026,-1.86055765663293,-4.76131554583299,-13.0468567312224,-10.3689832330192,-56.0086013148455,-56.8218439967812,-2.78284192570403,0.817772376514512,2.48272487180365
0.0545720007550339,0.596756378897031,0.677128855548725,0.267052716420954,0.0146829681013578,3.70210761474961e-06,5.38808852418842e-05,8.13580317301918e-25,3.60756050818589e-25,0.106182765224813,-3.44848279078718,-1.05649478076561,-0.930142147363026,-1.86055765663293,-4.76131554583299,-13.0468567312224,-10.3689832330192,-56.0086013148455,-56.8218439967812,-2.78284192570403,0.540248456341228,3.79702067211307
0.0791745486508459,0.865790447481941,0.982397030982759,0.387447372206911,0.0213024510040991,5.371118804502e-06,7.81718593951441e-05,1.18036453716881e-24,5.23394728092112e-25,0.154052854849707,-3.44848279078718,-1.05649478076561,-0.930142147363026,-1.86055765663293,-4.76131554583299,-13.0468567312224,-10.3689832330192,-56.0086013148455,-56.8218439967812,-2.78284192570403,0.912382403561096,2.723739005295
0.155798895714664,1.70369390083728,1.93315118543266,0.762415116549453,0.041918752920089,1.0569234593101e-05,0.000153825813689628,2.32270969099722e-24,1.02993098223057e-24,0.303143687918192,-3.44848279078718,-1.05649478076561,-0.930142147363026,-1.86055765663293,-4.76131554583299,-13.0468567312224,-10.3689832330192,-56.0086013148455,-56.8218439967812,-2.78284192570403,1.58929355737745,3.31450983513236
0.0729182949428489,0.797376988994238,0.904769495713627,0.356831863810232,0.0196191633775217,4.9467010779805e-06,7.19948366834818e-05,1.08709390742369e-24,4.82036864180407e-25,0.141879830048123,-3.44848279078718,-1.05649478076561,-0.930142147363026,-1.86055765663293,-4.76131554583299,-13.0468567312224,-10.3689832330192,-56.0086013148455,-56.8218439967812,-2.78284192570403,0.83006707877012,2.86393977003018
0.113817235013755,1.24461555528758,1.41224314704048,0.556974297541066,0.0306233014727348,7.7212425163888e-06,0.000112375820814285,1.69683099200604e-24,7.52405183071215e-25,0.221458414146346,-3.44848279078718,-1.05649478076561,-0.930142147363026,-1.86055765663293,-4.76131554583299,-13.0468567312224,-10.3689832330192,-56.0086013148455,-56.8218439967812,-2.78284192570403,1.27532147206288,4.80247157671482
0.230971129418875,2.56872193522008,3.52609324038727,1.55206006942267,0.121709658421955,1.36083088906038e-05,0.000188977801488073,3.08516888186339e-24,2.23120588397743e-24,0.499555405459761,-3.60544801437444,-1.19657698349171,-0.879794929934672,-1.70040233169572,-4.24610237682349,-13.3448154611691,-10.7138664594794,-56.2754212903253,-56.5994854946263,-2.8340222224362,2.13998545723267,2.77727561878172
0.125760579242003,2.29794967875707,4.72644057400343,1.70151614569603,0.119801165052523,1.89169609261974e-05,5.91255526693214e-05,3.25433904694831e-24,2.91115746078745e-24,0.616705465136101,-4.333913906999,-1.42852128127518,-0.707366164753928,-1.72901885860978,-4.38246043098786,-13.1359901974411,-11.9963859263423,-56.3425915972079,-56.4540300395276,-2.74390229773922,2.26053856261911,0.670911948104032
0.197407220215076,3.60710694091691,7.41912530022875,2.67088124512025,0.188052688005172,2.9694079765423e-05,9.28097744657376e-05,5.10835771246894e-24,4.56966328722579e-24,0.968046682813803,-4.333913906999,-1.42852128127518,-0.707366164753928,-1.72901885860978,-4.38246043098786,-13.1359901974411,-11.9963859263423,-56.3425915972079,-56.4540300395276,-2.74390229773922,2.71142733091814,0.840102416370157
0.276949806138086,5.06054219758468,10.4085621152757,3.74707694200848,0.263825990913786,4.16589100718958e-05,0.000130206225577774,7.16670178836864e-24,6.41094768537173e-24,1.35810808158792,-4.333913906999,-1.42852128127518,-0.707366164753928,-1.72901885860978,-4.38246043098786,-13.1359901974411,-11.9963859263423,-56.3425915972079,-56.4540300395276,-2.74390229773922,3.04999491250687,0.506113500661057
0.308766553987811,5.64191106484854,11.6043260730768,4.17755134421102,0.294135039135045,4.64447990961005e-05,0.000145164671317241,7.99003200438983e-24,7.1474548121597e-24,1.51413123606166,-4.333913906999,-1.42852128127518,-0.707366164753928,-1.72901885860978,-4.38246043098786,-13.1359901974411,-11.9963859263423,-56.3425915972079,-56.4540300395276,-2.74390229773922,3.15874413067661,0.136649083079086
0.121352709731206,1.85793768450867,4.29278097435309,1.24493179429702,0.0993684227762862,1.21168394577763e-05,5.83892429258442e-05,4.55394456100012e-24,9.78718617475622e-24,0.779559513284821,-4.23680961030144,-1.5082884923114,-0.670820824435468,-1.90867484840599,-4.43667648722184,-13.4486699752651,-11.8761344746964,-55.8738040311079,-55.1087238280609,-2.37678183849934,2.12775559312481,0.430233380903585
0.472994336681102,7.24165125464044,16.7318974086268,4.85234890560763,0.387306565483562,4.72275934727524e-05,0.00022758273208892,1.77498301577593e-23,3.81473445706904e-23,3.03847549598457,-4.23680961030144,-1.5082884923114,-0.670820824435468,-1.90867484840599,-4.43667648722184,-13.4486699752651,-11.8761344746964,-55.8738040311079,-55.1087238280609,-2.37678183849934,3.4881377465495,0.283806829750109
0.0247474599012467,0.378889259648481,0.875426887977597,0.253878959335923,0.0202642039353978,2.47098725092625e-06,1.19073191787155e-05,9.28685982088708e-25,1.99590102225407e-24,0.158975583144235,-4.23680961030144,-1.5082884923114,-0.670820824435468,-1.90867484840599,-4.43667648722184,-13.4486699752651,-11.8761344746964,-55.8738040311079,-55.1087238280609,-2.37678183849934,0.537777184814504,0.446680532557117
0.0386356366291442,1.28446929604739,3.03258190596409,0.665062035544658,0.0645390534106159,1.13293649770368e-05,4.07993658415148e-05,5.12444927810341e-24,3.86713882952068e-24,0.748497011489364,-5.01725514270635,-1.51332930916116,-0.654260572158116,-2.17154989915966,-4.50415970219043,-13.1517874754335,-11.8705189627909,-55.3916941135535,-55.6732022618007,-2.05336301081239,1.76367494301578,0.256328679202622
0.00847162588265898,0.281645244734172,0.664953436964183,0.145827977625298,0.0141514612678402,2.48418687893848e-06,8.94606621800359e-06,1.12363664550066e-24,8.47946514107403e-25,0.164122742857638,-5.01725514270635,-1.51332930916116,-0.654260572158116,-2.17154989915966,-4.50415970219043,-13.1517874754335,-11.8705189627909,-55.3916941135535,-55.6732022618007,-2.05336301081239,0.246222311777614,0.261780484397199
0.0298276624582268,0.872913638979077,1.94834593690991,0.724826350606385,0.0393742601234525,6.67007584176406e-06,6.41135584033626e-05,1.44397672063885e-23,7.63638807527978e-24,0.413068487618097,-4.90569505268935,-1.5292946595108,-0.72639523191575,-1.71519917627341,-4.62801897958071,-13.3112553345744,-11.0482307039038,-53.9854322270159,-54.6224935125353,-2.27751787723787,1.39337600705233,0.621960130994262
0.0413048412576493,1.20879600740296,2.69803642011021,1.00372724121734,0.0545248078462156,9.23660793756092e-06,8.87833686606412e-05,1.99959448076959e-23,1.05747407351474e-23,0.572010238264479,-4.90569505268935,-1.5292946595108,-0.72639523191575,-1.71519917627341,-4.62801897958071,-13.3112553345744,-11.0482307039038,-53.9854322270159,-54.6224935125353,-2.27751787723787,1.71891948853912,0.413943146283756
0.0135128327310471,1.06639344171569,1.14419277942396,0.350361221744589,0.0507445447783483,2.72643506038643e-06,4.04360067190575e-05,1.02440509420044e-23,5.34037258649116e-24,0.178061883222745,-5.33491628645342,-0.966518474143293,-0.896101421834435,-2.07959140865897,-4.0117519729679,-13.8433164548817,-11.146590728585,-53.9661459047473,-54.6175476226456,-2.75642494463226,1.03080081407773,0.543861019503868
0.0291741011343806,2.30233517552343,2.47030334264755,0.756427162252734,0.109557078878081,5.88635216399008e-06,8.73010251049609e-05,2.21168265867098e-23,1.15298230233843e-23,0.384434225799531,-5.33491628645342,-0.966518474143293,-0.896101421834435,-2.07959140865897,-4.0117519729679,-13.8433164548817,-11.146590728585,-53.9661459047473,-54.6175476226456,-2.75642494463226,1.80044237572218,0.261201139080719
0.00892002637061275,1.11283197957351,1.24469634510382,0.340266695025582,0.0766853176173744,1.41446331706098e-06,2.58241858479295e-05,1.09403441076028e-23,1.16588619349139e-23,0.170752327120411,-5.80267746874911,-0.976312993552566,-0.864329492047891,-2.16124666441775,-3.65126610774433,-14.5519814727446,-11.6474201618904,-53.9528060739821,-53.8891967526094,-2.85076224450889,1.08322109270124,0.541776485699965
0.00215131178478459,0.268390299834641,0.300193049262949,0.0820647518924266,0.0184947914564152,3.41137063581321e-07,6.22821873376387e-06,2.63856744704531e-24,2.81185795149547e-24,0.0411816600479734,-5.80267746874911,-0.976312993552566,-0.864329492047891,-2.16124666441775,-3.65126610774433,-14.5519814727446,-11.6474201618904,-53.9528060739821,-53.8891967526094,-2.85076224450889,-0.339000021690645,0.374626341688165
0.0354904204509439,3.43796339091221,4.69158288819657,1.35050350424781,0.21270364768484,9.9835611355331e-06,0.000107130873148024,3.83801686328156e-23,4.48503356558995e-23,0.417147580060429,-5.65552356513597,-1.08215184123144,-0.771261071437118,-2.01655361074256,-3.86488650725573,-13.8316018038487,-11.4584904571312,-53.931532447287,-53.7757422591816,-3.19134631054435,2.31703109976781,0.242409079012481
0.0130352471364448,1.26272672673841,1.72316759372546,0.496025313671276,0.0781237466100922,3.66685390169895e-06,3.93480096793407e-05,1.40966203530528e-23,1.64730426407671e-23,0.153213789224438,-5.65552356513597,-1.08215184123144,-0.771261071437118,-2.01655361074256,-3.86488650725573,-13.8316018038487,-11.4584904571312,-53.931532447287,-53.7757422591816,-3.19134631054435,1.31542529281065,0.351789936434278
0.00449457961358354,0.43539073284294,0.594151676333968,0.171030532778709,0.0269372260590874,1.26433865196823e-06,1.35672734309268e-05,4.86054324832219e-24,5.67993846621288e-24,0.0528284248361291,-5.65552356513597,-1.08215184123144,-0.771261071437118,-2.01655361074256,-3.86488650725573,-13.8316018038487,-11.4584904571312,-53.931532447287,-53.7757422591816,-3.19134631054435,0.250640426585619,0.416419790516579
0.0454780230313203,4.40546424319926,6.01187339940564,1.7305579559125,0.272562039709498,1.27931035329364e-05,0.00013727930676746,4.91809950643377e-23,5.74719761559543e-23,0.534539940986896,-5.65552356513597,-1.08215184123144,-0.771261071437118,-2.01655361074256,-3.86488650725573,-13.8316018038487,-11.4584904571312,-53.931532447287,-53.7757422591816,-3.19134631054435,2.56499748512303,0.585061892885096
0.0144439298654804,1.39918607521327,1.90938549992289,0.549629383100815,0.086566361577437,4.06312055526919e-06,4.36002391213311e-05,1.56200027194368e-23,1.82532383225073e-23,0.169771175246459,-5.65552356513597,-1.08215184123144,-0.771261071437118,-2.01655361074256,-3.86488650725573,-13.8316018038487,-11.4584904571312,-53.931532447287,-53.7757422591816,-3.19134631054435,1.41804253394111,0.705293663428523
0.0336368214958008,3.25840492786093,4.44655019968422,1.27996920646875,0.201594529954079,9.46213822043944e-06,0.000101535625979701,3.63756434800539e-23,4.2507885658033e-23,0.395360734237927,-5.65552356513597,-1.08215184123144,-0.771261071437118,-2.01655361074256,-3.86488650725573,-13.8316018038487,-11.4584904571312,-53.931532447287,-53.7757422591816,-3.19134631054435,2.26338963093841,0.74780868884001
0.00205202909492462,0.198780426261474,0.271263751330784,0.0780850846031735,0.012298362997677,5.77241905302019e-07,6.19422553667089e-06,2.21911213510451e-24,2.59321226724417e-24,0.0241191555435244,-5.65552356513597,-1.08215184123144,-0.771261071437118,-2.01655361074256,-3.86488650725573,-13.8316018038487,-11.4584904571312,-53.931532447287,-53.7757422591816,-3.19134631054435,-0.533402607824999,1.27722520906611
0.00264108058017732,0.255841949228226,0.349132196769414,0.100500037283594,0.0158287071862054,7.42943845157186e-07,7.97232788492254e-06,2.8561261532579e-24,3.33761474251793e-24,0.0310427534745157,-5.65552356513597,-1.08215184123144,-0.771261071437118,-2.01655361074256,-3.86488650725573,-13.8316018038487,-11.4584904571312,-53.931532447287,-53.7757422591816,-3.19134631054435,-0.281043569759482,0.811555522277564
0.00715762447161665,0.693360365604259,0.946187395485773,0.272366368394237,0.0428975710776805,2.01346111400244e-06,2.16059023693409e-05,7.74042208405868e-24,9.04531014205971e-24,0.0841293422106183,-5.65552356513597,-1.08215184123144,-0.771261071437118,-2.01655361074256,-3.86488650725573,-13.8316018038487,-11.4584904571312,-53.931532447287,-53.7757422591816,-3.19134631054435,0.71594643436881,2.65195308264479
0.00839485881300047,0.813211478034341,1.109741035904,0.319446377376496,0.0503126496850767,2.36149882472103e-06,2.53406001722136e-05,9.07839616431109e-24,1.06088412242787e-23,0.0986715568397548,-5.65552356513597,-1.08215184123144,-0.771261071437118,-2.01655361074256,-3.86488650725573,-13.8316018038487,-11.4584904571312,-53.931532447287,-53.7757422591816,-3.19134631054435,0.875387758555068,1.47146214403088
0.011071338198027,1.07248251583372,1.46355270462621,0.421293431950603,0.0663535114419927,3.1144004592717e-06,3.34197823807453e-05,1.19728034109527e-23,1.39911905249994e-23,0.130130381062158,-5.65552356513597,-1.08215184123144,-0.771261071437118,-2.01655361074256,-3.86488650725573,-13.8316018038487,-11.4584904571312,-53.931532447287,-53.7757422591816,-3.19134631054435,1.15212791066565,2.21708337534942
0.00642598910415032,0.622486716408622,0.849470367995242,0.244525725340693,0.0385126832837917,1.80764990277392e-06,1.93973983632815e-05,6.94921452933547e-24,8.12072003037171e-24,0.0755298407353664,-5.65552356513597,-1.08215184123144,-0.771261071437118,-2.01655361074256,-3.86488650725573,-13.8316018038487,-11.4584904571312,-53.931532447287,-53.7757422591816,-3.19134631054435,0.608118851257871,0.746217963753479
0.0441230395207729,4.2742067476452,5.83275415057454,1.67899728247044,0.264441258620285,1.24119426297037e-05,0.000133189173014698,4.77156842855777e-23,5.57596418278711e-23,0.518613725256995,-5.65552356513597,-1.08215184123144,-0.771261071437118,-2.01655361074256,-3.86488650725573,-13.8316018038487,-11.4584904571312,-53.931532447287,-53.7757422591816,-3.19134631054435,2.53475037029611,0.728936032311982
0.0732826861232421,7.09890694103387,9.68745345499953,2.78859825137683,0.43920287369101,2.06146381978975e-05,0.000221210063201905,7.92496063878253e-23,9.26095838998696e-23,0.861350606395122,-5.65552356513597,-1.08215184123144,-0.771261071437118,-2.01655361074256,-3.86488650725573,-13.8316018038487,-11.4584904571312,-53.931532447287,-53.7757422591816,-3.19134631054435,3.04209266145983,0.306108294619669
0.00414871604177901,0.40188686664452,0.548430955234832,0.157869517502508,0.0248643725287716,1.16704619755966e-06,1.25232546234086e-05,4.48651831311032e-24,5.24286003520293e-24,0.0487632108945603,-5.65552356513597,-1.08215184123144,-0.771261071437118,-2.01655361074256,-3.86488650725573,-13.8316018038487,-11.4584904571312,-53.931532447287,-53.7757422591816,-3.19134631054435,0.170567185003111,0.149450898366358
0.900231703011418,87.2056064415965,119.004272127413,34.2561754440854,5.39533103747637,0.000253237863315326,0.00271742648167417,9.73531565171021e-22,1.13765048526131e-21,10.5811503958924,-5.65552356513597,-1.08215184123144,-0.771261071437118,-2.01655361074256,-3.86488650725573,-13.8316018038487,-11.4584904571312,-53.931532447287,-53.7757422591816,-3.19134631054435,5.55042046413461,0.410800676776475
1.20949930469061,117.164414453971,159.887264480723,46.0246181537282,7.2488550631732,0.000340235762167263,0.00365097721968484,1.30798076454076e-21,1.5284814634961e-21,14.2162223390352,-5.65552356513597,-1.08215184123144,-0.771261071437118,-2.01655361074256,-3.86488650725573,-13.8316018038487,-11.4584904571312,-53.931532447287,-53.7757422591816,-3.19134631054435,5.84573004133034,0.520307585822532
0.108748732762273,10.5345092364169,14.3758142974317,4.13817426820741,0.651760442556946,3.0591342907436e-05,0.000328267361911559,1.17603416611821e-22,1.37429117620159e-22,1.27821170135543,-5.65552356513597,-1.08215184123144,-0.771261071437118,-2.01655361074256,-3.86488650725573,-13.8316018038487,-11.4584904571312,-53.931532447287,-53.7757422591816,-3.19134631054435,3.43680830329402,0.387011344908555
0.0298589737715341,2.89244414161376,3.94714541630384,1.13621220034398,0.178952871130675,8.39941838684139e-06,9.01318691298657e-05,3.22901908175003e-23,3.77337033198879e-23,0.350956638259606,-5.65552356513597,-1.08215184123144,-0.771261071437118,-2.01655361074256,-3.86488650725573,-13.8316018038487,-11.4584904571312,-53.931532447287,-53.7757422591816,-3.19134631054435,2.14425370967475,0.46300097056733
0.0243612674010761,2.4413850906346,6.13051246896832,0.874544666753562,0.123205356604344,1.0502668203709e-05,5.21269133474085e-05,2.18491125655301e-23,5.22733556035288e-23,0.508385742014801,-6.02753949309503,-1.42021314521675,-0.499500336948182,-2.44683059248267,-4.4066814334565,-13.7766599020035,-12.1746078551742,-54.4906606095502,-53.6183341272489,-2.98929346843753,2.31277868355997,0.817781951255067
0.0907802877591815,5.39688577165604,17.8987656900048,1.69094305550079,0.232896199314161,1.65056624147665e-05,0.000419452216026792,6.24206173091079e-23,8.5095544841247e-23,1.79687416799416,-5.69912654736899,-1.61399135700526,-0.415081680658843,-2.7745270409568,-4.75697585644757,-14.3116204945392,-11.0763743807756,-54.4279600407213,-54.1180809849523,-2.7137648532882,3.29981343526233,0.137258097990383
0.12186632594277,5.60430594428705,16.0790673244083,1.70046428803021,0.150301193765961,1.72526005273251e-05,0.000643632839297311,9.18687694062511e-23,5.99322925444298e-23,1.70718751411387,-5.33815559292014,-1.50978984807423,-0.455806809116334,-2.70242374459129,-5.12843910867167,-14.2008727396136,-10.5817071887294,-53.9750061615816,-54.4021518333871,-2.69847778109633,3.23332506897155,0.288990303927068
0.0525563273069987,2.41692473501524,6.93429229572184,0.733345795109536,0.0648192080387005,7.44039268597309e-06,0.00027757444811726,3.96195181634797e-23,2.58465261741217e-23,0.736245267690482,-5.33815559292014,-1.50978984807423,-0.455806809116334,-2.70242374459129,-5.12843910867167,-14.2008727396136,-10.5817071887294,-53.9750061615816,-54.4021518333871,-2.69847778109633,2.39228580947425,0.35490503916707
0.120354020626352,5.53475907308365,15.8795334596625,1.67936230466219,0.148436024756903,1.70385036527566e-05,0.000635645650406861,9.07287200340312e-23,5.91885602300365e-23,1.68600209858794,-5.33815559292014,-1.50978984807423,-0.455806809116334,-2.70242374459129,-5.12843910867167,-14.2008727396136,-10.5817071887294,-53.9750061615816,-54.4021518333871,-2.69847778109633,3.2208378853893,0.325361163616661
0.00960060051476226,0.716255793675774,1.00329201006773,0.282073464663346,0.0130082428267279,1.1637096280762e-06,9.42860382594658e-05,8.82142380958955e-24,3.06073815366453e-24,0.0381645700371839,-5.36984368334785,-1.05763197658848,-0.720627451238675,-1.98950178348523,-5.06608611336371,-14.3878117546953,-9.99309149042396,-53.8087729997123,-54.8673001727997,-3.9897617341926,0.72391405450418,0.377480735969639
0.012662718920066,0.944706091690734,1.32329271473185,0.372040998096832,0.0171572311862722,1.53487564681451e-06,0.000124358637642551,1.16350232471241e-23,4.03696277833674e-24,0.0503371869648093,-5.36984368334785,-1.05763197658848,-0.720627451238675,-1.98950178348523,-5.06608611336371,-14.3878117546953,-9.99309149042396,-53.8087729997123,-54.8673001727997,-3.9897617341926,1.00075056264129,0.950096376448583
0.104416068348476,7.78999332306801,10.9117973334719,3.06782915509203,0.141477563825374,1.26564982967623e-05,0.00102545433486888,9.59417476038776e-23,3.32885681222136e-23,0.415077613881059,-5.36984368334785,-1.05763197658848,-0.720627451238675,-1.98950178348523,-5.06608611336371,-14.3878117546953,-9.99309149042396,-53.8087729997123,-54.8673001727997,-3.9897617341926,3.11047197935498,0.127332367527036
0.0161322820782673,1.6185359001633,2.33157147012222,0.299784994380384,0.0421907682913046,1.21684336208313e-06,0.000403500289126937,1.70581868038527e-23,1.141720105253e-23,0.0976528778782209,-5.60996212619162,-1.00150723443207,-0.636486718768763,-2.68771895636935,-4.64858305244433,-15.1022796701762,-9.29836256340992,-53.9084411886237,-54.3099503590945,-3.80936536043752,1.48302920970295,0.512788079291046
0.121612029944252,12.2012146453645,17.5763812005029,2.25990728010755,0.318052024624914,9.17308479167208e-06,0.00304175745289782,1.28591895078467e-22,8.60677360799631e-23,0.736149086102772,-5.60996212619162,-1.00150723443207,-0.636486718768763,-2.68771895636935,-4.64858305244433,-15.1022796701762,-9.29836256340992,-53.9084411886237,-54.3099503590945,-3.80936536043752,3.50304274231085,0.920685741578441
0.00299159153226869,0.300143418650255,0.432369669279056,0.0555925222692299,0.0078239113690066,2.25653027912851e-07,7.48256224608342e-05,3.16329251811248e-24,2.11722072706445e-24,0.0181088776618721,-5.60996212619162,-1.00150723443207,-0.636486718768763,-2.68771895636935,-4.64858305244433,-15.1022796701762,-9.29836256340992,-53.9084411886237,-54.3099503590945,-3.80936536043752,-0.201987621961662,0.631977132785902
0.00227456349717586,0.228204705293345,0.328738818926371,0.0422680437839164,0.00594866746115769,1.71568255485916e-07,5.68913328130084e-05,2.40511099693203e-24,1.60976287347387e-24,0.013768521424207,-5.60996212619162,-1.00150723443207,-0.636486718768763,-2.68771895636935,-4.64858305244433,-15.1022796701762,-9.29836256340992,-53.9084411886237,-54.3099503590945,-3.80936536043752,-0.476004988170137,1.00979458338555
0.0828256354780934,8.30981406255768,11.970649145518,1.53914260523635,0.216613940797868,6.24746233997539e-06,0.00207163299652162,8.75793737847209e-23,5.86176790096472e-23,0.501365003865406,-5.60996212619162,-1.00150723443207,-0.636486718768763,-2.68771895636935,-4.64858305244433,-15.1022796701762,-9.29836256340992,-53.9084411886237,-54.3099503590945,-3.80936536043752,3.11894446790562,0.707515011320117
0.00742947409498709,0.745391785472756,1.07376933739709,0.138061362862937,0.0194303086536109,5.60398472602494e-07,0.000185825844777837,7.8558852586271e-24,5.25801613469814e-24,0.0449725291795235,-5.60996212619162,-1.00150723443207,-0.636486718768763,-2.68771895636935,-4.64858305244433,-15.1022796701762,-9.29836256340992,-53.9084411886237,-54.3099503590945,-3.80936536043752,0.707661922140237,1.68115420309267
0.00611836489671158,0.380619040782284,0.3943691961964,0.0371329412543169,0.00662782956855338,1.58168417816401e-07,4.47563790900156e-05,1.42037270051429e-24,2.04586553142613e-24,0.0196068851496573,-4.92747255156201,-0.796968456708667,-0.761479921921059,-3.12426295856058,-4.8474900532727,-15.4906175957454,-9.84528873357197,-54.7421350891979,-54.37723344882,-3.76288665095227,-0.168987840333095,1.41260282602568
0.00631415611126368,0.392799070174855,0.406989238513054,0.0383212168460493,0.0068399239471951,1.6322989864516e-07,4.61886091006347e-05,1.46582544824103e-24,2.11133441142436e-24,0.0202343168118483,-4.92747255156201,-0.796968456708667,-0.761479921921059,-3.12426295856058,-4.8474900532727,-15.4906175957454,-9.84528873357197,-54.7421350891979,-54.37723344882,-3.76288665095227,-0.137488612967919,0.630595971500353
0.0506982631016969,3.1539021612567,3.2678393011041,0.307692603699239,0.0549198115725861,1.31062206916507e-06,0.000370862268088072,1.17695544624748e-23,1.69525405453803e-23,0.162467430220832,-4.92747255156201,-0.796968456708667,-0.761479921921059,-3.12426295856058,-4.8474900532727,-15.4906175957454,-9.84528873357197,-54.7421350891979,-54.37723344882,-3.76288665095227,1.945608924241,1.25062166933528
0.00864183582154759,0.310259218501897,1.45670926581686,0.0976524697253844,0.0255437853892114,2.46971042492634e-07,5.81051567040291e-05,2.80870798564567e-24,6.04469188489065e-24,0.0374630686725493,-5.41193363334545,-1.83114053615269,-0.284613429674878,-2.98713372432721,-4.32815461917193,-15.8747881380177,-10.4140495363363,-54.8901110397877,-54.1236551132853,-3.945193060628,0.660793393954529,1.03393601780727
0.0205218539869374,0.595494367423727,3.20178916027387,0.182638403330307,0.12678565072683,6.46544694287103e-07,0.00019670499948911,6.50680641050222e-24,1.17807627408935e-23,0.0485500830623655,-5.31561322437557,-1.94771166065316,-0.265638545709222,-3.1295953308228,-3.49460571985279,-15.6809718202847,-9.96315372792441,-54.8185417746023,-54.2249226187825,-4.45450768523923,1.42934831185528,0.402204514991662
0.00151630800438198,0.043999576084292,0.236572121366665,0.0134946907357184,0.00936787178976324,4.7771555911189e-08,1.45340360289642e-05,4.80771505804916e-25,8.70450830276456e-25,0.00358724312178294,-5.31561322437557,-1.94771166065316,-0.265638545709222,-3.1295953308228,-3.49460571985279,-15.6809718202847,-9.96315372792441,-54.8185417746023,-54.2249226187825,-4.45450768523923,-1.17586361890503,0.816141188881372
0.00655919765442152,0.1903319875735,1.0233562700226,0.0583749103513732,0.0405232462618179,2.06648699720114e-07,6.28708776547781e-05,2.07970631565294e-24,3.76536892751263e-24,0.0155175838960427,-5.31561322437557,-1.94771166065316,-0.265638545709222,-3.1295953308228,-3.49460571985279,-15.6809718202847,-9.96315372792441,-54.8185417746023,-54.2249226187825,-4.45450768523923,0.288726232091899,1.54911649000541
0.0129781003420166,0.376592955902041,2.02482392782176,0.115501237180382,0.0801797390288436,4.08877381322247e-07,0.000124397007344997,4.11492970154288e-24,7.45020021359306e-24,0.030703261508326,-5.31561322437557,-1.94771166065316,-0.265638545709222,-3.1295953308228,-3.49460571985279,-15.6809718202847,-9.96315372792441,-54.8185417746023,-54.2249226187825,-4.45450768523923,0.971121293263602,2.37356830700271
0.0155706684645043,0.451822987023326,2.42931255332005,0.138574323204559,0.0961968316693268,4.90556705482689e-07,0.000149247155461928,4.93694796996077e-24,8.93848825813684e-24,0.036836693593543,-5.31561322437557,-1.94771166065316,-0.265638545709222,-3.1295953308228,-3.49460571985279,-15.6809718202847,-9.96315372792441,-54.8185417746023,-54.2249226187825,-4.45450768523923,1.15324686316967,5.48173144668049
0.0158478729838502,0.459866789011193,2.47256159045799,0.14104136106778,0.0979094232993059,4.99290083633102e-07,0.000151904201695227,5.02484042571296e-24,9.09762011216893e-24,0.0374924970335281,-5.31561322437557,-1.94771166065316,-0.265638545709222,-3.1295953308228,-3.49460571985279,-15.6809718202847,-9.96315372792441,-54.8185417746023,-54.2249226187825,-4.45450768523923,1.17089324010904,4.94708738071936
0.0186874427487274,0.542264207975748,2.91558704511781,0.166312688323705,0.115452511786991,5.88751238882917e-07,0.000179121897011888,5.92517480880192e-24,1.07277017659769e-23,0.044210279356408,-5.31561322437557,-1.94771166065316,-0.265638545709222,-3.1295953308228,-3.49460571985279,-15.6809718202847,-9.96315372792441,-54.8185417746023,-54.2249226187825,-4.45450768523923,1.3357097329264,2.91642527070524
0.0100662786303343,0.543837562507116,1.94648818967332,0.260654133560376,0.0749889825001426,3.01715091303316e-07,7.32350578120532e-05,1.69619641742893e-24,5.15517492544993e-24,0.0957820495015771,-5.67421170699439,-1.68475219137454,-0.409620695744629,-2.42020842555777,-3.66606159256127,-16.0894301874662,-10.5974838361161,-55.8093014053563,-54.6976886981284,-3.42132750261122,1.07564751632648,2.1466255003715
0.00930649026624126,0.502789478391459,1.79957003534153,0.240980331055533,0.0693289209787886,2.78942066230008e-07,6.7707380026382e-05,1.56816992933877e-24,4.76606966947007e-24,0.0885525569181931,-5.67421170699439,-1.68475219137454,-0.409620695744629,-2.42020842555777,-3.66606159256127,-16.0894301874662,-10.5974838361161,-55.8093014053563,-54.6976886981284,-3.42132750261122,0.99716846285824,2.42952173910855
0.00993281476617016,0.536627086298852,1.92068065494438,0.257198247909597,0.0739947402640849,2.97714798499915e-07,7.22640700054548e-05,1.67370737887111e-24,5.08682498290819e-24,0.0945121221616448,-5.67421170699439,-1.68475219137454,-0.409620695744629,-2.42020842555777,-3.66606159256127,-16.0894301874662,-10.5974838361161,-55.8093014053563,-54.6976886981284,-3.42132750261122,1.06230032674481,1.2709856607502
0.00297835194162314,0.313457246336375,1.01305479925146,0.14247834716245,0.029867205378093,2.00204632509828e-07,6.30470706274252e-05,2.43288075952378e-24,1.28565356465819e-24,0.0247461141053353,-6.23945789239883,-1.58316502475904,-0.410102401420527,-2.37163796178351,-3.93406693184645,-15.8469985521506,-10.0947016789635,-54.7960389001332,-55.4338477534069,-4.12215952936653,0.42307272122735,2.01958381187159
0.020103899750842,2.11583895390387,6.83812810757395,0.961729998389154,0.20160387842941,1.35138289245907e-06,0.000425568237844737,1.64219648496488e-23,8.67817198397146e-24,0.167036470822664,-6.23945789239883,-1.58316502475904,-0.410102401420527,-2.37163796178351,-3.93406693184645,-15.8469985521506,-10.0947016789635,-54.7960389001332,-55.4338477534069,-4.12215952936653,2.33261642711759,2.69419097971849
0.0218927004816186,2.74210221005212,5.27582184648116,0.886657439817039,0.267642668165771,3.30216434522857e-06,0.000561499913290558,2.38836506512512e-23,2.61778061270643e-23,0.156940892864041,-6.05715187312926,-1.22682500789182,-0.572415396560076,-2.35584643621742,-3.55365237995067,-14.8564823063524,-9.72044880227783,-54.3243979442412,-54.2326801385315,-4.08743588716006,2.23554986406739,1.7053492860947
0.0107260818586648,1.34346207287399,2.58482945238308,0.434407819540434,0.131128508793506,1.61785820380745e-06,0.000275100554115946,1.17015254552157e-23,1.28255210742457e-23,0.0768914216519348,-6.05715187312926,-1.22682500789182,-0.572415396560076,-2.35584643621742,-3.55365237995067,-14.8564823063524,-9.72044880227783,-54.3243979442412,-54.2326801385315,-4.08743588716006,1.52207492647669,1.2585509428597
0.0516746763296923,6.47235110562757,12.452844112079,2.09283163839602,0.63173331499664,7.79429992523794e-06,0.00132534249499286,5.63740374565067e-23,6.17890725620282e-23,0.370437162306742,-6.05715187312926,-1.22682500789182,-0.572415396560076,-2.35584643621742,-3.55365237995067,-14.8564823063524,-9.72044880227783,-54.3243979442412,-54.2326801385315,-4.08743588716006,3.09436443611899,0.342814359240659
0.00410087137973932,0.513641909227423,0.988250254143085,0.166085866000475,0.0501339777063872,6.18550976199272e-07,0.000105178387018663,4.47380986560535e-24,4.90354381000081e-24,0.0293976714474878,-6.05715187312926,-1.22682500789182,-0.572415396560076,-2.35584643621742,-3.55365237995067,-14.8564823063524,-9.72044880227783,-54.3243979442412,-54.2326801385315,-4.08743588716006,0.560596076919472,0.961674379802427
0.00715847481080754,0.896612531459919,1.72508813273415,0.2899192337681,0.0875137948363484,1.07974163837452e-06,0.000183599231576565,7.80947566156387e-24,8.55961857789678e-24,0.0513165303337591,-6.05715187312926,-1.22682500789182,-0.572415396560076,-2.35584643621742,-3.55365237995067,-14.8564823063524,-9.72044880227783,-54.3243979442412,-54.2326801385315,-4.08743588716006,1.11769353717836,0.606036400911105
0.00143485541111448,0.17971835851067,0.345779248697773,0.058111845379448,0.0175413960915972,2.16425030942103e-07,3.68009049227032e-05,1.56534299653388e-24,1.71570276604574e-24,0.0102859621881813,-6.05715187312926,-1.22682500789182,-0.572415396560076,-2.35584643621742,-3.55365237995067,-14.8564823063524,-9.72044880227783,-54.3243979442412,-54.2326801385315,-4.08743588716006,-0.489539320523045,1.19195190649719
0.000901243290233526,0.112882429466339,0.217186502122056,0.036500479648076,0.0110178805518818,1.35938161757814e-07,2.3114920415812e-05,9.8320350720526e-25,1.0776455899015e-24,0.00646068888466877,-6.05715187312926,-1.22682500789182,-0.572415396560076,-2.35584643621742,-3.55365237995067,-14.8564823063524,-9.72044880227783,-54.3243979442412,-54.2326801385315,-4.08743588716006,-0.954583441219434,1.14190583255359
0.00292918216358257,0.366885615191643,0.705890224183494,0.118632288424193,0.0358098412967856,4.41820364252601e-07,7.5127119755957e-05,3.19556573423278e-24,3.50251732779608e-24,0.0209982530250231,-6.05715187312926,-1.22682500789182,-0.572415396560076,-2.35584643621742,-3.55365237995067,-14.8564823063524,-9.72044880227783,-54.3243979442412,-54.2326801385315,-4.08743588716006,0.224119853156306,1.17541850499797
0.00275442726159688,0.34499723265269,0.663776838927534,0.111554690385514,0.0336734274595906,4.15461377293657e-07,7.06450385072573e-05,3.00491839805222e-24,3.29355727064023e-24,0.0197454980086637,-6.05715187312926,-1.22682500789182,-0.572415396560076,-2.35584643621742,-3.55365237995067,-14.8564823063524,-9.72044880227783,-54.3243979442412,-54.2326801385315,-4.08743588716006,0.162606124612322,1.37323860105011
0.00222943667918776,0.279241167635069,0.53726175751049,0.0902924981713664,0.0272553119623337,3.36274929542831e-07,5.71801776168164e-05,2.4321845009259e-24,2.66580914535163e-24,0.0159820294124675,-6.05715187312926,-1.22682500789182,-0.572415396560076,-2.35584643621742,-3.55365237995067,-14.8564823063524,-9.72044880227783,-54.3243979442412,-54.2326801385315,-4.08743588716006,-0.0488544625218927,1.01571307621707
0.00686946418889125,0.986942179687756,1.01356492135647,0.296134310554229,0.0529842675361181,5.83786830117944e-07,5.68016240176673e-05,4.15698933529091e-24,9.40483487192159e-24,0.0285372866568104,-5.84990595074901,-0.88238060521744,-0.855763040625303,-2.08617895777609,-3.80699703051274,-15.2229667197506,-10.6451824228617,-54.7064879191481,-53.8900551088122,-4.42578052511958,0.869236782076159,0.737423505114069
0.0317396658430908,2.69373477547579,5.64060590284439,1.31359508947275,0.107326272404552,2.5204048732015e-06,0.000232850129859263,1.06094955621344e-23,4.83188303125524e-23,0.0657446761178826,-5.73796221726646,-1.29684550232579,-0.55778263606205,-2.01500640389628,-4.51965593470474,-15.1788651307614,-10.6528896562253,-55.1880669493711,-53.6719950110155,-5.00975070817799,2.28777412538421,0.394170103450433
0.0218741356325897,1.85645054135967,3.8873559406317,0.90529488544334,0.0739664195307994,1.73699617122626e-06,0.000160474131888707,7.31178286711559e-24,3.33000559328488e-23,0.0453094865469825,-5.73796221726646,-1.29684550232579,-0.55778263606205,-2.01500640389628,-4.51965593470474,-15.1788651307614,-10.6528896562253,-55.1880669493711,-53.6719950110155,-5.00975070817799,1.91551185580854,0.388866387131147
0.00767058815695851,1.88870591176128,1.5377997074112,0.396061849455499,0.0319630678081446,1.27268094235803e-06,4.46913718592995e-05,2.14173470639005e-24,3.54292773967064e-23,0.048919903652698,-6.23419777672764,-0.727943901185634,-0.933483159617985,-2.29002068739903,-4.80700996666933,-14.9382206972123,-11.3795658912274,-55.8642619136973,-53.0583395013954,-4.38140673062144,1.36383579296938,0.828985941469659
0.023704102458675,1.23861123606085,3.03926973060889,0.285084785516747,0.0252473563828525,1.12735889538444e-06,9.00454760006232e-05,2.15503829982889e-24,2.40053937214816e-23,0.0424659895731535,-5.27993613409728,-1.32383820673621,-0.426211721432195,-2.79279763771294,-5.21686281424916,-15.2334619094174,-10.853024714152,-56.0320627237153,-53.6215926761624,-4.69688075655495,1.53782898779839,0.527012263757424
0.00763028758956401,0.398705665371055,0.978332849650485,0.0917680348662965,0.00812705692667459,3.62893832552111e-07,2.89853994354674e-05,6.93701101861444e-25,7.72727244640237e-24,0.0136696891933997,-5.27993613409728,-1.32383820673621,-0.426211721432195,-2.79279763771294,-5.21686281424916,-15.2334619094174,-10.853024714152,-56.0320627237153,-53.6215926761624,-4.69688075655495,0.404306391649288,0.390918683577771
0.0133381208788285,0.696957263716549,1.71017430931624,0.160415073153115,0.0142064983009769,6.3435640504318e-07,5.06679147874009e-05,1.21262390726392e-24,1.35076552153449e-23,0.0238952942071216,-5.27993613409728,-1.32383820673621,-0.426211721432195,-2.79279763771294,-5.21686281424916,-15.2334619094174,-10.853024714152,-56.0320627237153,-53.6215926761624,-4.69688075655495,0.962807022024373,0.399742626496361
0.0457392722273642,2.3900156780383,5.86455386037336,0.550097631216496,0.0487171243302634,2.1753439306055e-06,0.000173751127966788,4.15834700462138e-24,4.63206417651166e-23,0.0819420798942773,-5.27993613409728,-1.32383820673621,-0.426211721432195,-2.79279763771294,-5.21686281424916,-15.2334619094174,-10.853024714152,-56.0320627237153,-53.6215926761624,-4.69688075655495,2.19513813250677,0.75423730222018
0.11404757703704,6.08375177890022,12.5911434374626,1.87029130517017,0.0624292089918796,4.67443664922157e-06,0.000257679294160149,1.10393084466651e-23,1.22890508194332e-22,0.282326449518212,-5.2158644739146,-1.2391033241266,-0.511731233676538,-2.4186307017938,-5.81844691900345,-15.318126804019,-11.3085196908499,-55.9053047323648,-53.4954733489036,-4.30941615386118,3.04472489869401,0.517203791877754
0.0244272924274846,1.21859539252929,3.26605854057055,0.385261009519028,0.0292374683002175,9.21426850079433e-07,3.53072543112579e-05,1.66834352929084e-24,2.50558015777085e-23,0.0389965304284395,-5.31398653789129,-1.40423343034523,-0.418348389587735,-2.55576653581,-5.13423653950522,-15.4992747525607,-11.8533544187862,-56.3521433045299,-53.642869139449,-4.84621490839951,1.6019323082162,0.37465533913192
0.136315837081004,6.80033824824482,18.2261503289861,2.14993852319747,0.163158891936345,5.14199732738964e-06,0.000197031166706617,9.31014542070464e-24,1.39823215198337e-22,0.217619071142998,-5.31398653789129,-1.40423343034523,-0.418348389587735,-2.55576653581,-5.13423653950522,-15.4992747525607,-11.8533544187862,-56.3521433045299,-53.642869139449,-4.84621490839951,3.32120578367912,0.212604438179471
0.040895236525027,2.0401256894817,5.46790999934702,0.644989212575358,0.0489482485658151,1.54261750811607e-06,5.91100516111049e-05,2.7930767782753e-24,4.19474624494863e-23,0.0652864962525305,-5.31398653789129,-1.40423343034523,-0.418348389587735,-2.55576653581,-5.13423653950522,-15.4992747525607,-11.8533544187862,-56.3521433045299,-53.642869139449,-4.84621490839951,2.11724484879441,0.35455311693543
0.0300913597692922,1.50115664593845,4.0233743818982,0.474593231195519,0.0360168929887296,1.13508228262042e-06,4.34941078754408e-05,2.05518992772917e-24,3.08656041933856e-23,0.0480388332173889,-5.31398653789129,-1.40423343034523,-0.418348389587735,-2.55576653581,-5.13423653950522,-15.4992747525607,-11.8533544187862,-56.3521433045299,-53.642869139449,-4.84621490839951,1.81046933860292,0.299913838907636
0.419365043982733,20.9207103858224,56.071330360603,6.61411823194914,0.501945609242744,1.58189538467085e-05,0.000606151021489813,2.86419364576055e-23,4.30155219283972e-22,0.669488104211495,-5.31398653789129,-1.40423343034523,-0.418348389587735,-2.55576653581,-5.13423653950522,-15.4992747525607,-11.8533544187862,-56.3521433045299,-53.642869139449,-4.84621490839951,4.4449730262227,0.341727743989826
0.595294835485189,29.6972554724286,79.5940764767824,9.38883791403908,0.712519160011285,2.24552371802164e-05,0.000860440272250767,4.06576492155354e-23,6.10611647706359e-22,0.950348190852746,-5.31398653789129,-1.40423343034523,-0.418348389587735,-2.55576653581,-5.13423653950522,-15.4992747525607,-11.8533544187862,-56.3521433045299,-53.642869139449,-4.84621490839951,4.79528806354823,0.328749295166506
0.0965198154828143,4.81504869130705,12.9052111947227,1.52228584735244,0.115526313605941,3.64084352838509e-06,0.000139509922413384,6.59214319749648e-24,9.90032502469801e-23,0.15408739763511,-5.31398653789129,-1.40423343034523,-0.418348389587735,-2.55576653581,-5.13423653950522,-15.4992747525607,-11.8533544187862,-56.3521433045299,-53.642869139449,-4.84621490839951,2.97597958796517,0.370136642681184
0.0250305483299999,1.24868979883745,3.34671705392844,0.394775407346428,0.0299595162054066,9.44182388283126e-07,3.61792015247324e-05,1.70954490617105e-24,2.56745791290427e-23,0.0399595879276857,-5.31398653789129,-1.40423343034523,-0.418348389587735,-2.55576653581,-5.13423653950522,-15.4992747525607,-11.8533544187862,-56.3521433045299,-53.642869139449,-4.84621490839951,1.62632827102458,0.349874732484303
0.027221528897881,1.35799044413276,3.63966277508011,0.429330992576525,0.0325819404912738,1.02682881048653e-06,3.93460489488113e-05,1.85918524244972e-24,2.7921933170937e-23,0.0434573411329227,-5.31398653789129,-1.40423343034523,-0.418348389587735,-2.55576653581,-5.13423653950522,-15.4992747525607,-11.8533544187862,-56.3521433045299,-53.642869139449,-4.84621490839951,1.71023942273588,0.363317221257118
0.00766714311283834,0.382487960911088,1.02513769464219,0.120924220502449,0.00917694232303113,2.89213859806333e-07,1.10821030423006e-05,5.23653148969483e-25,7.86441710940593e-24,0.0122400786164326,-5.31398653789129,-1.40423343034523,-0.418348389587735,-2.55576653581,-5.13423653950522,-15.4992747525607,-11.8533544187862,-56.3521433045299,-53.642869139449,-4.84621490839951,0.443175329392089,0.940461833479966
0.014541471663279,0.286276533781367,0.743756127628419,0.145937218741685,0.0291854272115117,4.14722761281522e-07,8.59502558533967e-06,7.7976711872138e-25,3.26426149917862e-23,0.0142254001388535,-4.44095575849015,-1.46100219527432,-0.506247244625606,-2.13478391967011,-3.74429092368025,-14.9058607463595,-11.8745321036612,-55.7210073627745,-51.9866287500979,-4.46293133139372,0.210205161297496,1.23276500628741
0.0128705874028861,0.586112113136367,1.72565515768529,0.284672992681412,0.187059753101201,5.08751098178623e-07,2.9723672357638e-05,1.93342507161336e-24,4.52391835296042e-23,0.0311225719966915,-5.39221182498216,-1.57364539617542,-0.493794427882757,-2.29581535939078,-2.71572838568396,-15.5307081494263,-11.4629679883683,-55.6421503610805,-52.4894798361215,-4.5092231431949,1.03940120781642,0.161967558696154
0.145707449147211,6.63535379125208,19.536078911027,3.22277253603903,2.1176966217075,5.75955257099041e-06,0.000336500607388573,2.18882345058217e-23,5.12151141767081e-22,0.35233749902677,-5.39221182498216,-1.57364539617542,-0.493794427882757,-2.29581535939078,-2.71572838568396,-15.5307081494263,-11.4629679883683,-55.6421503610805,-52.4894798361215,-4.5092231431949,3.46605738450518,0.589144784611819
0.0669832249971677,3.05034092996991,8.98093801599428,1.48154194696042,0.973527092250868,2.64772602913315e-06,0.000154692817891691,1.00622483289303e-23,2.35441189605078e-22,0.161973201166985,-5.39221182498216,-1.57364539617542,-0.493794427882757,-2.29581535939078,-2.71572838568396,-15.5307081494263,-11.4629679883683,-55.6421503610805,-52.4894798361215,-4.5092231431949,2.68889876086579,0.591182708727118
0.0166593958885743,0.758650201593598,2.23364882573991,0.368474253381893,0.242125894039075,6.58515861630686e-07,3.84736461179016e-05,2.50258148137662e-24,5.8556571235167e-23,0.0402843500248695,-5.39221182498216,-1.57364539617542,-0.493794427882757,-2.29581535939078,-2.71572838568396,-15.5307081494263,-11.4629679883683,-55.6421503610805,-52.4894798361215,-4.5092231431949,1.29743092089125,1.79079914786674
0.00698747260016432,0.318201664226017,0.936862301168503,0.154549646733458,0.101555186136652,2.76202184682689e-07,1.61370526203554e-05,1.04966108301627e-24,2.45604606434691e-23,0.0168965185710761,-5.39221182498216,-1.57364539617542,-0.493794427882757,-2.29581535939078,-2.71572838568396,-15.5307081494263,-11.4629679883683,-55.6421503610805,-52.4894798361215,-4.5092231431949,0.428575463209052,2.03313180154298
0.0071956280285403,0.327680828942221,0.964771244042133,0.159153650178195,0.104580495069324,2.8443019320034e-07,1.66177722300233e-05,1.08093027931762e-24,2.5292111914092e-23,0.0173998625213826,-5.39221182498216,-1.57364539617542,-0.493794427882757,-2.29581535939078,-2.71572838568396,-15.5307081494263,-11.4629679883683,-55.6421503610805,-52.4894798361215,-4.5092231431949,0.457930169332069,1.22161107553361
0.00518450411231763,0.236096501714698,0.695124937301255,0.114671401935516,0.0753510332391529,2.04934093378032e-07,1.19732298726941e-05,7.78818395840249e-25,1.82231568540944e-23,0.0125367318096582,-5.39221182498216,-1.57364539617542,-0.493794427882757,-2.29581535939078,-2.71572838568396,-15.5307081494263,-11.4629679883683,-55.6421503610805,-52.4894798361215,-4.5092231431949,0.130130744210545,0.756506627179388
0.000616687564289845,0.0280832599271878,0.0826838777971018,0.0136399597765394,0.00896287169385691,2.43765467530414e-08,1.42419444693494e-06,9.26390661767924e-26,2.1676121709159e-24,0.00149122200240614,-5.39221182498216,-1.57364539617542,-0.493794427882757,-2.29581535939078,-2.71572838568396,-15.5307081494263,-11.4629679883683,-55.6421503610805,-52.4894798361215,-4.5092231431949,-1.99893621611446,0.636585399554277
0.00292878190112575,0.202534106810043,0.437375639412513,0.130662462037717,0.0716158078380863,2.75908020072572e-07,1.47264381102934e-05,3.31406237776878e-25,1.37452374849954e-23,0.00689747837302343,-5.6730342877484,-1.43671258987646,-0.666828478313306,-1.87500351861026,-2.47630506147225,-14.9430638993295,-10.9657317806094,-56.2063181954727,-52.4812154444202,-4.81646499930819,-0.160134388050036,1.11988935445879
0.00242628750828377,0.167785103139887,0.36233461082449,0.108244557002301,0.0593286034328506,2.28570171879332e-07,1.21998066208976e-05,2.74546498179425e-25,1.13869516864397e-23,0.005714070279078,-5.6730342877484,-1.43671258987646,-0.666828478313306,-1.87500351861026,-2.47630506147225,-14.9430638993295,-10.9657317806094,-56.2063181954727,-52.4812154444202,-4.81646499930819,-0.348358676487384,0.566047779711239
0.00616674121857042,0.426448764980335,0.920922921070705,0.27511833163752,0.150791751999899,5.80942322561365e-07,3.10074754499698e-05,6.97797437837371e-25,2.89414935694526e-23,0.0145230903573845,-5.6730342877484,-1.43671258987646,-0.666828478313306,-1.87500351861026,-2.47630506147225,-14.9430638993295,-10.9657317806094,-56.2063181954727,-52.4812154444202,-4.81646499930819,0.584449541607257,1.07117401474081
0.00634002191108546,0.438431647786484,0.94680014793334,0.282848945480399,0.155028884431111,5.97266355692768e-07,3.18787616980345e-05,7.17405009969562e-25,2.9754727313238e-23,0.0149311780434719,-5.6730342877484,-1.43671258987646,-0.666828478313306,-1.87500351861026,-2.47630506147225,-14.9430638993295,-10.9657317806094,-56.2063181954727,-52.4812154444202,-4.81646499930819,0.612161233216592,0.47014026819305
0.00649304472320026,0.449013637029629,0.9696521227655,0.289675789558877,0.158770662643768,6.11681980529941e-07,3.26481877079416e-05,7.34720302186272e-25,3.04728876147379e-23,0.0152915570586302,-5.6730342877484,-1.43671258987646,-0.666828478313306,-1.87500351861026,-2.47630506147225,-14.9430638993295,-10.9657317806094,-56.2063181954727,-52.4812154444202,-4.81646499930819,0.636010570178984,1.45789460696129
0.0105975233683902,0.927977569895916,2.42201024834876,0.645512679637872,0.331427480573412,1.91513392225951e-06,8.58421855387062e-05,3.1275785790947e-24,1.07703973390045e-22,0.139618271897933,-6.04613984324348,-1.57375261044758,-0.614407017108932,-1.93671531935105,-2.60335114834459,-14.6647278980709,-10.8620048929454,-55.6207880371924,-52.0816606488346,-3.46784810328663,1.49900489358875,0.550970599269537
0.00287109571839725,0.251408969348805,0.656174373221006,0.174883189803332,0.089790792372469,5.18850736461444e-07,2.32564838774666e-05,8.47327923255503e-25,2.91793097410743e-23,0.0378255757238374,-6.04613984324348,-1.57375261044758,-0.614407017108932,-1.93671531935105,-2.60335114834459,-14.6647278980709,-10.8620048929454,-55.6207880371924,-52.0816606488346,-3.46784810328663,0.19307830458581,0.332890308424287
0.00266017018513552,0.232939166831638,0.607968411748712,0.162035366642503,0.083194296601952,4.80733279223735e-07,2.1547942350197e-05,7.85078833852105e-25,2.70356468085194e-23,0.0350467133963437,-6.04613984324348,-1.57375261044758,-0.614407017108932,-1.93671531935105,-2.60335114834459,-14.6647278980709,-10.8620048929454,-55.6207880371924,-52.0816606488346,-3.46784810328663,0.116774664382616,0.417598519424791
0.00225678416774324,0.197616463296374,0.515776582186075,0.137464457009785,0.0705787819391923,4.07835280434942e-07,1.82804301074788e-05,6.66030125654343e-25,2.29359835784552e-23,0.0297322586224964,-6.04613984324348,-1.57375261044758,-0.614407017108932,-1.93671531935105,-2.60335114834459,-14.6647278980709,-10.8620048929454,-55.6207880371924,-52.0816606488346,-3.46784810328663,-0.0476745704142059,0.415655368719662
0.022747458498499,1.37915679549855,3.71107027739866,0.98792722815713,1.12111536815649,4.0809223725795e-06,0.000190689995044583,1.09599987575999e-23,4.75491010424897e-22,0.185443804881683,-5.78581587413295,-1.68104172528855,-0.691193700465832,-2.01466025961396,-1.88818996576713,-14.4117015433435,-10.5673755310601,-54.8703040836505,-51.1002082755266,-3.68751740142861,2.00251401995556,0.520471450780156
0.0172312172411358,1.5727076224107,6.50433989850338,0.679409276587652,0.564837907034834,8.73772921822954e-06,0.000187659186390765,2.35031665237961e-23,8.26751856328612e-22,0.423201050715828,-6.33952203187278,-1.8256907133414,-0.406019816750262,-2.66502101680824,-2.84970592674816,-13.9263496644502,-10.8593725262091,-54.3833965216387,-50.823027082213,-3.13839736320102,2.27848944754776,0.873373602757922
0.00506880756269348,0.46263430951066,1.9133440665559,0.199857899249873,0.166155101802048,2.57032729158549e-06,5.52026180086461e-05,6.91379062522975e-24,2.43200814149397e-22,0.124490606576951,-6.33952203187278,-1.8256907133414,-0.406019816750262,-2.66502101680824,-2.84970592674816,-13.9263496644502,-10.8593725262091,-54.3833965216387,-50.823027082213,-3.13839736320102,1.0548723480961,0.216002057756542
0.0354117152644999,3.23205689648918,13.3670087983956,1.39624772376185,1.16079316130746,1.79568265436047e-05,0.000385656659204156,4.83011402565275e-23,1.69905009733229e-21,0.869716567196982,-6.33952203187278,-1.8256907133414,-0.406019816750262,-2.66502101680824,-2.84970592674816,-13.9263496644502,-10.8593725262091,-54.3833965216387,-50.823027082213,-3.13839736320102,2.99880945795705,0.226685059768434
0.00316679364830339,0.289035907306584,1.19538289075793,0.124863435448996,0.103807239574968,1.60584043493032e-06,3.44884468225116e-05,4.31946724488446e-24,1.51942401439535e-22,0.077776884860043,-6.33952203187278,-1.8256907133414,-0.406019816750262,-2.66502101680824,-2.84970592674816,-13.9263496644502,-10.8593725262091,-54.3833965216387,-50.823027082213,-3.13839736320102,0.584486361489292,0.84223219680342
0.00332494665416399,0.303470664546504,1.25508156971322,0.131099246755779,0.108991482311361,1.68603779539073e-06,3.62108361342895e-05,4.53518598262442e-24,1.59530564791516e-22,0.0816611443013488,-6.33952203187278,-1.8256907133414,-0.406019816750262,-2.66502101680824,-2.84970592674816,-13.9263496644502,-10.8593725262091,-54.3833965216387,-50.823027082213,-3.13839736320102,0.6332203830093,0.561837791232832
0.0410234938261744,3.74424862361552,15.485310407009,1.61751441430391,1.34474680852584,2.08024874634565e-05,0.000446772585279008,5.59555365875559e-23,1.9683025986642e-21,1.00754261572567,-6.33952203187278,-1.8256907133414,-0.406019816750262,-2.66502101680824,-2.84970592674816,-13.9263496644502,-10.8593725262091,-54.3833965216387,-50.823027082213,-3.13839736320102,3.14591167563219,0.343432858136326
0.0146162459505121,1.33403700363798,5.51725570932376,0.576303632453657,0.479119359698204,7.41171082201509e-06,0.000159180444699658,1.99363781281539e-23,7.01285829261877e-22,0.358976998387026,-6.33952203187278,-1.8256907133414,-0.406019816750262,-2.66502101680824,-2.84970592674816,-13.9263496644502,-10.8593725262091,-54.3833965216387,-50.823027082213,-3.13839736320102,2.11390039930917,0.116166842400795
0.0646326048666642,4.1186556939297,12.9639529241345,1.08585633376682,0.686267441641565,2.45245433968596e-05,0.00145573281397791,5.14763121596293e-23,2.54007911640358e-21,0.727997858180426,-5.71705473819356,-1.56249163973342,-0.415845807973795,-2.89564953855865,-3.35450633258048,-13.5938546325215,-9.51026431490063,-54.2989389500363,-50.4001101861095,-3.29547563481987,2.97801846197024,0.335794920813685
0.0389474306508626,2.48189063933029,7.81204252119191,0.654334052347564,0.413542880507753,1.47784226732583e-05,0.000877220606156207,3.10194847033527e-23,1.53064471775387e-21,0.438689515206012,-5.71705473819356,-1.56249163973342,-0.415845807973795,-2.89564953855865,-3.35450633258048,-13.5938546325215,-9.51026431490063,-54.2989389500363,-50.4001101861095,-3.29547563481987,2.47151226403433,0.229335504211819
0.0109753928607633,0.699397222073175,2.20143496714,0.184391451930879,0.116536457026691,4.16456212876855e-06,0.000247200922300328,8.74129628754322e-24,4.31335952766602e-22,0.123622783141848,-5.71705473819356,-1.56249163973342,-0.415845807973795,-2.89564953855865,-3.35450633258048,-13.5938546325215,-9.51026431490063,-54.2989389500363,-50.4001101861095,-3.29547563481987,1.20495521350131,0.534999163113563
0.000237400861271844,0.0151281603308148,0.0476176628812394,0.00398843941669274,0.00252071662661027,9.00806603218938e-08,5.34702607968518e-06,1.8907671858507e-25,9.32991902735231e-24,0.00267399587085543,-5.71705473819356,-1.56249163973342,-0.415845807973795,-2.89564953855865,-3.35450633258048,-13.5938546325215,-9.51026431490063,-54.2989389500363,-50.4001101861095,-3.29547563481987,-2.62870570966642,0.174825550088429
0.000348350364535785,0.00991142027497958,0.0391341596385254,0.00555709627963595,0.00202874794395581,8.54013446867692e-08,2.78978412880846e-06,1.10341678355964e-25,7.12651246398611e-24,0.00111067064400691,-5.11659719980747,-1.76836303333797,-0.395054955137933,-2.34697496878761,-3.35463186237261,-13.4301994003121,-9.94384174809431,-54.6205112021272,-50.4525156623654,-3.95708667209634,-2.84570459021708,0.28015527694646
0.000192021351954863,0.0387099568008881,0.0540168872717138,0.00570563701358349,0.00148550041314786,1.74547366595429e-07,4.85280971440861e-06,1.15950510461767e-25,4.12058220877624e-24,0.00131186275998214,-6.26948697768304,-0.963241424022595,-0.630041547714513,-2.87788363674042,-4.22358657860288,-13.2726526839916,-9.94753569186057,-55.1282170383789,-51.5576307593312,-4.34789019126537,-2.28841700633837,0.598025264809492
0.0320447688165434,2.48422807001286,2.86211454703922,0.510967309637032,0.0546415814263205,9.21719058376529e-06,0.00078710192406087,5.91628085634494e-24,1.58802682188706e-22,0.155669733777028,-5.24898588847141,-0.898402584600003,-0.756803856324332,-2.47981422421944,-4.7153246815714,-13.4028048358297,-8.95551736840689,-55.2926987741898,-52.0027443529112,-3.66838316719261,1.80836456008158,0.338190057849554
0.204930958848853,2.42716898027344,7.60243120201347,1.34580426136198,0.113701095273835,6.09258603956534e-05,0.0025755508393813,1.08776055975021e-23,2.86916052804312e-22,0.231094188782681,-4.06395119976071,-1.59214350760374,-0.450400965950092,-2.18187725890609,-4.65305130234544,-12.1847218934312,-8.440560906626,-55.3542051454967,-52.081721614912,-3.94379896500588,2.47886905708865,0.387555777071708
0.17072292489991,8.95698135204695,13.2784532537203,3.04519973119892,0.238588772991375,0.000119024376328121,0.00265740355437064,4.06731329874473e-24,3.39200471996392e-22,0.44413306062611,-5.03105976613225,-1.07091313973917,-0.677203741881721,-2.14977991510873,-4.69636023139602,-12.299528650025,-9.19375214755926,-57.1224059808266,-52.6987973437297,-4.0749774826402,3.26334640728823,0.508764097483262
0.0406159518247413,0.905347797403138,1.68763051556848,1.08482098109888,0.0655711409237339,1.08866986766891e-05,0.000212794727840617,3.17295619804825e-25,4.22132195032468e-23,0.0465372213325878,-4.54665428638553,-1.44249600151873,-0.819734415599622,-1.26164491993205,-4.06767950370303,-12.7710287177309,-9.79824247492125,-57.753023515864,-52.862368700432,-4.41056272675225,1.34305989893249,0.273621919546521
0.00462004917285575,0.102982969858439,0.191967333455147,0.123397976687805,0.00745869250325847,1.23835786080799e-06,2.42053198849137e-05,3.60922568589682e-26,4.80173776773965e-24,0.00529359134195292,-4.54665428638553,-1.44249600151873,-0.819734415599622,-1.26164491993205,-4.06767950370303,-12.7710287177309,-9.79824247492125,-57.753023515864,-52.862368700432,-4.41056272675225,-0.830695644084332,0.202686808261553
0.0182645395910153,0.407124785863945,0.75890858103268,0.487831870688181,0.0294866092169246,4.89562671961604e-06,9.5691410807631e-05,1.42684293968725e-25,1.89828130141619e-23,0.0209272683095691,-4.54665428638553,-1.44249600151873,-0.819734415599622,-1.26164491993205,-4.06767950370303,-12.7710287177309,-9.79824247492125,-57.753023515864,-52.862368700432,-4.41056272675225,0.543860460161581,0.38933592930907
0.00795287753964958,0.0926453718848549,0.29181803985146,0.146970582409795,0.0100235150816745,8.49198064756352e-07,3.7500779588487e-05,7.77897613496698e-26,6.44097286192503e-24,0.00326597838746147,-4.24130816472184,-1.78606298376041,-0.638711525735945,-1.32460953548033,-4.00990814187836,-13.386060089611,-9.59823553976673,-57.2228743940936,-52.8064493412228,-5.13128260547854,-0.592913296410943,0.260813661693123
0.0636989913737233,0.742047983901031,2.337331954443,1.177168617829,0.0802838717858724,6.80169661003994e-06,0.000300364468534264,6.23061189169892e-25,5.15893112555364e-23,0.0261590258485033,-4.24130816472184,-1.78606298376041,-0.638711525735945,-1.32460953548033,-4.00990814187836,-13.386060089611,-9.59823553976673,-57.2228743940936,-52.8064493412228,-5.13128260547854,1.48772161418498,0.691150071573219
0.0856060055905592,0.997249132024707,3.14117457818304,1.5820141120864,0.107894668796408,9.14089949412542e-06,0.000403664199668263,8.37341039364415e-25,6.93316294734356e-23,0.0351554972023361,-4.24130816472184,-1.78606298376041,-0.638711525735945,-1.32460953548033,-4.00990814187836,-13.386060089611,-9.59823553976673,-57.2228743940936,-52.8064493412228,-5.13128260547854,1.7833083251946,1.28969938356499
0.0446975777777213,0.520695018240112,1.64010566844181,0.826019136538628,0.0563351871993053,4.77275003404741e-06,0.000210765726496455,4.37201992725571e-25,3.62002160884235e-23,0.0183557866025368,-4.24130816472184,-1.78606298376041,-0.638711525735945,-1.32460953548033,-4.00990814187836,-13.386060089611,-9.59823553976673,-57.2228743940936,-52.8064493412228,-5.13128260547854,1.13347219747311,0.460240054322336
0.0232694907819684,0.271073031908104,0.853836508167188,0.430024301965543,0.0293280124876944,2.48468638444344e-06,0.000109724315582682,2.27606690236729e-25,1.88457772536099e-23,0.0095559944941,-4.24130816472184,-1.78606298376041,-0.638711525735945,-1.32460953548033,-4.00990814187836,-13.386060089611,-9.59823553976673,-57.2228743940936,-52.8064493412228,-5.13128260547854,0.480695979787757,0.281252468841438
0.0258477343356817,0.301107737164488,0.948441005263141,0.477670698479807,0.0325775360740985,2.75998792471842e-06,0.000121881694185735,2.52825354769758e-25,2.09338763948463e-23,0.0106147921031488,-4.24130816472184,-1.78606298376041,-0.638711525735945,-1.32460953548033,-4.00990814187836,-13.386060089611,-9.59823553976673,-57.2228743940936,-52.8064493412228,-5.13128260547854,0.585775836264238,0.135825552127751
0.107131104501104,1.2480012382257,3.9310034345143,1.97980174398934,0.135024113766322,1.14393219515809e-05,0.000505163057891635,1.04788524791426e-24,8.67646374937229e-23,0.0439951288299228,-4.24130816472184,-1.78606298376041,-0.638711525735945,-1.32460953548033,-4.00990814187836,-13.386060089611,-9.59823553976673,-57.2228743940936,-52.8064493412228,-5.13128260547854,2.00760624587519,0.485894128792018
0.147176344681344,1.63700964791248,3.89955522071614,1.26285067863971,0.0507267136738713,1.26989669858606e-05,0.000641489714806026,9.11875656237792e-25,5.37805945421029e-23,0.0561460537995834,-3.86973546749415,-1.46074048797365,-0.592749179338174,-1.72024007114289,-4.93491429022572,-13.2276015875038,-9.30532908707508,-57.3079055519046,-53.2307412059992,-4.83341055988284,1.95361167999982,0.57796392444668
0.0453538015665885,0.286953624437097,1.59098474106039,0.357187777322756,0.0279943171181376,3.80742504078003e-06,0.000148710818078236,5.3650853141019e-25,1.47970693971455e-23,0.0115564701977111,-3.93490744827115,-2.09008083321085,-0.377293011080275,-1.87113981819115,-4.41739991907714,-13.3202036092295,-9.6551531257184,-56.7263612165233,-53.4092592540052,-5.30215597818883,0.841646169604511,0.0887363426299601
0.00477392098265295,0.0302046108910472,0.16746634628362,0.0375974265884795,0.00294666936991166,4.00767866512172e-07,1.56532345745891e-05,5.64726494142064e-26,1.55753294402657e-24,0.00121642891348934,-3.93490744827115,-2.09008083321085,-0.377293011080275,-1.87113981819115,-4.41739991907714,-13.3202036092295,-9.6551531257184,-56.7263612165233,-53.4092592540052,-5.30215597818883,-1.40967985453314,0.170347345093106
0.00248850114561944,0.0391702800376786,0.0994899388540517,0.0212221017780809,0.00282794212709459,8.25761328989206e-07,2.30997005214831e-05,2.92462314665323e-26,7.71520462939576e-25,0.00142016226679057,-4.20417232988951,-1.44793461262942,-0.515796387564168,-2.06080973425542,-4.07630362599867,-12.2150576837231,-8.88378853554772,-57.002144414802,-53.7295319464001,-4.76508177209903,-1.7919023694108,0.324103534221734
0.00794037198381686,0.124985513772799,0.317454996771448,0.0677160155995982,0.00902346879661486,2.63485999737932e-06,7.37071048483231e-05,9.33196102311896e-26,2.46178687908213e-24,0.00453148944518196,-4.20417232988951,-1.44793461262942,-0.515796387564168,-2.06080973425542,-4.07630362599867,-12.2150576837231,-8.88378853554772,-57.002144414802,-53.7295319464001,-4.76508177209903,-0.631622825583765,0.408587353653398
0.0434796096215687,0.684391280190411,1.73830890544804,0.370796976438792,0.0494103930532267,1.44278736974828e-05,0.000403602772221841,5.10996239364932e-25,1.34801660038273e-23,0.0248133705174429,-4.20417232988951,-1.44793461262942,-0.515796387564168,-2.06080973425542,-4.07630362599867,-12.2150576837231,-8.88378853554772,-57.002144414802,-53.7295319464001,-4.76508177209903,1.06870913477529,1.01842197419335
0.0250172299326063,0.393783986779423,1.00018546532483,0.213348585661699,0.0284296748483187,8.30148745285598e-06,0.000232224333244757,2.94016218778286e-25,7.75619687901154e-24,0.0142770784061935,-4.20417232988951,-1.44793461262942,-0.515796387564168,-2.06080973425542,-4.07630362599867,-12.2150576837231,-8.88378853554772,-57.002144414802,-53.7295319464001,-4.76508177209903,0.515981835692432,1.97942799585122
0.0864227398243408,1.36033810010572,3.45516943637292,0.737018821036641,0.098211128863014,2.86777269995879e-05,0.000802225633571647,1.01568747811262e-24,2.67940050400036e-23,0.049320577692817,-4.20417232988951,-1.44793461262942,-0.515796387564168,-2.06080973425542,-4.07630362599867,-12.2150576837231,-8.88378853554772,-57.002144414802,-53.7295319464001,-4.76508177209903,1.75566788449969,2.01305068870213
0.0172734082772514,1.35053545008694,1.1468977846385,0.238970127949649,0.0320754217392863,1.64034590270405e-05,0.000494938129562481,1.28699195487107e-25,8.66634006615754e-24,0.0139270666679199,-5.08827454045108,-0.72918634312397,-0.892626767853345,-2.46110420915218,-4.46935270666263,-12.0477058157224,-8.64076528062202,-58.3420071339597,-54.1322831545195,-5.30360857659939,1.02968748663157,1.72256460114743
0.0184438031555363,1.44204372386552,1.22460817459235,0.255162034568547,0.0342487571181489,1.75149087260954e-05,0.000528473668270885,1.37419471000764e-25,9.25354554779165e-24,0.0148707233705251,-5.08827454045108,-0.72918634312397,-0.892626767853345,-2.46110420915218,-4.46935270666263,-12.0477058157224,-8.64076528062202,-58.3420071339597,-54.1322831545195,-5.30360857659939,1.09524770320909,1.98628323311127
0.00422225455999862,0.326032666553814,0.464791836769894,0.137036820349139,0.0196321241306958,8.517620558911e-06,0.000314608476858736,4.09258029794268e-26,4.00292617330263e-24,0.00107914741740394,-5.4193694488905,-1.07274110969897,-0.718149047702398,-1.93948903880766,-3.88257147937411,-11.6253569444675,-8.01616503404097,-58.4100201782351,-53.8270000060752,-6.78356738915457,-0.0480165887837572,0.322925916492168
0.0104333191783038,0.805636615313538,1.14851473675523,0.338622142640995,0.0485115746322259,2.10472989413575e-05,0.000777407095811929,1.01128901406854e-25,9.89135207737604e-24,0.00266660602439405,-5.4193694488905,-1.07274110969897,-0.718149047702398,-1.93948903880766,-3.88257147937411,-11.6253569444675,-8.01616503404097,-58.4100201782351,-53.8270000060752,-6.78356738915457,0.856618622073347,0.415141567369978
0.00743918634288374,0.574436648926705,0.818916300580319,0.241445045041022,0.0345898210634932,1.50071876613089e-05,0.000554308379834808,7.21071338238318e-26,7.05275186440079e-24,0.00190134882097499,-5.4193694488905,-1.07274110969897,-0.718149047702398,-1.93948903880766,-3.88257147937411,-11.6253569444675,-8.01616503404097,-58.4100201782351,-53.8270000060752,-6.78356738915457,0.518375650257224,0.345225159834751
0.000240056173430637,0.0185365787955525,0.0264257278170396,0.00779122486450146,0.0011161839079479,4.8426909582329e-07,1.78870567869252e-05,2.32683546626818e-27,2.27586263697158e-25,6.13548984099218e-05,-5.4193694488905,-1.07274110969897,-0.718149047702398,-1.93948903880766,-3.88257147937411,-11.6253569444675,-8.01616503404097,-58.4100201782351,-53.8270000060752,-6.78356738915457,-2.91526815715762,0.702923114441885
0.00227355097007648,0.175558312457667,0.250275751107761,0.0737900075454199,0.0105712799234966,4.58647014510224e-06,0.000169406746465021,2.20372546806049e-26,2.15544954837109e-24,0.000581086863150919,-5.4193694488905,-1.07274110969897,-0.718149047702398,-1.93948903880766,-3.88257147937411,-11.6253569444675,-8.01616503404097,-58.4100201782351,-53.8270000060752,-6.78356738915457,-0.667042916848894,0.22922404461427
0.00773025840983313,0.596912556240752,0.850957931113808,0.25089203360611,0.035943212449097,1.55943719218367e-05,0.000575996731007813,7.49284601781548e-26,7.32870396026621e-24,0.00197574264656351,-5.4193694488905,-1.07274110969897,-0.718149047702398,-1.93948903880766,-3.88257147937411,-11.6253569444675,-8.01616503404097,-58.4100201782351,-53.8270000060752,-6.78356738915457,0.556756461422828,0.771104691754344
0.897653395824823,69.3147052417297,98.8149730669695,29.1340953965317,4.17379924463372,0.00181085031951657,0.0668859168945067,8.70084583942101e-24,8.51024072954603e-22,0.229427271630101,-5.4193694488905,-1.07274110969897,-0.718149047702398,-1.93948903880766,-3.88257147937411,-11.6253569444675,-8.01616503404097,-58.4100201782351,-53.8270000060752,-6.78356738915457,5.31139819023462,0.368889045376014
0.116115260164647,8.96615004166923,12.7821343507432,3.76861835800385,0.539898570450269,0.000234241141344642,0.00865197600508184,1.12549117843922e-24,1.10083560199426e-22,0.0296773871274844,-5.4193694488905,-1.07274110969897,-0.718149047702398,-1.93948903880766,-3.88257147937411,-11.6253569444675,-8.01616503404097,-58.4100201782351,-53.8270000060752,-6.78356738915457,3.26619748980806,1.04553115065788
0.0252070304859262,3.37462297598333,5.78772665765438,1.34645119955413,0.173179629734097,3.03068475907367e-05,0.00483097651055923,2.86759685569084e-25,2.9131850502623e-23,0.0087597188797489,-6.05281890800686,-1.15590296490445,-0.616446990213969,-2.07471418199664,-4.12561247317462,-12.776323450057,-7.70489322782234,-58.8833395505193,-54.2623967094074,-7.10977803807071,2.37218657216907,1.21897809906033
0.0114874791960473,1.53790075561482,2.63761293141349,0.613611752166,0.0789223226774114,1.3811594403821e-05,0.00220159777220197,1.30683617178911e-25,1.32761186121502e-23,0.00399202470320815,-6.05281890800686,-1.15590296490445,-0.616446990213969,-2.07471418199664,-4.12561247317462,-12.776323450057,-7.70489322782234,-58.8833395505193,-54.2623967094074,-7.10977803807071,1.58632130569704,1.17437168787207
0.00207883457516012,0.278306598808642,0.47731629055733,0.111042405766983,0.0142821980639755,2.49941867095007e-06,0.000398412697106233,2.36491938015424e-26,2.40251615901607e-24,0.000722417759048296,-6.05281890800686,-1.15590296490445,-0.616446990213969,-2.07471418199664,-4.12561247317462,-12.776323450057,-7.70489322782234,-58.8833395505193,-54.2623967094074,-7.10977803807071,-0.123128934692766,0.541401412063121
0.00928218131081054,1.88609464556556,2.23272455053914,0.669381788479168,0.149294283383507,5.50274393286479e-06,0.00129519044507639,1.09088488286436e-25,1.69619194364233e-23,0.00251418119094999,-6.27916593552773,-0.964998864587999,-0.796284619508072,-2.00090792707955,-3.50134309539766,-13.7097709240158,-8.24860476357495,-59.0771453695822,-54.0305786643465,-7.58531532940556,1.59950723076683,0.229119955724721
0.00762094937774315,0.915980725909439,1.8974984753386,0.213329486499734,0.186200507854919,4.36087396214649e-06,0.000683249388602204,8.64848957877076e-26,4.54284997183336e-24,0.00106614661544715,-6.04697575461958,-1.25788138394325,-0.529585001053582,-2.71503885132189,-2.85105261450315,-13.5129594984874,-8.45877205582439,-58.8799491551497,-54.9186090974851,-8.01382585258333,1.17012142783029,0.348014177703018
0.00323789704479901,0.38917084191331,0.806186263846948,0.0906368589618597,0.079110625755404,1.85279552650126e-06,0.000290290758612931,3.67446593082731e-26,1.93011129843254e-24,0.000452971513701496,-6.04697575461958,-1.25788138394325,-0.529585001053582,-2.71503885132189,-2.85105261450315,-13.5129594984874,-8.45877205582439,-58.8799491551497,-54.9186090974851,-8.01382585258333,0.314144534463674,0.229359433396824
0.0140253396018166,0.343180015733136,0.850830342189235,0.0773088451911593,0.0320577364639895,4.36842676740053e-06,0.000283582989425514,1.43125781375391e-26,2.78089333120826e-24,0.000564692341788642,-4.54319844770368,-1.34580897614993,-0.437851367034459,-2.83625573701164,-3.71652557128314,-12.6174164550053,-8.44431457984477,-59.7849676040187,-54.515578847483,-7.75553833680507,0.276308833870411,0.726726884851935
0.0908866265806518,2.2238658617464,5.5135277853825,0.500974688938032,0.207739677308504,2.8308161058876e-05,0.00183766682278434,9.27479819757401e-26,1.80206697969306e-23,0.00365930404953979,-4.54319844770368,-1.34580897614993,-0.437851367034459,-2.83625573701164,-3.71652557128314,-12.6174164550053,-8.44431457984477,-59.7849676040187,-54.515578847483,-7.75553833680507,2.14505603675636,0.773611295472821
0.171463571563223,4.19546854887601,10.4016311481848,0.94512155043915,0.391914502350894,5.34051992262538e-05,0.00346687877669477,1.74975140382504e-25,3.3997173419142e-23,0.00690351667099313,-4.54319844770368,-1.34580897614993,-0.437851367034459,-2.83625573701164,-3.71652557128314,-12.6174164550053,-8.44431457984477,-59.7849676040187,-54.515578847483,-7.75553833680507,2.77981400205512,0.39479550444216
0.364058377087772,8.90798819306875,22.0851631652704,2.00672023023085,0.832128692889255,0.000113392074952726,0.0073610169757729,3.71514281766093e-25,7.21841710615524e-23,0.0146578252892243,-4.54319844770368,-1.34580897614993,-0.437851367034459,-2.83625573701164,-3.71652557128314,-12.6174164550053,-8.44431457984477,-59.7849676040187,-54.515578847483,-7.75553833680507,3.53275740011408,0.348481150260389
0.00649271791755055,0.15886752837038,0.393872916047767,0.0357884043173379,0.014840413554685,2.02226566696005e-06,0.000131278415270395,6.62568858638592e-27,1.28735249704715e-24,0.000261411715475312,-4.54319844770368,-1.34580897614993,-0.437851367034459,-2.83625573701164,-3.71652557128314,-12.6174164550053,-8.44431457984477,-59.7849676040187,-54.515578847483,-7.75553833680507,-0.493875602781686,0.318522900005513
0.0766745235594521,1.87611601205402,4.65136766519619,0.422636388155324,0.175255055460654,2.38815636985653e-05,0.00155030760188867,7.82448155095728e-26,1.52027456941175e-23,0.00308709218411421,-4.54319844770368,-1.34580897614993,-0.437851367034459,-2.83625573701164,-3.71652557128314,-12.6174164550053,-8.44431457984477,-59.7849676040187,-54.515578847483,-7.75553833680507,1.97501266493603,0.354938787619517
0.439541448553478,10.7549510751533,26.6642528235588,2.42278923477315,1.00466044479255,0.000136902540954825,0.00888723421292929,4.4854324427866e-25,8.7150679967398e-23,0.0176969468792533,-4.54319844770368,-1.34580897614993,-0.437851367034459,-2.83625573701164,-3.71652557128314,-12.6174164550053,-8.44431457984477,-59.7849676040187,-54.515578847483,-7.75553833680507,3.72117518982658,0.826806130000177
0.298693706128157,3.19710300338699,8.15967805937673,1.6619876512313,0.176025165702478,4.65247399335769e-05,0.00550133107820198,2.19746802752418e-25,1.24672820244582e-23,0.00528911875543833,-3.81134659681656,-1.44076488363232,-0.503805257264581,-2.09499570561428,-4.34013827917428,-12.5785363172271,-7.80577517376042,-59.3803314958114,-55.3419444290268,-7.84511360581726,2.60300997195453,0.636423352676839
0.0894905211200384,0.95787225501425,2.44469108897816,0.497941998616949,0.0527382515458732,1.39391059677825e-05,0.0016482335413888,6.58375301833066e-26,3.73527644683799e-24,0.00158465338900332,-3.81134659681656,-1.44076488363232,-0.503805257264581,-2.09499570561428,-4.34013827917428,-12.5785363172271,-7.80577517376042,-59.3803314958114,-55.3419444290268,-7.84511360581726,1.39772402823313,1.01918197244891
0.11599830407675,1.24160140887754,3.16882745528578,0.645436261240184,0.0683597286363829,1.80679767239261e-05,0.00213645303581437,8.53391146937381e-26,4.84169415562843e-24,0.00205403995164242,-3.81134659681656,-1.44076488363232,-0.503805257264581,-2.09499570561428,-4.34013827917428,-12.5785363172271,-7.80577517376042,-59.3803314958114,-55.3419444290268,-7.84511360581726,1.65716688880589,0.517445176164525
0.0368632445269621,0.394570047422334,1.00702559643167,0.205113987777982,0.0217241227152118,5.74184467077089e-06,0.000678946052758554,2.71200228116119e-26,1.53864797424628e-24,0.00065275589680557,-3.81134659681656,-1.44076488363232,-0.503805257264581,-2.09499570561428,-4.34013827917428,-12.5785363172271,-7.80577517376042,-59.3803314958114,-55.3419444290268,-7.84511360581726,0.510806289180114,3.04403948996077
0.235731743967601,2.52318228061058,6.43969089300381,1.31165551680314,0.138920634890872,3.6717740806616e-05,0.00434169968298996,1.7342614183476e-25,9.83929046332324e-24,0.00417421982013999,-3.81134659681656,-1.44076488363232,-0.503805257264581,-2.09499570561428,-4.34013827917428,-12.5785363172271,-7.80577517376042,-59.3803314958114,-55.3419444290268,-7.84511360581726,2.36628579824813,3.71590780660987
0.167286455487418,1.79057013352438,4.56991089020778,0.930813129082317,0.0985846887390344,2.60566549488079e-05,0.00308107655988012,1.23071437338463e-25,6.98242840958544e-24,0.00296222488487812,-3.81134659681656,-1.44076488363232,-0.503805257264581,-2.09499570561428,-4.34013827917428,-12.5785363172271,-7.80577517376042,-59.3803314958114,-55.3419444290268,-7.84511360581726,2.02329896312015,1.94668663547741
0.0420767738299527,0.450373667822978,1.14944815101766,0.234123040004832,0.0247965421891591,6.55390763018809e-06,0.000774968667876374,3.09555786732966e-26,1.75625731394649e-24,0.000745074466138409,-3.81134659681656,-1.44076488363232,-0.503805257264581,-2.09499570561428,-4.34013827917428,-12.5785363172271,-7.80577517376042,-59.3803314958114,-55.3419444290268,-7.84511360581726,0.643087215785622,2.11685744517683
0.188461750065188,2.01722237461027,5.14837499247092,1.04863642892895,0.111063641794884,2.93549335969189e-05,0.00347108245475086,1.38649948654029e-25,7.86627150381782e-24,0.00333718641036525,-3.81134659681656,-1.44076488363232,-0.503805257264581,-2.09499570561428,-4.34013827917428,-12.5785363172271,-7.80577517376042,-59.3803314958114,-55.3419444290268,-7.84511360581726,2.1424863867059,1.7129790245885
0.126702410731496,1.35617406585807,3.46124092910195,0.704995912858749,0.0746678366043167,1.97352558400105e-05,0.00233360092810668,9.32140486660398e-26,5.28847664132078e-24,0.0022435829185891,-3.81134659681656,-1.44076488363232,-0.503805257264581,-2.09499570561428,-4.34013827917428,-12.5785363172271,-7.80577517376042,-59.3803314958114,-55.3419444290268,-7.84511360581726,1.74543243206413,2.18126783187514
0.118023104403386,1.26327409589013,3.22414070247145,0.656702628994296,0.0695529771237067,1.83833610346144e-05,0.0021737457431448,8.68287456731049e-26,4.9262080111181e-24,0.00208989410311568,-3.81134659681656,-1.44076488363232,-0.503805257264581,-2.09499570561428,-4.34013827917428,-12.5785363172271,-7.80577517376042,-59.3803314958114,-55.3419444290268,-7.84511360581726,1.67447172316245,1.14617121542604
0.153635425074438,1.64445473357706,4.19699371430691,0.854856242454043,0.0905399096186356,2.39303609333701e-05,0.00282965232053513,1.13028472836756e-25,6.41264323302716e-24,0.00272049926593465,-3.81134659681656,-1.44076488363232,-0.503805257264581,-2.09499570561428,-4.34013827917428,-12.5785363172271,-7.80577517376042,-59.3803314958114,-55.3419444290268,-7.84511360581726,1.93817374395156,1.49264127368932
0.254611711517583,2.7252662205112,6.95545153281198,1.41670718772872,0.1500469135779,3.96584977164399e-05,0.00468943031844432,1.87315997630375e-25,1.06273280926037e-23,0.00450853684263471,-3.81134659681656,-1.44076488363232,-0.503805257264581,-2.09499570561428,-4.34013827917428,-12.5785363172271,-7.80577517376042,-59.3803314958114,-55.3419444290268,-7.84511360581726,2.44333100257606,1.59614614558569
0.0909878403043867,1.49632008048798,3.46999081626886,0.46441167311821,0.036570539411381,1.85887878498277e-05,0.003595087022262,1.11783954876918e-25,2.89471941795142e-24,0.000911988247054061,-4.11313217195027,-1.31309395331584,-0.471950820181048,-2.48308666108876,-5.02461506435142,-12.609054730305,-7.34428984915936,-59.1693322442522,-55.9152568125902,-8.71598622250302,1.71610276752792,1.04672649776352
0.370397667453994,6.29914938665938,25.6098758311529,3.34731552216571,0.139942237716974,0.000510141258840459,0.0211645682350224,9.98197836125953e-25,3.27482028842245e-23,0.00850882636628322,-4.57103837046132,-1.73744569056978,-0.334882245112929,-2.36970160893278,-5.54438582610742,-11.1586831893397,-7.43328710202997,-58.8417063184431,-55.3510544419065,-8.34451155507372,3.57786029686095,0.273942910502386
0.0406107429800196,0.690644567210041,2.80789048235124,0.367002771043601,0.0153433964285931,5.5932359641133e-05,0.00232050284437155,1.09443334362137e-25,3.59054326537833e-24,0.000932915595818816,-4.57103837046132,-1.73744569056978,-0.334882245112929,-2.36970160893278,-5.54438582610742,-11.1586831893397,-7.43328710202997,-58.8417063184431,-55.3510544419065,-8.34451155507372,1.36731572850423,0.852197207317405
0.0126759119577725,0.403703738658259,2.41843438530323,0.353786791877648,0.0102325775453349,5.76056313727104e-05,0.000878591177850873,7.95084422320512e-26,2.69102951252969e-24,0.000449074401211296,-5.53127092665552,-2.07029313407812,-0.28009876130808,-2.20227997401859,-5.74539791518284,-10.9251093720475,-8.20041001151058,-58.9571534471123,-55.4353375369424,-8.87154112358624,1.16321914389357,2.83202562710221
0.0442975687718509,0.508508825366371,2.73978118937388,0.322889024811802,0.0128822896242758,7.63087038950441e-05,0.000981516605695831,1.63862583136618e-25,1.99206137011217e-24,0.0014279039622003,-4.40629078531962,-1.96573800884402,-0.281587241567542,-2.4199118921154,-5.64136710913045,-10.7701888524257,-8.21587692658522,-58.3602346428454,-55.862337565766,-7.84101297157345,1.28946530088597,2.41789125679522
0.10045011196797,2.51715539031428,3.60358883955057,0.976803203545785,0.0411531983986521,0.000767205298130726,0.00548793023249556,9.93186000678681e-25,2.13505656491586e-24,0.00665831363530196,-4.27938021766872,-1.05815669404431,-0.699355895848085,-2.00475622116837,-5.171739774128,-9.15404227322825,-7.18649024598767,-57.2501656970836,-56.4848352360323,-6.99317517901562,1.98128614461062,1.83370949700321
0.100978022193715,2.53038416671185,3.62252730920987,0.981936740876798,0.0413694768460438,0.000771237304807413,0.00551677175821563,9.98405636929484e-25,2.14627724124047e-24,0.00669330604880382,-4.27938021766872,-1.05815669404431,-0.699355895848085,-2.00475622116837,-5.171739774128,-9.15404227322825,-7.18649024598767,-57.2501656970836,-56.4848352360323,-6.99317517901562,1.98652782980666,1.95243071147039
0.0491798023507967,1.23238493374076,1.76429655886441,0.4782372816202,0.0201483714024548,0.000375619341634823,0.00268685936592239,4.8625820573033e-25,1.04531152642034e-24,0.00325987240988023,-4.27938021766872,-1.05815669404431,-0.699355895848085,-2.00475622116837,-5.171739774128,-9.15404227322825,-7.18649024598767,-57.2501656970836,-56.4848352360323,-6.99317517901562,1.26710795657263,1.33730920493638
0.0385252429034502,1.52218769379987,1.91790096649802,0.240572091078384,0.0204045765355205,0.000428397443123097,0.00235637437877964,2.64560225475505e-25,5.72703876782776e-25,0.00404729872740305,-4.57724301507743,-0.900652850032502,-0.669570080973814,-2.74553690171811,-5.21279748568382,-9.07626061020988,-7.37143254377905,-57.9125300122679,-57.1402301445221,-6.83050702365044,1.32080142236791,3.80415470660871
0.0500196086841737,1.97634659899615,2.49012461984083,0.312349019738341,0.0264924723831295,0.000556213818560994,0.00305942066699896,3.43494237916833e-25,7.43575423531416e-25,0.00525484807662366,-4.57724301507743,-0.900652850032502,-0.669570080973814,-2.74553690171811,-5.21279748568382,-9.07626061020988,-7.37143254377905,-57.9125300122679,-57.1402301445221,-6.83050702365044,1.58190283832691,2.25480430560439
0.0806308943861236,2.56679461906874,5.71043056273584,0.352369691879857,0.0284883161468861,0.000487074735354569,0.0023220148778393,9.19477587483594e-25,1.5226208793549e-24,0.00496922712937095,-4.68652614941198,-1.22599486100437,-0.426358325680921,-3.21172714503854,-5.72691398706096,-9.79574573750714,-8.23397273992733,-57.5146445933085,-57.0102618706384,-7.47314370967349,2.16865275153857,2.43688054643848
0.0179824983158867,0.572452783341247,1.2735541228854,0.0785863463259504,0.00635353360562488,0.000108628592984228,0.000517861409675683,2.05064129504e-25,3.39578614465246e-25,0.00110824912913964,-4.68652614941198,-1.22599486100437,-0.426358325680921,-3.21172714503854,-5.72691398706096,-9.79574573750714,-8.23397273992733,-57.5146445933085,-57.0102618706384,-7.47314370967349,0.668169839536309,3.81320037748731
0.0331681384239409,0.449414536183621,1.52450108036017,0.0851624017905213,0.0122330011584685,6.1801784423036e-05,0.000542092700463962,1.22064893005572e-25,2.14068675559957e-25,0.00184004020041791,-4.15139418313412,-1.54503820725116,-0.323561437143916,-3.20842386933908,-5.14884659947217,-10.4368069530134,-8.26530217033802,-58.1104733308932,-57.5487292667227,-7.04319649280178,0.745228633255082,15.7594386525629
0.0546379155770321,0.758241820681811,1.79438755709116,0.0521123745930889,0.0104284084051384,9.75180002969062e-05,0.00122105697906106,1.79599700724884e-25,2.94500635842628e-25,0.0019625690058328,-3.89026202769582,-1.2599877345223,-0.398571045051879,-3.93758765719438,-5.54645643434642,-10.2187083935217,-7.6912732339959,-57.9623018362662,-57.4677511636429,-7.21673576166928,0.983234814951185,7.22296539699451
0.0910355485775727,0.591315283596899,1.36305231264675,0.0292342617895559,0.0112820992153783,6.61168686966888e-05,0.00127609252792919,2.7849294491535e-25,2.4708928604655e-25,0.00123933009664425,-3.13295181050411,-1.2618525345069,-0.426720072970615,-4.26886051405342,-5.22098455503972,-10.3605332494842,-7.40039918810449,-57.2768513897002,-57.3964943630273,-7.42963089545867,0.73644660546702,8.19129207086466
0.112772507940422,0.73250624131629,1.68851432383234,0.0362146553880082,0.0139759757944088,8.19038849833446e-05,0.00158079076786121,3.44989933411079e-25,3.06087884437074e-25,0.0015352504087513,-3.13295181050411,-1.2618525345069,-0.426720072970615,-4.26886051405342,-5.22098455503972,-10.3605332494842,-7.40039918810449,-57.2768513897002,-57.3964943630273,-7.42963089545867,0.950569116947997,28.1749620371251
0.117460388973213,0.76295605730231,1.75870478440516,0.0377200754518433,0.0145569481700163,8.53085771014643e-05,0.00164650322910561,3.59330944308842e-25,3.18811762038322e-25,0.00159906978639228,-3.13295181050411,-1.2618525345069,-0.426720072970615,-4.26886051405342,-5.22098455503972,-10.3605332494842,-7.40039918810449,-57.2768513897002,-57.3964943630273,-7.42963089545867,0.991297693148519,11.4588943559609
0.148101403959654,0.961982709522293,2.21748497512947,0.0475598300049562,0.0183543105909429,0.000107562388895277,0.00207601423753375,4.53066925824874e-25,4.0197780689705e-25,0.00201620718664713,-3.13295181050411,-1.2618525345069,-0.426720072970615,-4.26886051405342,-5.22098455503972,-10.3605332494842,-7.40039918810449,-57.2768513897002,-57.3964943630273,-7.42963089545867,1.22309373255939,21.218866749796
0.210187773202863,0.422574495013573,2.76881124236891,0.0740637192803229,0.0180792717275337,6.37709493276231e-05,0.000714405633709269,2.26319458696075e-25,2.80974302021657e-25,0.00254627370088342,-2.81167115826365,-2.11330669675525,-0.233499094879929,-3.85474665351814,-5.26490637397278,-10.9121299795912,-8.49597681108848,-57.9997671441989,-57.7834514661543,-7.22504145090066,1.25191716858663,21.0981040179514
0.184588160512849,0.371107450854992,2.43158660586263,0.0650432015829008,0.0158773246452185,5.60040294027138e-05,0.0006273953036228,1.98755103269743e-25,2.46753313816701e-25,0.00223615280492402,-2.81167115826365,-2.11330669675525,-0.233499094879929,-3.85474665351814,-5.26490637397278,-10.9121299795912,-8.49597681108848,-57.9997671441989,-57.7834514661543,-7.22504145090066,1.12204306339341,35.5838331522503
0.224491020306238,1.89997194635567,3.36450243475718,0.0589618919749556,0.0302592390866477,5.85066228278374e-05,0.00145406818537699,1.9569810559298e-25,4.26027545100103e-25,0.00362366664635428,-3.2137036496014,-1.07794495737827,-0.506503991058803,-4.55064802085413,-5.21773779515152,-11.4661546777678,-8.25317408430373,-58.6130083950083,-57.8350775851665,-7.34005295839956,1.7197840783657,30.2225077901045
0.239869405904201,2.03012637826351,3.59498210256927,0.0630009787461741,0.0323320981521935,6.25145221400399e-05,0.00155367671853771,2.09104080248421e-25,4.55211856592677e-25,0.0038718999293163,-3.2137036496014,-1.07794495737827,-0.506503991058803,-4.55064802085413,-5.21773779515152,-11.4661546777678,-8.25317408430373,-58.6130083950083,-57.8350775851665,-7.34005295839956,1.78604300379641,16.5905669654231
0.366678484602614,3.1033706075495,5.49550112309898,0.0963070022541965,0.0494247472276817,9.5563376069399e-05,0.00237504162970787,3.19648797981085e-25,6.95863622621423e-25,0.00591881400324012,-3.2137036496014,-1.07794495737827,-0.506503991058803,-4.55064802085413,-5.21773779515152,-11.4661546777678,-8.25317408430373,-58.6130083950083,-57.8350775851665,-7.34005295839956,2.21043377095262,7.61608543472996
0.164790565289027,1.39469922069103,2.46975695234316,0.0432817468414057,0.0222121896345888,4.2947550578188e-05,0.00106737774148023,1.43654750210793e-25,3.12731083363478e-25,0.00265999982652812,-3.2137036496014,-1.07794495737827,-0.506503991058803,-4.55064802085413,-5.21773779515152,-11.4661546777678,-8.25317408430373,-58.6130083950083,-57.8350775851665,-7.34005295839956,1.41062373699604,4.38034453556806
0.091892231851582,2.04940449902158,2.1216783394489,0.0408726056169421,0.0288151420293912,7.98814888895095e-05,0.00183671652407536,2.23509887427659e-25,3.28601555885358e-25,0.00278001157928546,-3.85440451758387,-0.749716473447987,-0.715058291086014,-4.66456096577553,-5.01412000121302,-10.9022321466291,-7.76704153537555,-58.2276075948305,-57.842217306472,-7.35256592219392,1.46726573611626,7.80504278507617
0.162636622945559,1.31279958813427,2.932514687157,0.0267696567756063,0.0120940756551059,8.81757269017946e-05,0.00363358724327822,4.60343767216464e-25,3.54458755950402e-25,0.00169567529230392,-3.30964243281041,-1.22124361188533,-0.41754524900714,-5.11389180171283,-5.90844512050892,-10.8295843969708,-7.11094045633409,-57.5312295393732,-57.7926110748704,-7.87307977390003,1.49340555894827,10.7414522577122
0.135528118761211,1.09398028111963,2.44371895820198,0.0223076522186254,0.0100782178823335,7.34784710292636e-05,0.00302793574114654,3.83613011782594e-25,2.95377065155107e-25,0.00141303771705063,-3.30964243281041,-1.22124361188533,-0.41754524900714,-5.11389180171283,-5.90844512050892,-10.8295843969708,-7.11094045633409,-57.5312295393732,-57.7926110748704,-7.87307977390003,1.31106629115196,8.97091105696978
0.103468441467419,0.835195203166456,1.86564820865727,0.0170306946555137,0.00769417820143588,5.60968671910966e-05,0.00231166635280999,2.92867936326198e-25,2.25504528921171e-25,0.00107877842365324,-3.30964243281041,-1.22124361188533,-0.41754524900714,-5.11389180171283,-5.90844512050892,-10.8295843969708,-7.11094045633409,-57.5312295393732,-57.7926110748704,-7.87307977390003,1.0411538066799,5.36281862102778
0.0505041413724356,0.393247763321057,0.588511875850014,0.013425025776997,0.00433395228554395,2.64703072008303e-05,0.00162473479021523,7.40193715493432e-26,4.70339626087609e-26,0.000511930213783036,-3.0365697426378,-0.984185228686346,-0.581027976570848,-4.36150452246431,-5.49214518921266,-10.5903567401195,-6.4732804864909,-57.9163404781486,-58.3697973653376,-7.62819204736915,0.050869803949517,5.56500030929783
0.202152240925598,1.5386242066628,1.71277809783077,0.0760399231435286,0.0191646240855248,0.00013298191261741,0.00895679448569833,3.07879164050208e-25,1.04949364801645e-25,0.00137337871630752,-2.86827624876391,-0.83865340643262,-0.731425380402588,-3.84603882336622,-5.22423124624316,-10.194839485615,-5.98488492556507,-57.7096321806238,-58.7858615682476,-7.86002341024623,1.26954205126641,3.91124837575534
0.269737381091277,2.05302925205571,2.28540765308364,0.101462193212423,0.0255718931769392,0.000177441480132448,0.0119513010416454,4.10811767523467e-25,1.40036868644992e-25,0.00183253757903992,-2.86827624876391,-0.83865340643262,-0.731425380402588,-3.84603882336622,-5.22423124624316,-10.194839485615,-5.98488492556507,-57.7096321806238,-58.7858615682476,-7.86002341024623,1.557969792812,1.23461936292996
0.0980839463129132,0.746538021993069,0.831037213460312,0.0368944499704701,0.00929864517605626,6.45226128487746e-05,0.00434582246255865,1.49382481536178e-25,5.09212651595958e-26,0.000666361172455086,-2.86827624876391,-0.83865340643262,-0.731425380402588,-3.84603882336622,-5.22423124624316,-10.194839485615,-5.98488492556507,-57.7096321806238,-58.7858615682476,-7.86002341024623,0.546344676813924,1.44031335240365
0.470116165556612,1.88809280306809,4.36809488393937,0.22122461037555,0.0453132296362097,0.000304725439159556,0.0121181509152518,8.88864291586361e-25,3.12179525178106e-25,0.000963482539674374,-2.70157492918466,-1.31123225444349,-0.472472514405922,-3.45537623216993,-5.04095571930672,-10.0428988613828,-6.35985034985454,-57.3266524149879,-58.3730185624239,-8.89175566717048,1.94679947512619,0.989147688935246
0.634236534835959,2.54723730984403,5.89302297176754,0.298455446940226,0.061132349517632,0.000411106915202748,0.0163486699845955,1.19917213986394e-24,4.21163267298566e-25,0.00129984006530496,-2.70157492918466,-1.31123225444349,-0.472472514405922,-3.45537623216993,-5.04095571930672,-10.0428988613828,-6.35985034985454,-57.3266524149879,-58.3730185624239,-8.89175566717048,2.24624161839894,0.581554027359221
0.36025424010919,1.44686247327739,3.34731034248793,0.16952640590424,0.0347239348601386,0.000233513840980959,0.00928624788797398,6.81144690156534e-25,2.3922597404735e-25,0.000738325323865226,-2.70157492918466,-1.31123225444349,-0.472472514405922,-3.45537623216993,-5.04095571930672,-10.0428988613828,-6.35985034985454,-57.3266524149879,-58.3730185624239,-8.89175566717048,1.68062965492043,0.652786981641739
0.151002052958782,0.606458382690202,1.40303895785555,0.0710576933515211,0.0145546807418526,9.7878291097221e-05,0.00389236916390829,2.85504610700587e-25,1.00272555268927e-25,0.000309472109533855,-2.70157492918466,-1.31123225444349,-0.472472514405922,-3.45537623216993,-5.04095571930672,-10.0428988613828,-6.35985034985454,-57.3266524149879,-58.3730185624239,-8.89175566717048,0.811113082678549,0.495752427221165
0.192474735817417,1.58186515577665,3.49535146447927,0.245193183200543,0.0401069846884426,0.000275391229975918,0.00968878211986595,1.50128867191401e-24,3.32934315920329e-25,0.0013915005454421,-3.36452941587561,-1.2581344103395,-0.465305106788822,-3.12244791578445,-4.93294381758216,-9.91405685635524,-6.35352558470408,-56.5724574174687,-58.0785913293049,-8.29411162451836,1.71673903950134,0.331926618573777
0.0532770090006729,0.437860292595021,0.967513323983618,0.0678694758187423,0.0111016138048527,7.62282954997865e-05,0.0026818549978181,4.15556720971653e-25,9.21562223249209e-26,0.000385167366351318,-3.36452941587561,-1.2581344103395,-0.465305106788822,-3.12244791578445,-4.93294381758216,-9.91405685635524,-6.35352558470408,-56.5724574174687,-58.0785913293049,-8.29411162451835,0.432279024175089,0.251640053325863
0.0304080437865794,0.249910330917145,0.552211696407756,0.038736746509971,0.00633628585785271,4.35075727938208e-05,0.00153067834948992,2.37180487496095e-25,5.25984941013966e-26,0.000219835654456961,-3.36452941587561,-1.2581344103395,-0.465305106788822,-3.12244791578445,-4.93294381758216,-9.91405685635524,-6.35352558470408,-56.5724574174687,-58.0785913293049,-8.29411162451835,-0.128518691451545,0.822619623887706
0.4383148982904,3.60231726994599,7.95982192226914,0.558368477294569,0.0913340072388796,0.000627137262687128,0.0220638700003484,3.41882371595376e-24,7.5817779512857e-25,0.0031688076747125,-3.36452941587561,-1.2581344103395,-0.465305106788822,-3.12244791578445,-4.93294381758216,-9.91405685635524,-6.35352558470408,-56.5724574174687,-58.0785913293049,-8.29411162451835,2.53971173482064,0.403375352673765
0.339968756717157,2.79405360926812,6.17385074784961,0.433085523116576,0.0708410985072778,0.000486424432111103,0.0171133276136503,2.65173110172921e-24,5.88062973414245e-25,0.00245781197410736,-3.36452941587561,-1.2581344103395,-0.465305106788822,-3.12244791578445,-4.93294381758216,-9.91405685635524,-6.35352558470408,-56.5724574174687,-58.0785913293049,-8.29411162451835,2.28562785827299,0.45582162502542
0.0142946426612189,0.117481377719675,0.259591472864763,0.0182099168596515,0.00297865074034504,2.04526542552245e-05,0.000719562895554618,1.11497153146916e-25,2.47262429301531e-26,0.000103343449079233,-3.36452941587561,-1.2581344103395,-0.465305106788822,-3.12244791578445,-4.93294381758216,-9.91405685635524,-6.35352558470408,-56.5724574174687,-58.0785913293049,-8.29411162451835,-0.883341035111017,0.367096599861641
0.417690033807514,3.43281058466838,7.58527328361908,0.532094503444641,0.087036294500097,0.000597627380395788,0.021025656764841,3.25795130183448e-24,7.2250181345546e-25,0.00301969974085447,-3.36452941587561,-1.2581344103395,-0.465305106788822,-3.12244791578445,-4.93294381758216,-9.91405685635524,-6.35352558470408,-56.5724574174687,-58.0785913293049,-8.29411162451835,2.49151374842202,0.431629965962952
0.818631842319448,5.29189886303165,20.1884260531134,0.929579252612991,0.383359839681758,0.00407947746729105,0.0155865362727299,7.97628994491129e-24,1.00723791711947e-24,0.00316123569336286,-3.51919388251108,-1.65289593056371,-0.313963592808895,-3.39209627709095,-4.2778542670273,-8.82085943585004,-7.48042086215696,-56.5046419130276,-58.5739034480896,-9.07586535095666,3.3190730653397,0.666877119311253
0.389305111326349,2.51659313686505,9.60072287176454,0.442066794518784,0.182308990867619,0.00194001912392914,0.00741226754832174,3.79317085465044e-24,4.78997821957799e-25,0.00150334393302675,-3.51919388251108,-1.65289593056371,-0.313963592808895,-3.39209627709095,-4.2778542670273,-8.82085943585004,-7.48042086215696,-56.5046419130276,-58.5739034480896,-9.07586535095666,2.57580198758999,0.121719093817883
0.519446232886778,3.35786709863522,12.8101563109133,0.5898456619662,0.243253211356347,0.0025885496910636,0.00989012048161117,5.0611930175568e-24,6.39122392534869e-25,0.00200589799626164,-3.51919388251108,-1.65289593056371,-0.313963592808895,-3.39209627709095,-4.2778542670273,-8.82085943585004,-7.48042086215696,-56.5046419130276,-58.5739034480896,-9.07586535095666,2.86420191090018,0.688420369359104
0.212718289225111,1.77594668276979,9.4212623450258,0.519356308911063,0.0760077456359476,0.00193067780422374,0.00470987090150955,7.7550886201052e-24,4.8183291889336e-25,0.00214370455058099,-4.03386550559182,-1.9117453079766,-0.243109844619881,-3.14124403280917,-5.06299895875943,-8.73596307495416,-7.84417371190839,-55.6997719389472,-58.4782790293157,-8.63129877930291,2.48607893113298,0.5327792449469
0.0715023373633477,0.596960135930488,3.16682820756305,0.174574504838383,0.0255489619180685,0.00064897088163135,0.00158315854910418,2.60676674684331e-24,1.61961531587067e-25,0.00072057690263189,-4.03386550559182,-1.9117453079766,-0.243109844619881,-3.14124403280917,-5.06299895875943,-8.73596307495416,-7.84417371190839,-55.6997719389472,-58.4782790293157,-8.63129877930291,1.3958403661718,0.193476729087223
0.10389748616188,0.86742139836431,4.60160467482832,0.253667962048475,0.0371242817398246,0.000942996350610476,0.00230043100006307,3.78779942019397e-24,2.35340502245593e-25,0.00104704449575299,-4.03386550559182,-1.9117453079766,-0.243109844619881,-3.14124403280917,-5.06299895875943,-8.73596307495416,-7.84417371190839,-55.6997719389472,-58.4782790293157,-8.63129877930291,1.76951492963756,0.366316276738175
0.502638055681064,1.6198214857782,10.1481458322089,0.45396162818836,0.0619973989909784,0.00319958266434863,0.00270724153035691,7.01350550920746e-24,5.48910316846948e-25,0.00230971518483813,-3.23692228784127,-2.06672139952422,-0.231746336561919,-3.3387799526543,-5.3297001953081,-8.29377224380524,-8.46086239669756,-55.8632419318977,-58.4108997886981,-8.6196684073896,2.54903734873264,0.339723107020323
0.0657000081855369,0.211727472028627,1.32646793593998,0.0593374941487116,0.00810370320184001,0.000418218646324288,0.000353864552622602,9.16737927333975e-25,7.17482727429083e-26,0.000301903735371785,-3.23692228784127,-2.06672139952422,-0.231746336561919,-3.3387799526543,-5.3297001953081,-8.29377224380524,-8.46086239669756,-55.8632419318977,-58.4108997886981,-8.6196684073896,0.514266058939294,0.947934522523464
0.0686632912027063,0.252570521023202,1.10748206847006,0.0706278366420868,0.01168348294052,0.000327737701463904,0.00037281135926824,1.89759179478468e-24,1.07066512356661e-25,0.000757656216895599,-3.09229481896833,-1.78981903973751,-0.311665229848876,-3.06408518713568,-4.86333341072887,-8.43705122181937,-8.30819226713418,-55.0352108876987,-57.9101015203447,-7.59903507657498,0.413754261657266,1.52599560542435
0.578088418939353,2.1264359836459,9.32408783137836,0.594628275201607,0.0983653137285666,0.00275928179886924,0.00313876491305611,1.59761616611254e-23,9.01411944657457e-25,0.00637884198168884,-3.09229481896833,-1.78981903973751,-0.311665229848876,-3.06408518713568,-4.86333341072887,-8.43705122181937,-8.30819226713418,-55.0352108876987,-57.9101015203447,-7.59903507657498,2.54426637090277,3.20309884374691
0.180048206515725,0.662287934825609,2.90402858184725,0.185199618234906,0.0306363139961865,0.000859390575700168,0.000977582277650721,4.97584653117343e-24,2.80748755121582e-25,0.00198671867628398,-3.09229481896833,-1.78981903973751,-0.311665229848876,-3.06408518713568,-4.86333341072887,-8.43705122181937,-8.30819226713418,-55.0352108876987,-57.9101015203447,-7.59903507657498,1.37776416899689,5.05732731040166
0.0644897798331188,0.237218708975611,1.04016678364445,0.0663349157221602,0.0109733342128004,0.000307817056832058,0.00035015103496156,1.78225183959684e-24,1.00558765658306e-25,0.000711604144819453,-3.09229481896833,-1.78981903973751,-0.311665229848876,-3.06408518713568,-4.86333341072887,-8.43705122181937,-8.30819226713418,-55.0352108876987,-57.9101015203447,-7.59903507657498,0.351046299033335,4.72588960618727
0.0695341223203531,0.25577377949297,1.12152785378805,0.0715235833626807,0.011831660231892,0.000331894277472156,0.000377539587801658,1.92165824942944e-24,1.08424397319426e-25,0.000767265290369857,-3.09229481896833,-1.78981903973751,-0.311665229848876,-3.06408518713568,-4.86333341072887,-8.43705122181937,-8.30819226713418,-55.0352108876987,-57.9101015203447,-7.59903507657498,0.426357140709446,3.09112916123178
0.217936299102695,1.19132094068816,3.08483274301388,0.17445117684836,0.0259942372513239,0.00164425961475312,0.00252203191487572,3.3846537690114e-24,8.76063229875306e-25,0.00334622022407499,-3.07155060390621,-1.37293541337899,-0.4215006993771,-3.29410850438421,-5.19787854876895,-7.95846321736089,-7.53068852599132,-55.5907887536821,-56.9423573813465,-7.24792200052765,1.54799813906174,1.70532396011227
0.235503367893588,1.2873490782828,3.33349012238595,0.188513064826476,0.0280895401257919,0.00177679752551596,0.00272532392416405,3.65747865333946e-24,9.46679566335801e-25,0.00361594711724437,-3.07155060390621,-1.37293541337899,-0.4215006993771,-3.29410850438421,-5.19787854876895,-7.95846321736089,-7.53068852599132,-55.5907887536821,-56.9423573813465,-7.24792200052765,1.62552053931263,3.71125262100031
0.0424052504386018,0.23180288483667,0.60023550719773,0.0339440739060987,0.00505786390399977,0.000319934040528189,0.000490727774146775,6.58573589226881e-25,1.70461188961491e-25,0.000651095330189808,-3.07155060390621,-1.37293541337899,-0.4215006993771,-3.29410850438421,-5.19787854876895,-7.95846321736089,-7.53068852599132,-55.5907887536821,-56.9423573813465,-7.24792200052765,-0.0889324894053558,1.11126809853717
0.101379779949212,0.554179617223576,1.4350049347195,0.0811513363931814,0.0120920198394533,0.000764877987785316,0.00117320080045275,1.5744759166758e-24,4.0752778601835e-25,0.00155659736985105,-3.07155060390621,-1.37293541337899,-0.4215006993771,-3.29410850438421,-5.19787854876895,-7.95846321736089,-7.53068852599132,-55.5907887536821,-56.9423573813465,-7.24792200052765,0.782668987411689,3.75043501152215
0.131621914664541,0.813852755015508,1.35120786039835,0.0842725115607761,0.0159880116729715,0.000813590997744479,0.00199972438407104,1.51903035290869e-24,7.57755491064272e-25,0.000895561807381936,-2.90356208732405,-1.08171615816257,-0.574741434335096,-3.34943988408262,-5.01165644620098,-7.98979311618626,-7.09048625405901,-55.719710364454,-56.4151770865654,-7.89379965705257,0.875740338175951,1.04751692403803
0.101056764893884,0.624860432485405,1.03743130784156,0.0647028073517972,0.0122752866866738,0.000624659460306379,0.00153534977399988,1.16628217749155e-24,5.81790036277004e-25,0.000687595065359734,-2.90356208732405,-1.08171615816257,-0.574741434335096,-3.34943988408262,-5.01165644620098,-7.98979311618626,-7.09048625405901,-55.719710364454,-56.4151770865654,-7.89379965705257,0.611489195956536,0.765779375500956
0.0465699579333986,0.287954241219251,0.478079151016796,0.0298169748429019,0.00565681659430801,0.000287861627271705,0.000707534764875051,5.37457457709899e-25,2.68106123760649e-25,0.00031686422282209,-2.90356208732405,-1.08171615816257,-0.574741434335096,-3.34943988408262,-5.01165644620098,-7.98979311618626,-7.09048625405901,-55.719710364454,-56.4151770865654,-7.89379965705257,-0.163237537962502,1.16310284380642
0.376085394471374,2.32543444753642,3.8608277541463,0.240793190360467,0.0456828005592163,0.0023246865243142,0.00571384435285069,4.34034963663661e-24,2.16514684120858e-24,0.00255890302508621,-2.90356208732405,-1.08171615816257,-0.574741434335096,-3.34943988408262,-5.01165644620098,-7.98979311618626,-7.09048625405901,-55.719710364454,-56.4151770865654,-7.89379965705257,1.92562303890134,1.21931505132586
0.0845419008026864,0.522744704465618,0.867892563246403,0.054128967284228,0.0102692389814679,0.00052257657549334,0.00128444036801717,9.75686410117796e-25,4.86712943824888e-25,0.000575227139609111,-2.90356208732405,-1.08171615816257,-0.574741434335096,-3.34943988408262,-5.01165644620098,-7.98979311618626,-7.09048625405901,-55.719710364454,-56.4151770865654,-7.89379965705257,0.433054087290796,1.09900305167099
0.116038316165889,0.717495285945809,1.19122932765678,0.0742949254727513,0.0140950840754787,0.000717264519868201,0.00176296364412321,1.33918219322095e-24,6.68039752138955e-25,0.000789530257297469,-2.90356208732405,-1.08171615816257,-0.574741434335096,-3.34943988408262,-5.01165644620098,-7.98979311618626,-7.09048625405901,-55.719710364454,-56.4151770865654,-7.89379965705257,0.749727256682257,0.730492730108348
0.0369410044434831,0.228415901075388,0.379229976271512,0.0236519217332795,0.00448719509786018,0.000228342436283929,0.000561242613329124,4.26331034308401e-25,2.12671643881049e-25,0.000251348362392592,-2.90356208732405,-1.08171615816257,-0.574741434335096,-3.34943988408262,-5.01165644620098,-7.98979311618626,-7.09048625405901,-55.719710364454,-56.4151770865654,-7.89379965705257,-0.394871026041644,0.603550837367251
0.149564737212686,0.924797923992725,1.53540578007288,0.095760619179293,0.0181675123820816,0.000924500483725617,0.00227232868298306,1.72610599177135e-24,8.61053428536923e-25,0.00101764563082201,-2.90356208732405,-1.08171615816257,-0.574741434335096,-3.34943988408262,-5.01165644620098,-7.98979311618626,-7.09048625405901,-55.719710364454,-56.4151770865654,-7.89379965705257,1.00353613227847,1.60871511799784
0.242848504519716,1.34760537205195,2.37473447021765,0.165197044730321,0.0142601271008047,0.00195933614760329,0.0156091208907043,4.83266562090788e-24,1.36550807900117e-24,0.000870664890242321,-2.8415737678802,-1.12792708070278,-0.561370670407069,-3.22687260672665,-5.67654425056554,-7.66140586294372,-5.58615616272971,-55.11290032767,-56.3767719530578,-8.4725096961715,1.42625629962974,1.60451869953496
0.0195760234374786,0.211393609130529,0.437676184603438,0.0687445228907871,0.000720139342167815,0.000294929375082922,0.00134138180918404,1.59256166670509e-24,1.04607157920758e-25,0.000145210036301726,-3.6321987070504,-1.25278238863726,-0.525024898048099,-2.3761071641158,-6.93481478535387,-7.827523588249,-6.31280394692176,-54.4954473524006,-57.2183344816486,-8.53607828889065,-0.301251048536337,3.6135765047953
0.0518315673832108,0.559708264092701,1.15883814334162,0.182015330223749,0.00190671772324359,0.000780886466892568,0.00355158553275061,4.21663611117823e-24,2.76969067382479e-25,0.000384473578371483,-3.6321987070504,-1.25278238863726,-0.525024898048099,-2.3761071641158,-6.93481478535387,-7.827523588249,-6.31280394692176,-54.4954473524006,-57.2183344816486,-8.53607828889065,0.672442800661767,2.39321534175742
0.0406195832684874,0.438634553944404,0.908163206992108,0.142642548458985,0.00149426465837267,0.000611968429020575,0.00278332166218551,3.30451132925597e-24,2.17056297220563e-25,0.000301305889820581,-3.6321987070504,-1.25278238863726,-0.525024898048099,-2.3761071641158,-6.93481478535387,-7.827523588249,-6.31280394692176,-54.4954473524006,-57.2183344816486,-8.53607828889065,0.428693724898728,1.34924241278157
0.0672730112493966,0.726454210197879,1.50407435833212,0.236240576465206,0.00247475909607046,0.00101352489851159,0.00460965904680164,5.4728387132238e-24,3.59482534031795e-25,0.00049901433949803,-3.6321987070504,-1.25278238863726,-0.525024898048099,-2.3761071641158,-6.93481478535387,-7.827523588249,-6.31280394692176,-54.4954473524006,-57.2183344816486,-8.53607828889065,0.93320256273401,2.09874001117994
0.0584936755601536,0.631649692669339,1.30778801038751,0.205410451788322,0.00215179539263426,0.000881256769760045,0.00400808430779082,4.75861636247528e-24,3.12568953354029e-25,0.000433891427369752,-3.6321987070504,-1.25278238863726,-0.525024898048099,-2.3761071641158,-6.93481478535387,-7.827523588249,-6.31280394692176,-54.4954473524006,-57.2183344816486,-8.53607828889065,0.793362066378909,1.04779808064346
0.077043330694644,0.83195996301256,1.72251689089293,0.27055070849479,0.0028341779249527,0.00116072303696654,0.00527913764727576,6.26768023298695e-24,4.11691571909658e-25,0.000571488120797638,-3.6321987070504,-1.25278238863726,-0.525024898048099,-2.3761071641158,-6.93481478535387,-7.827523588249,-6.31280394692176,-54.4954473524006,-57.2183344816486,-8.53607828889065,1.06881142793933,0.643638891667879
0.5273270869852,18.3453821443555,22.2386541435344,6.68816039441897,0.104359594711411,0.0109658603487522,0.100061410187368,9.58544885896592e-23,8.06900951836736e-24,0.0168701936593423,-4.51179715695713,-0.96248500383174,-0.770030939981101,-1.97152403448959,-6.13177559468723,-8.38483132941539,-6.17383407200728,-54.5710738265523,-57.0458743857733,-7.95406979538316,3.87186289240352,0.763483038475932
0.2500523394602,5.66787610130392,8.76891650672679,3.91887070117905,0.0325945575702761,0.00227378023113488,0.0607204926965383,1.95793381092238e-23,4.00132857394463e-24,0.013592881666782,-4.31540488220651,-1.19450539475802,-0.758106603676536,-1.56351633115154,-6.35292980725864,-9.01563138951918,-5.7307938887047,-55.2168872567731,-56.8047356394136,-7.22752888713471,2.92931985701513,0.351743885203995
0.0512086496797914,1.16073411801185,1.79580152872669,0.802552286894392,0.00667509563672661,0.000465651373453973,0.0124350543793903,4.00968640550157e-24,8.19438976812628e-25,0.00278370967020642,-4.31540488220651,-1.19450539475802,-0.758106603676536,-1.56351633115154,-6.35292980725864,-9.01563138951918,-5.7307938887047,-55.2168872567731,-56.8047356394136,-7.22752888713471,1.34355806005967,0.932481803663334
0.13442774010299,3.04704117996585,4.71415557117276,2.10677865783043,0.017522782323444,0.00122238063687849,0.0326432403262315,1.05258210357764e-23,2.15110787911867e-24,0.00730751157096733,-4.31540488220651,-1.19450539475802,-0.758106603676536,-1.56351633115154,-6.35292980725864,-9.01563138951918,-5.7307938887047,-55.2168872567731,-56.8047356394136,-7.22752888713471,2.30867640959178,0.330023707027565
0.265789130745525,6.02457815588117,9.32077940536113,4.16550086841428,0.034645863111461,0.00241687829213808,0.0645418755413072,2.08115439665846e-23,4.25314814407184e-24,0.014448335937748,-4.31540488220651,-1.19450539475802,-0.758106603676536,-1.56351633115154,-6.35292980725864,-9.01563138951918,-5.7307938887047,-55.2168872567731,-56.8047356394136,-7.22752888713471,2.99035285606215,0.4740775651081
0.101778831193389,2.71593386418455,3.28015461694085,1.21529047571698,0.0138531735977483,0.00116083204882811,0.0156336598885862,9.83421933555552e-24,2.58548268216163e-24,0.00711660971921016,-4.27977889768863,-0.99568989719177,-0.806935195547963,-1.79984263326133,-6.27406668811008,-8.75344400366042,-6.1531547601647,-54.9709999154617,-56.3069557732313,-6.94014958613638,1.99482575614423,0.630007297784115
0.0141862100015142,0.378554240560471,0.457196861938237,0.169390488171384,0.00193089297195479,0.000161799924680538,0.00217906198834534,1.37072020831187e-24,3.60371600404124e-25,0.000991932396862594,-4.27977889768863,-0.99568989719177,-0.806935195547963,-1.79984263326133,-6.27406668811008,-8.75344400366042,-6.1531547601647,-54.9709999154617,-56.3069557732313,-6.94014958613638,0.0242939848107762,1.15201958397939
0.0149952493532619,0.400143183438921,0.483270792379427,0.17905082526831,0.00204101177029189,0.000171027372051076,0.00230333386210731,1.448892362019e-24,3.80923587576744e-25,0.00104850228714686,-4.27977889768863,-0.99568989719177,-0.806935195547963,-1.79984263326133,-6.27406668811008,-8.75344400366042,-6.1531547601647,-54.9709999154617,-56.3069557732313,-6.94014958613638,0.0797570598630235,2.1871353740678
0.00789974411594596,0.464580498693664,0.854288439071971,0.0608663513249594,0.00114182848936377,0.000567084917382773,0.00515723131182146,1.64141294547534e-24,3.9434308743113e-25,0.00186398204575038,-5.17479745646585,-1.10049297997251,-0.491358937594254,-3.13294732640879,-7.10899690951769,-7.80887404538869,-5.60122795701449,-55.1003573548704,-56.526448746214,-6.61891274091882,0.333872546045525,1.97697634426954
0.0108781917646667,0.639741703115784,1.1763815797279,0.08381484665965,0.00157233311451018,0.000780893455230768,0.00710166688456332,2.26027634867879e-24,5.43022617338647e-25,0.00256676087756297,-5.17479745646585,-1.10049297997251,-0.491358937594254,-3.13294732640879,-7.10899690951769,-7.80887404538869,-5.60122795701449,-55.1003573548704,-56.526448746214,-6.61891274091882,0.65380220699859,2.97498935726669
0.0121882219586202,0.716784006243319,1.31804992152528,0.0939084341051631,0.00176168479165672,0.000874934268882881,0.0079569007549935,2.532475104456e-24,6.0841731161347e-25,0.00287586870752308,-5.17479745646585,-1.10049297997251,-0.491358937594254,-3.13294732640879,-7.10899690951769,-7.80887404538869,-5.60122795701449,-55.1003573548704,-56.526448746214,-6.61891274091882,0.767512249683576,6.36115048771307
0.0122329644889124,0.71941529489405,1.32288843601416,0.0942531686342773,0.00176815187401079,0.000878146121535556,0.00798611025530217,2.54177173069567e-24,6.10650789973775e-25,0.00288642591949375,-5.17479745646585,-1.10049297997251,-0.491358937594254,-3.13294732640879,-7.10899690951769,-7.80887404538869,-5.60122795701449,-55.1003573548704,-56.526448746214,-6.61891274091882,0.771176492651483,5.0223122428476
0.0182631359781379,0.762158485771262,1.6165260767086,0.158736310558461,0.00157654921202621,0.00111123007103451,0.00929278313243775,3.2329023037211e-24,1.17051415031704e-24,0.00252276809238584,-4.94684946925375,-1.21557954935223,-0.463699341367856,-2.78448966863719,-7.39649565447196,-7.74626649613118,-5.62249597834417,-55.0326407430367,-56.0485779258666,-6.9263773219604,0.94397879100699,1.20010026450867
0.0459820520787552,0.663826972396783,1.35457733608239,0.214820406865268,0.00163595165491289,0.00178350625837393,0.0096445228328894,3.37558373116102e-24,6.18967161860962e-25,0.00411492420330217,-3.91084057095404,-1.24107018732637,-0.52784696354186,-2.36928935695482,-7.246867032148,-7.16051048425391,-5.47270154697397,-54.87681040523,-56.5730817299903,-6.32447130475644,0.831336440123043,0.804175567219182
0.0177693698049209,0.256530242251833,0.523464798243174,0.0830155044993344,0.000632199491430494,0.000689220702898547,0.00372704316275601,1.3044653927959e-24,2.39194553069792e-25,0.00159017717961915,-3.91084057095404,-1.24107018732637,-0.52784696354186,-2.36928935695482,-7.246867032148,-7.16051048425391,-5.47270154697397,-54.87681040523,-56.5730817299903,-6.32447130475644,-0.119438530479096,0.564165931697318
0.0725697142951894,1.04766385035984,2.13781868851512,0.339033489072829,0.00258188877683044,0.00281476214659149,0.0152211620590023,5.32740788797947e-24,9.76865278161594e-25,0.00649424852263103,-3.91084057095404,-1.24107018732637,-0.52784696354186,-2.36928935695482,-7.246867032148,-7.16051048425391,-5.47270154697397,-54.87681040523,-56.5730817299903,-6.32447130475644,1.28763296829939,0.420907112136916
0.00778468694243026,0.11238483126415,0.22932774906722,0.0363687469499487,0.000276963965519312,0.000301944720899504,0.00163280209492549,5.71480858445421e-25,1.04790137997307e-25,0.000696650002911395,-3.91084057095404,-1.24107018732637,-0.52784696354186,-2.36928935695482,-7.246867032148,-7.16051048425391,-5.47270154697397,-54.87681040523,-56.5730817299903,-6.32447130475644,-0.944756116469098,0.486937290535784
0.11839512100113,1.70922938772111,3.4877814355954,0.553122075125402,0.00421226729515404,0.00459219259951241,0.0248328292491685,8.69149214166766e-24,1.5937238272607e-24,0.0105951545643508,-3.91084057095404,-1.24107018732637,-0.52784696354186,-2.36928935695482,-7.246867032148,-7.16051048425391,-5.47270154697397,-54.87681040523,-56.5730817299903,-6.32447130475644,1.77711280581201,1.27152608233431
0.172169137813334,2.48554625833228,5.07190091593454,0.804345229555141,0.00612544184518426,0.00667792586253009,0.0361116806600018,1.26390910004475e-23,2.31757909390051e-24,0.0154073800585573,-3.91084057095404,-1.24107018732637,-0.52784696354186,-2.36928935695482,-7.246867032148,-7.16051048425391,-5.47270154697397,-54.87681040523,-56.5730817299903,-6.32447130475644,2.1515626449841,1.02843232057229
0.234769855837383,6.08733118439824,11.6028370297119,1.17218371294989,0.0169185295088366,0.00712536012827464,0.103566840234474,3.88326733505877e-23,6.44413025636395e-24,0.0181183696634735,-4.40628919058721,-1.15092985251488,-0.5058899692869,-2.79827117848907,-7.03648544606538,-7.90123461880886,-5.22467768437186,-54.5599198519511,-56.3560121621816,-6.96796856586061,2.95713960902337,0.93438734945268
0.00962179652758633,0.249482889715113,0.475530117120153,0.048040721151044,0.000693388203095151,0.000292025418235649,0.00424457841994583,1.59151642475083e-24,2.64105925792043e-25,0.000742562394527719,-4.40628919058721,-1.15092985251488,-0.5058899692869,-2.79827117848907,-7.03648544606538,-7.90123461880886,-5.22467768437186,-54.5599198519511,-56.3560121621816,-6.96796856586061,-0.237435091923426,0.745392330569982
0.76143251787592,35.6491902820375,58.4289958981431,3.28053993614747,0.0559060191021621,0.0700326602191877,0.240946127595075,3.23822832190653e-22,3.46205145682386e-23,0.0569632477883775,-4.86305694476157,-1.01677678320603,-0.522690945100572,-3.40249519329442,-7.47458644519363,-7.24929678800709,-6.01368512425155,-54.0723488966706,-56.3080990357187,-7.45585221156936,4.59050321682207,0.309278776294593
1.01201187904085,47.3809604878056,77.6573583885017,4.36013081541408,0.0743040967032775,0.0930796654972889,0.320238941220057,4.30389489794543e-22,4.60137585130998e-23,0.0757092481306126,-4.86305694476157,-1.01677678320603,-0.522690945100572,-3.40249519329442,-7.47458644519363,-7.24929678800709,-6.01368512425155,-54.0723488966706,-56.3080990357187,-7.45585221156936,4.8749972537406,0.672649987154161
0.374645363745139,17.5403644405557,28.748644046077,1.61411425018586,0.0275072713212982,0.0344579602865513,0.118552002306985,1.5932957932172e-22,1.70342282066488e-23,0.0280274563887995,-4.86305694476157,-1.01677678320603,-0.522690945100572,-3.40249519329442,-7.47458644519363,-7.24929678800709,-6.01368512425155,-54.0723488966706,-56.3080990357187,-7.45585221156936,3.88128154761698,0.343294157337072
0.154650355652158,7.2405102571768,11.8671908329489,0.666292358082595,0.0113547629425706,0.0142239470417903,0.0489372379702606,6.57698679671238e-23,7.03158161116429e-24,0.0115694908252003,-4.86305694476157,-1.01677678320603,-0.522690945100572,-3.40249519329442,-7.47458644519363,-7.24929678800709,-6.01368512425155,-54.0723488966706,-56.3080990357187,-7.45585221156936,2.99646846463084,0.611473488353051
0.215182245128875,10.639421456549,32.074490133072,1.17258874339424,0.0256862144131711,0.0166806125394441,0.0651149899113809,2.01495386566963e-22,2.26156664626371e-23,0.0451148617184753,-5.32622203129101,-1.42538596509422,-0.321891058854577,-3.63073816734088,-7.45175290829879,-7.88346023288243,-6.52155256964277,-53.7462278193267,-55.9333514325689,-6.88849563177502,3.78995207314488,0.721410476584363
0.111995711868288,5.53749022917432,16.6937813717593,0.610296221077752,0.0133688811857207,0.00868174358267927,0.0338903409249859,1.04872124757446e-22,1.17707558230088e-23,0.0234808919805344,-5.32622203129101,-1.42538596509422,-0.321891058854577,-3.63073816734088,-7.45175290829879,-7.88346023288243,-6.52155256964277,-53.7462278193267,-55.9333514325689,-6.88849563177502,3.13692733598072,1.12465569491132
0.215459481033987,10.6531290449033,32.1158141758513,1.17409948003241,0.0257193079469683,0.0167021034608369,0.0651988825817712,2.01754988635142e-22,2.26448039723686e-23,0.0451729866790873,-5.32622203129101,-1.42538596509422,-0.321891058854577,-3.63073816734088,-7.45175290829879,-7.88346023288243,-6.52155256964277,-53.7462278193267,-55.9333514325689,-6.88849563177502,3.79123962112999,0.957101375955964
0.212992454250818,10.5311499398195,31.7480857595621,1.16065595529428,0.0254248199938494,0.0165108631572058,0.0644523506176634,1.99444879290163e-22,2.23855193141519e-23,0.0446557526846571,-5.32622203129101,-1.42538596509422,-0.321891058854577,-3.63073816734088,-7.45175290829879,-7.88346023288243,-6.52155256964277,-53.7462278193267,-55.9333514325689,-6.88849563177502,3.77972349133828,0.280546131739653
0.0281571159868276,1.7016791647692,2.72787150925141,0.485110818592962,0.00753412281170752,0.00318156031558676,0.00972634629368682,5.13278219483376e-23,5.44884339399822e-24,0.00533995728670035,-5.17309339827721,-1.07152272255366,-0.599616591941963,-2.32651615230032,-6.49145109894828,-7.35352176734765,-6.23605519278985,-52.926947518618,-55.1697770970884,-6.83567585488689,1.60313823009961,0.266291850594012
0.00311451680978863,0.1882262503738,0.301735507091053,0.0536591105362113,0.000833364899837486,0.000351918963891296,0.00107585127126246,5.67747649804481e-24,6.02707832451745e-25,0.000590663715018327,-5.17309339827721,-1.07152272255366,-0.599616591941963,-2.32651615230032,-6.49145109894828,-7.35352176734765,-6.23605519278985,-52.926947518618,-55.1697770970884,-6.83567585488689,-0.598587857740254,0.347952057242361
0.0187598868509233,1.13375633365925,1.81746457561045,0.323208672053636,0.00501966506565212,0.00211973809951693,0.00648025018001924,3.41975411297669e-23,3.6303322253468e-24,0.00355778605074918,-5.17309339827721,-1.07152272255366,-0.599616591941963,-2.32651615230032,-6.49145109894828,-7.35352176734765,-6.23605519278985,-52.926947518618,-55.1697770970884,-6.83567585488689,1.19705903145428,0.33053090497104
0.0164520885942732,1.13621634764247,2.18038106392973,0.187270404580026,0.00172720143986134,0.00585922369090122,0.00582265334837523,4.01840410801578e-23,3.94179735006538e-24,0.00332046803476503,-5.37059573486969,-1.13558914222199,-0.483793229763595,-2.93849458405844,-7.62454573638162,-6.40303105138098,-6.40929211060437,-52.8318651943651,-55.1536983236028,-6.9709424229195,1.26329289125662,0.460861118890246
0.0452554175004695,3.12543570919728,5.99766131776153,0.515132184961671,0.00475108201736438,0.0161172007335699,0.01601660523108,1.10535847501549e-22,1.08428594799537e-23,0.00913374410484041,-5.37059573486969,-1.13558914222199,-0.483793229763595,-2.93849458405844,-7.62454573638162,-6.40303105138098,-6.40929211060437,-52.8318651943651,-55.1536983236028,-6.9709424229195,2.27516284263446,0.613556081619989
0.0408644163011966,2.82218379582816,5.41572572874943,0.465150411134762,0.00429009838295475,0.0145533957427245,0.0144625607285136,9.98108765312353e-23,9.79080844143367e-24,0.00824752354753828,-5.37059573486969,-1.13558914222199,-0.483793229763595,-2.93849458405844,-7.62454573638162,-6.40303105138098,-6.40929211060437,-52.8318651943651,-55.1536983236028,-6.9709424229195,2.17310012316613,0.950272985181566
0.0400190324688759,1.49524992044134,5.25612223292846,0.638921692872031,0.00340499983805261,0.00824638869549373,0.00557229009470909,5.86816954634666e-23,6.7577800079674e-24,0.00223445199530056,-5.22658342122577,-1.60588993118203,-0.348789758120659,-2.45615667339714,-7.69069368185927,-6.8061632032655,-7.19813245639544,-53.1980976805379,-55.3595310918429,-8.11194256815736,2.00818329491697,0.445136274163992
0.0275781381823871,1.0304149395717,3.62212818003417,0.440297269741676,0.00234647242203699,0.00568279723221376,0.00384000753500852,4.04390562797053e-23,4.65695893599727e-24,0.00153981798376147,-5.22658342122577,-1.60588993118203,-0.348789758120659,-2.45615667339714,-7.69069368185927,-6.8061632032655,-7.19813245639544,-53.1980976805379,-55.3595310918429,-8.11194256815736,1.63585150625281,0.511986810587744
0.240803956465625,8.99727141147697,31.6273270809452,3.84454250949114,0.0204886870617267,0.0496204656115232,0.0335297836704009,3.53101601112009e-22,4.0663156064766e-23,0.0134452246295398,-5.22658342122577,-1.60588993118203,-0.348789758120659,-2.45615667339714,-7.69069368185927,-6.8061632032655,-7.19813245639544,-53.1980976805379,-55.3595310918429,-8.11194256815736,3.80281128604841,0.446906179412576
0.151473873639703,5.65958953867408,19.894663759416,2.41834791600802,0.0128880805804968,0.0312129594891273,0.0210913736194443,2.22112909164151e-22,2.55785073216818e-23,0.00845750330054511,-5.22658342122577,-1.60588993118203,-0.348789758120659,-2.45615667339714,-7.69069368185927,-6.8061632032655,-7.19813245639544,-53.1980976805379,-55.3595310918429,-8.11194256815736,3.33924130109855,0.206090050270392
0.0474836636807828,4.05654032932527,7.024347514163,1.31950205542883,0.0172846787299206,0.0193179493564521,0.00781543635712049,1.1180889800461e-22,2.61225346357224e-23,0.00988366611205043,-5.57327220222649,-1.12557217791469,-0.576520322260252,-2.24864821792707,-6.58383744504189,-6.47262324942171,-7.37755713344371,-53.0711537383311,-54.5251465466559,-7.14277442469706,2.5259026526202,0.0691918920475856
0.0240723210373334,1.64857864525209,3.26440444990106,0.623853050739526,0.00706767129136798,0.00470137368322404,0.00178871113405142,3.80921143233361e-23,6.53807945545511e-24,0.00227969027482346,-5.44529803982398,-1.21869194707558,-0.535528094854076,-2.19044587058246,-6.67082966883035,-7.07850597656975,-8.04486539194986,-53.3406403809137,-55.1030042073869,-7.80232112624572,1.71860543662657,0.325268844928165
0.0220402435265511,1.50941302077503,2.98883804903536,0.571190170725811,0.00647105014035738,0.00430450477653878,0.00163771615258891,3.48765486645633e-23,5.98616407494262e-24,0.00208724903362228,-5.44529803982398,-1.21869194707558,-0.535528094854076,-2.19044587058246,-6.67082966883035,-7.07850597656975,-8.04486539194986,-53.3406403809137,-55.1030042073869,-7.80232112624572,1.63041279436456,0.205489723987052
0.0169901948822269,1.163563431132,2.30400997445203,0.44031420541035,0.00498834792115102,0.00331821991607161,0.00126246865470141,2.68853362675674e-23,4.61456308809561e-24,0.00160900072661454,-5.44529803982398,-1.21869194707558,-0.535528094854076,-2.19044587058246,-6.67082966883035,-7.07850597656975,-8.04486539194986,-53.3406403809137,-55.1030042073869,-7.80232112624572,1.3701791668676,0.154062377963806
0.00257762319085743,0.176526997183353,0.349546875905876,0.0668011235301926,0.00075679422012251,0.00050341509719694,0.000191532145725595,4.07883880895185e-24,7.00086427142319e-25,0.000244105356988378,-5.44529803982398,-1.21869194707558,-0.535528094854076,-2.19044587058246,-6.67082966883035,-7.07850597656975,-8.04486539194986,-53.3406403809137,-55.1030042073869,-7.80232112624572,-0.515589508684258,0.278796015838133
0.0101521467531974,0.695263756030422,1.37671448406611,0.263100833264691,0.00298068624301116,0.00198273508814079,0.000754362568686469,1.60647880256468e-23,2.75733868840085e-24,0.000961425787980784,-5.44529803982398,-1.21869194707558,-0.535528094854076,-2.19044587058246,-6.67082966883035,-7.07850597656975,-8.04486539194986,-53.3406403809137,-55.1030042073869,-7.80232112624572,0.855227946744145,0.540337054233754
0.0568181170670507,3.89115508699403,7.70500334807872,1.47248599811303,0.016681888472723,0.0110966948261905,0.00422191106773844,8.99091619623288e-23,1.54318880725129e-23,0.00538077357437424,-5.44529803982398,-1.21869194707558,-0.535528094854076,-2.19044587058246,-6.67082966883035,-7.07850597656975,-8.04486539194986,-53.3406403809137,-55.1030042073869,-7.80232112624572,2.57739799815931,0.791617738010512
0.0825786196229786,5.65534784342999,11.1983390777261,2.14008959492345,0.024245212511289,0.0161277738233191,0.00613606374412915,1.30672659876184e-22,2.24284802275404e-23,0.00782033754746335,-5.44529803982398,-1.21869194707558,-0.535528094854076,-2.19044587058246,-6.67082966883035,-7.07850597656975,-8.04486539194986,-53.3406403809137,-55.1030042073869,-7.80232112624572,2.95129356552649,0.624705617924602
0.0528207774157342,3.61739964908841,7.16293125933888,1.36889181072876,0.0155082632684213,0.0103160061917019,0.00392488586897152,8.358375949071e-23,1.43462044689162e-23,0.00500221862264608,-5.44529803982398,-1.21869194707558,-0.535528094854076,-2.19044587058246,-6.67082966883035,-7.07850597656975,-8.04486539194986,-53.3406403809137,-55.1030042073869,-7.80232112624572,2.50444738581028,2.47607795009423
0.0529320635322405,2.40985677234455,10.2259342177384,2.51910404371351,0.0201795902148683,0.00483187797333409,0.00338439926917407,2.00264735444009e-22,1.04842328251312e-23,0.0118724028831997,-5.66320060914077,-1.84488728615613,-0.399527537536972,-1.80055130123448,-6.62753817209115,-8.05697467386168,-8.41303345818373,-52.6868566647076,-55.6366243403105,-7.15799325888362,2.7244546013302,0.462865918361308
0.00471150127565646,0.21450218448663,0.910213940219949,0.224226321882168,0.00179619230188648,0.000430087128972663,0.000301246549066278,1.78256333410986e-23,9.33205188567756e-25,0.00105676668538025,-5.66320060914077,-1.84488728615613,-0.399527537536972,-1.80055130123448,-6.62753817209115,-8.05697467386168,-8.41303345818373,-52.6868566647076,-55.6366243403105,-7.15799325888362,0.305451929577058,0.33850628433271
0.0359654471446418,1.63741162894819,6.94815716732149,1.71164124899169,0.0137113110058767,0.00328308855280992,0.00229957845791719,1.36072736955743e-22,7.12366184807256e-24,0.00806687383565786,-5.66320060914077,-1.84488728615613,-0.399527537536972,-1.80055130123448,-6.62753817209115,-8.05697467386168,-8.41303345818373,-52.6868566647076,-55.6366243403105,-7.15799325888362,2.33800400617258,0.816088812313045
0.042195159272988,1.92103393573976,8.15167394276541,2.00812115108599,0.0160862994253259,0.00385176482961583,0.00269789720401138,1.59642414161237e-22,8.35757845794257e-24,0.00946416778753699,-5.66320060914077,-1.84488728615613,-0.399527537536972,-1.80055130123448,-6.62753817209115,-8.05697467386168,-8.41303345818373,-52.6868566647076,-55.6366243403105,-7.15799325888362,2.4977508354501,0.177417927704828
0.310506679868092,8.49928650418806,22.7311587707092,4.36179361643312,0.0380394802837097,0.0201900079383769,0.0201372022187116,2.00677791390329e-22,2.32055769118943e-23,0.0233805223700883,-4.75319359480234,-1.44366151093581,-0.459907113866453,-2.11076037754183,-6.85277443398644,-7.48621118369898,-7.48883004821453,-53.5439853681559,-55.7012933281642,-7.33949571080863,3.58364373022511,0.430030424604702
0.240296403667744,10.8902813671876,47.7737096598214,5.54044121146454,0.0924471082402482,0.0281762479820782,0.0387265032853889,1.94124929763349e-22,1.89118540727165e-23,0.0645134261060157,-5.59515774439265,-1.78140486821232,-0.302800160959418,-2.45720150338413,-6.55039424284418,-7.73855156811666,-7.4205067159569,-54.1628159542305,-56.4915289488151,-6.91015756219032,4.16927564203072,0.369276694510579
0.630348284413286,18.6239474474686,70.1108739300433,9.54330474702414,0.255986090242909,0.126256890027167,0.200796822609814,1.19396795839757e-21,6.11978074050108e-23,0.242073612953972,-5.06398528909809,-1.67805425936692,-0.352424606880005,-2.34666267413246,-5.96513468011545,-6.67193914699123,-6.2079642240941,-52.7795072829256,-55.7504333788442,-6.02101592246838,4.60250250914804,0.320073704668638
0.576600424685647,17.0359407220863,64.1327353191297,8.72957649937991,0.234158943551443,0.115491353287198,0.183675495048126,1.09216198234581e-21,5.59796585666981e-23,0.221432740416462,-5.06398528909809,-1.67805425936692,-0.352424606880005,-2.34666267413246,-5.96513468011545,-6.67193914699123,-6.2079642240941,-52.7795072829256,-55.7504333788442,-6.02101592246838,4.51337953185423,0.240734471416654
0.0671530331739789,0.847748505606093,2.4419061229397,0.461054938367788,0.0131483819046554,0.00352263422943061,0.0118926199985887,4.00063087306414e-23,2.85666274176926e-24,0.0268879621937166,-4.0548917094817,-1.51928178332953,-0.46133159032,-2.12834859349646,-5.68556709958009,-7.00265673119556,-5.78594776200924,-52.9271155944883,-55.5664986844345,-4.97018711720054,1.35411052257494,0.751474343754583
0.274510336615677,2.52474606582913,5.89172783689285,1.02426590764523,0.0325505551815548,0.0186542283376245,0.0364698029340305,1.52489543547408e-22,8.24082485431343e-24,0.0670896844705496,-3.58226767680755,-1.36336082454358,-0.515952008665016,-2.26552514588286,-5.71446216842919,-6.27118375229861,-5.60077199191019,-52.5244475192878,-55.4424431034921,-4.99122629472075,2.28950131422514,1.04407284290316
0.435394290933838,4.00443945634977,9.34472885627807,1.62456370162577,0.0516276584244532,0.0295870261940224,0.0578438837120722,2.41860024311582e-22,1.30705755505923e-23,0.106409346763235,-3.58226767680755,-1.36336082454358,-0.515952008665016,-2.26552514588286,-5.71446216842919,-6.27118375229861,-5.60077199191019,-52.5244475192878,-55.4424431034921,-4.99122629472075,2.75076443430709,0.806386742468942
0.0396214301450657,0.364409045992791,0.850382123315127,0.147837347802881,0.00469818209474094,0.0026924567362433,0.0052638664436816,2.20095675521879e-23,1.18943887624906e-24,0.00968338489353839,-3.58226767680755,-1.36336082454358,-0.515952008665016,-2.26552514588286,-5.71446216842919,-6.27118375229861,-5.60077199191019,-52.5244475192878,-55.4424431034921,-4.99122629472075,0.353882534988165,1.5794251548591
0.0811135378941889,0.746023221597479,1.7409140036469,0.302654656060636,0.00961818313928346,0.00551203454050315,0.0107762599352484,4.50582900501745e-23,2.43503566146423e-24,0.0198239590199108,-3.58226767680755,-1.36336082454358,-0.515952008665016,-2.26552514588286,-5.71446216842919,-6.27118375229861,-5.60077199191019,-52.5244475192878,-55.4424431034921,-4.99122629472075,1.07036227342749,0.323576915938399
0.158324270318243,1.45615128209502,3.39806333775948,0.590746980383556,0.0187735841247702,0.0107588556639278,0.0210340164576912,8.79485851460157e-23,4.7529087536921e-24,0.0386940815075827,-3.58226767680755,-1.36336082454358,-0.515952008665016,-2.26552514588286,-5.71446216842919,-6.27118375229861,-5.60077199191019,-52.5244475192878,-55.4424431034921,-4.99122629472075,1.73915767145837,0.454248541351761
0.0746518254822236,0.321801161310612,0.94856042052715,0.237651088655818,0.00318473040522025,0.00259670269968487,0.00556364239559809,1.20185039052804e-23,1.08671354579123e-24,0.00821119356112802,-3.06631094645768,-1.60521208067702,-0.524200435543105,-1.90834234005469,-6.22077828372623,-6.42490347626299,-5.66289292312953,-53.2469854226543,-55.6502748308213,-5.2736476321834,0.47139064504284,0.241939521918935
0.136581823018552,0.588762417762395,1.73547144549992,0.434802748911803,0.0058267333954368,0.00475088701808916,0.0101791539068932,2.19888684936399e-23,1.98823426251597e-24,0.0150230724900909,-3.06631094645768,-1.60521208067702,-0.524200435543105,-1.90834234005469,-6.22077828372623,-6.42490347626299,-5.66289292312953,-53.2469854226543,-55.6502748308213,-5.2736476321834,1.07547953854388,0.48751067221873
0.428079509957657,1.84531968974362,5.43937509044818,1.36277392971337,0.0182623508856937,0.0148903956735997,0.0319038589465493,6.89182780054285e-23,6.23159312102064e-24,0.0470858373939184,-3.06631094645768,-1.60521208067702,-0.524200435543105,-1.90834234005469,-6.22077828372623,-6.42490347626299,-5.66289292312953,-53.2469854226543,-55.6502748308213,-5.2736476321834,2.21786461673316,0.558103385334606
0.533875769786686,2.30137497111658,6.7836710144309,1.69957207445625,0.0227757377085828,0.0185704320523486,0.0397886300513183,8.59508522754578e-23,7.77167908553107e-24,0.058722707113955,-3.06631094645768,-1.60521208067702,-0.524200435543105,-1.90834234005469,-6.22077828372623,-6.42490347626299,-5.66289292312953,-53.2469854226543,-55.6502748308213,-5.2736476321834,2.43871883852175,0.84459483212955
0.0378680161049332,0.163237422265022,0.481168424870973,0.120551308617582,0.00161549193868633,0.00131720797202481,0.00282222301300276,6.09652739906187e-24,5.51248221830433e-25,0.00416522446711718,-3.06631094645768,-1.60521208067702,-0.524200435543105,-1.90834234005469,-6.22077828372623,-6.42490347626299,-5.66289292312953,-53.2469854226543,-55.6502748308213,-5.2736476321834,-0.207337478966547,0.370968457087824
0.0430618512637124,0.185626455285374,0.547163682596231,0.137085674278562,0.00183706675809654,0.00149787128054272,0.00320930854371109,6.93270424719582e-24,6.26855361846e-25,0.00473651104367228,-3.06631094645768,-1.60521208067702,-0.524200435543105,-1.90834234005469,-6.22077828372623,-6.42490347626299,-5.66289292312953,-53.2469854226543,-55.6502748308213,-5.2736476321834,-0.0788068488576772,1.31679060425068
0.0804987367558386,0.494117904293859,0.414822383777093,0.19883703075248,0.00544381377360736,0.00381923748334564,0.0044745982733188,9.6793913196474e-24,1.0234153100895e-24,0.00803138885715957,-2.7101714138101,-0.89563874426767,-1.07056246791956,-1.80592735737058,-5.4039330290734,-5.75836211463364,-5.59999632926572,-53.1827008394027,-55.4295544812105,-5.01505543408399,0.190657626655302,1.17373541301613
0.0985357175302147,0.453681087869676,1.20645634506811,0.225690796622598,0.00646568978131091,0.00326468108971343,0.00264946036632315,5.43093889955572e-24,1.47992351530768e-24,0.00728531513136035,-3.01249588282441,-1.48552047821189,-0.507472278501197,-2.18374907383922,-5.73640527854963,-6.41975289726813,-6.62855899588176,-54.2650899039911,-55.5652115250741,-5.61705428351715,0.695159700811501,1.00985576229321
0.103261643148163,0.475440335473314,1.26431985985244,0.236515276762674,0.00677579427682884,0.00342126025088489,0.00277653258879016,5.69141514023518e-24,1.55090293910345e-24,0.00763473012804483,-3.01249588282441,-1.48552047821189,-0.507472278501197,-2.18374907383922,-5.73640527854963,-6.41975289726813,-6.62855899588176,-54.2650899039911,-55.5652115250741,-5.61705428351715,0.742006595893905,1.17843556405542
0.0125216696843562,0.0576526448148258,0.153313419947505,0.028680215427881,0.000821643498950184,0.000414867413104498,0.000336686720109578,6.90149974858661e-25,1.88064936058458e-25,0.000925799414748908,-3.01249588282441,-1.48552047821189,-0.507472278501197,-2.18374907383922,-5.73640527854963,-6.41975289726813,-6.62855899588176,-54.2650899039911,-55.5652115250741,-5.61705428351715,-1.36779867800731,0.41479428961163
0.0161807471069186,0.12178545917399,0.183491418550139,0.0231692900106359,0.00190401885115423,0.000493102465730186,0.00131406301034264,2.09730095159311e-24,1.86899430020681e-25,0.00113594596136333,-3.07260721077462,-1.05416833071466,-0.644261395049043,-2.71360160069491,-5.21246245891933,-6.56346758135354,-5.58330542406649,-53.470064992004,-55.8879008631046,-5.7289635461107,-1.05132598292634,0.872855672944948
0.0495007835056018,0.372570908430076,0.56134422748023,0.0708804112206041,0.00582485000963093,0.00150851862654423,0.00402003369546995,6.41614627958139e-24,5.71770151380605e-25,0.00347513095260392,-3.07260721077462,-1.05416833071466,-0.644261395049043,-2.71360160069491,-5.21246245891933,-6.56346758135354,-5.58330542406649,-53.470064992004,-55.8879008631046,-5.7289635461107,0.0668404296378569,1.59931380042592
0.178419897100895,1.9882304005108,2.13127211823277,0.681990918200765,0.0175278289358343,0.00983222658286292,0.0168577391305231,5.65522341861163e-23,2.81235723882157e-24,0.0162517626580117,-3.34109758392482,-0.930237052555926,-0.860763009651836,-2.00022098735261,-5.66144748592072,-6.2395719112382,-5.7004274817518,-52.8443595716254,-55.8455012748491,-5.73703595453082,1.61748204970411,2.64807648466763
0.178651198547032,1.99080791890626,2.1340350742207,0.682875043167744,0.0175505518061329,0.00984497296521333,0.0168795933043168,5.6625547834213e-23,2.81600314551114e-24,0.0162728312510676,-3.34109758392482,-0.930237052555926,-0.860763009651836,-2.00022098735261,-5.66144748592072,-6.2395719112382,-5.7004274817518,-52.8443595716254,-55.8455012748491,-5.73703595453082,1.61877759830106,1.3216908199528
0.31389555995059,1.72486962698169,2.37186557000225,0.461799114085054,0.0250204754474902,0.00590430236246614,0.0112637464612897,3.14240142503041e-23,2.12378504827602e-24,0.0163846909498732,-2.75423739315088,-1.05039096406137,-0.731865627289824,-2.36816773358602,-5.28360320455362,-6.72761641296763,-6.08170842171027,-53.4100122793276,-56.1043847681024,-5.70695029190794,1.59554243312715,0.555416735071319
0.252769911275112,1.38898155374331,1.90998639732379,0.371871845248715,0.0201481771832604,0.00475454314975632,0.00907032961566496,2.53047392425924e-23,1.710215201211e-24,0.0131940600826641,-2.75423739315088,-1.05039096406137,-0.731865627289824,-2.36816773358602,-5.28360320455362,-6.72761641296763,-6.08170842171027,-53.4100122793276,-56.1043847681024,-5.70695029190794,1.378961747503,2.72888152926001
0.229817428948937,1.26285667439018,1.7365522697939,0.338104448201274,0.0183186450274331,0.00432281230385258,0.00824670872207868,2.30069713741616e-23,1.55492106837006e-24,0.0119959885664375,-2.75423739315088,-1.05039096406137,-0.731865627289824,-2.36816773358602,-5.28360320455362,-6.72761641296763,-6.08170842171027,-53.4100122793276,-56.1043847681024,-5.70695029190794,1.28376732069754,1.49892029254776
0.216937868791166,1.19208293637196,1.63923141154474,0.319156204805923,0.0172920210167185,0.00408055077750598,0.00778454194223352,2.17176014894804e-23,1.46777929008001e-24,0.0113237024952723,-2.75423739315088,-1.05039096406137,-0.731865627289824,-2.36816773358602,-5.28360320455362,-6.72761641296763,-6.08170842171027,-53.4100122793276,-56.1043847681024,-5.70695029190794,1.22609310777739,0.9894999968932
0.07247795226301,0.398269470597077,0.547659736200028,0.106628631991563,0.00577718533312947,0.00136329339873606,0.00260077994875911,7.25575157897805e-24,4.90378364606603e-25,0.00378319734339668,-2.75423739315088,-1.05039096406137,-0.731865627289824,-2.36816773358602,-5.28360320455362,-6.72761641296763,-6.08170842171027,-53.4100122793276,-56.1043847681024,-5.70695029190794,0.129764523062439,1.11953386906416
0.118826454619377,0.652956488097962,0.897879462078083,0.174815953056914,0.00947160383786383,0.00223509793143649,0.00426393752730141,1.18956897761159e-23,8.03967560739006e-25,0.0062024921152567,-2.75423739315088,-1.05039096406137,-0.731865627289824,-2.36816773358602,-5.28360320455362,-6.72761641296763,-6.08170842171027,-53.4100122793276,-56.1043847681024,-5.70695029190794,0.624146178288615,1.82731845185928
0.502731635391505,2.762531998051,3.79875349980654,0.739612321636128,0.040072515017319,0.00945626495320854,0.0180398909752366,5.03283514972564e-23,3.40143049716249e-24,0.0262415386758282,-2.75423739315088,-1.05039096406137,-0.731865627289824,-2.36816773358602,-5.28360320455362,-6.72761641296763,-6.08170842171027,-53.4100122793276,-56.1043847681024,-5.70695029190794,2.06653861384305,2.21656782401768
0.43566273799373,2.39398551700238,3.29196580079978,0.640941421653249,0.034726483041284,0.00819471461647864,0.0156332081414758,4.36140991901781e-23,2.94764924100145e-24,0.0227406826701419,-2.75423739315088,-1.05039096406137,-0.731865627289824,-2.36816773358602,-5.28360320455362,-6.72761641296763,-6.08170842171027,-53.4100122793276,-56.1043847681024,-5.70695029190794,1.92335052147225,1.11190831405631
0.531673580791194,2.92156923506558,4.01744535971438,0.78219133978974,0.0423794646103286,0.0100006562043134,0.0190784362006928,5.32257231734105e-23,3.5972487206428e-24,0.0277522476228954,-2.75423739315088,-1.05039096406137,-0.731865627289824,-2.36816773358602,-5.28360320455362,-6.72761641296763,-6.08170842171027,-53.4100122793276,-56.1043847681024,-5.70695029190794,2.12251184525795,0.935909395102566
0.610178693491805,3.35295821196405,4.61064767806841,0.897687052765088,0.048637072220762,0.0114773190868876,0.0218954932037095,6.10848524347926e-23,4.12840623237383e-24,0.0318500501206018,-2.75423739315088,-1.05039096406137,-0.731865627289824,-2.36816773358602,-5.28360320455362,-6.72761641296763,-6.08170842171027,-53.4100122793276,-56.1043847681024,-5.70695029190794,2.26023396858801,2.79142589655806
0.863777233735935,3.39037552835692,10.4200281498222,3.49488289761122,0.051564193312205,0.0136876158010986,0.0597353881831213,1.15292879734537e-22,8.6254628909016e-24,0.0530571378601938,-3.05591234253253,-1.68853127720233,-0.565742229946065,-1.65817209835228,-5.87439974321826,-7.20073577887305,-5.7273026351001,-53.4240385285288,-56.0167955696555,-5.84585784108545,2.90947196778608,1.06219887809059
0.0907837108783826,0.356331308252092,1.09515368772414,0.367315120309753,0.00541943991402226,0.00143857988723189,0.00627823934021663,1.21173782444886e-23,9.06543375649118e-25,0.00557634963670141,-3.05591234253253,-1.68853127720233,-0.565742229946065,-1.65817209835228,-5.87439974321826,-7.20073577887305,-5.7273026351001,-53.4240385285288,-56.0167955696555,-5.84585784108545,0.656636937451792,1.91592786426128
0.127800385441117,0.50162389374412,1.5416979770292,0.517086308763291,0.00762919364262229,0.00202515475846067,0.00883816490654521,1.70581880295245e-23,1.27618260705661e-24,0.0078500826418032,-3.05591234253253,-1.68853127720233,-0.565742229946065,-1.65817209835228,-5.87439974321826,-7.20073577887305,-5.7273026351001,-53.4240385285288,-56.0167955696555,-5.84585784108545,0.998626621460455,1.60560877968734
0.1225644358598,0.549861672298631,1.05955737928401,0.669564647427073,0.0102314980647714,0.00140618302871865,0.0200744678144031,9.10482952892046e-24,1.15880469630403e-24,0.00809561274338264,-2.99167196053084,-1.49064211755892,-0.834702326053542,-1.29368113801427,-5.47483785160464,-7.45942989742696,-4.8008601096276,-53.9457908219103,-56.0072067724809,-5.70898658092033,0.892553580259059,2.01471743236983
0.564551696667732,1.07357346053327,2.98389090703754,1.50553346587901,0.0313791165838279,0.00462663214353996,0.0501800779518941,3.58055326143297e-23,7.69385114187398e-24,0.0716506331446622,-2.40995057464077,-1.7672344877659,-0.744999132256593,-1.42907995685405,-5.29983993890389,-7.21415332899635,-4.83036443922561,-53.5221670627172,-55.0598480296402,-4.47418054274131,1.83822725462603,1.74546135559877
0.526241514670329,0.884077745142669,3.2344610792191,0.716166595261215,0.0202929514532697,0.00112153265693922,0.07933574131385,4.1153298197302e-23,5.87836873622045e-24,0.097502924198523,-2.35744924637037,-1.83866450133057,-0.541591904696542,-2.04929669225322,-5.61293590039258,-8.50851331355809,-4.24952076985676,-53.2601923854561,-55.206217162362,-4.0433271377613,1.71545422811294,1.72174374238932
0.496226595901919,0.833653137874577,3.04997908027767,0.675319034621912,0.0191355146633905,0.00105756447758484,0.074810716653911,3.88060624357564e-23,5.54308777645249e-24,0.0919417089239459,-2.35744924637037,-1.83866450133057,-0.541591904696542,-2.04929669225322,-5.61293590039258,-8.50851331355809,-4.24952076985676,-53.2601923854561,-55.206217162362,-4.0433271377613,1.65672663636699,1.52366473233799
0.395152633627391,0.663850417699073,2.42874379574445,0.537766611611243,0.0152378955047965,0.000842154354481688,0.0595728885825146,3.09018458479177e-23,4.41404340553711e-24,0.0732145530319,-2.35744924637037,-1.83866450133057,-0.541591904696542,-2.04929669225322,-5.61293590039258,-8.50851331355809,-4.24952076985676,-53.2601923854561,-55.206217162362,-4.0433271377613,1.42896607189716,1.15034179887598
0.463985009269875,0.77948776244361,2.85181121592941,0.631441182570359,0.0178922129966447,0.000988850795157059,0.0699500013639166,3.62846961200374e-23,5.1829338745265e-24,0.0859679328348557,-2.35744924637037,-1.83866450133057,-0.541591904696542,-2.04929669225322,-5.61293590039258,-8.50851331355809,-4.24952076985676,-53.2601923854561,-55.206217162362,-4.0433271377613,1.58954621148456,1.21954994897998
0.478336562060913,0.803598152971704,2.94002078821686,0.650972333976208,0.0184456382889271,0.00101943700830108,0.0721136297511509,3.74070205949013e-23,5.3432475648972e-24,0.08862701298134,-2.35744924637037,-1.83866450133057,-0.541591904696542,-2.04929669225322,-5.61293590039258,-8.50851331355809,-4.24952076985676,-53.2601923854561,-55.206217162362,-4.0433271377613,1.6200085568442,0.744203002405317
0.44143612602559,0.741605981363337,2.71321803542143,0.600754213774066,0.0170226818398557,0.000940794326347642,0.0665505501269585,3.45213215281458e-23,4.93105209286409e-24,0.0817900373392748,-2.35744924637037,-1.83866450133057,-0.541591904696542,-2.04929669225322,-5.61293590039258,-8.50851331355809,-4.24952076985676,-53.2601923854561,-55.206217162362,-4.0433271377613,1.5397273020521,0.248177185061295
0.697829033046822,1.17234216767867,4.28909689641843,0.949681522151764,0.0269097178681781,0.00148722217404801,0.105204135560797,5.45718372403621e-23,7.79508316378118e-24,0.129294951872654,-2.35744924637037,-1.83866450133057,-0.541591904696542,-2.04929669225322,-5.61293590039258,-8.50851331355809,-4.24952076985676,-53.2601923854561,-55.206217162362,-4.0433271377613,1.99766810181998,0.818698249426305
0.126607151835722,0.212698090503143,0.778171036581876,0.172300759894839,0.00488223128395444,0.000269826783762543,0.0190871908933575,9.90097080552576e-24,1.41426227765262e-24,0.0234579887452679,-2.35744924637037,-1.83866450133057,-0.541591904696542,-2.04929669225322,-5.61293590039258,-8.50851331355809,-4.24952076985676,-53.2601923854561,-55.206217162362,-4.0433271377613,0.290782967096103,1.63932971371553
0.166342367773509,0.423603759778536,1.01888362147219,0.257741118238728,0.00356792496534997,0.000465307806518908,0.0181320581763605,1.17566383383113e-23,1.67012557581896e-24,0.0285616325523998,-2.44462395217936,-1.5098735835959,-0.632209254923994,-2.00671640957761,-6.28668788845342,-8.32372821594304,-4.6609905314948,-53.4485409799141,-55.4000602072315,-4.20660777502279,0.650916794077209,1.88929821865703
0.102195854588262,0.260249681526191,0.625972106902496,0.158348556615508,0.00219202807932378,0.000285871420313896,0.0111398028390477,7.22293254659439e-24,1.02607599479964e-24,0.0175474263484259,-2.44462395217936,-1.5098735835959,-0.632209254923994,-2.00671640957761,-6.28668788845342,-8.32372821594304,-4.6609905314948,-53.4485409799141,-55.4000602072315,-4.20660777502279,0.163759788385488,2.28960012854149
0.196504547398608,0.500414092968599,1.20363361162358,0.304476258595004,0.00421488217254981,0.000549680163537977,0.0214198699528093,1.38884213716651e-23,1.97296259977493e-24,0.0337405962942441,-2.44462395217936,-1.5098735835959,-0.632209254923994,-2.00671640957761,-6.28668788845342,-8.32372821594304,-4.6609905314948,-53.4485409799141,-55.4000602072315,-4.20660777502279,0.817554246216413,1.68663456249265
0.166006482931698,0.422748402939816,1.0168262528739,0.257220677560346,0.00356072047542584,0.0004643682392813,0.0180954452341871,1.17328988865929e-23,1.66675319467308e-24,0.028503959816583,-2.44462395217936,-1.5098735835959,-0.632209254923994,-2.00671640957761,-6.28668788845342,-8.32372821594304,-4.6609905314948,-53.4485409799141,-55.4000602072315,-4.20660777502279,0.648895514596595,2.61621168025156
0.772989023942067,2.08353576341668,5.24035475671517,1.81859581436777,0.028310743254443,0.0018549780067504,0.109868791926421,5.15495415096143e-23,9.49572356608996e-24,0.09121469350336,-2.57464138025968,-1.58308461366555,-0.660761752760905,-1.71908627772674,-5.88166487653756,-8.60703338965767,-4.52561937627694,-53.63664986599,-55.3283516360023,-4.71169023236912,2.3171509504654,0.838701711477125
0.118944651205409,0.320606667077547,0.806366131243808,0.279838701616289,0.00435635096678679,0.000285437056895607,0.016906197538747,7.93225006403111e-24,1.46116631999706e-24,0.0140357748525787,-2.57464138025968,-1.58308461366555,-0.660761752760905,-1.71908627772674,-5.88166487653756,-8.60703338965767,-4.52561937627694,-53.63664986599,-55.3283516360023,-4.71169023236912,0.445544370268175,0.624599063839178
0.12529605739042,0.337726421077376,0.849424467885786,0.294781527899261,0.00458897138472173,0.000300678824139661,0.0178089546322726,8.35581633293994e-24,1.53918967546625e-24,0.0147852571227494,-2.57464138025968,-1.58308461366555,-0.660761752760905,-1.71908627772674,-5.88166487653756,-8.60703338965767,-4.52561937627694,-53.63664986599,-55.3283516360023,-4.71169023236912,0.497565497324739,1.37027447531207
0.5726490414106,1.54353389337995,3.88218206874478,1.34725994490846,0.0209732861452551,0.00137421275658757,0.081393469284657,3.81891522600052e-23,7.03466262676063e-24,0.0675740601475546,-2.57464138025968,-1.58308461366555,-0.660761752760905,-1.71908627772674,-5.88166487653756,-8.60703338965767,-4.52561937627694,-53.63664986599,-55.3283516360023,-4.71169023236912,2.01715913716649,1.97753454234488
0.0853710181117279,0.230111377892488,0.578759085822336,0.200850686617174,0.00312671577509058,0.000204868835269534,0.0121342093289117,5.69327209773985e-24,1.04873363454819e-24,0.0100739997722331,-2.57464138025968,-1.58308461366555,-0.660761752760905,-1.71908627772674,-5.88166487653756,-8.60703338965767,-4.52561937627694,-53.63664986599,-55.3283516360023,-4.71169023236912,0.113892778101056,1.54425810879953
0.0915675342475816,0.246813637016166,0.62076737028928,0.215429106179792,0.00335366334091697,0.000219738905599723,0.0130149511258998,6.1065089689844e-24,1.12485425525095e-24,0.0108052046181157,-2.57464138025968,-1.58308461366555,-0.660761752760905,-1.71908627772674,-5.88166487653756,-8.60703338965767,-4.52561937627694,-53.63664986599,-55.3283516360023,-4.71169023236912,0.183962880521051,3.17562298169866
0.101879565600716,0.274608968453292,0.690676128213435,0.239690016070597,0.00373134175940411,0.000244485170776212,0.0144806516623684,6.79420371214635e-24,1.25153160266637e-24,0.0120220508476732,-2.57464138025968,-1.58308461366555,-0.660761752760905,-1.71908627772674,-5.88166487653756,-8.60703338965767,-4.52561937627694,-53.63664986599,-55.3283516360023,-4.71169023236912,0.290677487546925,2.88417217455927
0.207000836670273,0.557955718517439,1.4033288772421,0.487006727753225,0.00758141106653826,0.00049674961417184,0.0294220631190047,1.38045921635995e-23,2.54288568412785e-24,0.0244266312806444,-2.57464138025968,-1.58308461366555,-0.660761752760905,-1.71908627772674,-5.88166487653756,-8.60703338965767,-4.52561937627694,-53.63664986599,-55.3283516360023,-4.71169023236912,0.99960893642012,1.07677727258454
0.133407844706115,0.359591154539292,0.904417025255462,0.313865967655122,0.00488606580769053,0.000320145060528521,0.018961923490995,8.89677992232581e-24,1.63883829606882e-24,0.0157424688952946,-2.57464138025968,-1.58308461366555,-0.660761752760905,-1.71908627772674,-5.88166487653756,-8.60703338965767,-4.52561937627694,-53.63664986599,-55.3283516360023,-4.71169023236912,0.560297038922978,0.642523684236733
0.0870425281530731,0.234616811788938,0.590090819294294,0.204783214855883,0.00318793487414895,0.000208880036294027,0.0123717894021693,5.80474273133392e-24,1.06926716969416e-24,0.0102712422574259,-2.57464138025968,-1.58308461366555,-0.660761752760905,-1.71908627772674,-5.88166487653756,-8.60703338965767,-4.52561937627694,-53.63664986599,-55.3283516360023,-4.71169023236912,0.133282929839649,1.18089838712066
0.660092242953817,1.77923069118674,4.47498918884141,1.55298581603458,0.0241758956928158,0.00158405430760378,0.0938222083975837,4.40206153313665e-23,8.1088518375644e-24,0.0778925828958348,-2.57464138025968,-1.58308461366555,-0.660761752760905,-1.71908627772674,-5.88166487653756,-8.60703338965767,-4.52561937627694,-53.63664986599,-55.3283516360023,-4.71169023236912,2.15926568858344,1.08585123565275
0.0395655578522646,0.106646087113008,0.268228335553628,0.0930850965209137,0.00144908959296972,9.49473244347931e-05,0.00562365041220692,2.63857092880172e-24,4.86040019284156e-25,0.00466883761735568,-2.57464138025968,-1.58308461366555,-0.660761752760905,-1.71908627772674,-5.88166487653756,-8.60703338965767,-4.52561937627694,-53.63664986599,-55.3283516360023,-4.71169023236912,-0.655154910120499,0.473835891508546
0.0426547288169733,0.114972723048218,0.289170873232443,0.100352927256252,0.00156223056048947,0.000102360552852194,0.00606272971532022,2.84458335840056e-24,5.23988699822554e-25,0.00503336773873875,-2.57464138025968,-1.58308461366555,-0.660761752760905,-1.71908627772674,-5.88166487653756,-8.60703338965767,-4.52561937627694,-53.63664986599,-55.3283516360023,-4.71169023236912,-0.579975755972604,0.431420528645244
0.240431053363533,0.648064439213059,1.62996365424467,0.565657329855857,0.00880579362881148,0.000576973672736926,0.0341736668393211,1.60340058935852e-23,2.95355658195613e-24,0.0283714828567712,-2.57464138025968,-1.58308461366555,-0.660761752760905,-1.71908627772674,-5.88166487653756,-8.60703338965767,-4.52561937627694,-53.63664986599,-55.3283516360023,-4.71169023236912,1.14931946932156,0.555886881393205
0.224592314216939,0.605372268383697,1.52258746977578,0.528393845091269,0.00822569939258734,0.000538964707717275,0.0319224277120183,1.49777428473992e-23,2.75898682234368e-24,0.0265024708889576,-2.57464138025968,-1.58308461366555,-0.660761752760905,-1.71908627772674,-5.88166487653756,-8.60703338965767,-4.52561937627694,-53.63664986599,-55.3283516360023,-4.71169023236912,1.08117292312522,0.407076880352331
0.278211600364699,0.749899159241727,1.8860907958426,0.654542867053335,0.0101895071525918,0.000667637422931928,0.0395436047411154,1.8553536980793e-23,3.41766877422137e-24,0.0328296846013783,-2.57464138025968,-1.58308461366555,-0.660761752760905,-1.71908627772674,-5.88166487653756,-8.60703338965767,-4.52561937627694,-53.63664986599,-55.3283516360023,-4.71169023236912,1.29526807782961,0.867259148671196
0.437983679009482,1.18055319124099,2.96923990454096,1.03043544052669,0.0160411637190377,0.00105104997188047,0.0622528085209495,2.92085102664085e-23,5.38037645233735e-24,0.0516832009290188,-2.57464138025968,-1.58308461366555,-0.660761752760905,-1.71908627772674,-5.88166487653756,-8.60703338965767,-4.52561937627694,-53.63664986599,-55.3283516360023,-4.71169023236912,1.74906774842429,1.55255865447259
0.540476624387881,1.45681548032857,3.66407434229838,1.27156854293068,0.0197949705288702,0.00129700709887099,0.076820642915645,3.60436194058396e-23,6.63944307119347e-24,0.0637776321685081,-2.57464138025968,-1.58308461366555,-0.660761752760905,-1.71908627772674,-5.88166487653756,-8.60703338965767,-4.52561937627694,-53.63664986599,-55.3283516360023,-4.71169023236912,1.95933748929555,1.65783792299737
0.437830213492145,1.09171983110954,2.39657465329921,0.603697342027115,0.0127398091456124,0.0008999393777698,0.0946894620925664,1.26816057487842e-23,3.47101867117952e-24,0.10059353217012,-2.38169637105078,-1.46801800737793,-0.681731796762021,-2.06045458285786,-5.91879589653572,-8.5689554418064,-3.91292484858769,-54.2776619413905,-55.573366402663,-3.85243960279112,1.55577228686423,0.897769095436963
0.356248867223576,0.888298571394189,1.9500184755292,0.491209806028842,0.0103659876292443,0.00073225276378998,0.0770458789023057,1.0318629330183e-23,2.82426025343673e-24,0.0818498376340726,-2.38169637105078,-1.46801800737793,-0.681731796762021,-2.06045458285786,-5.91879589653572,-8.5689554418064,-3.91292484858769,-54.2776619413905,-55.573366402663,-3.85243960279112,1.34957064392315,1.80754198818486
0.215168549730145,0.536517959548473,1.17777959715808,0.296682772355654,0.00626088874917133,0.000442268817437952,0.0465344638294373,6.23228510305699e-24,1.70580748095711e-24,0.0494359771488581,-2.38169637105078,-1.46801800737793,-0.681731796762021,-2.06045458285786,-5.91879589653572,-8.5689554418064,-3.91292484858769,-54.2776619413905,-55.573366402663,-3.85243960279112,0.845362765299494,1.21054250583724
0.39695512586185,0.989798715596721,2.17283450027319,0.547337180034829,0.0115504421280493,0.000815922560760085,0.0858494141894569,1.149767250183e-23,3.14697024332154e-24,0.0912022902782023,-2.38169637105078,-1.46801800737793,-0.681731796762021,-2.06045458285786,-5.91879589653572,-8.5689554418064,-3.91292484858769,-54.2776619413905,-55.573366402663,-3.85243960279112,1.45776433327354,1.2330501590969
0.423087192794245,1.0549584392038,2.31587499249728,0.583369091178953,0.0123108226021233,0.000869635793264997,0.0915009916387594,1.22545790834801e-23,3.35413934550705e-24,0.097206254451138,-2.38169637105078,-1.46801800737793,-0.681731796762021,-2.06045458285786,-5.91879589653572,-8.5689554418064,-3.91292484858769,-54.2776619413905,-55.573366402663,-3.85243960279112,1.52151937941037,1.24164548388817
0.72971958174851,1.81953943331071,3.99430509759911,1.00616576552138,0.0212330897110619,0.00149990422339132,0.157816323645327,2.11360837094637e-23,5.78505140787831e-24,0.167656474952481,-2.38169637105078,-1.46801800737793,-0.681731796762021,-2.06045458285786,-5.91879589653572,-8.5689554418064,-3.91292484858769,-54.2776619413905,-55.573366402663,-3.85243960279112,2.06660141782141,0.236978573383025
0.0361591411935063,0.0901620086973482,0.197926224821804,0.0498576314649299,0.00105214428670941,7.43234112758603e-05,0.00782013100930892,1.04733743515144e-24,2.86661473669013e-25,0.00830773121818404,-2.38169637105078,-1.46801800737793,-0.681731796762021,-2.06045458285786,-5.91879589653572,-8.5689554418064,-3.91292484858769,-54.2776619413905,-55.573366402663,-3.85243960279112,-0.938129122869002,0.511051472834193
0.474185376101823,1.18237061481775,2.59557385102929,0.653825255451298,0.0137976571854058,0.000974665701832083,0.102551986618549,1.37346208787169e-23,3.75923415819553e-24,0.108946300222277,-2.38169637105078,-1.46801800737793,-0.681731796762021,-2.06045458285786,-5.91879589653572,-8.5689554418064,-3.91292484858769,-54.2776619413905,-55.573366402663,-3.85243960279112,1.63553942613083,0.909047690458077
0.540610791017933,1.34800089915832,2.95917019686642,0.745415203317296,0.0157304774485385,0.00111120001290876,0.116917799241471,1.5658610812958e-23,4.28583978820831e-24,0.124207848891981,-2.38169637105078,-1.46801800737793,-0.681731796762021,-2.06045458285786,-5.91879589653572,-8.5689554418064,-3.91292484858769,-54.2776619413905,-55.573366402663,-3.85243960279112,1.76664068689921,1.19506016633175
0.183604871697573,0.457814635316753,1.00500780479041,0.253161544387212,0.00534246141894839,0.000377391164198361,0.0397081928173734,5.31805372190583e-24,1.45557779738111e-24,0.0421840750102365,-2.38169637105078,-1.46801800737793,-0.681731796762021,-2.06045458285786,-5.91879589653572,-8.5689554418064,-3.91292484858769,-54.2776619413905,-55.573366402663,-3.85243960279112,0.686727104203512,0.397216412204682
0.0853919392070805,0.21292288786037,0.467414424115406,0.117741729878996,0.00248470063177003,0.000175519108248922,0.0184676994446493,2.47334896902397e-24,6.76967934651955e-25,0.0196191960239182,-2.38169637105078,-1.46801800737793,-0.681731796762021,-2.06045458285786,-5.91879589653572,-8.5689554418064,-3.91292484858769,-54.2776619413905,-55.573366402663,-3.85243960279112,-0.0788072002675957,0.279486179317415
0.102022648333896,0.410310109603025,0.57033183142595,0.142934926254757,0.00292742396368007,0.000474488103319193,0.0244062314008345,5.84363191115869e-24,9.1792301117428e-25,0.028964983171698,-2.53127243670535,-1.139554029147,-0.810248915995637,-2.1940778022984,-6.08234442480239,-7.90198600111289,-3.96162878285702,-53.7454017145715,-55.5963959784078,-3.79037964427006,0.248711988848875,0.622810565974875
0.0308460183802442,0.124055132748499,0.172436870070528,0.0432156333366643,0.000885091446508174,0.000143459016161692,0.00737909743255031,1.76679178871203e-24,2.77529259794012e-25,0.00875741237743208,-2.53127243670535,-1.139554029147,-0.810248915995637,-2.1940778022984,-6.08234442480239,-7.90198600111289,-3.96162878285702,-53.7454017145715,-55.5963959784078,-3.79037964427006,-0.947475164104304,0.439390919949883
0.223092759832983,0.897224451958285,1.24714369183006,0.312555571683816,0.00640139323889336,0.00103756236684779,0.053369066665618,1.27782604333292e-23,2.00722076148101e-24,0.0633376817776954,-2.53127243670535,-1.139554029147,-0.810248915995637,-2.1940778022984,-6.08234442480239,-7.90198600111289,-3.96162878285702,-53.7454017145715,-55.5963959784078,-3.79037964427006,1.03110480607116,0.517682189110224
0.306876803519384,1.23418335970436,1.71551721339901,0.429937999029238,0.0088054811670843,0.00142722615843126,0.0734121922980326,1.75772253624635e-23,2.76104653374757e-24,0.0871245904206769,-2.53127243670535,-1.139554029147,-0.810248915995637,-2.1940778022984,-6.08234442480239,-7.90198600111289,-3.96162878285702,-53.7454017145715,-55.5963959784078,-3.79037964427006,1.34996353330364,1.50343108038573
0.0696533099938948,0.280128556987412,0.389379226107573,0.0975851037976767,0.00199862258190389,0.000323944413212479,0.0166627197912119,3.98958772042503e-24,6.26688064777567e-25,0.0197750890098775,-2.53127243670535,-1.139554029147,-0.810248915995637,-2.1940778022984,-6.08234442480239,-7.90198600111289,-3.96162878285702,-53.7454017145715,-55.5963959784078,-3.79037964427006,-0.132952619936881,1.35792596533548
0.0903072920944595,0.363193815513994,0.50484009317997,0.126521574832515,0.00259126512876987,0.000420002190117193,0.0216036409957401,5.1726021869811e-24,8.12517052282799e-25,0.0256389070320632,-2.53127243670535,-1.139554029147,-0.810248915995637,-2.1940778022984,-6.08234442480239,-7.90198600111289,-3.96162878285702,-53.7454017145715,-55.5963959784078,-3.79037964427006,0.126735368977184,1.83458101365047
0.0332161411847155,0.123677512227526,0.186935500074808,0.033842700586556,0.00118208515181147,0.000146708231036058,0.00632010212433264,1.0972457006777e-24,3.00029414418915e-25,0.00328830159851698,-2.45953789039798,-1.14489635838866,-0.731810190465446,-2.44085049231454,-5.79529387159686,-7.88188331589421,-4.118838461494,-54.2240576500025,-55.5207355423799,-4.77220262840546,-0.94518145054653,1.70473489672031
0.0812171584516136,0.302405268921076,0.457078082772405,0.0827491658553525,0.0028903296305276,0.000358717937160451,0.0154533524170622,2.68288773932894e-24,7.33605278093488e-25,0.00804026302990122,-2.45953789039798,-1.14489635838866,-0.731810190465446,-2.44085049231454,-5.79529387159686,-7.88188331589421,-4.118838461494,-54.2240576500025,-55.5207355423799,-4.77220262840546,-0.0510908527590836,0.588886305794097
0.0358396495498915,0.0895048187233259,0.300803128298786,0.0339552424791243,0.00148936174837869,0.000108568130518488,0.0093057466012916,3.70622529920951e-24,3.78809643973483e-25,0.00331620103470144,-2.58283311679304,-1.66759546235258,-0.455431934717045,-2.63684466693735,-5.76354025527456,-8.38226529868998,-3.93125580322186,-53.2061609604329,-55.4868963382621,-4.96306806556885,-0.74586735231401,0.626630573661078
1.01214126492071,2.52768990704042,8.49492845471653,0.958924054926047,0.042060804245032,0.00306605355613452,0.262801959682986,1.046668594569e-22,1.06978967995139e-23,0.0936522525233304,-2.58283311679304,-1.66759546235258,-0.455431934717045,-2.63684466693735,-5.76354025527456,-8.38226529868998,-3.93125580322186,-53.2061609604329,-55.4868963382621,-4.96306806556885,2.59490126775916,0.556951946874424
0.0173161172933909,0.0591539710254286,0.374808466223969,0.0437828348556159,0.00152331993165854,0.000100877626320526,0.0106581667434162,2.18073699665599e-24,5.51767419811809e-25,0.00244403209972941,-3.38235682958981,-2.15385080984179,-0.307579394093024,-2.4547526905501,-5.81310241424572,-8.52784165018209,-3.86766810418773,-53.8086185941935,-55.1829101481364,-5.3403453575281,-0.673760746135438,0.51638028762225
0.0226992002099692,0.077720101820781,0.45111927425865,0.0607559808009437,0.00367397699137388,7.23017812585287e-05,0.00650709958791452,4.33597117263716e-24,9.92231490803092e-25,0.00232089306470038,-3.31521206250899,-2.08442781872872,-0.32580998259155,-2.33067622656155,-5.13626702911606,-9.06444826640812,-4.56464792820331,-53.3248830904714,-54.7996275474661,-5.59558970004626,-0.470213525647498,1.63913340326337
0.0144443805453822,0.0494563119555275,0.28706467225602,0.0386613844972098,0.0023378939031991,4.60084246557949e-05,0.00414071957712666,2.75914644886351e-24,6.31395340351124e-25,0.00147687417713279,-3.31521206250899,-2.08442781872872,-0.32580998259155,-2.33067622656155,-5.13626702911606,-9.06444826640812,-4.56464792820331,-53.3248830904714,-54.7996275474661,-5.59558970004626,-0.922237767144807,1.04885788535333
0.388950677214333,1.33173353936424,7.72992641169267,1.04105341416257,0.0629535765862426,0.0012388906447883,0.111499117502339,7.42968434296808e-23,1.70018814201109e-23,0.0397684905594517,-3.31521206250899,-2.08442781872872,-0.32580998259155,-2.33067622656155,-5.13626702911606,-9.06444826640812,-4.56464792820331,-53.3248830904714,-54.7996275474661,-5.59558970004626,2.37090932531279,2.12502190899335
0.256092679203601,0.876839224252453,5.08953366271219,0.685449784883736,0.0414498573672257,0.000815709659477666,0.0734131842487476,4.8918484540374e-23,1.11943688993213e-23,0.0261843464785663,-3.31521206250899,-2.08442781872872,-0.32580998259155,-2.33067622656155,-5.13626702911606,-9.06444826640812,-4.56464792820331,-53.3248830904714,-54.7996275474661,-5.59558970004626,1.9529961906291,1.57736617723453
0.244881338020996,1.13366488146981,5.09781365593463,0.425312871520698,0.0154606294659935,0.000453986431799627,0.0341021545533883,4.67297856856439e-23,7.26429791730099e-24,0.0141000645152635,-3.34799248541728,-1.81555532239864,-0.312199212144232,-2.79594117765648,-6.11046948591328,-9.63845421131722,-5.31940567834863,-53.3586714264254,-55.2200815435986,-6.20258687110168,1.9410109650438,0.75636285932376
0.0529189065641012,0.244985209662486,1.10163855980105,0.0919101973649936,0.00334104514760104,9.81065595276778e-05,0.00736948248090088,1.00983161168739e-23,1.56981624588512e-24,0.00304702678718234,-3.34799248541728,-1.81555532239864,-0.312199212144232,-2.79594117765648,-6.11046948591328,-9.63845421131722,-5.31940567834863,-53.3586714264254,-55.2200815435986,-6.20258687110168,0.408997883414416,0.272929528236696
0.0585806499997787,0.153256684743537,0.718073708892903,0.0718215056223727,0.000771205828640433,4.87244588087465e-05,0.0136179777114748,3.91562630839195e-24,1.64781970679251e-24,0.00222677100992504,-2.85558088831394,-1.89387113186042,-0.349413103180968,-2.65180137317575,-7.18578530341535,-9.94755946629054,-4.31459451522187,-53.9152969852117,-54.7808192541759,-6.12543276705808,0.0182300466032321,0.364606573687094
0.00420924274727981,0.116745868336974,0.143537324209522,0.0378644538012153,0.000182305584593087,1.41928372073027e-05,0.00265628946382779,8.98006650452986e-25,2.3418688843409e-25,0.000948695203782597,-4.28681976271362,-0.96410301727843,-0.757507423823712,-2.09008974666139,-7.42617348790963,-9.97912038788401,-4.74717231367388,-54.1859672819572,-55.5300252909682,-5.77677023238869,-1.18365275475757,0.306766476794671
0.0213148858231109,0.560989751533365,0.954292458424577,0.29978643873305,0.00105562141515499,0.000112054199034071,0.0142376841703041,7.42393321589925e-24,3.27165863329449e-24,0.00411150942555071,-4.46671955656196,-1.19642261297538,-0.665155065457953,-1.82305489985377,-7.47199563749112,-9.71489785491122,-4.87023298585124,-53.8757032032545,-54.6951151193746,-6.11233503220889,0.618369971137605,0.558356902905181
0.00466713630446224,0.0779287045177265,0.168553080555212,0.075032484108258,0.000438119444450383,1.9968266660559e-05,0.00867307590970838,1.72790171506092e-24,1.93822587798815e-24,0.00119196330157803,-4.27806594570611,-1.46281725420869,-0.691360899943768,-1.50069047705048,-6.64387531981833,-9.73222255074952,-3.65838811417969,-53.6259907802292,-53.5111255123488,-5.64300983735774,-1.08914366072192,0.451258028784147
0.0476994817197566,0.796453879659276,1.7226611909888,0.766853670137702,0.00447770732807832,0.000204081455611206,0.0886413421038629,1.76596548492237e-23,1.98092285728748e-23,0.0121822093903455,-4.27806594570611,-1.46281725420869,-0.691360899943768,-1.50069047705048,-6.64387531981833,-9.73222255074952,-3.65838811417969,-53.6259907802292,-53.5111255123488,-5.64300983735774,1.23523119914534,0.155870365556835
0.0366610146788716,1.02446644080045,1.45750642236054,0.93155977224506,0.00472590158076028,9.55097870841476e-05,0.0461627543795607,9.74792176584587e-24,1.52430752280844e-23,0.0166074867417799,-4.56387297505211,-1.23365968469205,-0.881104570535889,-1.32872653945527,-6.61252854168659,-10.5141134493631,-4.33341360448573,-54.2428197379795,-53.7957485315261,-5.35573329294348,1.25783161619102,0.163540502038964
0.000558493329498229,0.015606705883446,0.0222036302519013,0.0141913671344071,7.19943114460734e-05,1.45499461636653e-06,0.000703242684854226,1.48499689121618e-25,2.32212771809372e-25,0.000252998195665322,-4.56387297505211,-1.23365968469205,-0.881104570535889,-1.32872653945527,-6.61252854168659,-10.5141134493631,-4.33341360448573,-54.2428197379795,-53.7957485315261,-5.35573329294348,-2.92639490807633,0.220678221861737
0.000782984379228729,0.0218799514202507,0.0311285645345641,0.0198957054619146,0.000100933025120012,2.03984183213151e-06,0.000985916944688373,2.08190377147411e-25,3.25552631304471e-25,0.000354692929559203,-4.56387297505211,-1.23365968469205,-0.881104570535889,-1.32872653945527,-6.61252854168659,-10.5141134493631,-4.33341360448573,-54.2428197379795,-53.7957485315261,-5.35573329294348,-2.58852483701981,0.436435895602805
0.00151708496029748,0.0423938792551636,0.0603136899583552,0.0385492690933515,0.000195564532919202,3.95233091107219e-06,0.00191028047119218,4.03382875096582e-25,6.30780145606206e-25,0.000687241435759129,-4.56387297505211,-1.23365968469205,-0.881104570535889,-1.32872653945527,-6.61252854168659,-10.5141134493631,-4.33341360448573,-54.2428197379795,-53.7957485315261,-5.35573329294348,-1.92709159966221,0.201666280270911
0.00813956250608529,0.218136815198859,0.201266159926143,0.0826596034996458,0.000833597988942794,9.70546760632678e-06,0.00503562606862118,2.05031546055731e-24,1.21587491993034e-24,0.00228721320015934,-4.15394952994433,-0.865563503742735,-0.946057751488596,-1.83595495002324,-6.43268998281582,-10.8857518438534,-4.63414810057171,-53.886979250698,-54.4095089988542,-5.42335182900556,-0.657069316648907,0.669626106766685
0.0600496101602044,1.60930402641259,1.48484079248369,0.609821100635305,0.00614986791107279,7.16020726847045e-05,0.0371503237559996,1.51261992299781e-23,8.97011539512118e-24,0.0168739119479897,-4.15394952994433,-0.865563503742735,-0.946057751488596,-1.83595495002324,-6.43268998281582,-10.8857518438534,-4.63414810057171,-53.886979250698,-54.4095089988542,-5.42335182900556,1.34136530754712,1.10053306964547
0.168604921004095,1.77861768553882,3.36199890869661,1.05406277324441,0.0169033724436121,0.000207551526930142,0.122870850127525,3.84683734682167e-23,4.39992414007362e-23,0.0939168188173237,-3.66683976815046,-1.31080624030961,-0.674107011373372,-1.83399071625669,-5.96688484584496,-10.3667736483258,-3.9832641959683,-53.4988485182717,-53.3645125607401,-4.25198851643172,1.88664272176028,1.34296160603207
0.319313737040216,1.99542319291115,3.798210346168,2.33435378910991,0.0452249649072094,0.000254381124644522,0.125769359853138,1.98332456014069e-22,4.08688113209249e-23,0.346897515595278,-3.33495915618711,-1.50252184374374,-0.858848004101984,-1.34564289538968,-5.28948402202344,-10.470054923193,-4.26668352511999,-52.1654755368102,-53.7450530174576,-3.25210388512613,2.19337799836237,1.56088007242832
0.0456403540655163,0.396762242754894,1.4355893089022,0.215244257276432,0.0071075855042035,6.40951525737637e-05,0.0222765281736144,3.45509827827272e-23,1.55870087621852e-23,0.0565598268874578,-3.86594111507989,-1.70339618129755,-0.417402685716123,-2.31495993420103,-5.72557080322493,-10.4341199386225,-4.58319982195352,-52.4985843556682,-53.2945825550545,-3.65143443693813,0.778978118851118,2.34878526003307
0.103498608110572,0.893111264197786,2.10646665006169,0.235044782066557,0.0111002471755703,0.000105019667025785,0.0284211407061011,2.25971017108137e-23,1.45134313997697e-23,0.0533114146965623,-3.50106611137745,-1.34591310670418,-0.487857026411109,-2.68084821781053,-5.73365689964566,-10.3942319171419,-4.79349101647996,-53.3770895734903,-53.8198367045557,-4.16447380813229,1.23286899680327,0.88449600883265
0.0615065369396135,0.530752847457425,1.25181846586447,0.139681014407415,0.00659658883734611,6.24104627803935e-05,0.0168899463733677,1.34288711363105e-23,8.6249556472953e-24,0.0316815902860653,-3.50106611137745,-1.34591310670418,-0.487857026411109,-2.68084821781053,-5.73365689964566,-10.3942319171419,-4.79349101647996,-53.3770895734903,-53.8198367045557,-4.16447380813229,0.712454293260259,1.45699783217924
0.0538126287288536,0.464360494804794,1.09522736429828,0.122208190263672,0.00577141558676148,5.46034816704859e-05,0.0147771677396278,1.17490415273319e-23,7.54605216200696e-24,0.0277185115669495,-3.50106611137745,-1.34591310670418,-0.487857026411109,-2.68084821781053,-5.73365689964566,-10.3942319171419,-4.79349101647996,-53.3770895734903,-53.8198367045557,-4.16447380813229,0.578819006754223,1.41818897368293
0.771344372796883,6.65609287406549,15.6988700299577,1.75171891981985,0.0827268438855083,0.000782680372926364,0.211814316659204,1.68409484575229e-22,1.08164291719035e-22,0.397314132844209,-3.50106611137745,-1.34591310670418,-0.487857026411109,-2.68084821781053,-5.73365689964566,-10.3942319171419,-4.79349101647996,-53.3770895734903,-53.8198367045557,-4.16447380813229,3.24144576356106,0.682634823914809
0.940586018478845,8.11651464097901,19.1433789846071,2.13606578643089,0.100878045469428,0.000954409264752882,0.258288764123467,2.05360422863163e-22,1.31896755946622e-22,0.48448932989846,-3.50106611137745,-1.34591310670418,-0.487857026411109,-2.68084821781053,-5.73365689964566,-10.3942319171419,-4.79349101647996,-53.3770895734903,-53.8198367045557,-4.16447380813229,3.43981393732507,0.487943517809358
0.154229910543801,1.33088234612515,3.13898098663735,0.350255296894273,0.0165411898783537,0.000156496537938196,0.0423521636539478,3.36733898071812e-23,2.16273944870707e-23,0.0794427564748518,-3.50106611137745,-1.34591310670418,-0.487857026411109,-2.68084821781053,-5.73365689964566,-10.3942319171419,-4.79349101647996,-53.3770895734903,-53.8198367045557,-4.16447380813229,1.63175524711252,1.64609618399165
0.108029583634187,0.932210005251602,2.19868382096843,0.245334603098347,0.011586195239769,0.000109617231664372,0.0296653650994862,2.35863605677731e-23,1.5148802286746e-23,0.0556452887411426,-3.50106611137745,-1.34591310670418,-0.487857026411109,-2.68084821781053,-5.73365689964566,-10.3942319171419,-4.79349101647996,-53.3770895734903,-53.8198367045557,-4.16447380813229,1.27571594454838,2.57905797488625
0.18336017081623,1.58225349065808,3.73185776915343,0.416409961215558,0.0196654163314013,0.000186054908722435,0.0503514521576497,4.00334700658e-23,2.57122806690149e-23,0.0944475513600463,-3.50106611137745,-1.34591310670418,-0.487857026411109,-2.68084821781053,-5.73365689964566,-10.3942319171419,-4.79349101647996,-53.3770895734903,-53.8198367045557,-4.16447380813229,1.80476319751064,1.77723309988097
0.0716724333894401,0.535294254028596,1.40870288113651,0.211332741588733,0.0108596497945667,6.90931539641179e-05,0.0506729338718583,7.88685724849162e-24,1.37196968300993e-23,0.0215869365356439,-3.47297924884444,-1.46226884773856,-0.494660833456863,-2.39165158525407,-5.36003138425758,-10.417385078408,-3.81969353159805,-54.0341746691842,-53.4805398787189,-4.67299710925157,0.837330171983812,1.95320929539731
0.0742084190486302,0.55423457023479,1.45854701416895,0.218810327832725,0.0112438967754556,7.15378769812526e-05,0.0524658942546859,8.16591791285574e-24,1.42051408531941e-23,0.0223507470955949,-3.47297924884444,-1.46226884773856,-0.494660833456863,-2.39165158525407,-5.36003138425758,-10.417385078408,-3.81969353159805,-54.0341746691842,-53.4805398787189,-4.67299710925157,0.872101577866306,1.31430078315201
0.0913664290196279,0.526961014023169,0.865801446358726,0.141139767659002,0.0119024930950372,2.69812528515919e-05,0.0154720631836914,5.86103354698062e-24,3.73773910129282e-24,0.0206674632954211,-2.90769739479761,-1.15544893978998,-0.658919902856777,-2.47282484901193,-4.94582762644999,-11.0351885013818,-4.68353948596239,-54.0085365000423,-54.4583815510236,-4.39401486622255,0.514820229427124,1.11537724585988
0.0893511673834968,0.515337879282185,0.84670453671614,0.138026659681075,0.01163996080647,2.63861296279964e-05,0.0151307971880685,5.73175722325815e-24,3.65529610447739e-24,0.0202116027967421,-2.90769739479761,-1.15544893978998,-0.658919902856777,-2.47282484901193,-4.94582762644999,-11.0351885013818,-4.68353948596239,-54.0085365000423,-54.4583815510236,-4.39401486622255,0.492516422623717,1.09761715467543
0.265130302831794,1.52915392149668,2.5124129522013,0.409564319658386,0.0345390712168759,7.82951442458913e-05,0.0448973746850007,1.70077523647602e-23,1.08463021972667e-23,0.0599735686408716,-2.90769739479761,-1.15544893978998,-0.658919902856777,-2.47282484901193,-4.94582762644999,-11.0351885013818,-4.68353948596239,-54.0085365000423,-54.4583815510236,-4.39401486622255,1.58016352975176,1.20335950855747
0.0362340896872606,0.208982148571259,0.343359454838523,0.0559731955672334,0.00472028957391921,1.07002226768566e-05,0.00613590933847707,2.32436812382933e-24,1.4823122155155e-24,0.00819630061817977,-2.90769739479761,-1.15544893978998,-0.658919902856777,-2.47282484901193,-4.94582762644999,-11.0351885013818,-4.68353948596239,-54.0085365000423,-54.4583815510236,-4.39401486622255,-0.410057504409931,1.35454083206902
0.0449841276781744,0.259448484422501,0.426276075631478,0.0694899581494692,0.00586017506452749,1.3284180373651e-05,0.00761764767615507,2.88567129341127e-24,1.84027037900474e-24,0.0101755953214006,-2.90769739479761,-1.15544893978998,-0.658919902856777,-2.47282484901193,-4.94582762644999,-11.0351885013818,-4.68353948596239,-54.0085365000423,-54.4583815510236,-4.39401486622255,-0.193748174896716,1.68312280597091
0.0376022487110636,0.216873082629471,0.356324326885813,0.0580866813279457,0.00489852247093032,1.1104251212923e-05,0.00636759446712613,2.41213368523035e-24,1.53828268010438e-24,0.00850578383548567,-2.90769739479761,-1.15544893978998,-0.658919902856777,-2.47282484901193,-4.94582762644999,-11.0351885013818,-4.68353948596239,-54.0085365000423,-54.4583815510236,-4.39401486622255,-0.372994029431686,2.08659437214805
0.0890728254408612,0.513732526485647,0.844066928361496,0.137596686467337,0.011603700627695,2.6303932978592e-05,0.0150836625438744,5.71390196196772e-24,3.64390932299012e-24,0.0201486407006557,-2.90769739479761,-1.15544893978998,-0.658919902856777,-2.47282484901193,-4.94582762644999,-11.0351885013818,-4.68353948596239,-54.0085365000423,-54.4583815510236,-4.39401486622255,0.489396414333109,0.928493055113336
0.0603343265971813,0.34798161934539,0.571736772394785,0.093202425980325,0.00785987712798099,1.78172195084844e-05,0.0102170624733131,3.87036591026884e-24,2.46823668268802e-24,0.0136478736641148,-2.90769739479761,-1.15544893978998,-0.658919902856777,-2.47282484901193,-4.94582762644999,-11.0351885013818,-4.68353948596239,-54.0085365000423,-54.4583815510236,-4.39401486622255,0.0998433212143842,1.07923348530882
0.0884517483751029,0.510150429605312,0.838181512595511,0.136637267633745,0.011522791637752,2.61205238475648e-05,0.0149784888634924,5.67406070345813e-24,3.61850147835276e-24,0.020008150505319,-2.90769739479761,-1.15544893978998,-0.658919902856777,-2.47282484901193,-4.94582762644999,-11.0351885013818,-4.68353948596239,-54.0085365000423,-54.4583815510236,-4.39401486622255,0.482399303044481,0.516821336305158
0.16725801593159,0.964670006528104,1.5849610591386,0.258374522907302,0.021789046601435,4.93926584165431e-05,0.0283236043943065,1.07293767841783e-23,6.8424128299669e-24,0.0378344534444755,-2.90769739479761,-1.15544893978998,-0.658919902856777,-2.47282484901193,-4.94582762644999,-11.0351885013818,-4.68353948596239,-54.0085365000423,-54.4583815510236,-4.39401486622255,1.1194797415174,0.527497605158553
0.0424256461206608,0.244692298256822,0.402031535741432,0.065537702419854,0.00552687639674719,1.25286398697687e-05,0.0071843923904127,2.72154814228433e-24,1.73560462091322e-24,0.00959685623474367,-2.90769739479761,-1.15544893978998,-0.658919902856777,-2.47282484901193,-4.94582762644999,-11.0351885013818,-4.68353948596239,-54.0085365000423,-54.4583815510236,-4.39401486622255,-0.252304843465162,1.23636839165195
0.0716355619089755,0.413162129118166,0.678828906601866,0.110660191849928,0.00933211235384415,2.11545666145791e-05,0.0121308225783543,4.59532495699397e-24,2.93056261105203e-24,0.0162042597296055,-2.90769739479761,-1.15544893978998,-0.658919902856777,-2.47282484901193,-4.94582762644999,-11.0351885013818,-4.68353948596239,-54.0085365000423,-54.4583815510236,-4.39401486622255,0.271533741186379,1.38755384274856
0.529095587103924,3.05158853297825,5.01378602066396,0.817328958070676,0.0689263730638553,0.000156246248994208,0.0895974642078394,3.39407703556996e-23,2.16449442695739e-23,0.119683605275746,-2.90769739479761,-1.15544893978998,-0.658919902856777,-2.47282484901193,-4.94582762644999,-11.0351885013818,-4.68353948596239,-54.0085365000423,-54.4583815510236,-4.39401486622255,2.27111122530885,2.77353919901333
0.225021374641234,1.29782342409769,2.13233496938088,0.347605404697934,0.0293139984416782,6.64506501058897e-05,0.0381052971368985,1.44348185620414e-23,9.20547294720816e-24,0.0509007635625534,-2.90769739479761,-1.15544893978998,-0.658919902856777,-2.47282484901193,-4.94582762644999,-11.0351885013818,-4.68353948596239,-54.0085365000423,-54.4583815510236,-4.39401486622255,1.41613751191331,4.33567551323482
0.23185276160161,1.33722383230508,2.19707017655046,0.358158300096409,0.0302039373065094,6.84680144801216e-05,0.0392621295951363,1.48730428483225e-23,9.48494038871645e-24,0.0524460514847733,-2.90769739479761,-1.15544893978998,-0.658919902856777,-2.47282484901193,-4.94582762644999,-11.0351885013818,-4.68353948596239,-54.0085365000423,-54.4583815510236,-4.39401486622255,1.4460446377384,2.94596537298953
0.0628044867949678,0.362228407105319,0.595144366353852,0.0970182458622776,0.00818166999012158,1.8546677993352e-05,0.0106353613503085,4.02882336494874e-24,2.56928927341299e-24,0.0142066340947167,-2.90769739479761,-1.15544893978998,-0.658919902856777,-2.47282484901193,-4.94582762644999,-11.0351885013818,-4.68353948596239,-54.0085365000423,-54.4583815510236,-4.39401486622255,0.139968632517241,3.42720484807666
0.239183910715078,3.28386393237878,5.06372136400857,1.24322794517782,0.0175476996947135,0.000229959168345169,0.154515093615236,3.36779737787883e-23,3.56873586074219e-23,0.126118503404426,-3.74586671131418,-1.12632343201985,-0.693242528826485,-2.09763301044595,-6.35817659843663,-10.6929529829847,-4.18280768336296,-54.0605423945045,-54.0025898956618,-4.38587750006641,2.31534418924944,2.80268898152217
0.199383856816727,2.73743101758621,4.22112128020173,1.03635558876353,0.0146277733854826,0.000191694105836595,0.12880387819272,2.807397989987e-23,2.97490043434633e-23,0.105132462921733,-3.74586671131418,-1.12632343201985,-0.693242528826485,-2.09763301044595,-6.35817659843663,-10.6929529829847,-4.18280768336296,-54.0605423945045,-54.0025898956618,-4.38587750006641,2.1333433277897,2.21534986683799
0.106527561509526,2.58470140218861,2.87394165348925,0.406398218400229,0.0192161947741571,0.000170907015473125,0.107380209553399,6.49371103171397e-24,1.04538238038215e-23,0.0876892456588324,-4.06164431289966,-0.872682789539889,-0.766608293151571,-2.72271454568759,-5.77429465675764,-10.4966836976231,-4.05367216157965,-55.2135008360031,-54.7373671852377,-4.25624879269278,1.82229277910241,2.06363930096259
0.0575712275427803,1.39686321968646,1.55317878803513,0.219631839619345,0.0103851050955527,9.23641406696509e-05,0.0580320284270975,3.50942901636247e-24,5.64961274222092e-24,0.0473903414603925,-4.06164431289966,-0.872682789539889,-0.766608293151571,-2.72271454568759,-5.77429465675764,-10.4966836976231,-4.05367216157965,-55.2135008360031,-54.7373671852377,-4.25624879269278,1.20691195499005,0.999113885346518
0.150080223925666,3.64142912617746,4.04892218307648,0.572549814866868,0.0270725319704874,0.000240780534062822,0.151281468068881,9.14859583696606e-24,1.47277586675696e-23,0.123540062664191,-4.06164431289966,-0.872682789539889,-0.766608293151571,-2.72271454568759,-5.77429465675764,-10.4966836976231,-4.05367216157965,-55.2135008360031,-54.7373671852377,-4.25624879269278,2.16505901121634,1.3960705967196
0.0845903215449162,1.92618288522304,2.73788887928649,0.307507623134682,0.0246470478646795,0.000165535120138289,0.116741271474052,3.76926892690255e-24,9.27014220854071e-24,0.11396482749434,-4.13984517060425,-1.01436948429667,-0.662722607733524,-2.84916515050841,-5.37300789689491,-10.3762369285335,-3.81770489691033,-55.6050709169428,-54.7051532608173,-3.84177515809191,1.66990974914746,1.38457495790981
0.0641421118922156,1.46056234203158,2.07605281120014,0.233173110239814,0.0186890612670106,0.000125519941337067,0.0885211400142523,2.85811502835887e-24,7.0292497763026e-24,0.0864158521142104,-4.13984517060425,-1.01436948429667,-0.662722607733524,-2.84916515050841,-5.37300789689491,-10.3762369285335,-3.81770489691033,-55.6050709169428,-54.7051532608173,-3.84177515809191,1.39319101163467,1.38674762478743
0.0712383039525547,1.62214777458751,2.30573139584728,0.258969597520258,0.0207566758850171,0.000139406506416606,0.0983144410517496,3.17431498769069e-24,7.80691214165405e-24,0.0959762402207131,-4.13984517060425,-1.01436948429667,-0.662722607733524,-2.84916515050841,-5.37300789689491,-10.3762369285335,-3.81770489691033,-55.6050709169428,-54.7051532608173,-3.84177515809191,1.49812054224409,0.493018067800936
0.0330308920070626,0.752137333274839,1.06909289676869,0.120075806612425,0.00962419767938639,6.46382774861619e-05,0.0455852189754246,1.4718269489493e-24,3.6198120610977e-24,0.0445010710542131,-4.13984517060425,-1.01436948429667,-0.662722607733524,-2.84916515050841,-5.37300789689491,-10.3762369285335,-3.81770489691033,-55.6050709169428,-54.7051532608173,-3.84177515809191,0.729533136626322,1.59149863300087
0.0965828225839331,2.19926081932344,3.1260436306799,0.351103455643607,0.0281412980546249,0.000189003290775259,0.133291862533164,4.30364402675615e-24,1.05843846423956e-23,0.130121797785693,-4.13984517060425,-1.01436948429667,-0.662722607733524,-2.84916515050841,-5.37300789689491,-10.3762369285335,-3.81770489691033,-55.6050709169428,-54.7051532608173,-3.84177515809191,1.80249079698662,0.626068010365994
0.0611043680593477,1.39139071490335,1.97773181056753,0.222130128387082,0.0178039550718583,0.000119575368942267,0.0843288155144198,2.72275588527961e-24,6.69634742045979e-24,0.0823232331767004,-4.13984517060425,-1.01436948429667,-0.662722607733524,-2.84916515050841,-5.37300789689491,-10.3762369285335,-3.81770489691033,-55.6050709169428,-54.7051532608173,-3.84177515809191,1.34467324557737,0.521425410190046
0.0435587845480143,0.241648144747897,0.278580156488162,0.0505016576625264,0.00921127719800567,3.94894430754528e-05,0.0164291615159026,4.89126416254428e-25,1.0058184432956e-24,0.011838393617891,-2.70563721116167,-0.992265885072096,-0.850042772904166,-2.55774244515588,-4.25932009010994,-9.711470512608,-3.68069070887681,-55.549169861744,-54.828233977245,-4.00840065981231,-0.428006673083152,1.37541573486199
0.180051514740416,0.998859700690469,1.15151925547937,0.208750084590098,0.0380750847252551,0.000163230772294698,0.0679104214579848,2.02181840150028e-24,4.1575800644666e-24,0.048934347574483,-2.70563721116167,-0.992265885072096,-0.850042772904166,-2.55774244515588,-4.25932009010994,-9.711470512608,-3.68069070887681,-55.549169861744,-54.828233977245,-4.00840065981231,0.991124935126647,1.06089970167852
0.122019163695692,1.14614769774692,1.09624737034944,0.246281881543855,0.0196483952670814,8.05820036189119e-05,0.0583517229405378,8.28121269197793e-25,1.60434751094397e-24,0.0285210433397248,-3.10321511866796,-0.863231460462664,-0.907745085623931,-2.4009164906681,-4.92939756135536,-10.4258731651011,-3.84090434455475,-56.4502758583507,-55.7889630447266,-4.55675105292215,0.999637951556272,1.38748738441238
0.181133722855774,1.70142126160797,1.62734574920921,0.365597933347729,0.0291674428431922,0.000119621523935968,0.0866213510332512,1.22932073883031e-24,2.38160489393631e-24,0.0423386179956061,-3.10321511866796,-0.863231460462664,-0.907745085623931,-2.4009164906681,-4.92939756135536,-10.4258731651011,-3.84090434455475,-56.4502758583507,-55.7889630447266,-4.55675105292215,1.39469539848118,1.56563851274218
0.117389990920177,1.80279085825882,1.11902845643567,0.354674430718798,0.026093475173773,9.47588053398719e-05,0.0703130906738593,1.47720030533343e-24,3.39689368245344e-24,0.0894167789273885,-3.41756107834047,-0.685971505936855,-1.16284658765739,-2.31186245376509,-4.92137743615032,-10.539483232874,-3.93010473282505,-56.1472010680647,-55.3144882875517,-3.68975437756276,1.27530744690125,1.95549762977158
0.130563072493818,2.00509354905813,1.24460179556198,0.394474716682876,0.0290215908871274,0.000105392296856297,0.0782033722207028,1.64296639808318e-24,3.77808084521908e-24,0.0994508074985612,-3.41756107834047,-0.685971505936855,-1.16284658765739,-2.31186245376509,-4.92137743615032,-10.539483232874,-3.93010473282505,-56.1472010680647,-55.3144882875517,-3.68975437756276,1.3816622234913,2.64470279405007
0.021466582278827,0.329668296138172,0.204631725789633,0.0648577258549953,0.00477159702771604,1.7328118654127e-05,0.0128578402161678,2.70129008854862e-25,6.21174745438038e-25,0.016351246191489,-3.41756107834047,-0.685971505936855,-1.16284658765739,-2.31186245376509,-4.92137743615032,-10.539483232874,-3.93010473282505,-56.1472010680647,-55.3144882875517,-3.68975437756276,-0.423696787317743,3.50733207661753
0.0120893893664757,0.420200465947389,0.405594681781746,0.0798715051476382,0.00483486164005364,5.34801581957318e-06,0.00769365221224035,2.49160940762512e-25,7.44293985608472e-25,0.0222349184076579,-4.36678801101966,-0.818384269767916,-0.853761826835647,-2.47869700932843,-5.28326365488101,-12.0901458287602,-4.81872056620448,-56.6030593627905,-55.5087223001739,-3.75745221263819,-0.0486391119334246,3.32717853881938
0.0183143314945058,0.63656570189117,0.614439259865192,0.120998106512753,0.0073243781072646,8.10176027824283e-06,0.0116551872676993,3.77456290494002e-25,1.12753807231988e-24,0.0336838904039573,-4.36678801101966,-0.818384269767916,-0.853761826835647,-2.47869700932843,-5.28326365488101,-12.0901458287602,-4.81872056620448,-56.6030593627905,-55.5087223001739,-3.75745221263819,0.366716627165655,2.72063828131641
0.006931861579622,0.2971486301874,0.416237707259751,0.0680929107435682,0.00640424407907731,2.92622017949961e-06,0.00758648913249061,4.26015629634465e-25,6.71785503175334e-25,0.0318592497234152,-4.79042151837992,-1.03231746974964,-0.695293412966384,-2.50567681466145,-4.86958901377321,-12.5605936516152,-4.7001810022141,-55.9341161186942,-55.4786530557061,-3.26522216668253,-0.181205357265887,1.10457761709677
0.0719825117698498,3.085679730354,4.32233611674545,0.707097031979324,0.066503574761848,3.03867404293277e-05,0.0787803589264865,4.42387297006226e-24,6.97602041438482e-24,0.330835922190958,-4.79042151837992,-1.03231746974964,-0.695293412966384,-2.50567681466145,-4.86958901377321,-12.5605936516152,-4.7001810022141,-55.9341161186942,-55.4786530557061,-3.26522216668253,2.15908943682536,1.08200702741997
0.0230520383574151,1.10624201657011,1.97242530384784,0.176042365684942,0.0499943668822477,5.81659339131064e-06,0.0261818826597689,2.20576014324633e-24,8.70721588632268e-24,0.0682724420989178,-5.00028944391252,-1.12931966180097,-0.551024458205983,-2.96731896124713,-4.22613330471106,-13.2850841580009,-4.87297597140323,-55.7012584086551,-54.3281785002029,-3.91453743946014,1.23028836245514,1.5053903712186
0.104129507229388,1.34898818565491,2.9072352748709,0.849166327395963,0.110800445015525,5.05239524083862e-06,0.0723657789604915,6.53346478779217e-24,1.25983992006125e-23,0.281601964898753,-3.99806578512583,-1.43659107307743,-0.668743340200783,-1.89944609449782,-3.93597038070208,-13.9315940144182,-4.36196765003461,-55.1210507263214,-54.464418365952,-3.00320656950985,1.73594589241067,1.52257303219768
0.0177121071462197,0.71207273708775,1.24620559002445,0.407583595646353,0.0257141161561884,9.91083233029987e-07,0.0156647440185819,1.14996165995695e-24,2.52613129435417e-24,0.0651471788659559,-4.94583014968661,-1.25189850996684,-0.692219889236054,-1.8098325206596,-4.57303846710492,-14.7367906132229,-5.06866599169929,-56.0346369252155,-55.2476765281105,-3.64342957449299,0.912323296009933,2.46685890817227
0.0160651645778668,0.645861365804143,1.13032840961971,0.369684842647019,0.0233231147831961,8.98928349831561e-07,0.0142081734629967,1.04303362513185e-24,2.29124150244095e-24,0.0590895335955939,-4.94583014968661,-1.25189850996684,-0.692219889236054,-1.8098325206596,-4.57303846710492,-14.7367906132229,-5.06866599169929,-56.0346369252155,-55.2476765281105,-3.64342957449299,0.814728107718216,0.564553885539777
0.00208715543464838,0.0839090725235845,0.146850103628911,0.0480287472125178,0.00303009443424823,1.16787050740539e-07,0.00184589870312167,1.35508932302767e-25,2.97673710762978e-25,0.0076767991125839,-4.94583014968661,-1.25189850996684,-0.692219889236054,-1.8098325206596,-4.57303846710492,-14.7367906132229,-5.06866599169929,-56.0346369252155,-55.2476765281105,-3.64342957449299,-1.22612302642305,1.01462725194053
0.00203902337252591,0.081974038541784,0.143463581382785,0.0469211523462605,0.00296021717876209,1.14093815015002e-07,0.00180333028220988,1.32383949735837e-25,2.90809032981523e-25,0.00749976382060007,-4.94583014968661,-1.25189850996684,-0.692219889236054,-1.8098325206596,-4.57303846710492,-14.7367906132229,-5.06866599169929,-56.0346369252155,-55.2476765281105,-3.64342957449299,-1.24945417502937,1.53485945832608
0.00477284099435929,0.19188061152077,0.335812169515803,0.109830619127915,0.00692912405682724,2.67064931596084e-07,0.00422114273591604,3.09877537848761e-25,6.80710821095096e-25,0.0175550612578953,-4.94583014968661,-1.25189850996684,-0.692219889236054,-1.8098325206596,-4.57303846710492,-14.7367906132229,-5.06866599169929,-56.0346369252155,-55.2476765281105,-3.64342957449299,-0.398983405390627,0.978110902804481
0.00553650917286386,0.226327578474253,0.623353429603254,0.191349535705436,0.0209828611340961,6.01679779531626e-07,0.00313485913424965,2.85078606152763e-25,6.39055135861353e-25,0.0870514527238124,-5.3428581787813,-1.63223895564299,-0.619108707068222,-1.80012058228078,-4.01051639970314,-14.4700075496018,-5.91163812791261,-56.6634996462893,-55.8562738643331,-2.58772301327549,0.146467088752129,1.31748014661605
0.0113723053864311,0.46488974540058,1.28040347153628,0.393042852030243,0.043099992657392,1.23588455903068e-06,0.00643917932853148,5.85567704682468e-25,1.31265567108656e-24,0.17880864526692,-5.3428581787813,-1.63223895564299,-0.619108707068222,-1.80012058228078,-4.01051639970314,-14.4700075496018,-5.91163812791261,-56.6634996462893,-55.8562738643331,-2.58772301327549,0.86628394746856,0.569350605110034
0.0298605079810467,1.53166706113313,2.7757248702427,0.736095095851767,0.112506290350551,2.60587278350373e-06,0.0364332377106838,8.96637040958509e-25,1.89353727014548e-24,0.233339725373033,-5.20786646693342,-1.27029126732876,-0.675736064419238,-2.00304395428828,-3.88139413668262,-14.5543908892297,-5.00892178907253,-57.0677943592895,-56.3202435724967,-3.15190783053515,1.69664799200894,0.616890914242725
0.0562828944502367,2.88697886818864,5.23185439423627,1.38743663073174,0.212058671902266,4.91170689118142e-06,0.0686715736333873,1.69003581481172e-24,3.56905376093508e-24,0.439812850556779,-5.20786646693342,-1.27029126732876,-0.675736064419238,-2.00304395428828,-3.88139413668262,-14.5543908892297,-5.00892178907253,-57.0677943592895,-56.3202435724967,-3.15190783053515,2.33050184833907,1.00528074362277
0.0745356438770831,3.82323672053202,6.92856399363639,1.83738742686156,0.280830078203059,6.5045914792709e-06,0.0909420172294554,2.23812063794443e-24,4.72651100661551e-24,0.582445773655961,-5.20786646693342,-1.27029126732876,-0.675736064419238,-2.00304395428828,-3.88139413668262,-14.5543908892297,-5.00892178907253,-57.0677943592895,-56.3202435724967,-3.15190783053515,2.61138864022338,1.14808782937301
0.0216631635441529,1.11119188131628,2.01372936641958,0.53402133867271,0.0816209211563624,1.89050528946559e-06,0.0264315391911787,6.50491105856554e-25,1.37372102263454e-24,0.169283008692022,-5.20786646693342,-1.27029126732876,-0.675736064419238,-2.00304395428828,-3.88139413668262,-14.5543908892297,-5.00892178907253,-57.0677943592895,-56.3202435724967,-3.15190783053515,1.37572447352921,0.476657460059201
0.0150594838308858,0.772462255366702,1.39987517388987,0.371233208792366,0.0567400481425997,1.31421404731053e-06,0.0183742940528378,4.52198972269949e-25,9.54963456115184e-25,0.117679706707901,-5.20786646693342,-1.27029126732876,-0.675736064419238,-2.00304395428828,-3.88139413668262,-14.5543908892297,-5.00892178907253,-57.0677943592895,-56.3202435724967,-3.15190783053515,1.01211913555809,1.84277657716863
0.0378214256783559,0.907901015424419,2.70820661248582,0.45556613568397,0.100856213983631,5.62744242468743e-06,0.0393138000868849,8.67142645737958e-25,1.30924647436733e-24,0.37710691190415,-4.8067401939572,-1.62848059408136,-0.535574024691279,-2.31807505313183,-3.82592007428896,-13.6197161691902,-4.76804034840402,-56.9364546935441,-56.5244511444559,-2.50708721969269,1.53186067390832,0.652921285667964
0.0956161393196242,2.29525958956455,6.84660231922353,1.15171425501787,0.254974042742852,1.4226706403614e-05,0.0993890028963827,2.19221857816738e-24,3.30989884837875e-24,0.953361920665383,-4.8067401939572,-1.62848059408136,-0.535574024691279,-2.31807505313183,-3.82592007428896,-13.6197161691902,-4.76804034840402,-56.9364546935441,-56.5244511444559,-2.50708721969269,2.45932654211868,0.732403461023365
0.00992238426063013,0.561317269525973,1.05023084949893,0.0972186645757204,0.0536710281228111,2.07260399572972e-06,0.0148877596550872,6.27631782301965e-25,5.22002696861313e-25,0.201089141572544,-5.30026173995227,-1.26476869273307,-0.638289705571453,-3.01809226580733,-3.61218163884041,-13.774004474557,-4.89451560554666,-56.4151435524876,-56.5994244588106,-2.2913066810668,0.687299702241598,3.42813779544921
0.00778609248001797,0.440465522838243,0.824115888356778,0.0762874620945526,0.0421156425195042,1.6263718438356e-06,0.0116824213263665,4.92502504644109e-25,4.09615387372921e-25,0.157794599753973,-5.30026173995227,-1.26476869273307,-0.638289705571453,-3.01809226580733,-3.61218163884041,-13.774004474557,-4.89451560554666,-56.4151435524876,-56.5994244588106,-2.2913066810668,0.444845587819422,1.10124978753801
0.000407226749498459,0.0230371452165365,0.0431027547241246,0.00398997254347791,0.00220272444108154,8.50621953361974e-08,0.000611011810509184,2.57587736853604e-26,2.14236272138449e-26,0.00825294357999619,-5.30026173995227,-1.26476869273307,-0.638289705571453,-3.01809226580733,-3.61218163884041,-13.774004474557,-4.89451560554666,-56.4151435524876,-56.5994244588106,-2.2913066810668,-2.50587866363057,0.306769307191147
0.00583727044634458,0.330219090730791,0.617843588656801,0.0571930720132079,0.0315742968682729,1.21929868199646e-06,0.00875836665505258,3.69231462699387e-25,3.07090597911114e-25,0.118299359544021,-5.30026173995227,-1.26476869273307,-0.638289705571453,-3.01809226580733,-3.61218163884041,-13.774004474557,-4.89451560554666,-56.4151435524876,-56.5994244588106,-2.2913066810668,0.156769759225273,0.335270272271894
0.221122294887943,12.5090663229298,23.4046021100748,2.16653716004738,1.1960694723949,4.61883897953948e-05,0.331776667200342,1.39868983504179e-23,1.16329332986686e-23,4.48131127495193,-5.30026173995227,-1.26476869273307,-0.638289705571453,-3.01809226580733,-3.61218163884041,-13.774004474557,-4.89451560554666,-56.4151435524876,-56.5994244588106,-2.2913066810668,3.79122237996855,0.255009391636929
0.109877471514317,5.86528864203574,23.1127722494273,2.95923243563201,1.17414084013619,4.10961597249177e-05,0.645067816684491,1.38716532278284e-23,8.59384211037766e-24,2.27163206821487,-5.79573582872477,-1.81829470414538,-0.446961023408908,-2.50241647694594,-3.42680971911317,-13.6869422775457,-4.0257462249351,-56.2195412094935,-56.6983427181174,-2.7668478534301,3.58734639936818,0.406517001057538
0.0103979813668189,0.224381949661771,0.985144060928616,0.210209158501235,0.0211820219552432,3.84571376582851e-07,0.0166742128861822,1.27151163053394e-24,5.1103756017293e-25,0.0819876443802388,-5.0043839503932,-1.93264590617066,-0.4532077531287,-1.99789261044777,-4.2928428374308,-15.2093767897972,-4.53213225089634,-55.4600761382961,-56.3715947794373,-2.9394270807351,0.438240359374333,0.517356119934813
0.00873279440712776,0.188448254131293,0.827377953661841,0.176545167655771,0.0177898224988835,3.22984110866088e-07,0.0140039174815581,1.06788512731503e-24,4.29197340317577e-25,0.0688577154583202,-5.0043839503932,-1.93264590617066,-0.4532077531287,-1.99789261044777,-4.2928428374308,-15.2093767897972,-4.53213225089634,-55.4600761382961,-56.3715947794373,-2.9394270807351,0.263714082498409,0.597647545268098
0.00387037961552343,0.0835203770256428,0.366694395504441,0.0782449221014923,0.00788445979070115,1.43146747828364e-07,0.00620654446116992,4.73287316269263e-25,1.90220513567361e-25,0.0305177799747434,-5.0043839503932,-1.93264590617066,-0.4532077531287,-1.99789261044777,-4.2928428374308,-15.2093767897972,-4.53213225089634,-55.4600761382961,-56.3715947794373,-2.9394270807351,-0.550018734491422,0.179034048942517
0.00469244419293081,0.101260017646194,0.444579901119695,0.0948640616204303,0.00955911079390816,1.73550967168707e-07,0.00752480800544032,5.73813046634488e-25,2.30623151456622e-25,0.0369997244841985,-5.0043839503932,-1.93264590617066,-0.4532077531287,-1.99789261044777,-4.2928428374308,-15.2093767897972,-4.53213225089634,-55.4600761382961,-56.3715947794373,-2.9394270807351,-0.357417732003547,0.189151341651228
0.336635849046311,7.26439156508759,31.8941528825893,6.80554581249679,0.685770410031273,1.24505427840061e-05,0.539829570192447,4.11653360606093e-23,1.65449001007396e-23,2.65435946685992,-5.0043839503932,-1.93264590617066,-0.4532077531287,-1.99789261044777,-4.2928428374308,-15.2093767897972,-4.53213225089634,-55.4600761382961,-56.3715947794373,-2.9394270807351,3.91563045090224,0.435191640882145
0.131577964737592,2.83937037573103,12.4661937675669,2.66002527500742,0.268041193725526,4.86643678633427e-06,0.210998550369244,1.60899415553595e-23,6.46676308601528e-24,1.03748670060194,-5.0043839503932,-1.93264590617066,-0.4532077531287,-1.99789261044777,-4.2928428374308,-15.2093767897972,-4.53213225089634,-55.4600761382961,-56.3715947794373,-2.9394270807351,2.97622823507873,0.71487497216666
0.132007260504282,2.84863431050001,12.5068668713181,2.66870406550342,0.268915724274727,4.88231437431341e-06,0.211686969472183,1.61424377602505e-23,6.48786201411125e-24,1.04087167961004,-5.0043839503932,-1.93264590617066,-0.4532077531287,-1.99789261044777,-4.2928428374308,-15.2093767897972,-4.53213225089634,-55.4600761382961,-56.3715947794373,-2.9394270807351,2.9794855963051,0.815400297316634
0.00356460397577214,0.0769219295206864,0.337724055507593,0.0720632568671797,0.00726155558592357,1.31837575926988e-07,0.00571620235218214,4.35895704516773e-25,1.75192323826853e-25,0.0281067519561638,-5.0043839503932,-1.93264590617066,-0.4532077531287,-1.99789261044777,-4.2928428374308,-15.2093767897972,-4.53213225089634,-55.4600761382961,-56.3715947794373,-2.9394270807351,-0.632318367633202,0.479489306989986
0.0292562296519281,0.631331180300093,2.77184579102379,0.591453975449099,0.0595986929532622,1.08204738150133e-06,0.0469153179116082,3.57758250911151e-24,1.43787834328024e-24,0.230684136467414,-5.0043839503932,-1.93264590617066,-0.4532077531287,-1.99789261044777,-4.2928428374308,-15.2093767897972,-4.53213225089634,-55.4600761382961,-56.3715947794373,-2.9394270807351,1.4727212019651,1.11628818330157
0.0286888198148383,0.61908683007364,2.71808723814686,0.579983023523701,0.0584428063246123,1.06106161758829e-06,0.0460054189529949,3.50819709845465e-24,1.40999141710341e-24,0.226210133841326,-5.0043839503932,-1.93264590617066,-0.4532077531287,-1.99789261044777,-4.2928428374308,-15.2093767897972,-4.53213225089634,-55.4600761382961,-56.3715947794373,-2.9394270807351,1.45313616479101,2.12335449532539
0.0425252063545187,0.917667417836049,4.02899880294118,0.859704160598006,0.0866293007147639,1.57280308266511e-06,0.0681934616700516,5.2001722798979e-24,2.09001891180656e-24,0.335309457941182,-5.0043839503932,-1.93264590617066,-0.4532077531287,-1.99789261044777,-4.2928428374308,-15.2093767897972,-4.53213225089634,-55.4600761382961,-56.3715947794373,-2.9394270807351,1.84672566222721,1.95769169592567
0.0162659930600901,0.351009980423196,1.54110167088675,0.328838896005306,0.0331359145556992,6.01600937905865e-07,0.026084162061937,1.98907832476876e-24,7.99437228628287e-25,0.128256669006717,-5.0043839503932,-1.93264590617066,-0.4532077531287,-1.99789261044777,-4.2928428374308,-15.2093767897972,-4.53213225089634,-55.4600761382961,-56.3715947794373,-2.9394270807351,0.885705284504262,2.11035193763209
0.0600600704007583,1.29605884237782,5.69031810761585,1.21419498776529,0.122350068247096,2.22133346241501e-06,0.096312386461577,7.34441381948881e-24,2.95181831536674e-24,0.473571121139253,-5.0043839503932,-1.93264590617066,-0.4532077531287,-1.99789261044777,-4.2928428374308,-15.2093767897972,-4.53213225089634,-55.4600761382961,-56.3715947794373,-2.9394270807351,2.19197390613936,0.99397794229337
0.0335238320168954,0.723423376395796,3.17617457138384,0.677729288926806,0.0682923464425298,1.23988549048669e-06,0.05375884915452,4.09944399838728e-24,1.64762146778136e-24,0.264334001062455,-5.0043839503932,-1.93264590617066,-0.4532077531287,-1.99789261044777,-4.2928428374308,-15.2093767897972,-4.53213225089634,-55.4600761382961,-56.3715947794373,-2.9394270807351,1.60888526080398,1.96786733018083
0.0307704841571195,0.791363226061943,2.75873578620618,1.01905798541485,0.117765272669485,1.42984097294728e-06,0.0236204752039902,2.86597717961261e-24,3.74481950809045e-24,0.34745000440643,-5.10823445753289,-1.86103332052656,-0.612262576157143,-1.60815644561793,-3.76609695277095,-15.0849824300796,-5.37267645217669,-55.8361679674087,-55.5687039139597,-2.68416959901353,1.62703510247393,1.31508754079571
0.0479705829233391,1.23371979018738,4.30081512920123,1.58869146625772,0.183593756576432,2.22909410881288e-06,0.0368238588211983,4.46800236385602e-24,5.83810036359882e-24,0.541667760669173,-5.10823445753289,-1.86103332052656,-0.612262576157143,-1.60815644561793,-3.76609695277095,-15.0849824300796,-5.37267645217669,-55.8361679674087,-55.5687039139597,-2.68416959901353,2.07106714582202,0.964557712903168
0.0643967857964378,1.65617310067895,5.77351063396194,2.13269503547041,0.246460374157007,2.99238589772244e-06,0.0494331735033649,5.99794652533243e-24,7.83719679149165e-24,0.727146943625693,-5.10823445753289,-1.86103332052656,-0.612262576157143,-1.60815644561793,-3.76609695277095,-15.0849824300796,-5.37267645217669,-55.8361679674087,-55.5687039139597,-2.68416959901353,2.36554290042231,0.88835244604283
0.225555525287291,5.80089501471649,20.2222394749876,7.46995588450218,0.863249593406897,1.04811003325014e-05,0.173144129451039,2.10083463395665e-23,2.74504855672868e-23,2.54689747014694,-5.10823445753289,-1.86103332052656,-0.612262576157143,-1.60815644561793,-3.76609695277095,-15.0849824300796,-5.37267645217669,-55.8361679674087,-55.5687039139597,-2.68416959901353,3.61904553905608,1.09645937094294
0.468635671487458,12.0524927375968,42.0156534107079,15.5202927858075,1.79356968689745,2.17765336761005e-05,0.359740756809432,4.36489440067757e-23,5.70337468793857e-23,5.29167709197886,-5.10823445753289,-1.86103332052656,-0.612262576157143,-1.60815644561793,-3.76609695277095,-15.0849824300796,-5.37267645217669,-55.8361679674087,-55.5687039139597,-2.68416959901353,4.35030482525997,0.548974867359501
0.017849811529732,0.459066044090763,1.60032951034063,0.591150691183218,0.0683150746398455,8.29443948761926e-07,0.0137021253380695,1.66253973266655e-24,2.17235198805969e-24,0.201554095248916,-5.10823445753289,-1.86103332052656,-0.612262576157143,-1.60815644561793,-3.76609695277095,-15.0849824300796,-5.37267645217669,-55.8361679674087,-55.5687039139597,-2.68416959901353,1.08247212816223,1.29908962196945
0.0340983805990945,0.569233190960662,1.1424525916425,0.390428546145527,0.0127519255227498,1.02711406093405e-06,0.0140286394001348,1.28805639757339e-24,1.00377890234424e-24,0.0928777206231157,-4.19204198977629,-1.37700170706344,-0.680359256548144,-1.75404691105987,-5.17560960158147,-14.6022941751249,-5.08019097165863,-55.822444422391,-56.0718070558208,-3.19000808718176,0.813536604193325,0.713884292418657
0.228011206192313,3.89998130029323,10.9654243787469,6.32281897912898,0.308840473539359,1.02488920141129e-05,0.0925261113619143,3.21245762272302e-24,6.07551365321168e-24,0.57825327567249,-4.58723688835805,-1.74790462876132,-0.714129302935812,-1.26471123737535,-4.28380678934775,-14.5972173414956,-5.48914077639382,-57.2038823601819,-56.5666520813246,-3.65661970017218,3.10887638708882,0.440467897241082
0.0128163680470128,0.219215522586497,0.616359682388475,0.355401721189116,0.0173597308781202,5.76083843950074e-07,0.00520083515620278,1.80570244400724e-25,3.4150084267585e-25,0.0325032568757106,-4.58723688835805,-1.74790462876132,-0.714129302935812,-1.26471123737535,-4.28380678934775,-14.5972173414956,-5.48914077639382,-57.2038823601819,-56.5666520813246,-3.65661970017218,0.23020471706522,1.02164613070622
0.0437152153625843,0.747719927013473,2.10233477671597,1.21223600360296,0.0592121239956441,1.96495834177084e-06,0.0177394740916243,6.15905152933868e-25,1.1648216428646e-24,0.110865018006273,-4.58723688835805,-1.74790462876132,-0.714129302935812,-1.26471123737535,-4.28380678934775,-14.5972173414956,-5.48914077639382,-57.2038823601819,-56.5666520813246,-3.65661970017218,1.4571778285112,1.94083248536194
0.180533844569111,3.08791234276323,8.68216195811597,5.00625753391228,0.244532534070182,8.1148286910112e-06,0.0732599721134198,2.5435474634364e-24,4.8104470646996e-24,0.457847176615462,-4.58723688835805,-1.74790462876132,-0.714129302935812,-1.26471123737535,-4.28380678934775,-14.5972173414956,-5.48914077639382,-57.2038823601819,-56.5666520813246,-3.65661970017218,2.87539987411008,0.939659350106142
0.135262728124382,2.31357975391265,6.50500140444818,3.75087592770446,0.18321294687124,6.07993404022367e-06,0.0548891190681085,1.90572116734906e-24,3.60416737937526e-24,0.343036278437785,-4.58723688835805,-1.74790462876132,-0.714129302935812,-1.26471123737535,-4.28380678934775,-14.5972173414956,-5.48914077639382,-57.2038823601819,-56.5666520813246,-3.65661970017218,2.58670063080313,0.731439216733248
0.0265760901007936,0.566511527777142,1.02812930056389,0.437577504413315,0.0330010367037535,1.88844094652335e-06,0.0053564016374945,2.83380629795206e-25,6.83847712694948e-25,0.0755851298027194,-4.40373186393667,-1.34424637772647,-0.748247590244389,-1.602489964056,-4.18720483087037,-13.9557474934526,-6.0054513937614,-57.2989950633916,-56.4180507883905,-3.35848423900154,0.775988528126524,0.79599433174341
0.0766506518900733,1.48475368326787,2.59180033459407,0.659743764956322,0.0630044016403363,4.73324707912081e-06,0.0276779647240172,3.21779374715278e-25,2.56480248686283e-24,0.123319839836694,-4.183311676377,-1.21956561879593,-0.662461763323031,-2.03071826169839,-4.37936519516366,-13.8757136123515,-5.20193318713202,-58.0107458792633,-55.934975266811,-3.70778848216622,1.61481450743938,1.23373230364292
0.113296882872735,0.630465599142956,1.65225368326246,0.225914663628739,0.0607366502557469,4.15134617719442e-06,0.0200937187407523,1.96722663509709e-25,2.96383086772705e-24,0.0931778468823136,-3.20591313152896,-1.48946619434451,-0.526029283440058,-2.51576745362614,-3.8293774778328,-13.4202474043211,-4.93551752126204,-57.9161720814714,-55.2037290962681,-3.40141478798657,1.02816950804641,0.828086250119454
0.0965578994577723,0.537317818372915,1.40814240411537,0.192537030354166,0.0517631484652929,3.53800790126071e-06,0.0171249837127622,1.67657985662082e-25,2.52594136466486e-24,0.0794113389779699,-3.20591313152896,-1.48946619434451,-0.526029283440058,-2.51576745362614,-3.8293774778328,-13.4202474043211,-4.93551752126204,-57.9161720814714,-55.2037290962681,-3.40141478798657,0.868300675348161,0.640954765276358
0.138751954874669,2.09034026830956,2.73427526378003,0.267973472615959,0.17684992328255,1.73161739568904e-05,0.0440775613039479,4.92854394125371e-25,8.33862749399564e-24,0.177592404671451,-3.70315523886793,-0.990760941071296,-0.722221386661713,-3.04495508774655,-3.46054159873017,-12.6919573840144,-4.84989224158841,-57.6976715286215,-54.8692313996946,-3.45635201742804,1.72808780159988,0.533911029837712
0.0575561299302699,0.86710054780832,1.13421322596427,0.111158909592888,0.0733596666930063,7.18297597362279e-06,0.018283950288924,2.0444246404029e-25,3.45897200452457e-24,0.0736676577071076,-3.70315523886793,-0.990760941071296,-0.722221386661713,-3.04495508774655,-3.46054159873017,-12.6919573840144,-4.84989224158841,-57.6976715286215,-54.8692313996946,-3.45635201742804,0.848160604242712,0.396282606142379
0.160173717109094,0.51727115873323,0.993811107056439,0.16132658408993,0.119375516194229,2.58009106366445e-06,0.0209962119383401,4.04781447529743e-25,4.43788626390487e-24,0.0439020410104094,-2.53303762998648,-1.36072936618002,-0.707749432715936,-2.52586580515139,-2.82702246523982,-13.569227172849,-4.56495455060778,-56.8679915343069,-54.4734053446462,-3.82733577690666,0.701541309189372,0.82946918570113
0.175151270411773,1.07829344122695,1.51627602213442,0.26746278976486,0.187855023691261,1.72998340425449e-06,0.0589740026997963,2.22951310456011e-25,1.58468572661499e-23,0.126086881855065,-2.96884723314907,-1.15136231268782,-0.810484613767879,-2.54551678306753,-2.89882672128302,-14.49414069948,-4.05740052145304,-57.9895860590437,-53.7258129879949,-3.29752602818374,1.22674195706288,0.66258282417665
0.593199562892196,3.6519472368175,5.13529974084388,0.905838762147955,0.636224434334841,5.85908053536752e-06,0.199732223130771,7.55087985361585e-25,5.36698865009391e-23,0.427029064802246,-2.96884723314907,-1.15136231268782,-0.810484613767879,-2.54551678306753,-2.89882672128302,-14.49414069948,-4.05740052145304,-57.9895860590437,-53.7258129879949,-3.29752602818374,2.44662282756631,0.715820792824343
0.415338375922534,2.55697058659198,3.59556410297814,0.634237824592907,0.445462943348271,4.10233106392414e-06,0.139845782707712,5.28687202650036e-25,3.75778488213381e-23,0.298991383914616,-2.96884723314907,-1.15136231268782,-0.810484613767879,-2.54551678306753,-2.89882672128302,-14.49414069948,-4.05740052145304,-57.9895860590437,-53.7258129879949,-3.29752602818374,2.09018550583801,0.413986935776602
0.81792669436169,5.26475024340467,12.080462391379,2.65605879249023,0.586482771067142,6.15737929042527e-06,0.241707688649061,2.12169172753913e-24,5.76644475535361e-23,0.507972269578644,-3.29906233208865,-1.43704606268812,-0.606490300792634,-2.12123640290283,-3.63169175716346,-15.0959390808089,-4.51810595106554,-57.6079082467042,-54.3054811784972,-3.77540819033599,3.09807976999877,1.09787425472834
0.0515847076245314,0.332035381525422,0.761886272601422,0.167511364024008,0.0369880852170174,3.88331390354985e-07,0.0152439338824776,1.3381009348265e-25,3.63676071203503e-24,0.0320366130463969,-3.29906233208865,-1.43704606268812,-0.606490300792634,-2.12123640290283,-3.63169175716346,-15.0959390808089,-4.51810595106554,-57.6079082467042,-54.3054811784972,-3.77540819033599,0.334532317803905,1.90436401871933
0.0426039676352064,0.274229036078228,0.629244200352563,0.138348147349278,0.0305485725913985,3.20724081773232e-07,0.012590011568728,1.10514165040797e-25,3.00361178355981e-24,0.0264591365973206,-3.29906233208865,-1.43704606268812,-0.606490300792634,-2.12123640290283,-3.63169175716346,-15.0959390808089,-4.51810595106554,-57.6079082467042,-54.3054811784972,-3.77540819033599,0.143254439021529,0.805929667734291
0.0270189911969175,0.173913189850749,0.399060098242772,0.0877389497463383,0.0193735856010584,2.03399862103675e-07,0.00798445381090396,7.00869289437845e-26,1.90485921484686e-24,0.0167801080153455,-3.29906233208865,-1.43704606268812,-0.606490300792634,-2.12123640290283,-3.63169175716346,-15.0959390808089,-4.51810595106554,-57.6079082467042,-54.3054811784972,-3.77540819033599,-0.312152950479684,0.543467030379274
0.00410492956412757,0.0264222076023148,0.0606282293517787,0.0133299650647333,0.0029433817020531,3.09020459425629e-08,0.00121305863209023,1.0648136511961e-26,2.89400623788566e-25,0.00254936096538289,-3.29906233208865,-1.43704606268812,-0.606490300792634,-2.12123640290283,-3.63169175716346,-15.0959390808089,-4.51810595106554,-57.6079082467042,-54.3054811784972,-3.77540819033599,-2.19650436269232,0.75624793617648
0.0875094287427047,0.563272099381597,1.29248057326495,0.284169949752339,0.0627473985349951,6.58773882759478e-07,0.0258601435828008,2.26998375679579e-25,6.16948058910294e-24,0.0543476126092852,-3.29906233208865,-1.43704606268812,-0.606490300792634,-2.12123640290283,-3.63169175716346,-15.0959390808089,-4.51810595106554,-57.6079082467042,-54.3054811784972,-3.77540819033599,0.863053597724185,1.14163938529504
0.0380470658758256,0.244897618223486,0.561940515676556,0.123550489970015,0.0272811106174278,2.8641957415032e-07,0.0112433894334518,9.86936182451809e-26,2.68234677983538e-24,0.0236290789101021,-3.29906233208865,-1.43704606268812,-0.606490300792634,-2.12123640290283,-3.63169175716346,-15.0959390808089,-4.51810595106554,-57.6079082467042,-54.3054811784972,-3.77540819033599,0.0301310221104249,2.41863995731233
0.0734070899566181,0.472499549630588,1.08419445849429,0.238375331254538,0.0526355159093201,5.52611008523205e-07,0.0216927240132621,1.90417083312365e-25,5.17525509075667e-24,0.0455893741400959,-3.29906233208865,-1.43704606268812,-0.606490300792634,-2.12123640290283,-3.63169175716346,-15.0959390808089,-4.51810595106554,-57.6079082467042,-54.3054811784972,-3.77540819033599,0.68732757747655,1.18432053850326
0.235283136332529,1.76131962854169,7.03931352235318,0.902070068948969,0.109918916594326,3.49473866056678e-06,0.0734562464824321,7.68770028155755e-25,7.53182025532571e-23,0.19865574299321,-3.78105142599933,-1.76802245434425,-0.382575117001085,-2.43714885156213,-4.54209807825454,-14.8983377316927,-4.94515110735683,-57.8590914105595,-53.2744061638763,-3.95026765841728,2.33408577138715,0.26533026747223
0.103224625777584,1.03116696214266,2.31089917709063,0.877076634396002,0.17474502657812,4.23750128839359e-06,0.037089254440307,6.09344802044025e-25,5.30815119445736e-23,0.131393692981101,-3.81106419252069,-1.50952522613007,-0.702579657050411,-1.67137726798816,-3.28464371848042,-13.9117531412082,-4.83464434904559,-57.2976295859313,-52.8304298985339,-3.56977353270151,1.54021635999616,0.580838130744998
0.0130874527850518,0.396449027380146,0.744332233276567,0.410311570286682,0.055232492252891,1.45935520882608e-06,0.0236721153165505,2.6269735479035e-25,1.37737043656712e-23,0.0180040494555474,-4.84357556468964,-1.43268205685034,-0.802742047980685,-1.39831273461474,-3.40367812536342,-13.9449901118458,-4.25093174672431,-57.1062691377764,-53.146755192441,-4.52463283089597,0.507474254260728,0.927131439802051
0.00989007974602802,0.299593248619264,0.562485707918087,0.310069057554748,0.0417387372412825,1.10282265236185e-06,0.0178888216128093,1.98518216693372e-25,1.04086743854613e-23,0.0136055111557059,-4.84357556468964,-1.43268205685034,-0.802742047980685,-1.39831273461474,-3.40367812536342,-13.9449901118458,-4.25093174672431,-57.1062691377764,-53.146755192441,-4.52463283089597,0.227352494608707,0.352539039255746
0.0345458421311012,1.04647296443706,1.96475083778196,1.08306474640182,0.145792538029629,3.8521365070282e-06,0.0624852805252386,6.93419987517414e-25,3.63572823827425e-23,0.0475237664981129,-4.84357556468964,-1.43268205685034,-0.802742047980685,-1.39831273461474,-3.40367812536342,-13.9449901118458,-4.25093174672431,-57.1062691377764,-53.146755192441,-4.52463283089597,1.47810748515113,2.02386127736718
0.0671268563496011,1.57231190774122,5.00666753793446,2.41701652981144,0.613414820813227,5.16709773468772e-06,0.124796585121246,9.65852681593488e-25,9.03735126091807e-23,0.13973129871879,-4.99784580294659,-1.84412764260709,-0.68590419983679,-1.41414079084956,-2.78538859737694,-14.4698741251935,-4.37774491775789,-57.5934609233092,-53.0547657410295,-4.26470872697129,2.29667473152618,1.35123169166862
0.0191059201329097,1.14652520209744,3.95491846637304,0.721482289609357,0.593001243359841,8.5877632946103e-07,0.0621383989165288,4.51825950702802e-25,2.05974473727729e-23,0.0263928244195209,-5.83317807422633,-1.73868523203077,-0.500461051195446,-2.20186848456883,-2.39797982013175,-15.8431783705366,-4.65381217796879,-57.9319215068537,-54.112296114556,-5.51008414493905,1.87542103687337,2.19553874340275
0.00851269428816054,0.51083739862994,1.76212459827273,0.321458381645146,0.264213304677551,3.8263011170125e-07,0.0276859313685207,2.01312271957283e-25,9.17724827598703e-24,0.0117593941627277,-5.83317807422633,-1.73868523203077,-0.500461051195446,-2.20186848456883,-2.39797982013175,-15.8431783705366,-4.65381217796879,-57.9319215068537,-54.112296114556,-5.51008414493905,1.0669812903255,4.44863133866513
0.00303100478126324,0.18188725511368,0.62741687904551,0.114457521762375,0.0940750087624802,1.3623814726141e-07,0.00985777093727222,7.16786528653011e-26,3.26762391103877e-24,0.00418701514766702,-5.83317807422633,-1.73868523203077,-0.500461051195446,-2.20186848456883,-2.39797982013175,-15.8431783705366,-4.65381217796879,-57.9319215068537,-54.112296114556,-5.51008414493905,0.0343169707726673,3.20080038569605
0.00263589036533256,0.158176874643899,0.54562833973288,0.0995371174332318,0.0818116192849586,1.18478473533599e-07,0.00857273587882026,6.23347979045154e-26,2.84166440049219e-24,0.00364120603024495,-5.83317807422633,-1.73868523203077,-0.500461051195446,-2.20186848456883,-2.39797982013175,-15.8431783705366,-4.65381217796879,-57.9319215068537,-54.112296114556,-5.51008414493905,-0.105356180280734,1.5097128995216
0.00905902655080099,0.485271310669856,1.36841991035511,0.162481369202294,0.224567832365222,4.04495063986961e-07,0.0104175547676404,2.94513898361859e-25,1.23619224274823e-23,0.0108574338450866,-5.52424682764095,-1.54330035922658,-0.506596494102957,-2.63744515306524,-2.31383068703454,-15.5408795214911,-5.38451615562574,-57.304724533999,-53.5676744739351,-5.34315850480629,0.820253218217151,1.3027187940854
0.000568267523094894,0.0773077576738387,0.0811206332380302,0.0189451698918833,0.0237994106475865,3.51961400712078e-08,0.00194575474033189,1.08200295057831e-26,1.93764688511643e-24,0.000654875023843418,-5.88495757038256,-0.972000282040681,-0.923857244603065,-2.37824557853683,-2.15013377293983,-15.5743687290452,-4.65414464750061,-58.2004378220797,-53.0126072524344,-5.74310545544885,-1.58796068837793,1.42223628914954
0.00588832020745542,0.959781895722758,1.25966258545155,0.164030101054669,0.24082573920746,6.98805061330879e-07,0.0187100714710599,1.39188519416196e-25,2.95952448125201e-23,0.0138543294968199,-6.11414534440978,-1.02041004072291,-0.74851693265794,-2.78706615341882,-2.40304250929861,-15.1532548442589,-4.95805414719957,-58.2133290702338,-52.8537893600933,-5.25851832458452,0.979360828435197,3.19355557993946
0.000950926640383941,0.154998733330669,0.203427576660005,0.0264898285796792,0.0388918406326772,1.1285261769788e-07,0.00302155874315249,2.24780695487442e-26,4.77944570427358e-24,0.00223738698627537,-6.11414534440978,-1.02041004072291,-0.74851693265794,-2.78706615341882,-2.40304250929861,-15.1532548442589,-4.95805414719957,-58.2133290702338,-52.8537893600933,-5.25851832458452,-0.843928293433567,4.23264085721761
0.00198235735344823,0.323119435027242,0.4240770374498,0.0552222476965289,0.0810762081880424,2.3525917462881e-07,0.00629891827506873,4.68590999230837e-26,9.96351236247604e-24,0.00466418791565412,-6.11414534440978,-1.02041004072291,-0.74851693265794,-2.78706615341882,-2.40304250929861,-15.1532548442589,-4.95805414719957,-58.2133290702338,-52.8537893600933,-5.25851832458452,-0.109323215497665,3.1774816585948
0.0018059046347494,0.294358070344023,0.386329279173222,0.0503068293327496,0.0738594884923291,2.14318388705482e-07,0.00573824173884066,4.26880983814971e-26,9.07664459310533e-24,0.00424902127740507,-6.11414534440978,-1.02041004072291,-0.74851693265794,-2.78706615341882,-2.40304250929861,-15.1532548442589,-4.95805414719957,-58.2133290702338,-52.8537893600933,-5.25851832458452,-0.20254828565096,1.34697018499226
0.00601218998243976,0.979972368263075,1.28616150458616,0.167480723811661,0.245891875062011,7.13505489068381e-07,0.0191036662929119,1.42116561705516e-25,3.0217825818032e-23,0.0141457763979509,-6.11414534440978,-1.02041004072291,-0.74851693265794,-2.78706615341882,-2.40304250929861,-15.1532548442589,-4.95805414719957,-58.2133290702338,-52.8537893600933,-5.25851832458452,1.00017913735797,1.70271175868455
0.00705298393701234,1.14961925558956,1.50881400267539,0.196473973419499,0.288459188768089,8.37023242457032e-07,0.0224107774197905,1.66718921028785e-25,3.5448952998576e-23,0.0165946076226335,-6.11414534440978,-1.02041004072291,-0.74851693265794,-2.78706615341882,-2.40304250929861,-15.1532548442589,-4.95805414719957,-58.2133290702338,-52.8537893600933,-5.25851832458452,1.15984084618226,0.908019212680639
0.00260695920047026,0.424928019425848,0.557695378466887,0.0726216927804149,0.10662172816995,3.09384717506552e-07,0.00828358364430963,6.16234814866988e-26,1.31028193161917e-23,0.00613378187251962,-6.11414534440978,-1.02041004072291,-0.74851693265794,-2.78706615341882,-2.40304250929861,-15.1532548442589,-4.95805414719957,-58.2133290702338,-52.8537893600933,-5.25851832458452,0.164574550264315,1.6095780142769
0.000639526196491616,0.104241217122657,0.136811041817434,0.0178151905707859,0.0261559092553468,7.58967120022082e-08,0.00203208732242909,1.51171643663051e-26,3.2143181216988e-24,0.0015047087005942,-6.11414534440978,-1.02041004072291,-0.74851693265794,-2.78706615341882,-2.40304250929861,-15.1532548442589,-4.95805414719957,-58.2133290702338,-52.8537893600933,-5.25851832458452,-1.24063762935331,0.513632123581665
0.00686891762738459,1.11961689407234,1.46943750219455,0.191346464332821,0.280931081681935,8.15178902431927e-07,0.0218259087837084,1.62367948899408e-25,3.45238186133443e-23,0.0161615273530487,-6.11414534440978,-1.02041004072291,-0.74851693265794,-2.78706615341882,-2.40304250929861,-15.1532548442589,-4.95805414719957,-58.2133290702338,-52.8537893600933,-5.25851832458452,1.13339660865046,0.478099333193147
0.0138235962378478,2.25321262014061,2.95722147636576,0.385081960210345,0.565369692067712,1.64053561567043e-06,0.0439243221300588,3.26763121835184e-25,6.9478679901026e-23,0.0325248373666324,-6.11414534440978,-1.02041004072291,-0.74851693265794,-2.78706615341882,-2.40304250929861,-15.1532548442589,-4.95805414719957,-58.2133290702338,-52.8537893600933,-5.25851832458452,1.83276706973119,0.811021791953822
0.0252155375637493,0.701239300405694,3.91109443020852,0.379481329313006,0.200501879435773,1.41887561528399e-06,0.035805700649698,2.49813022237902e-25,2.9898789994441e-23,0.00984187997281311,-5.34103059180823,-2.01564176748247,-0.296918447077105,-2.62968556881026,-3.26766734586728,-15.1263815075612,-4.99038384955945,-58.3098204711827,-53.524959908025,-6.28184421935116,1.66073568733234,0.51135028726675
0.00780415838129133,0.21703215922787,1.21047589409374,0.117448711502358,0.0620549301757853,4.39139161599615e-07,0.0110817926493494,7.73166301263562e-26,9.2536156302706e-24,0.00304604214299655,-5.34103059180823,-2.01564176748247,-0.296918447077105,-2.62968556881026,-3.26766734586728,-15.1263815075612,-4.99038384955945,-58.3098204711827,-53.524959908025,-6.28184421935116,0.487932030267145,0.467177739683068
0.0789891250344628,2.19667253330564,12.2517287679588,1.18874714027283,0.628083695791025,4.44470965969574e-06,0.112163421399017,7.82553693289283e-25,9.36596832520147e-23,0.0308302563759073,-5.34103059180823,-2.01564176748247,-0.296918447077105,-2.62968556881026,-3.26766734586728,-15.1263815075612,-4.99038384955945,-58.3098204711827,-53.524959908025,-6.28184421935116,2.8025854980258,0.692497257736636
0.0114685517067467,0.300808371269177,0.877321462804729,0.0723488809640295,0.175524312253989,5.93885446036802e-07,0.0292218484351908,1.33329886458614e-25,1.32528872628964e-23,0.00481002195691138,-4.85443166016357,-1.58756689368834,-0.5171668419462,-3.01254032941567,-2.12626275072089,-14.7228644243838,-3.91912365182544,-57.6632561407058,-53.0641118329412,-5.7233386664403,0.386285036411855,0.458993493317287
0.0427539670459447,2.85851155041584,6.75647769756498,0.512098100881243,0.986209055775364,1.7635020125627e-06,0.101030633205294,5.32740765601156e-25,1.23199897517041e-22,0.00860984135113121,-5.57405534683511,-1.37146100288687,-0.511260351722053,-3.09100112433931,-2.43564897806728,-15.6699710013657,-4.71409356439122,-58.3135246287938,-52.869996067927,-7.17661144215622,2.42176205532679,0.395344945679027
0.038990766118078,2.60690558114327,6.16177304446779,0.467023264987673,0.899403009689019,1.60827869953449e-06,0.0921379245541284,4.85848963928854e-25,1.12355851907169e-22,0.00785200377019883,-5.57405534683511,-1.37146100288687,-0.511260351722053,-3.09100112433931,-2.43564897806728,-15.6699710013657,-4.71409356439122,-58.3135246287938,-52.869996067927,-7.17661144215622,2.32962491974595,0.363325624488628
0.0144713560056374,0.967548537609168,2.28693150276652,0.173334884215528,0.333811885263699,5.96909882374849e-07,0.0341968327527975,1.80322010105995e-25,4.17006818317287e-23,0.0029142577391797,-5.57405534683511,-1.37146100288687,-0.511260351722053,-3.09100112433931,-2.43564897806728,-15.6699710013657,-4.71409356439122,-58.3135246287938,-52.869996067927,-7.17661144215622,1.33847131562178,0.114297311596221
0.00842693425571778,0.998633428752992,2.85801761494222,0.253954305620455,0.240583969134895,5.27202178254154e-07,0.0764280696327732,1.30055716815603e-25,6.32561517468095e-23,0.00337908473429729,-6.26684686734001,-1.49189212935111,-0.4403963806246,-2.8611255507735,-2.91521072985491,-15.9462063455191,-4.06192987020954,-58.7923591848073,-52.6053744716539,-7.18067501832057,1.49052462349404,0.684299715939903
0.00998557473193569,1.18334004158821,3.38663476101407,0.300925534757704,0.285082229219026,6.24713162586283e-07,0.0905641574713622,1.54110740652391e-25,7.49559699120528e-23,0.00400407812805401,-6.26684686734001,-1.49189212935111,-0.4403963806246,-2.8611255507735,-2.91521072985491,-15.9462063455191,-4.06192987020954,-58.7923591848073,-52.6053744716539,-7.18067501832057,1.66023311310204,0.37342100261881
0.0332499483949835,3.94028349622079,11.2768102046488,1.00202129271801,0.949266283045684,2.08016874093678e-06,0.301560365146276,5.13157661062475e-25,2.49588250889648e-22,0.0133327719937328,-6.26684686734001,-1.49189212935111,-0.4403963806246,-2.8611255507735,-2.91521072985491,-15.9462063455191,-4.06192987020954,-58.7923591848073,-52.6053744716539,-7.18067501832057,2.86314480342797,0.275995122372721
0.0232198606555615,2.75166844287371,7.87507873638274,0.699754312831597,0.662913233894494,1.45267077502876e-06,0.210592497009505,3.58359936161653e-25,1.74298147415992e-22,0.00931084476189911,-6.26684686734001,-1.49189212935111,-0.4403963806246,-2.8611255507735,-2.91521072985491,-15.9462063455191,-4.06192987020954,-58.7923591848073,-52.6053744716539,-7.18067501832057,2.50409956355714,0.20350279911306
0.170057982915267,12.5180989391564,25.9887952905833,1.81954520368996,4.4840827253324,1.13544323036142e-05,0.617884825641952,6.160974786119e-25,1.8179569050951e-21,0.0606724718043097,-5.59281982276211,-1.29402848642682,-0.563538503875702,-3.22261741687017,-2.32067004460582,-15.2071063775841,-4.30265720381717,-59.5675963139744,-51.577777660618,-6.62346919471854,3.82120399864921,0.40025993653829
0.00250182255675128,0.231195167289161,0.756881169147121,0.0116710519395203,0.0560417964239207,2.23236349162311e-07,0.00775936807041457,1.98503217044716e-26,5.16813689841356e-23,0.000605951562865923,-6.05526482694501,-1.52902208206049,-0.343078050823865,-4.51517273318548,-2.94618653885532,-15.3795638019584,-4.92338341925745,-59.2461063339925,-51.3814739200321,-7.4732395412832,0.064529036929569,1.89097388371002
0.00197935925271895,0.18291396898745,0.598819345247844,0.009233750244642,0.044338415604791,1.76617215343761e-07,0.00613895535635861,1.57049179323951e-26,4.0888589646728e-23,0.000479408833141083,-6.05526482694501,-1.52902208206049,-0.343078050823865,-4.51517273318548,-2.94618653885532,-15.3795638019584,-4.92338341925745,-59.2461063339925,-51.3814739200321,-7.4732395412832,-0.169717269441522,2.57759709639357
0.00311835681833036,0.288169528384685,0.943402459981264,0.0145471965205841,0.0698524032083817,2.78249386484637e-07,0.00967154055870863,2.47421168484347e-26,6.44174179809138e-23,0.000755278659768171,-6.05526482694501,-1.52902208206049,-0.343078050823865,-4.51517273318548,-2.94618653885532,-15.3795638019584,-4.92338341925745,-59.2461063339925,-51.3814739200321,-7.4732395412832,0.284815750258199,4.18230858986708
0.00198212580687971,0.105141510920001,0.545127573409872,0.00583351424560395,0.0385368988098175,2.26864895061658e-07,0.00917056083391271,6.82781323464048e-27,4.47555838756801e-23,0.000637253435678178,-5.87605373346983,-1.90491647623385,-0.259203795153436,-4.7966040367629,-2.90860744911935,-14.9513795356857,-4.34422519803574,-59.9012614222391,-51.113294378669,-7.01081148640252,-0.347531636906683,7.36002327565096
0.00675569406144234,0.358354590040628,1.85796234408093,0.0198824097893184,0.131345597505602,7.73225301339708e-07,0.0312560903807048,2.32712863945357e-26,1.52540787853061e-22,0.00217195560246598,-5.87605373346983,-1.90491647623385,-0.259203795153436,-4.7966040367629,-2.90860744911935,-14.9513795356857,-4.34422519803574,-59.9012614222391,-51.113294378669,-7.01081148640252,0.878684168429552,3.58975012481361
0.00374330558406713,0.65656415840196,1.8614800738169,0.015285612293147,0.0307637318883922,1.43183938797513e-06,0.0828585361588569,1.77661289227915e-26,2.85321365834669e-22,0.00123446091812958,-6.56307438303156,-1.39602303318134,-0.353916261216998,-5.15613143712998,-4.45670699005536,-14.4318388260726,-3.46590868004926,-60.2677919069247,-50.5837142585525,-7.67240907885763,0.975288171121231,5.95418405747305
0.00513329004360281,0.900363109989366,2.5526949148798,0.0209615484583364,0.0421870870705591,1.96351772765108e-06,0.113626015600263,2.43631439284319e-26,3.9126843736731e-22,0.00169284761768403,-6.56307438303156,-1.39602303318134,-0.353916261216998,-5.15613143712998,-4.45670699005536,-14.4318388260726,-3.46590868004926,-60.2677919069247,-50.5837142585525,-7.67240907885763,1.29106589170095,10.4689330323647
0.00558401191521271,0.979418324601417,2.77683097964738,0.0228020500221935,0.0458912695111966,2.13592185397724e-06,0.123602800465313,2.65023181688216e-26,4.25623254822414e-22,0.00184148590621086,-6.56307438303156,-1.39602303318134,-0.353916261216998,-5.15613143712998,-4.45670699005536,-14.4318388260726,-3.46590868004926,-60.2677919069247,-50.5837142585525,-7.67240907885763,1.37522660332038,8.5322676752425
0.00720217972450365,1.2632399261245,3.5815173899442,0.0294097621639305,0.0591899114514482,2.75488184900356e-06,0.159421146824189,3.41823157733288e-26,5.48962864460948e-22,0.00237512252087768,-6.56307438303156,-1.39602303318134,-0.353916261216998,-5.15613143712998,-4.45670699005536,-14.4318388260726,-3.46590868004926,-60.2677919069247,-50.5837142585525,-7.67240907885763,1.62970282376947,10.8341598937118
0.0106128544937137,1.03246834906849,3.26063510629658,0.0336514039212279,0.0311783035577916,2.76678286122457e-06,0.24738646734421,1.32643545025587e-26,7.77132217331418e-22,0.00708195869836055,-6.07673689221555,-1.49909517699739,-0.349125573438898,-4.92274807020244,-4.99908039258268,-14.3288729024041,-2.92785108774312,-61.1157647538582,-50.1374792998153,-6.48125232495225,1.53104756772536,4.31430681443656
0.00610248753387884,1.78061285256911,3.53026825358176,0.0593960680356832,0.0271443709382393,4.16118623319511e-06,0.321366785420736,3.66932775601133e-26,6.08748263627632e-22,0.00894770180965481,-6.84544472941617,-1.16942832668496,-0.485012070353719,-4.56991318041769,-5.35297151695103,-14.1360963030566,-2.88155810537942,-60.3135898762336,-50.5970233407492,-6.46274449164114,1.74638593092772,2.84812088068765
0.00663204537064626,1.715907657679,3.7412759862873,0.296037073571624,0.0536910450670289,8.36857508903095e-06,0.443196573261566,3.18551148115178e-26,1.14889147288156e-21,0.0184581485191566,-6.85244847632145,-1.29666426924348,-0.517179730275607,-3.05387704026817,-4.76111550622133,-13.5276333845345,-2.65034833170943,-60.5452060074058,-50.0520958683301,-5.82885580816119,1.83660645631993,1.59216646539537
0.00647511565422548,1.6753052662485,3.65274863962913,0.289032143507175,0.052420589271597,8.17055501495542e-06,0.43270950499324,3.11013482350631e-26,1.12170601154024e-21,0.0180213855220902,-6.85244847632145,-1.29666426924348,-0.517179730275606,-3.05387704026817,-4.76111550622133,-13.5276333845345,-2.65034833170943,-60.5452060074058,-50.0520958683301,-5.82885580816119,1.81265966642184,1.20690046359564
0.00522468996833538,1.35178290024149,2.94735726640914,0.233216427527894,0.0422975189211972,6.59271881800482e-06,0.349147896449731,2.50952895365506e-26,9.05090574265087e-22,0.0145412309494928,-6.85244847632145,-1.29666426924348,-0.517179730275606,-3.05387704026817,-4.76111550622133,-13.5276333845345,-2.65034833170943,-60.5452060074058,-50.0520958683301,-5.82885580816119,1.59808865722597,1.42896985587126
0.0153599114272764,3.97406654604452,8.66484840841331,0.685626073876989,0.124349224195236,1.9381738959289e-05,1.02644956868061,7.37768990809776e-26,2.66084899556324e-21,0.0427493345598345,-6.85244847632145,-1.29666426924348,-0.517179730275606,-3.05387704026817,-4.76111550622133,-13.5276333845345,-2.65034833170943,-60.5452060074058,-50.0520958683301,-5.82885580816119,2.67645415858885,1.94333304544083
0.0216770408818522,2.01789685151192,3.9347799963522,1.01361046216406,0.251753688161319,1.01008804081097e-05,1.00364156556716,3.74990603920818e-26,1.65101237810932e-21,0.0258723909485703,-5.94404446232648,-1.41048705350167,-0.742687889044593,-2.09902418815134,-3.49184695730678,-13.6154308287069,-2.10890790879025,-60.6580244942985,-49.9654411505351,-5.76712172529669,2.11254285991061,1.15850379467057
0.0223610407561951,2.08156980394089,4.05893850293716,1.04559404481871,0.259697553378267,1.04196047657173e-05,1.03531058849676,3.86823101140322e-26,1.7031086151059e-21,0.0266887713878667,-5.94404446232648,-1.41048705350167,-0.742687889044593,-2.09902418815134,-3.49184695730678,-13.6154308287069,-2.10890790879025,-60.6580244942985,-49.9654411505351,-5.76712172529669,2.14360937599504,0.881511148191389
0.0122903104385335,1.14409429189127,2.23091647638062,0.574690397625773,0.142737701073339,5.72693277623983e-06,0.569038296189355,2.12609781881181e-26,9.36080472211173e-22,0.0146689632721615,-5.94404446232648,-1.41048705350167,-0.742687889044593,-2.09902418815134,-3.49184695730678,-13.6154308287069,-2.10890790879025,-60.6580244942985,-49.9654411505351,-5.76712172529669,1.54510036604457,1.2203834469961
0.00638128170827553,0.572726025742079,0.963298020062686,0.239596253613312,0.0207617607455708,2.28571660795734e-06,0.137146422858276,5.51490168887298e-27,3.59181561603678e-22,0.00415386022092263,-5.71916791721601,-1.22212942680696,-0.702174054718008,-2.0935816589956,-4.53942402007509,-13.653612578927,-2.65148775403327,-61.1271252945543,-50.0429958387129,-6.14849881349469,0.664781610127967,3.02323138920272
0.0110173625473533,0.988818634620423,1.66314605957841,0.413665923512225,0.0358454391629071,3.9463182635731e-06,0.236785011503681,9.52154662605302e-27,6.20131450924714e-22,0.00717169153738882,-5.71916791721601,-1.22212942680696,-0.702174054718008,-2.0935816589956,-4.53942402007509,-13.653612578927,-2.65148775403327,-61.1271252945543,-50.0429958387129,-6.14849881349469,1.21088508004284,1.28374779626218
0.00642316776841017,0.576485338972804,0.969621006672663,0.241168938153138,0.0208980387534767,2.30071981071009e-06,0.138046637513843,5.55110092193256e-27,3.61539191493152e-22,0.0041811257213281,-5.71916791721601,-1.22212942680696,-0.702174054718008,-2.0935816589956,-4.53942402007509,-13.653612578927,-2.65148775403327,-61.1271252945543,-50.0429958387129,-6.14849881349469,0.671324056113946,0.376546553947743
0.0245986033292034,2.20774774842964,3.71332703469262,0.923597087737689,0.0800325609091682,8.81099420657127e-06,0.528672860427847,2.1258876389709e-26,1.38457525634617e-21,0.0160123255061632,-5.71916791721601,-1.22212942680696,-0.702174054718008,-2.0935816589956,-4.53942402007509,-13.653612578927,-2.65148775403327,-61.1271252945543,-50.0429958387129,-6.14849881349469,2.01410230432478,0.337468499143319
0.00421589263012767,0.0824648075942792,0.334466538355847,0.0594401354703991,0.00592183405413689,9.89004220677408e-07,0.0403119965008653,7.19146559911755e-28,1.79648840844963e-22,0.00084195929249087,-4.8295986635993,-1.85608837955979,-0.455923167522945,-2.18349032775819,-4.48981379991894,-13.1872719660062,-2.57181090269982,-61.8601923426252,-49.4317428989094,-6.44048361939569,-0.639295271705345,0.343613329798473
0.0596318225194362,1.16642599847534,4.73087220281558,0.84075281793757,0.0837615632766126,1.39890005112921e-05,0.570194270026021,1.01719905577439e-26,2.54104853537621e-21,0.011909119017788,-4.8295986635993,-1.85608837955979,-0.455923167522945,-2.18349032775819,-4.48981379991894,-13.1872719660062,-2.57181090269982,-61.8601923426252,-49.4317428989094,-6.44048361939569,2.01003275108582,0.557881226127808
0.0325605207481856,0.636898828845968,2.58317884660634,0.459072830846805,0.0457359846427581,7.63835687305791e-06,0.311340850828894,5.55417050179568e-27,1.38747836411165e-21,0.00650268766722516,-4.8295986635993,-1.85608837955979,-0.455923167522945,-2.18349032775819,-4.48981379991894,-13.1872719660062,-2.57181090269982,-61.8601923426252,-49.4317428989094,-6.44048361939569,1.40494391911825,0.302339909351432
0.0131008908883375,0.256259478407941,1.03935512813741,0.184710284987053,0.0184021057006235,3.07333168084208e-06,0.125269572539585,2.23474870939535e-27,5.58258966394716e-22,0.00261638940814551,-4.8295986635993,-1.85608837955979,-0.455923167522945,-2.18349032775819,-4.48981379991894,-13.1872719660062,-2.57181090269982,-61.8601923426252,-49.4317428989094,-6.44048361939569,0.494523619255235,0.162841398622635
0.000961303377254649,0.0188035381827631,0.0762647062219918,0.0135534768043744,0.00135029033593082,2.25511696066961e-07,0.00919189879344385,1.63979037759151e-28,4.09633386272733e-23,0.000191982667110262,-4.8295986635993,-1.85608837955979,-0.455923167522945,-2.18349032775819,-4.48981379991894,-13.1872719660062,-2.57181090269982,-61.8601923426252,-49.4317428989094,-6.44048361939569,-2.11762184608327,0.162963229354297
0.00140153079604792,0.0274145898801147,0.111190012383941,0.0197602708825394,0.0019686537405263,3.2878443411847e-07,0.0134013148585398,2.39072988573174e-28,5.97224372175014e-23,0.000279900837372353,-4.8295986635993,-1.85608837955979,-0.455923167522945,-2.18349032775819,-4.48981379991894,-13.1872719660062,-2.57181090269982,-61.8601923426252,-49.4317428989094,-6.44048361939569,-1.74059155036765,0.650245214564889
0.00781941947931573,0.152951457599432,0.620351226810017,0.110246487263203,0.0109835113506652,1.83435384787212e-06,0.0747686049773586,1.33383582372841e-27,3.33203373231318e-22,0.00156162252459798,-4.8295986635993,-1.85608837955979,-0.455923167522945,-2.18349032775819,-4.48981379991894,-13.1872719660062,-2.57181090269982,-61.8601923426252,-49.4317428989094,-6.44048361939569,-0.0215462989628254,0.588483907419663
0.0181138196154193,0.354314680290563,1.4370542788202,0.255387882540615,0.0254434928163325,4.24931221545278e-06,0.173202758470624,3.0898536101704e-27,7.7187134082356e-22,0.00361752541768213,-4.8295986635993,-1.85608837955979,-0.455923167522945,-2.18349032775819,-4.48981379991894,-13.1872719660062,-2.57181090269982,-61.8601923426252,-49.4317428989094,-6.44048361939569,0.818518546223945,0.654884540692302
0.0918068680115077,1.79578475322155,7.28346948915804,1.29439080889301,0.128956091886461,2.15369289297591e-05,0.877849240179351,1.56604067273764e-26,3.91210091595108e-21,0.0183348231129954,-4.8295986635993,-1.85608837955979,-0.455923167522945,-2.18349032775819,-4.48981379991894,-13.1872719660062,-2.57181090269982,-61.8601923426252,-49.4317428989094,-6.44048361939569,2.44153049438528,0.37324729031592
0.0511189789941696,2.04560326147699,4.20247614808575,0.366074304041082,0.105242449821629,2.09108906973143e-05,0.370341475008692,1.57309323978076e-26,2.45478568647575e-21,0.0358505463961833,-4.94444302113681,-1.25515083991694,-0.5351696686613,-2.97576252897713,-4.22233212395124,-12.7460840280128,-2.96417337282733,-61.3850120996919,-49.4270910714873,-5.29924005017298,1.97084357929699,1.66593697959619
0.0288254949892412,1.15349578031294,2.36973541985,0.206425739020134,0.059345193696745,1.17914478511935e-05,0.208831955219388,8.87051975472385e-27,1.38422976940205e-21,0.0202157743726182,-4.94444302113681,-1.25515083991694,-0.5351696686613,-2.97576252897713,-4.22233212395124,-12.7460840280128,-2.96417337282733,-61.3850120996919,-49.4270910714873,-5.29924005017298,1.39794798038235,1.73403518809868
0.102904805338943,4.1178914282894,8.45977361968906,0.736924049309223,0.211857787956277,4.20945640740686e-05,0.745514056512222,3.16670748917168e-26,4.94159406517924e-21,0.072168763359197,-4.94444302113681,-1.25515083991694,-0.5351696686613,-2.97576252897713,-4.22233212395124,-12.7460840280128,-2.96417337282733,-61.3850120996919,-49.4270910714873,-5.29924005017298,2.6704920830194,1.34174044142074
0.108774401393738,4.35277219213661,8.9423113758126,0.77895752362815,0.223941962570571,4.44955995398435e-05,0.788037496991848,3.34733359039124e-26,5.22345807467653e-21,0.0762852036682507,-4.94444302113681,-1.25515083991694,-0.5351696686613,-2.97576252897713,-4.22233212395124,-12.7460840280128,-2.96417337282733,-61.3850120996919,-49.4270910714873,-5.29924005017298,2.72596376758597,0.462888225028117
0.0878859444167083,3.51688899258549,7.22507750409749,0.629370667614648,0.180937340246111,3.59509014790306e-05,0.636706971231328,2.70452946741053e-26,4.22037299338755e-21,0.0616357992643584,-4.94444302113681,-1.25515083991694,-0.5351696686613,-2.97576252897713,-4.22233212395124,-12.7460840280128,-2.96417337282733,-61.3850120996919,-49.4270910714873,-5.29924005017298,2.51272762981299,1.26244549028048
0.0429839149579841,1.72006636985317,3.53369493907297,0.307817312920114,0.0884941875231654,1.75831357573001e-05,0.311405407158144,1.32275149797941e-26,2.06413158603159e-21,0.0301452976528848,-4.94444302113681,-1.25515083991694,-0.5351696686613,-2.97576252897713,-4.22233212395124,-12.7460840280128,-2.96417337282733,-61.3850120996919,-49.4270910714873,-5.29924005017298,1.79751371712177,1.07260156792233
0.0334951683226497,1.34035982159088,2.7536278838454,0.239866301591262,0.0689589980243058,1.37016391458632e-05,0.242662320068821,1.03075264589476e-26,1.60847226181717e-21,0.0234906899477801,-4.94444302113681,-1.25515083991694,-0.5351696686613,-2.97576252897713,-4.22233212395124,-12.7460840280128,-2.96417337282733,-61.3850120996919,-49.4270910714873,-5.29924005017298,1.54808894140904,0.369703678147395
0.0559218419083533,2.23779708527777,4.59731808813476,0.400468666630269,0.115130461460198,2.28755649417693e-05,0.405136757913426,1.72089257635902e-26,2.68542407886594e-21,0.0392188699254754,-4.94444302113681,-1.25515083991694,-0.5351696686613,-2.97576252897713,-4.22233212395124,-12.7460840280128,-2.96417337282733,-61.3850120996919,-49.4270910714873,-5.29924005017298,2.06064277781305,0.230708658945846
0.0147576540921735,0.590549849325873,1.21322237932672,0.10568282186715,0.0303826817522639,6.03681250569205e-06,0.106914721140791,4.54139858506737e-27,7.08677652493014e-22,0.0103497756242477,-4.94444302113681,-1.25515083991694,-0.5351696686613,-2.97576252897713,-4.22233212395124,-12.7460840280128,-2.96417337282733,-61.3850120996919,-49.4270910714873,-5.29924005017298,0.72844961185059,0.520612772983603
0.0229308222913199,0.849159839194202,2.13605788635915,0.0566894928756401,0.0371665069443726,1.16581386493286e-05,0.0918029072830891,5.08424321226827e-27,8.3215463230478e-22,0.0160896226367805,-4.94151582731568,-1.32975034828766,-0.407280484412725,-4.03640890175475,-4.458589779719,-12.5257485308475,-3.55435381760561,-61.7098938253927,-49.7042664576683,-5.29582327702828,1.16624250549887,0.839092699844743
0.0223199258425561,1.15542766260388,1.54683691198951,0.100822094217778,0.0327790759348372,2.01276342396142e-05,0.0570603679737781,1.72777279829786e-27,7.79076365196386e-22,0.0339927772054328,-4.88382939710854,-0.937083387074667,-0.645341789248332,-3.37595169186264,-4.49951882913901,-11.8949707824995,-3.94519941749344,-62.7045182647363,-49.6854870941817,-4.46316114523572,1.08155393316787,0.959833708196906
0.0176230739207648,2.24254522708622,3.30256650292831,0.208691640131434,0.106972018121181,2.13541959741523e-05,0.148545210720275,6.23717332671088e-27,7.73026613403333e-22,0.0683531908447353,-5.84606718858881,-0.999909488340209,-0.612821076883341,-3.37441849381235,-4.04270896284889,-12.5617832760945,-3.71438688902192,-62.1467913948463,-50.4192497263808,-4.49058800424138,1.80752097124204,0.953387005641903
0.0238705234197851,3.0375363914246,4.47333940764217,0.282673653056694,0.144894022195221,2.8924343017768e-05,0.201205076216429,8.44827597262043e-27,1.04706760933569e-21,0.0925846677039579,-5.84606718858881,-0.999909488340208,-0.61282107688334,-3.37441849381235,-4.04270896284889,-12.5617832760945,-3.71438688902192,-62.1467913948463,-50.4192497263808,-4.49058800424138,2.11095627765103,0.539798254312502
0.0330505005902303,4.2056932113359,6.19366840569718,0.391382525338731,0.200616462482544,4.00478866411624e-05,0.278583270810753,1.16972613088194e-26,1.44974234673367e-21,0.128190302356742,-5.84606718858881,-0.999909488340208,-0.61282107688334,-3.37441849381235,-4.04270896284889,-12.5617832760945,-3.71438688902192,-62.1467913948463,-50.4192497263808,-4.49058800424138,2.43634862224142,0.839579438931455
0.0183176187571306,2.33092641499886,3.43272430182744,0.21691640850599,0.111187903678702,2.21957884576926e-05,0.154399541782864,6.48298722654821e-27,8.03492447293975e-22,0.0710470657024238,-5.84606718858881,-0.999909488340208,-0.61282107688334,-3.37441849381235,-4.04270896284889,-12.5617832760945,-3.71438688902192,-62.1467913948463,-50.4192497263808,-4.49058800424138,1.84617527989849,0.378550283167244
0.0165411215941748,2.10486623664231,3.09980848649899,0.195879209871236,0.100404569990019,2.00431748594153e-05,0.139425414873919,5.85424783808604e-27,7.25567359322674e-22,0.0641567099018065,-5.84606718858881,-0.999909488340208,-0.61282107688334,-3.37441849381235,-4.04270896284889,-12.5617832760945,-3.71438688902192,-62.1467913948463,-50.4192497263808,-4.49058800424138,1.74416140791735,0.543281448299561
0.0134772936156679,2.11461524600852,3.8341037223802,0.193813081926826,0.1885552026488,4.29633825551202e-05,0.222785477055335,2.90823626075607e-27,2.78129972532527e-22,0.0928200179583843,-6.20290043077612,-1.1472785876015,-0.552215769205212,-3.53701254637127,-3.56451592948868,-11.9513138403167,-3.39769742359678,-62.9984021761364,-51.5301051670978,-4.27324441846379,1.89615146677003,0.311867683799552
0.00512260641087285,0.233735233604757,1.35147404595934,0.0374975693154978,0.0233832538955467,1.13059939737269e-05,0.0214541686692529,5.66634594739913e-28,7.68201430252066e-23,0.0149071548864464,-5.79739061842506,-1.97686499814162,-0.222102830916195,-3.80677787994846,-4.27903387189291,-11.9134762463153,-4.36513502252397,-63.2611368611532,-51.443874060707,-4.7292127011541,0.523298713588505,0.55343683766769
0.00529181701415323,0.441919495177976,0.87830442736526,0.0458481307222972,0.0275690417186611,4.58967928169741e-06,0.0136368704164159,5.35566384613986e-28,3.7627772937844e-23,0.0314635723807767,-5.60903692861419,-1.18407086856242,-0.497205334699433,-3.44986416798883,-3.95850513013197,-12.6591437270641,-4.66242141196684,-63.1616712575463,-52.0017431296216,-3.82636815215323,0.367443317462525,0.310450331941758
0.000762850208222106,0.050303762791973,0.0908549666123066,0.00634514519270696,0.00278217135093434,3.22072442839795e-07,0.00118919724222711,3.98277274644402e-29,3.25837702911281e-24,0.00316166021820211,-5.31669651146281,-1.12792304368746,-0.536738463375055,-3.19831294107685,-4.02277124067279,-13.086736984953,-4.87272443186883,-63.5312370961426,-52.2190606502849,-3.89490564985355,-1.86175235398941,1.97157695963836
0.000703991795655374,0.046422529501142,0.0838449677279033,0.00585557965346623,0.00256751035007248,2.97222645969162e-07,0.00109744363037537,3.67547823574835e-29,3.00697393921335e-24,0.0029177194031993,-5.31669651146281,-1.12792304368746,-0.536738463375055,-3.19831294107685,-4.02277124067279,-13.086736984953,-4.87272443186883,-63.5312370961426,-52.2190606502849,-3.89490564985355,-1.94204734430995,2.45413599381031
0.00335862670002513,0.22147409675434,0.400010268601959,0.0279359877339864,0.0122491609526735,1.41799935846528e-06,0.00523571936704162,1.75350897753767e-28,1.43457679774803e-23,0.0139199495665199,-5.31669651146281,-1.12792304368746,-0.536738463375055,-3.19831294107685,-4.02277124067279,-13.086736984953,-4.87272443186883,-63.5312370961426,-52.2190606502849,-3.89490564985355,-0.37952659732371,5.03328018659826
0.00406347885177797,0.26795335973812,0.483957704184845,0.0337987235555928,0.0148198090853148,1.71558524349112e-06,0.0063345041953185,2.12150598534032e-28,1.73564167725364e-23,0.0168412347466142,-5.31669651146281,-1.12792304368746,-0.536738463375055,-3.19831294107685,-4.02277124067279,-13.086736984953,-4.87272443186883,-63.5312370961426,-52.2190606502849,-3.89490564985355,-0.18901930075685,2.54374210399285
0.00430379782266056,0.283800440036968,0.512579538249396,0.0357976202542852,0.0156962702157821,1.81704699466936e-06,0.00670913430532985,2.24697437184248e-28,1.83828958977225e-23,0.0178372453942216,-5.31669651146281,-1.12792304368746,-0.536738463375055,-3.19831294107685,-4.02277124067279,-13.086736984953,-4.87272443186883,-63.5312370961426,-52.2190606502849,-3.89490564985355,-0.131560920052076,2.59522362770669
0.0131891212383265,0.869715206283568,1.5708158126437,0.109702911947074,0.0481017044470519,5.56839658736945e-06,0.0205603491156816,6.88592230183406e-28,5.63349517558695e-23,0.0546627889496763,-5.31669651146281,-1.12792304368746,-0.536738463375055,-3.19831294107685,-4.02277124067279,-13.086736984953,-4.87272443186883,-63.5312370961426,-52.2190606502849,-3.89490564985355,0.988333573664196,3.82325060072741
0.00407344450318783,0.268610513343357,0.485144606824909,0.0338816146716388,0.0148561545559551,1.71979270343472e-06,0.0063500395193518,2.1267089628591e-28,1.73989832545063e-23,0.0168825377485291,-5.31669651146281,-1.12792304368746,-0.536738463375055,-3.19831294107685,-4.02277124067279,-13.086736984953,-4.87272443186883,-63.5312370961426,-52.2190606502849,-3.89490564985355,-0.186569810708107,3.39002741471008
0.0120747521630657,0.796231635039252,1.43809517622601,0.100433944717883,0.0440375176877883,5.09791422212131e-06,0.0188231736953434,6.30412016891301e-28,5.15751253080979e-23,0.0500442461011949,-5.31669651146281,-1.12792304368746,-0.536738463375055,-3.19831294107685,-4.02277124067279,-13.086736984953,-4.87272443186883,-63.5312370961426,-52.2190606502849,-3.89490564985355,0.900057907010803,6.67014197059169
0.0116067008351211,0.765367459187126,1.38235056566561,0.0965408427675409,0.0423304997420118,4.90030474002274e-06,0.0180935345834792,6.05975475447344e-28,4.95759285077521e-23,0.0481043904811928,-5.31669651146281,-1.12792304368746,-0.536738463375055,-3.19831294107685,-4.02277124067279,-13.086736984953,-4.87272443186883,-63.5312370961426,-52.2190606502849,-3.89490564985355,0.860523822012808,4.96622310718088
0.0143337583702674,0.945194709529995,1.70714135504352,0.119223639236453,0.0522762810564279,6.05165801048491e-06,0.0223447090148907,7.48352711658358e-28,6.12240627467122e-23,0.0594067788514013,-5.31669651146281,-1.12792304368746,-0.536738463375055,-3.19831294107685,-4.02277124067279,-13.086736984953,-4.87272443186883,-63.5312370961426,-52.2190606502849,-3.89490564985355,1.07155871280605,2.11253727041715
0.0271130935574879,1.78788786077822,3.22915191392947,0.225518081258253,0.0988834653485244,1.14470444929886e-05,0.0422662479990076,1.41555037841859e-27,1.15808687319888e-22,0.112371194723648,-5.31669651146281,-1.12792304368746,-0.536738463375055,-3.19831294107685,-4.02277124067279,-13.086736984953,-4.87272443186883,-63.5312370961426,-52.2190606502849,-3.89490564985355,1.70895800078639,3.58433138397576
0.0215181022587273,1.15955908364932,4.51148020805057,0.13434692040352,0.0884742759946353,5.74794679217338e-06,0.0176783307092329,6.24021499339184e-28,8.93894114153696e-23,0.101554764972173,-5.63637319390026,-1.64947262876027,-0.290887155876767,-3.80484232769504,-4.2225558972671,-13.8641803078649,-5.83292810444859,-64.4388804292961,-52.566552458556,-4.08466953095221,1.7975124613198,4.93954299822481
0.0222056109982746,1.19660728587668,4.65562312706991,0.138639338052536,0.091301051201857,5.93159512726154e-06,0.0182431577891059,6.43959142041257e-28,9.22454254277642e-23,0.104799465068006,-5.63637319390026,-1.64947262876027,-0.290887155876767,-3.80484232769504,-4.2225558972671,-13.8641803078649,-5.83292810444859,-64.4388804292961,-52.566552458556,-4.08466953095221,1.82896291953107,3.96309429726897
0.00804502880958301,0.433527367897367,1.68671882916208,0.0502286322524894,0.0330781074801872,2.1489998041175e-06,0.00660944344213403,2.333045395742e-28,3.34202515380579e-23,0.0379685438858904,-5.63637319390026,-1.64947262876027,-0.290887155876767,-3.80484232769504,-4.2225558972671,-13.8641803078649,-5.83292810444859,-64.4388804292961,-52.566552458556,-4.08466953095221,0.813672276410503,4.87380632889946
0.00704605748018026,0.444961408705058,1.89295051633608,0.0565432565189025,0.126609873131299,2.46458677490695e-06,0.0204632543736769,2.18465611926275e-28,8.38710983494114e-23,0.0383568173816638,-5.90576029608306,-1.76024097741989,-0.312336523286952,-3.82322258648138,-3.01711804032608,-13.8639596563092,-4.8395977256427,-64.6413974249924,-51.7832344099232,-4.21129625435109,0.950473254832314,2.96121153759112
0.00900796878834262,0.568856909400288,2.42002555570923,0.0722872175462999,0.161863253127135,3.15082878715827e-06,0.026161063435049,2.7929539591376e-28,1.07224251051126e-22,0.049036928064536,-5.90576029608306,-1.76024097741989,-0.312336523286952,-3.82322258648138,-3.01711804032608,-13.8639596563092,-4.8395977256427,-64.6413974249924,-51.7832344099232,-4.21129625435109,1.19611462361022,1.84376045684071
0.00984981949069774,1.18017992746177,4.80930550242535,0.212676646382609,0.16524238027246,9.47204894255509e-06,0.0432895727862365,3.28412526089879e-28,3.04870255676717e-22,0.0306838319580686,-6.4845740688384,-1.6986050113015,-0.293719231552026,-3.41225427789733,-3.66461383067112,-13.4314372318136,-5.0041154052796,-65.1475541892425,-51.4064278560329,-5.3482913284877,1.86427191905485,0.992637118670092
0.0310290736953499,4.3642891441576,10.0866143135105,1.2027555225578,0.835664976416453,4.91734783833064e-05,0.0949733939184556,1.61998019034142e-27,9.15959931189707e-22,0.102562460997484,-6.28931293107927,-1.34302695574828,-0.505273048859724,-2.63186708500967,-2.99600977033649,-12.7366384152651,-5.17064076882872,-64.5038658680596,-51.258551889588,-5.093765568618,2.81648227820562,0.360671415582657
0.0016243953314116,0.485898678168757,0.866266653317603,0.086510843897692,0.0336394290410964,2.23478170726602e-06,0.0100969040520367,1.81716807579952e-28,1.03375710090656e-22,0.0167723882192865,-6.82862561587874,-1.12776113763492,-0.549568483737568,-2.85349148960631,-3.79806239632426,-13.4173729844797,-5.00153241130983,-64.2811092965652,-51.0296781891454,-4.49402728275635,0.406005979683819,0.887786786320689
0.0083979764334143,2.51205206600931,4.47851997536341,0.447253211234152,0.173912795030718,1.15536185979655e-05,0.0522000775548672,9.39459402586179e-28,5.3444303879794e-22,0.0867117248331668,-6.82862561587874,-1.12776113763492,-0.549568483737568,-2.85349148960631,-3.79806239632426,-13.4173729844797,-5.00153241130983,-64.2811092965652,-51.0296781891454,-4.49402728275635,2.04886111294061,0.420693583547369
0.00569991689648875,1.70499264071935,3.03968365251269,0.30356195399395,0.118038968883859,7.8417302530291e-06,0.0354294997624855,6.37634621247576e-28,3.62739873255e-22,0.0588534189657528,-6.82862561587874,-1.12776113763492,-0.549568483737568,-2.85349148960631,-3.79806239632426,-13.4173729844797,-5.00153241130983,-64.2811092965652,-51.0296781891454,-4.49402728275635,1.66132193206745,0.550895307332882
0.0077995950529943,2.33306071078656,4.15941179658433,0.415385058702702,0.161520979075017,1.07303881090124e-05,0.0484806631562949,8.72520060873892e-28,4.96362345687237e-22,0.0805332505285926,-6.82862561587874,-1.12776113763492,-0.549568483737568,-2.85349148960631,-3.79806239632426,-13.4173729844797,-5.00153241130983,-64.2811092965652,-51.0296781891454,-4.49402728275635,1.97494215296167,1.639153908213
0.0209156530556787,6.25641306415173,11.1540167741986,1.11391036500069,0.433140020294982,2.87749650226676e-05,0.130007355971257,2.33977876458495e-27,1.33106174638021e-21,0.21596063847641,-6.82862561587874,-1.12776113763492,-0.549568483737568,-2.85349148960631,-3.79806239632426,-13.4173729844797,-5.00153241130983,-64.2811092965652,-51.0296781891454,-4.49402728275635,2.96136816557672,0.885540980361217
0.00635623957914097,1.90131573878918,3.38969109392999,0.338515901501359,0.131630685065385,8.74467419585634e-06,0.0395090652634255,7.11055703128073e-28,4.04507921990289e-22,0.0656301552796898,-6.82862561587874,-1.12776113763492,-0.549568483737568,-2.85349148960631,-3.79806239632426,-13.4173729844797,-5.00153241130983,-64.2811092965652,-51.0296781891454,-4.49402728275635,1.77030727824348,0.971950556623359
0.0100978038753216,3.02051444038709,5.38501348765319,0.53778136262453,0.209114339573731,1.3892176952096e-05,0.0627658519412304,1.12961460077415e-27,6.42619210842244e-22,0.104262973110081,-6.82862561587874,-1.12776113763492,-0.549568483737568,-2.85349148960631,-3.79806239632426,-13.4173729844797,-5.00153241130983,-64.2811092965652,-51.0296781891454,-4.49402728275635,2.23318829901376,1.62278408374178
0.00403629770927232,1.20736109228207,2.15249948137094,0.21496215502419,0.0835872572114663,5.55298584730784e-06,0.0250887883681388,4.51529944704938e-28,2.56867976510817e-22,0.0416760322068287,-6.82862561587874,-1.12776113763492,-0.549568483737568,-2.85349148960631,-3.79806239632426,-13.4173729844797,-5.00153241130983,-64.2811092965652,-51.0296781891454,-4.49402728275635,1.31619820011464,1.56261005774978
0.0469576133923875,4.9170355221471,21.3851025821234,3.68599679473661,0.575688260362908,3.57553242166153e-05,0.273947070023555,4.50862331172039e-27,3.17007465453737e-21,0.0914399710666564,-6.49172920980013,-1.84051347015069,-0.370524744321223,-2.12867829323853,-3.98540826235157,-13.6720306536851,-4.72803964925938,-64.0970249392219,-50.6337510978439,-5.82529185882261,3.43321928290808,1.21198693289634
0.0146158108615604,3.48211526575253,5.70646552071636,1.39179438684648,0.392937999573797,1.09621367145242e-05,0.119250464969385,8.71080644884117e-27,2.87948793088416e-21,0.0264666700727828,-6.6356240905136,-1.16233274590129,-0.668372856130914,-2.07937884961402,-3.3440761314745,-13.8310360297582,-4.53650194012412,-62.4152058254329,-49.7066471663292,-6.04184176071977,2.40997269001717,1.47922288569253
0.0124397361459278,1.05184130007219,3.34731358233705,0.315464010051964,0.0742807343647295,3.8859549096664e-06,0.0818409617959986,2.84914388743148e-27,9.50378590594732e-22,0.00797269529018584,-5.97428826363189,-1.53688661411041,-0.379270753191142,-2.74113953784454,-4.18733251770838,-14.0455706719546,-4.09040626685872,-62.7102078136612,-49.992610671835,-6.41916152550506,1.58742886160142,1.13316707372842
0.00970158107849031,0.820316728156292,2.6105243498115,0.246026092110216,0.0579305347441096,3.03060339714901e-06,0.0638266533221788,2.22200857831297e-27,7.41187340612074e-22,0.00621779665295843,-5.97428826363189,-1.53688661411041,-0.379270753191142,-2.74113953784454,-4.18733251770838,-14.0455706719546,-4.09040626685872,-62.7102078136612,-49.992610671835,-6.41916152550506,1.3388218546589,3.23774851077929
0.00908067571360406,0.767816104464402,2.44344966777252,0.230280316317864,0.0542229555853789,2.83664347526532e-06,0.0597417200365784,2.0797990728792e-27,6.93751031782771e-22,0.00581985499083562,-5.97428826363189,-1.53688661411041,-0.379270753191142,-2.74113953784454,-4.18733251770838,-14.0455706719546,-4.09040626685872,-62.7102078136612,-49.992610671835,-6.41916152550506,1.27268159229189,2.96731187098376
0.00919210258768247,0.777237798519543,2.47343267421772,0.233106032885481,0.0548883129480605,2.87145127209592e-06,0.0604747968830261,2.10531980687644e-27,7.02263890439797e-22,0.00589126908706272,-5.97428826363189,-1.53688661411041,-0.379270753191142,-2.74113953784454,-4.18733251770838,-14.0455706719546,-4.09040626685872,-62.7102078136612,-49.992610671835,-6.41916152550506,1.28487768567379,3.80853190181724
0.00818639365287974,0.692200127216249,2.20281413875587,0.207601876704337,0.0488829767127923,2.55728547894352e-06,0.0538582428383466,1.87497653990399e-27,6.25429122499869e-22,0.00524670470131212,-5.97428826363189,-1.53688661411041,-0.379270753191142,-2.74113953784454,-4.18733251770838,-14.0455706719546,-4.09040626685872,-62.7102078136612,-49.992610671835,-6.41916152550506,1.1690064501149,0.295087993020807
0.00672656560114432,0.568764435509725,1.81000015877043,0.170581540759546,0.0401659831642887,2.1012608560445e-06,0.0442540413979554,1.54062377538296e-27,5.13900283781441e-22,0.00431109287675086,-5.97428826363189,-1.53688661411041,-0.379270753191142,-2.74113953784454,-4.18733251770838,-14.0455706719546,-4.09040626685872,-62.7102078136612,-49.992610671835,-6.41916152550506,0.972597686187342,0.184152422414491
0.000468410181229025,0.0396064006672903,0.126040917857099,0.0118785923098576,0.00279699278485083,1.4632310702832e-07,0.00308166823613623,1.07282661706312e-28,3.57858882724287e-23,0.000300206660491127,-5.97428826363189,-1.53688661411041,-0.379270753191142,-2.74113953784454,-4.18733251770838,-14.0455706719546,-4.09040626685872,-62.7102078136612,-49.992610671835,-6.41916152550506,-1.69187792666011,0.490816909502752
0.196427618379151,16.6089279597498,52.8552074765579,4.98128283847311,1.17291778310704,6.13605352300349e-05,1.2922963174512,4.49889404134093e-26,1.5006797645798e-20,0.125891540587582,-5.97428826363189,-1.53688661411041,-0.379270753191142,-2.74113953784454,-4.18733251770838,-14.0455706719546,-4.09040626685872,-62.7102078136612,-49.992610671835,-6.41916152550506,4.34682699379538,0.21840401387523
1.05016955285542,88.7970367549375,282.58210357464,26.6316499395123,6.27082155750676,0.00032805450871533,6.90906022815414,2.40526336506273e-25,8.02314975028586e-20,0.673059440307164,-5.97428826363189,-1.53688661411041,-0.379270753191142,-2.74113953784454,-4.18733251770838,-14.0455706719546,-4.09040626685872,-62.7102078136612,-49.992610671835,-6.41916152550506,6.02323989367492,0.16239755017777
0.434791158420543,36.7637457875397,116.994631798325,11.0260346973182,2.5962453032689,0.000135821115249052,2.86048885346995,9.95827047126449e-26,3.32174415514459e-20,0.278660043934185,-5.97428826363189,-1.53688661411041,-0.379270753191142,-2.74113953784454,-4.18733251770838,-14.0455706719546,-4.09040626685872,-62.7102078136612,-49.992610671835,-6.41916152550506,5.14139880487069,0.254524177375471
0.0129815602187852,1.09765520886569,3.49310888354257,0.329204333219689,0.0775160996133334,4.05521122598988e-06,0.0854056196574429,2.9732409524444e-27,9.91773198379964e-22,0.00831995331745466,-5.97428826363189,-1.53688661411041,-0.379270753191142,-2.74113953784454,-4.18733251770838,-14.0455706719546,-4.09040626685872,-62.7102078136612,-49.992610671835,-6.41916152550506,1.63006289045745,0.160080976796316
0.000207466363212254,0.0227772567869252,0.0376253109591542,0.00466560977518356,0.000752233174394049,3.97077647065904e-08,0.000931833628537235,2.55417287774103e-29,1.33716360051239e-23,4.19858584631226e-05,-5.77750459074155,-1.07895600451708,-0.577041545558531,-2.66449999473751,-4.48942746405082,-14.338682338135,-4.27531952367311,-63.1342025068005,-49.9658697386519,-7.37514095394357,-2.70303674569359,0.075558322073482
0.00032001280353315,0.035133472666705,0.0580363055360789,0.00719661173614275,0.00116030494448009,6.12484496717692e-08,0.00143733512882562,3.93976165899247e-29,2.06254867515398e-23,6.4762364691301e-05,-5.77750459074155,-1.07895600451708,-0.577041545558531,-2.66449999473751,-4.48942746405082,-14.338682338135,-4.27531952367311,-63.1342025068005,-49.9658697386519,-7.37514095394357,-2.26964496118828,0.0611634806890211
0.000149485973107762,0.0076191283533634,0.012378022550162,0.00159160551314821,0.000802875732109495,3.90073760169255e-08,0.000801715353736764,5.76233244758682e-30,1.4183196252014e-23,1.40648188342116e-05,-5.05144675662974,-1.12023206687713,-0.634971515601158,-2.68615077724257,-3.37044937225506,-13.3026538417884,-3.37189569535288,-63.5693492199902,-48.8531230922386,-7.41497275844423,-3.7568612382718,0.187019737286566
0.000657899351399766,0.0335323742937126,0.054476636423223,0.00700477919777563,0.00353351831230793,1.71674484554093e-07,0.00352841139717117,2.53604716282264e-29,6.24213457690034e-23,6.19003575801221e-05,-5.05144675662974,-1.12023206687713,-0.634971515601158,-2.68615077724257,-3.37044937225506,-13.3026538417884,-3.37189569535288,-63.5693492199902,-48.8531230922386,-7.41497275844423,-2.27501184310753,0.380006929922199
0.0069311225806658,0.353271357018353,0.573924026567838,0.0737969769494108,0.0372264367057444,1.80863059658803e-06,0.0371726341677928,2.6717846306543e-28,6.57623386091761e-22,0.000652134654430099,-5.05144675662974,-1.12023206687713,-0.634971515601158,-2.68615077724257,-3.37044937225506,-13.3026538417884,-3.37189569535288,-63.5693492199902,-48.8531230922386,-7.41497275844423,0.0797132662827544,0.106668734128787
0.000114359037506967,0.00499776665184872,0.0109946037879656,0.00126810944293592,0.000301680142708611,1.07331968580822e-08,0.00131751252346434,1.09234060085543e-29,1.38455521393421e-23,8.30256120952422e-06,-5.1129747142392,-1.33557124331509,-0.547157798630605,-2.70703522257826,-4.14295033931817,-14.3867314955807,-2.66881687946835,-62.723452069942,-48.670885303326,-7.73575361865202,-3.9631928926498,0.0472695358130182
4.15150659551534e-05,0.00181430883560319,0.00399130415364302,0.000460354059543658,0.000109517107654435,3.89640718553428e-09,0.000478288559441842,3.96545765674555e-30,5.02626659668489e-24,3.0140283070247e-06,-5.1129747142392,-1.33557124331509,-0.547157798630605,-2.70703522257826,-4.14295033931817,-14.3867314955807,-2.66881687946835,-62.723452069942,-48.670885303326,-7.73575361865202,-4.97647944730577,0.0656790981395105
1.29380301038506e-05,0.000565423221489604,0.00124387646039732,0.000143467787989057,3.41306367488463e-05,1.21430214076402e-09,0.000149057014315492,1.23582148692575e-30,1.56641901058609e-24,9.39311743169777e-07,-5.1129747142392,-1.33557124331509,-0.547157798630605,-2.70703522257826,-4.14295033931817,-14.3867314955807,-2.66881687946835,-62.723452069942,-48.670885303326,-7.73575361865202,-6.14236479932823,0.083069420267734
0.00605126885169792,0.264455090980845,0.581775650523672,0.0671015718553478,0.0159633002388394,5.67943393389423e-07,0.0697157187465485,5.78008244691528e-28,7.32632594868212e-22,0.000439327150103451,-5.1129747142392,-1.33557124331509,-0.547157798630605,-2.70703522257826,-4.14295033931817,-14.3867314955807,-2.66881687946835,-62.723452069942,-48.670885303326,-7.73575361865202,0.00548741286343812,3.75305817450759
0.0212593756581933,0.929086157245511,2.04389978472071,0.235741884601246,0.0560824192147387,1.99530416654135e-06,0.244925930484473,2.03066409848609e-27,2.5738918457358e-21,0.00154344834939404,-5.1129747142392,-1.33557124331509,-0.547157798630605,-2.70703522257826,-4.14295033931817,-14.3867314955807,-2.66881687946835,-62.723452069942,-48.670885303326,-7.73575361865202,1.26201744076849,0.97411855627508
0.0194737757720074,0.85105112163076,1.87223024551831,0.215941647328003,0.0513719910734365,1.82771623028372e-06,0.224354314430052,1.86010624008815e-27,2.357707651962e-21,0.00141381231297782,-5.1129747142392,-1.33557124331509,-0.547157798630605,-2.70703522257826,-4.14295033931817,-14.3867314955807,-2.66881687946835,-62.723452069942,-48.670885303326,-7.73575361865202,1.17428816352362,2.55027343505462
0.0202289052195551,0.884052105663638,1.94482922208723,0.224315159417206,0.0533640291708696,1.89858909866869e-06,0.233054042284269,1.93223508730827e-27,2.4491318573934e-21,0.00146863533873996,-5.1129747142392,-1.33557124331509,-0.547157798630605,-2.70703522257826,-4.14295033931817,-14.3867314955807,-2.66881687946835,-62.723452069942,-48.670885303326,-7.73575361865202,1.21233196829193,2.1583642608721
0.142492941039031,3.77844671464471,11.5346035248837,2.60878735510854,1.06056951830046,7.72216569419034e-06,0.803796783122137,2.59366900419725e-26,1.92829649201147e-20,0.0124716854485353,-4.94124956906576,-1.66347374886892,-0.547435232450335,-2.03390125353044,-2.93398070674163,-14.7642024549305,-3.21119555105961,-61.9069256926305,-48.3878516453494,-7.37708112015321,2.99278675199715,0.48287358479773
0.163097443830865,1.90214053786159,4.61072811172683,1.16989561054741,0.369546559282942,1.65273261538826e-05,0.604253656050105,1.44339338779581e-26,1.27878720593422e-20,0.00664020532427641,-3.9911454558565,-1.53475816306362,-0.649352227630941,-2.02082349089944,-3.17321655432779,-13.1882334303656,-2.68149922283239,-61.6779535711661,-47.983527740445,-7.19235040761535,2.17773801397426,0.259347281416289
0.0241712088345461,0.281899183049045,0.683314645834881,0.173379732097365,0.0547671799674497,2.44936672555351e-06,0.0895510129795249,2.13912383832304e-27,1.89517578470672e-21,0.000984085254970605,-3.9911454558565,-1.53475816306362,-0.649352227630941,-2.02082349089944,-3.17321655432779,-13.1882334303656,-2.68149922283239,-61.6779535711661,-47.983527740445,-7.19235040761535,0.268552384180486,0.849799788293631
0.00526456441369285,0.0613985182738568,0.148828053757742,0.037762644553831,0.0119284620255676,5.3347968600572e-07,0.0195044889715383,4.65907820862571e-28,4.12775176539768e-22,0.000214336827289895,-3.9911454558565,-1.53475816306362,-0.649352227630941,-2.02082349089944,-3.17321655432779,-13.1882334303656,-2.68149922283239,-61.6779535711661,-47.983527740445,-7.19235040761535,-1.25561141340422,0.655622300177215
0.00174240936969395,0.0203210266071474,0.0492575216035594,0.0124982772599155,0.00394795511387965,1.76565415558421e-07,0.00645538769488849,1.54201200458898e-28,1.36615924635533e-22,7.09389166497861e-05,-3.9911454558565,-1.53475816306362,-0.649352227630941,-2.02082349089944,-3.17321655432779,-13.1882334303656,-2.68149922283239,-61.6779535711661,-47.983527740445,-7.19235040761535,-2.36134097247914,0.472180134762008
0.192516927975289,0.57117498504934,2.0683725070822,0.274928719632719,0.136738175917815,7.18991643691001e-06,0.179888870543783,8.24719067894576e-27,3.41584562584734e-21,0.00362789377414764,-2.87933091956369,-1.79181939057394,-0.504997658402203,-2.52300314422669,-3.22144703434743,-13.0745907364025,-2.94717573259801,-61.2916846202253,-48.3576215974436,-6.85086275458712,1.23175972797708,0.70119029459657
0.0393044338410699,0.116611612535327,0.422280841577398,0.0561297013486588,0.0279165922988351,1.46789998100127e-06,0.0367262779714646,1.68375406684715e-27,6.97382198149651e-22,0.000740674143973034,-2.87933091956369,-1.79181939057394,-0.504997658402203,-2.52300314422669,-3.22144703434743,-13.0745907364025,-2.94717573259801,-61.2916846202253,-48.3576215974436,-6.85086275458712,-0.357087026523518,0.423101105218257
0.0113648112798587,0.0355017974908934,0.106447352723774,0.0275246263033969,0.0071272591908055,4.26971721267282e-07,0.0100335281573264,6.49811995012911e-28,1.79145603612627e-22,0.000291370354762677,-2.85921466672453,-1.72015318976555,-0.622085996210347,-1.9746554126198,-3.32580976320442,-13.0485292919804,-2.98380421793945,-60.9828509467401,-48.4558245681953,-6.52289664273511,-1.61801876047076,1.64900993326922
0.0161351060360678,0.0504034121535973,0.151127834960243,0.0390778828677541,0.0101188730686617,6.0618991617216e-07,0.0142450267538755,9.22565732492516e-28,2.54340634349807e-22,0.000413670887627879,-2.85921466672453,-1.72015318976555,-0.622085996210347,-1.9746554126198,-3.32580976320442,-13.0485292919804,-2.98380421793945,-60.9828509467401,-48.4558245681953,-6.52289664273511,-1.26754321497064,5.08105181770691
0.01377931779892,0.0538849750529814,0.195191257386618,0.019201398513497,0.00864995755817197,1.53892981830194e-07,0.00400850828727121,1.16482906756043e-27,4.19678810844913e-22,0.000310435905316759,-3.06389474519845,-1.70021181986798,-0.4130836179513,-2.73208038732316,-3.52950908858685,-14.4663166232511,-4.29864432902563,-60.7965313816773,-48.0018607731898,-6.85684132596649,-1.22069177603325,3.13988509781684
0.0118047997554238,0.169713292117625,0.354675306116907,0.0109265889238883,0.0112614689176431,1.79323315293474e-07,0.0075872909662254,3.45433194734569e-27,7.38543020085013e-22,0.000197687345611082,-3.87038219726536,-1.20477790864285,-0.467685664678235,-3.94768923530331,-3.9175013362665,-14.965208555674,-4.31241379871722,-60.361301556522,-48.0884960042363,-7.9599569638584,-0.568866874014924,1.55719383974671
0.00840179598770207,0.120789550548575,0.252432029819133,0.00777674953256326,0.00801509270196754,1.27629264549101e-07,0.00540008065518196,2.45854168615316e-27,5.25641087646968e-22,0.000140699442734006,-3.87038219726536,-1.20477790864285,-0.467685664678235,-3.94768923530331,-3.9175013362665,-14.965208555674,-4.31241379871722,-60.361301556522,-48.0884960042363,-7.9599569638584,-0.908927590661422,2.26723633960097
0.0747425804528293,1.07454676511459,2.24564144681022,0.0691821520600964,0.0713024586636675,1.13539302640288e-06,0.0480392482050847,2.18712463433899e-26,4.67611583764622e-21,0.00125166564786953,-3.87038219726536,-1.20477790864285,-0.467685664678235,-3.94768923530331,-3.9175013362665,-14.965208555674,-4.31241379871722,-60.361301556522,-48.0884960042363,-7.9599569638584,1.27667686747148,5.31289034719716
0.0385258917002343,0.428317798440962,1.40804958987101,0.0426129202616029,0.0386711002172724,9.33561542893075e-07,0.0209280092763685,1.46208154869021e-26,1.56164502528782e-21,0.000291029922821255,-3.9382062235523,-1.5296713107335,-0.339575994329165,-3.83737925068845,-3.93444419384905,-14.56604042062,-4.54844833197954,-60.169132750739,-48.5903286553457,-8.82386594003837,0.681781471523646,3.5887047507851
0.0503097030007245,0.559326216175755,1.83872594638145,0.0556468200408131,0.0504993260579194,1.21910751141843e-06,0.027329203416831,1.9092845157169e-26,2.03930120621481e-21,0.000380046465773874,-3.9382062235523,-1.5296713107335,-0.339575994329165,-3.83737925068845,-3.93444419384905,-14.56604042062,-4.54844833197954,-60.169132750739,-48.5903286553457,-8.82386594003837,0.94864890567144,2.8951403231644
0.137146116418691,0.49688643173126,2.56154215676282,0.210925936625445,0.094251964877361,1.44706752626699e-06,0.0540878503405581,4.6475511642869e-26,2.27297902633918e-21,0.000323602573698752,-3.25510999642514,-1.96779540470046,-0.327792136016233,-2.82464983649889,-3.6301852234863,-14.7143730631335,-4.18554731427975,-59.5992735864212,-48.8015972534707,-9.3043960375981,1.26840161812014,6.54138050073146
0.106772105576258,0.471454740075198,2.08911432605454,0.292473896166534,0.0619337593701907,4.5793082132894e-07,0.0384880791509591,1.04597150164336e-25,2.84002863657431e-21,0.000576451536313402,-3.35573940381413,-1.87061300637382,-0.381940624776873,-2.34806069366857,-3.900370695836,-15.7152285428748,-4.37608755157782,-58.6383620381632,-48.4291536509526,-8.577300120661,1.11868083350078,7.76895135745425
0.0718708787460674,0.317347553233395,1.40623322546825,0.196871231622962,0.0416891067752144,3.08244277437361e-07,0.0259072540987963,7.04068638159069e-26,1.91169175388051e-21,0.000388023428457865,-3.35573940381413,-1.87061300637382,-0.381940624776873,-2.34806069366857,-3.900370695836,-15.7152285428748,-4.37608755157782,-58.6383620381632,-48.4291536509526,-8.577300120661,0.722855283120409,1.88407290859969
0.0151929151303187,0.146083764676808,0.269051037188918,0.023168106235664,0.0253785995766257,8.5492855303522e-08,0.00306303751692338,1.65126711514096e-26,3.97103583061781e-22,0.000143733506489696,-3.45728351979662,-1.19393254128754,-0.583211638206093,-3.03533612749743,-2.94420644660051,-15.5451904783531,-5.05870565293859,-58.6360269262403,-48.5482025208452,-8.11790707248894,-0.729642549843703,2.2201655311851
0.0955518817912119,0.9187557815128,1.69212640765533,0.145709768623579,0.159612090633812,5.3768504160557e-07,0.0192641765078412,1.03852143474953e-25,2.49747953583086e-21,0.000903974444912976,-3.45728351979662,-1.19393254128754,-0.583211638206093,-3.03533612749743,-2.94420644660051,-15.5451904783531,-5.05870565293859,-58.6360269262403,-48.5482025208452,-8.11790707248894,1.1091976056157,2.78496430955717
0.0629816827608971,0.605584987770499,1.11534138941559,0.0960425503986045,0.105206070970617,3.5440755410425e-07,0.0126977117637297,6.84526838379886e-26,1.64617860871892e-21,0.000595842077059998,-3.45728351979662,-1.19393254128754,-0.583211638206093,-3.03533612749743,-2.94420644660051,-15.5451904783531,-5.05870565293859,-58.6360269262403,-48.5482025208452,-8.11790707248894,0.692372175103059,2.77608101159416
0.0248917931617952,0.239340957508212,0.440808278742261,0.0379581998202442,0.0415798315187547,1.40069924222759e-07,0.00501842442112533,2.70540571920519e-26,6.5060721846962e-22,0.000235490337652272,-3.45728351979662,-1.19393254128754,-0.583211638206093,-3.03533612749743,-2.94420644660051,-15.5451904783531,-5.05870565293859,-58.6360269262403,-48.5482025208452,-8.11790707248894,-0.235933601937976,2.35157847752644
0.0329654782634186,0.316971504664139,0.583785010455427,0.0502699907137791,0.055066303308028,1.85501784154751e-07,0.00664615683152673,3.58290754107143e-26,8.61632505905675e-22,0.000311871931309314,-3.45728351979662,-1.19393254128754,-0.583211638206093,-3.03533612749743,-2.94420644660051,-15.5451904783531,-5.05870565293859,-58.6360269262403,-48.5482025208452,-8.11790707248894,0.0449891414928725,1.30024350869485
0.0300359830465493,0.288803658914184,0.531906636899205,0.0458027205540285,0.0501728062119901,1.69017066867786e-07,0.00605554247753673,3.26451050705355e-26,7.85063063030316e-22,0.000284157261928641,-3.45728351979662,-1.19393254128754,-0.583211638206093,-3.03533612749743,-2.94420644660051,-15.5451904783531,-5.05870565293859,-58.6360269262403,-48.5482025208452,-8.11790707248894,-0.0480756613857374,0.774370581218027
0.0464090236891451,0.446234632217239,0.821856493726603,0.0707704335804454,0.0775227149527454,2.61150668782191e-07,0.00935650462497224,5.04404151582169e-26,1.21301208064946e-21,0.000439055418291161,-3.45728351979662,-1.19393254128754,-0.583211638206093,-3.03533612749743,-2.94420644660051,-15.5451904783531,-5.05870565293859,-58.6360269262403,-48.5482025208452,-8.11790707248894,0.387022157197837,4.34861984886157
0.144288775748649,1.07639939721308,1.25462985832279,0.140583233021471,0.110463372839394,2.67838462436736e-07,0.0107194854785771,2.98911374955707e-26,2.83547857864493e-21,0.00091546270093537,-2.9431662736044,-0.933606093369351,-0.780387077762157,-2.96918323300174,-3.21029895372572,-16.1401094635025,-5.54291979412983,-59.7794631524467,-48.3193038923698,-8.00330860965858,1.00722767323709,2.90756322894383
0.0659472799728082,0.569963426225447,1.31519758066013,0.123557035733221,0.0338877374127677,1.94499311667053e-07,0.00480152001586012,3.06579318297429e-26,3.66025197565916e-21,0.000396100397357274,-3.46736367959535,-1.31064711987642,-0.474477129351815,-2.83951643687188,-4.13316609341961,-16.2013012480285,-6.08728677637428,-59.4953701298168,-47.8052189971704,-8.58230688531027,0.748464035147493,3.67413786445561
0.0553927425062794,0.478743586087567,1.10470668328439,0.103782340500344,0.0284641718869959,1.63370654457075e-07,0.00403306037772828,2.57512807855039e-26,3.07444666829911e-21,0.000332706478970677,-3.46736367959535,-1.31064711987642,-0.474477129351815,-2.83951643687188,-4.13316609341961,-16.2013012480285,-6.08728677637428,-59.4953701298168,-47.8052189971704,-8.58230688531027,0.574056984093273,2.41517498851161
0.105144384890797,0.940383813429354,1.12580755828785,0.121446796719898,0.0634099510351916,1.80706310456244e-07,0.00656438862233406,1.19605480943863e-25,8.16637933168569e-21,0.000985028739464987,-3.11266677906923,-0.921713174762396,-0.741745392137321,-2.96852499904758,-3.61838047333076,-16.3866387175431,-5.88634190226453,-58.2458448429494,-47.114507308353,-7.78308573996248,0.86024599986647,5.28973233114638
0.0395547988338991,0.353767750940629,0.423523248911571,0.0456876857310663,0.0238545107270292,6.79808224237229e-08,0.00246949061230076,4.4994991820817e-26,3.07215161324713e-21,0.000370562951845821,-3.11266677906923,-0.921713174762396,-0.741745392137321,-2.96852499904758,-3.61838047333076,-16.3866387175431,-5.88634190226453,-58.2458448429494,-47.114507308353,-7.78308573996248,-0.117401477183768,2.20331465630178
0.0451396436826667,0.43915017430356,0.745543177509144,0.0865583050603572,0.0300312209842585,9.01257447175726e-08,0.00513239314036263,1.86790644356804e-26,1.57930068957493e-21,0.000679443682744377,-3.3997527724618,-1.1246722129407,-0.595400600170024,-2.74869541640419,-3.8072761102298,-16.5238183494452,-5.57394160071313,-59.5441525342686,-48.1990631765807,-7.59599457947573,0.301758371232821,2.16454019756484
0.0454587218848763,0.171788114054209,0.583055587535837,0.0687552445754926,0.0211223959569619,1.04771197756571e-07,0.00327873879294176,3.23593213153242e-26,7.79870909081897e-22,0.000364277733406235,-2.97870327344137,-1.64924615393827,-0.427225447103601,-2.56495495794004,-3.74517407897605,-15.9592396307289,-5.6080491422072,-58.5806480891488,-48.4906665243768,-7.80534667473321,-0.11224730267051,2.15958822680448
0.227523729030262,0.859810190257308,2.91822946197303,0.344124273353321,0.105718904863899,5.24386357999933e-07,0.0164102914854382,1.61960414839565e-25,3.90330238157369e-21,0.00182323270146432,-2.97870327344137,-1.64924615393827,-0.427225447103601,-2.56495495794004,-3.74517407897605,-15.9592396307289,-5.6080491422072,-58.5806480891488,-48.4906665243768,-7.80534667473321,1.49820253084074,2.33829800560074
0.212203750658318,0.801916125427844,2.72173473840135,0.320953167431737,0.0986004766325953,4.8907756758347e-07,0.0153053284483706,1.51055046581808e-25,3.64047921003138e-21,0.00170046798732877,-2.97870327344137,-1.64924615393827,-0.427225447103601,-2.56495495794004,-3.74517407897605,-15.9592396307289,-5.6080491422072,-58.5806480891488,-48.4906665243768,-7.80534667473321,1.4284948955928,8.11575699733968
0.234338270725106,0.885562283966972,3.0056330766575,0.354431106926104,0.108885281787303,5.40092204225415e-07,0.0169017945740553,1.66811275910375e-25,4.02020982213026e-21,0.00187784017171143,-2.97870327344137,-1.64924615393827,-0.427225447103601,-2.56495495794004,-3.74517407897605,-15.9592396307289,-5.6080491422072,-58.5806480891488,-48.4906665243768,-7.80534667473321,1.52771366733048,6.39235879246412
0.123997211285263,0.82682336432052,2.62747244374236,0.356761983832278,0.0931662774327508,2.10926799321377e-07,0.0229193785300728,1.51336640457778e-25,2.11102926119952e-21,0.000475973333767432,-3.48661222530961,-1.58928021488535,-0.433093685964405,-2.42980245355279,-3.77248547493225,-16.7708707083541,-5.17488852429162,-58.5494067705042,-49.0062273448518,-9.04926474884375,1.39911602204464,6.87496577278824
0.181169937022017,2.12068480383951,2.96264371259393,0.312860708492221,0.137543037300456,2.92555726047492e-07,0.0433831929592482,1.80328719933625e-25,3.33935379662537e-21,0.00216495740227943,-3.45933551774698,-0.999276650931544,-0.664933692269653,-2.91301291641928,-3.73483412043509,-16.7956263801533,-4.88869888001794,-58.7260318117458,-48.8995253468037,-7.88637030147729,1.75101570813453,2.29548453155348
0.253231517984704,1.80213038202728,3.51436058593845,0.323610598044999,0.147305941372959,3.7188769026568e-07,0.049980182485157,7.86290302602096e-25,7.66299072783865e-21,0.00626425790540511,-3.18122891221177,-1.2188082837305,-0.550920195767519,-2.93599213825141,-3.72302141550599,-16.61245173051,-4.8039064967838,-57.3102492392324,-48.1256624052439,-6.88067294286851,1.80777779436541,2.51150446982877
0.0937240971351708,0.666990603379669,1.30070804592502,0.119772259655973,0.0545197393582771,1.37640204833982e-07,0.0184982798166354,2.91015704853821e-25,2.83616704996905e-21,0.00231847884133211,-3.18122891221177,-1.2188082837305,-0.550920195767519,-2.93599213825141,-3.72302141550599,-16.61245173051,-4.8039064967838,-57.3102492392324,-48.1256624052439,-6.88067294286851,0.813828962678198,1.19402952039736
0.0769752438161198,0.547796840807811,1.06826656141876,0.0983685004308934,0.0447768541727552,1.13043375714959e-07,0.0151925667207093,2.39010089402467e-25,2.3293331901587e-21,0.001904157837196,-3.18122891221177,-1.2188082837305,-0.550920195767519,-2.93599213825141,-3.72302141550599,-16.61245173051,-4.8039064967838,-57.3102492392324,-48.1256624052439,-6.88067294286851,0.616957494506696,0.571311788713678
0.0692997949554014,0.493174257893653,0.961746270539631,0.0885598612225981,0.0403120101877485,1.01771457545842e-07,0.0136776670835426,2.15177625515939e-25,2.09706789427544e-21,0.0017142881417255,-3.18122891221177,-1.2188082837305,-0.550920195767519,-2.93599213825141,-3.72302141550599,-16.61245173051,-4.8039064967838,-57.3102492392324,-48.1256624052439,-6.88067294286851,0.511915580624597,1.74753696349764
0.169168565459775,1.20389363032388,2.34773042298587,0.216184545567346,0.0984061343709607,2.4843553272936e-07,0.0333887181173968,5.25272697430038e-25,5.11917773457537e-21,0.00418476946298386,-3.18122891221177,-1.2188082837305,-0.550920195767519,-2.93599213825141,-3.72302141550599,-16.61245173051,-4.8039064967838,-57.3102492392324,-48.1256624052439,-6.88067294286851,1.40436927980723,1.84790753174496
0.0454176029544547,0.639997027683036,0.601314509040139,0.0667069755839176,0.0382811294758094,9.99454319064537e-08,0.034564606149711,2.01054632279842e-25,1.14665546919037e-21,0.00104733491592072,-3.44766058453672,-0.802096812612716,-0.864442237502899,-3.06325081578905,-3.61860327292327,-16.4744465465601,-3.72073012986062,-57.2220259030527,-48.5732426011747,-7.21731158248251,0.355805065728256,2.48615605434452
0.0311608203550725,0.439099184239432,0.412559276012178,0.0457673665579655,0.0262645168610328,6.85721272448103e-08,0.0237146263301273,1.3794271098609e-25,7.86715342957086e-22,0.00071857194223412,-3.44766058453672,-0.802096812612716,-0.864442237502899,-3.06325081578905,-3.61860327292327,-16.4744465465601,-3.72073012986062,-57.2220259030527,-48.5732426011747,-7.21731158248251,-0.020933146604814,2.09988299205104
0.0576108287871708,0.811816493774893,0.762748911744478,0.0846157414588549,0.0485584322497597,1.26777698316591e-07,0.0438441370185011,2.55031601045901e-25,1.45449710280053e-21,0.0013285120437651,-3.44766058453672,-0.802096812612716,-0.864442237502899,-3.06325081578905,-3.61860327292327,-16.4744465465601,-3.72073012986062,-57.2220259030527,-48.5732426011747,-7.21731158248251,0.593615855363954,1.14316883638095
0.494354156259686,4.70308523349597,5.27158483608919,0.415775548129187,0.525519115329342,2.11047881769624e-06,0.70103508438015,5.97279730386452e-24,1.45236469567061e-20,0.0180343322886578,-3.20013457063462,-0.94741274146763,-0.833300422230324,-3.37324117958021,-3.1390001813036,-15.5642271758871,-2.8508288116402,-55.970458321566,-48.1741402746831,-6.51110945588192,2.49563146748468,1.0132289910805
0.238406333842429,5.80809881698333,6.5717254145172,0.348958161758082,0.341904324133317,1.34120037070886e-06,0.317629139428535,5.7380776423589e-24,9.24756906198474e-21,0.0115541769905577,-4.04665915277642,-0.853627085442372,-0.730103958575619,-3.66568362107881,-3.68610471181767,-16.134825922717,-3.75975118175097,-56.1277983598949,-48.742806616763,-7.07358863995125,2.61288037676354,0.528251749607366
0.176302560649213,4.29511530769401,4.85982062552356,0.258056136705052,0.252839791922569,9.91823731729919e-07,0.234888183193439,4.24333433280553e-24,6.83861908839184e-21,0.00854436606946815,-4.04665915277642,-0.853627085442372,-0.730103958575619,-3.66568362107881,-3.68610471181767,-16.134825922717,-3.75975118175097,-56.1277983598949,-48.742806616763,-7.07358863995125,2.31110548747841,0.305916637467428
0.210127912406489,5.11917472909902,5.79222422493966,0.307566702887581,0.301349551897265,1.18211470925991e-06,0.279953753375111,5.05745907326497e-24,8.1506743151967e-21,0.0101836853554639,-4.04665915277642,-0.853627085442372,-0.730103958575619,-3.66568362107881,-3.68610471181767,-16.134825922717,-3.75975118175097,-56.1277983598949,-48.742806616763,-7.07358863995125,2.48662032577913,0.818719410317285
0.0502588009287684,1.22441412320158,1.38539540474225,0.0735643994922552,0.0720773692810478,2.82740484913455e-07,0.0669598807650207,1.20965285314836e-24,1.94949406364562e-21,0.00243575358047325,-4.04665915277642,-0.853627085442372,-0.730103958575619,-3.66568362107881,-3.68610471181767,-16.134825922717,-3.75975118175097,-56.1277983598949,-48.742806616763,-7.07358863995125,1.05608954825881,1.5079921576228
0.0637858265733981,1.5539620021426,1.75827097721087,0.0933640664177334,0.0914768058900516,3.58839351570063e-07,0.0849819586405659,1.53522777461989e-24,2.47419532403508e-21,0.00309133032600203,-4.04665915277642,-0.853627085442372,-0.730103958575619,-3.66568362107881,-3.68610471181767,-16.134825922717,-3.75975118175097,-56.1277983598949,-48.742806616763,-7.07358863995125,1.29443488544319,5.20498391381195
0.0980058926682452,1.06322775791222,2.51330972424673,0.119417840715346,0.0777743624834675,3.05443925744944e-07,0.179898630920298,1.27763832722148e-24,1.51821185357424e-21,0.00165633168461135,-3.72225677861252,-1.33821976979162,-0.477928605989219,-3.52465577522021,-3.95347253892698,-16.4010287300594,-3.11489085404192,-56.4165580207588,-49.336282828416,-7.80267905619633,1.39952910576107,2.15837435571279
0.0951687411756901,1.03244860639224,2.44055246199172,0.115960839347376,0.0755228892036982,2.96601695280776e-07,0.174690784174268,1.24065225027923e-24,1.47426146539745e-21,0.00160838289517408,-3.72225677861252,-1.33821976979162,-0.477928605989219,-3.52465577522021,-3.95347253892698,-16.4010287300594,-3.11489085404192,-56.4165580207588,-49.336282828416,-7.80267905619633,1.37015303851452,2.82691323775321
0.0801490048756352,0.869505337207425,2.05537920076413,0.0976596492022285,0.0636037036975694,2.49791375061846e-07,0.147120707277868,1.04484983228924e-24,1.24159033647368e-21,0.00135454443249612,-3.72225677861252,-1.33821976979162,-0.477928605989219,-3.52465577522021,-3.95347253892698,-16.4010287300594,-3.11489085404192,-56.4165580207588,-49.336282828416,-7.80267905619633,1.19838896283389,2.85723727620712
0.10132116582101,1.09919386510348,2.598328165756,0.123457421913029,0.0804052579214356,3.1577626412918e-07,0.185984112977262,1.32085736160669e-24,1.56956883692833e-21,0.00171236088669876,-3.72225677861252,-1.33821976979162,-0.477928605989219,-3.52465577522021,-3.95347253892698,-16.4010287300594,-3.11489085404192,-56.4165580207588,-49.336282828416,-7.80267905619633,1.43279683102425,0.860788477272075
0.0671486223804876,0.910050295101951,2.12613010634586,0.157281709006115,0.139460428143566,2.97696720618613e-07,0.164423460132334,2.63565356471405e-24,7.65485370840791e-22,0.00118164980035085,-3.97220068845394,-1.36560922833143,-0.517050340911668,-3.12107057330762,-3.24132820385989,-16.2985444013862,-3.07666392168177,-55.5642648651448,-49.892885944211,-8.01219749777163,1.27135381667569,0.85698605446196
0.0826416235642863,1.12002348292759,2.61668575866999,0.193570848193722,0.171637716399433,3.66383396256168e-07,0.202360394237102,3.24377004351264e-24,9.42103525259747e-22,0.00145428833121952,-3.97220068845394,-1.36560922833143,-0.517050340911668,-3.12107057330762,-3.24132820385989,-16.2985444013862,-3.07666392168177,-55.5642648651448,-49.892885944211,-8.01219749777163,1.47895888031826,1.42382242678425
0.0685062814541843,1.0707744602325,1.43497939322482,0.17259681082907,0.053621639737218,3.23155540246588e-07,0.226520855166055,3.12486522386403e-24,6.3050409544042e-22,0.000863292369644303,-3.78868694657369,-1.03947492744599,-0.74670661973023,-2.86465408645612,-4.03365967465696,-16.0529891895967,-2.59277537122607,-55.2305081866789,-49.923379689646,-8.16261425006959,1.10785710871663,1.61596878105298
0.0697468404541016,1.96798558297696,3.11487854755384,0.174045227265381,0.05866646337458,3.02964195862393e-07,0.251497843526526,9.72131416956421e-24,1.18159689703817e-21,0.000816623018037257,-4.39234824001553,-1.05245460967966,-0.593274920629819,-3.47790516928999,-4.56535212038392,-16.7391162864496,-3.10978594648611,-54.7171865024535,-49.9168852092711,-8.83979807438308,1.72946508255979,3.12044006717943
0.22164155773604,1.88729075375621,3.46332211601489,0.178330141673231,0.154377344825663,3.90764180256056e-07,0.334328693920847,1.73705523079959e-23,1.6856746892341e-21,0.000417558489241947,-3.33762728249207,-1.19579113865189,-0.588705198151979,-3.55505219378437,-3.69928885827168,-16.5860950541711,-2.92656413210275,-54.2381993311594,-49.6630545358825,-9.61201940520344,1.83093347571052,1.78490870652544
0.0298540926402599,0.344891403815499,0.854665844211005,0.0541994248274268,0.0290185783081213,8.58543874800538e-08,0.0504630956108743,2.63987422636083e-24,4.14173073549775e-22,3.55428004188521e-05,-3.82121545039722,-1.3743077917828,-0.466826820653553,-3.22486709136473,-3.84960113152957,-16.5803952532917,-3.29629509856515,-54.6010930660955,-49.5455404020704,-10.5545550508202,0.309782108731786,0.756963533020503
0.0221854331896102,0.36014522863935,0.66664624257242,0.0249833236656564,0.0355935549906191,7.10481317095814e-08,0.0161923195526128,3.77730093795625e-24,5.68336629217947e-22,1.51877038980851e-05,-3.92677894051214,-1.13970748840315,-0.523955317127984,-3.80800630247592,-3.4540502695123,-16.5783678505898,-4.24167782326526,-54.0514920872587,-49.0377879040231,-11.2134839839745,0.118459572409154,1.36872554808916
0.198163548736165,3.21687009478786,5.95458218240462,0.223154717534622,0.317926862585676,6.34612350830209e-07,0.144632177221513,3.37394069393428e-23,5.07646627226204e-21,0.000135658802597016,-3.92677894051214,-1.13970748840315,-0.523955317127984,-3.80800630247592,-3.4540502695123,-16.5783678505898,-4.24167782326526,-54.0514920872587,-49.0377879040231,-11.2134839839745,2.30811635498921,0.731164033735455
0.0434411670848697,0.705198267639303,1.30535611193977,0.0489197000761484,0.0696955320311754,1.39118931520759e-07,0.0317060862938694,7.39631089342167e-24,1.11285663251646e-21,2.97389542513518e-05,-3.92677894051214,-1.13970748840315,-0.523955317127984,-3.80800630247592,-3.4540502695123,-16.5783678505898,-4.24167782326526,-54.0514920872587,-49.0377879040231,-11.2134839839745,0.790431203389392,0.419669761919463
0.0713548044242983,1.15833178168186,2.14412816970486,0.0803536337918663,0.11447922307465,2.28511451614258e-07,0.0520792082344157,1.21488982151501e-23,1.82793586577356e-21,4.88480721579749e-05,-3.92677894051214,-1.13970748840315,-0.523955317127984,-3.80800630247592,-3.4540502695123,-16.5783678505898,-4.24167782326526,-54.0514920872587,-49.0377879040231,-11.2134839839745,1.28668833919567,0.600060972176391
0.0305763960883834,0.496359168022702,0.918784834603671,0.0344325032320369,0.049055730680819,9.79199188010066e-08,0.0223165701565939,5.20594971650414e-24,7.83292610875992e-22,2.09319892964006e-05,-3.92677894051214,-1.13970748840315,-0.523955317127984,-3.80800630247592,-3.4540502695123,-16.5783678505898,-4.24167782326526,-54.0514920872587,-49.0377879040231,-11.2134839839745,0.43925200316901,1.36480593087326
0.228566595164128,3.71041520673363,6.86815806306167,0.257392009312521,0.366704476962971,7.31977122954561e-07,0.16682222593172,3.89158420716913e-23,5.85531808809753e-21,0.000156472120182533,-3.92677894051214,-1.13970748840315,-0.523955317127984,-3.80800630247592,-3.4540502695123,-16.5783678505898,-4.24167782326526,-54.0514920872587,-49.0377879040231,-11.2134839839745,2.45085127432204,1.2073779718945
0.172681991003871,2.80321752568312,5.18889126386618,0.194459582357854,0.277045117404528,5.53008486958975e-07,0.126034139402135,2.94009064872596e-23,4.42369098024848e-21,0.000118214637752794,-3.92677894051214,-1.13970748840315,-0.523955317127984,-3.80800630247592,-3.4540502695123,-16.5783678505898,-4.24167782326526,-54.0514920872587,-49.0377879040231,-11.2134839839745,2.17047536217091,0.609156819381198
0.243591945995945,3.95432788423074,7.31965222996638,0.274312265041272,0.390810639169264,7.8009532266506e-07,0.177788668641202,4.14740644559505e-23,6.24023088973584e-21,0.000166758174885551,-3.92677894051214,-1.13970748840315,-0.523955317127984,-3.80800630247592,-3.4540502695123,-16.5783678505898,-4.24167782326526,-54.0514920872587,-49.0377879040231,-11.2134839839745,2.51451813440515,1.5703764518423
0.222345378556664,3.60942364806714,6.68121780184842,0.250386211103847,0.356723368479138,7.12053878132463e-07,0.162281592154001,3.78566151850327e-23,5.69594570865817e-21,0.000152213199704737,-3.92677894051214,-1.13970748840315,-0.523955317127984,-3.80800630247592,-3.4540502695123,-16.5783678505898,-4.24167782326526,-54.0514920872587,-49.0377879040231,-11.2134839839745,2.42325559372681,0.511417858706488
0.391950092394972,2.77960862215395,6.80799331706736,0.463835318570587,0.212584686694087,5.80632971639575e-07,0.0865777288389116,3.02052451171293e-23,6.19327355919876e-21,0.00043863746232126,-3.31087411687068,-1.351943219861,-0.456155944613541,-3.1424790608823,-3.92266819864345,-16.7334003523158,-4.82096602350395,-54.2282799974364,-48.905076513826,-10.1060906664736,2.37425335425478,1.11730766300772
0.219959819861611,1.55989811886215,3.8206011752439,0.260301337077955,0.119301131184446,3.25847413549918e-07,0.0485868532982611,1.69509853518402e-23,3.47562448094098e-21,0.000246160465500062,-3.31087411687068,-1.351943219861,-0.456155944613541,-3.1424790608823,-3.92266819864345,-16.7334003523158,-4.82096602350395,-54.2282799974364,-48.905076513826,-10.1060906664736,1.79656373056807,0.596148783530615
0.206158297333108,0.83526520020362,2.78300150230474,0.281369163525462,0.0953369386189233,4.92487754940439e-07,0.0570653283155883,1.74654108822953e-23,2.07397581957168e-21,0.000244786419329416,-3.02801426903185,-1.62890929692399,-0.425373275042714,-2.71699102006205,-3.79924123726563,-15.9726995371096,-4.31246185403255,-53.8507231252358,-49.0737227993739,-9.76402778286169,1.44890329740118,0.327860685041867
0.804378745681834,3.2589984625546,10.8585843335593,1.09783296504657,0.371981181914428,1.92156555281675e-06,0.222654813345916,6.8145718508815e-23,8.09214128125033e-21,0.000955096134801662,-3.02801426903185,-1.62890929692399,-0.425373275042714,-2.71699102006205,-3.79924123726563,-15.9726995371096,-4.31246185403255,-53.8507231252358,-49.0737227993739,-9.76402778286169,2.81032922502557,0.710304674580582
0.858338706252074,2.65256347404031,8.23521493829974,0.531503265366534,0.262950281873106,2.47746025568878e-06,0.150491943163293,6.95169866491753e-23,1.42697521141786e-20,0.000518682821430351,-2.69369557331324,-1.56541255734004,-0.432519614580559,-3.17298501599025,-3.8767293854351,-15.4492156914268,-4.4347848084773,-53.5614101753842,-48.2370839711052,-10.1051570741149,2.5409390784524,1.95772835254512
0.0685533490631719,0.211853559001337,0.657725860622804,0.0424498261740828,0.0210011762585161,1.97868506291607e-07,0.0120194121920892,5.55214650914416e-24,1.13968913507313e-21,4.14258896302683e-05,-2.69369557331324,-1.56541255734004,-0.432519614580559,-3.17298501599025,-3.8767293854351,-15.4492156914268,-4.4347848084773,-53.5614101753842,-48.2370839711052,-10.1051570741149,0.0135525549180433,1.4756544392763
0.418702208166603,1.29393463884709,4.01718185871961,0.259270133381789,0.128268552794317,1.20851835312347e-06,0.0734107741556847,3.39107576101197e-23,6.96086134375252e-21,0.000253016252312863,-2.69369557331324,-1.56541255734004,-0.432519614580559,-3.17298501599025,-3.8767293854351,-15.4492156914268,-4.4347848084773,-53.5614101753842,-48.2370839711052,-10.1051570741149,1.82310024120569,0.227836469897747
0.0622396288089336,0.192341979703196,0.597149723283054,0.0385402239304751,0.019066981157646,1.79644941536251e-07,0.0109124319024566,5.04079731397969e-24,1.03472448383464e-21,3.76105912971781e-05,-2.69369557331324,-1.56541255734004,-0.432519614580559,-3.17298501599025,-3.8767293854351,-15.4492156914268,-4.4347848084773,-53.5614101753842,-48.2370839711052,-10.1051570741149,-0.083067789683291,0.401165210496683
0.0476016665838358,0.147105613627829,0.456707769186916,0.0294760576936718,0.0145826717992295,1.3739475594774e-07,0.00834596791433618,3.85526645400423e-24,7.91370559693289e-22,2.87650627294907e-05,-2.69369557331324,-1.56541255734004,-0.432519614580559,-3.17298501599025,-3.8767293854351,-15.4492156914268,-4.4347848084773,-53.5614101753842,-48.2370839711052,-10.1051570741149,-0.351191932778976,0.2564442733123
0.276071502695022,0.536796469368718,2.15457636063702,0.182799358450858,0.0742983074955706,5.40853642297047e-07,0.0324680209020814,2.42337075919787e-23,3.625635610717e-21,0.000168790453669827,-2.46795697013432,-1.80299786158093,-0.413267471213376,-2.88022772058953,-3.78052869790338,-15.6109787175514,-4.60836123736125,-53.2551592831971,-48.247118930104,-9.86771412254303,1.18086159105267,0.421268232912535
0.283962064300811,0.552138964229561,2.21615757181608,0.188024054173793,0.0764218710172546,5.56312097597935e-07,0.0333960084583664,2.49263454079956e-23,3.72926202947892e-21,0.000173614752665374,-2.46795697013432,-1.80299786158093,-0.413267471213376,-2.88022772058953,-3.78052869790338,-15.6109787175514,-4.60836123736125,-53.2551592831971,-48.247118930104,-9.86771412254303,1.20904234398567,1.84636156576122
0.0679958844586828,0.132211946371538,0.530668047390338,0.045023133264417,0.0182995313990284,1.33211220324012e-07,0.00799681160970414,5.96871594983135e-24,8.92987134379967e-22,4.15727667413067e-05,-2.46795697013432,-1.80299786158093,-0.413267471213376,-2.88022772058953,-3.78052869790338,-15.6109787175514,-4.60836123736125,-53.2551592831971,-48.247118930104,-9.86771412254303,-0.220351128169712,0.767839228881201
0.136955073617432,1.17314243647472,2.37353935035744,0.511409851555098,0.088394080558311,5.86420258712854e-07,0.0546565492060745,2.3872856239517e-23,3.6373716911511e-21,0.000159556221313837,-3.45557510293573,-1.3077867746821,-0.60309052828689,-2.13805671861839,-3.89342303979187,-15.8167019055716,-4.37415899865449,-53.556772906738,-48.5304983611111,-10.2105869793225,1.46747276620122,0.660762701739452
0.328405131423177,2.81308304871407,5.69151972032527,1.22631177564262,0.211960527463716,1.40617953789552e-06,0.131061162986177,5.7244819660243e-23,8.72206846169279e-21,0.000382600515964284,-3.45557510293573,-1.3077867746821,-0.60309052828689,-2.13805671861839,-3.89342303979187,-15.8167019055716,-4.37415899865449,-53.556772906738,-48.5304983611111,-10.2105869793225,2.34206782693712,0.566041433993753
0.0595403920889306,0.603898890623741,2.07045266270554,0.37375625467774,0.0752519813170925,5.79125683580938e-07,0.0247074596963509,4.83746362442216e-23,2.65539516013061e-21,7.97697196234843e-05,-3.98665076339838,-1.6698989199748,-0.43778316427869,-2.14970184477858,-3.75246347118955,-15.5272967381268,-4.86620049423166,-52.5486170253197,-48.5432438983337,-10.601917004144,1.16555042528503,0.385789865135026
0.0252215485006139,0.255813988201219,0.877052038432268,0.158324646076944,0.0318770406100366,2.45319958500968e-07,0.0104661788610279,2.04916896148559e-23,1.12483602256931e-21,3.37907726465598e-05,-3.98665076339838,-1.6698989199748,-0.43778316427869,-2.14970184477858,-3.75246347118955,-15.5272967381268,-4.86620049423166,-52.5486170253197,-48.5432438983337,-10.601917004144,0.30659421277527,0.470003379893668
0.00561560973033531,0.0569573085991797,0.195276747615666,0.0352511830524577,0.00709746348126317,5.4620799590079e-08,0.00233030798445969,4.56250065650787e-24,2.50446165635631e-22,7.52355834396729e-06,-3.98665076339838,-1.6698989199748,-0.43778316427869,-2.14970184477858,-3.75246347118955,-15.5272967381268,-4.86620049423166,-52.5486170253197,-48.5432438983337,-10.601917004144,-1.19555434373662,0.239027597896553
0.0167190297718229,0.169575697728505,0.581386156430091,0.104951306669744,0.0211308671624122,1.62619344712329e-07,0.00693789106447963,1.35836690890487e-23,7.45638871035111e-22,2.23994547312185e-05,-3.98665076339838,-1.6698989199748,-0.43778316427869,-2.14970184477858,-3.75246347118955,-15.5272967381268,-4.86620049423166,-52.5486170253197,-48.5432438983337,-10.601917004144,-0.104556937611908,0.406316611989841
0.0977374795214361,0.991319562813715,3.39871501717751,0.613532981660792,0.123528561450206,9.50653542133001e-07,0.0405580942848335,7.94085301321943e-23,4.35891704738769e-21,0.000130944575011968,-3.98665076339838,-1.6698989199748,-0.43778316427869,-2.14970184477858,-3.75246347118955,-15.5272967381268,-4.86620049423166,-52.5486170253197,-48.5432438983337,-10.601917004144,1.66118058834069,1.0650687291732
0.0103713874439509,0.105193619858532,0.360653767902733,0.065104894188016,0.0131082014542128,1.00878355557176e-07,0.00430381171967956,8.42641570447916e-24,4.6254535881074e-22,1.38951498215662e-05,-3.98665076339838,-1.6698989199748,-0.43778316427869,-2.14970184477858,-3.75246347118955,-15.5272967381268,-4.86620049423166,-52.5486170253197,-48.5432438983337,-10.601917004144,-0.582053708275462,0.155877855312916
0.334178005151189,3.05383591871964,13.6078688689177,1.7252659072385,0.27583705086931,4.00713653604318e-06,0.0708635433471107,1.26374857836994e-22,4.35611415408123e-21,0.00121158844547346,-4.04414886116094,-1.83166890406955,-0.337419164018576,-2.40268619501545,-4.23601236576082,-15.3755010352529,-5.59506655863926,-53.3708570621897,-49.8307739247193,-9.66389039818458,2.94806738274279,0.298638754941793
0.312911541869638,2.85949551201349,12.741889542989,1.61547321142478,0.25828329681135,3.75212986087505e-06,0.0663539199746505,1.18332598225426e-22,4.07889919594507e-21,0.00113448522266753,-4.04414886116094,-1.83166890406955,-0.337419164018576,-2.40268619501545,-4.23601236576082,-15.3755010352529,-5.59506655863926,-53.3708570621897,-49.8307739247193,-9.66389039818458,2.88231411894112,0.294841156124847
0.233450492540151,2.13335254975673,9.50620220631632,1.20523843460416,0.192694595077045,2.79931049798352e-06,0.0495039435346407,8.82831076611109e-23,3.04309972276991e-21,0.00084639298515104,-4.04414886116094,-1.83166890406955,-0.337419164018576,-2.40268619501545,-4.23601236576082,-15.3755010352529,-5.59506655863926,-53.3708570621897,-49.8307739247193,-9.66389039818458,2.58936361342497,0.707807995641424
0.189317181548637,7.10737398680672,7.55282024087695,5.1025575692429,0.558763628121739,3.82500201772416e-06,0.0685685306535788,4.46582082480411e-22,7.08332960758134e-21,0.00359552812330468,-4.68879697749126,-1.06333268142395,-1.00254448085162,-1.39472361800678,-3.6064942591785,-15.4984170793775,-5.7043871025317,-52.1848845292949,-49.4210083883625,-8.65252990984716,3.02446551620118,1.55240825939225
0.0698525693695996,2.01974361022591,2.52757199509135,0.879511708437396,0.421031447686206,1.16571718695484e-06,0.0540562377733137,1.34371591643457e-22,3.45496778057269e-21,0.000986192351941968,-4.4485766925673,-1.08423770498805,-0.859949126503093,-1.91559668500135,-2.65225603321223,-15.4493823319521,-4.70493861680867,-52.1486414805253,-48.9016821038628,-8.70886742199712,1.78720828271469,0.923092121601847
0.0896620969341224,2.59252378253912,3.24436749109022,1.12893290494951,0.540431981463861,1.49630354842761e-06,0.0693860751990347,1.72478103294671e-22,4.43476394414199e-21,0.00126586716928975,-4.4485766925673,-1.08423770498805,-0.859949126503093,-1.91559668500135,-2.65225603321223,-15.4493823319521,-4.70493861680867,-52.1486414805253,-48.9016821038628,-8.70886742199712,2.03686953966023,0.795788647643412
0.106234175811899,3.07169513906356,3.84401790982117,1.33759147739275,0.640319021039486,1.77286255471382e-06,0.0822105746311925,2.04356910842399e-22,5.25443312877683e-21,0.0014998350475301,-4.4485766925673,-1.08423770498805,-0.859949126503093,-1.91559668500135,-2.65225603321223,-15.4493823319521,-4.70493861680867,-52.1486414805253,-48.9016821038628,-8.70886742199712,2.20646727676292,0.256186004093701
0.0386201780852573,0.687274378720749,1.75688447709269,0.509035138380377,0.109571484923243,4.93810758115663e-07,0.024081593315795,6.48817147082841e-23,7.24015696660126e-22,0.00056898907945588,-4.39374637363454,-1.51478766256987,-0.576223925906814,-1.81500421352885,-3.35094409523797,-15.6608794567508,-4.86607347599165,-52.2292423763405,-49.8169951420972,-8.61141529940316,1.13976598286061,0.410923869267387
0.0284691853662371,0.506630022318192,1.29510199914147,0.37523948440857,0.0807715310956699,3.64016705919942e-07,0.0177519467286821,4.78280954280368e-23,5.33714190306929e-22,0.000419435030533369,-4.39374637363454,-1.51478766256987,-0.576223925906814,-1.81500421352885,-3.35094409523797,-15.6608794567508,-4.86607347599165,-52.2292423763405,-49.8169951420972,-8.61141529940316,0.834813381772418,0.378723008362917
0.196799204768575,3.50218610829481,8.95266373963412,2.59392150422944,0.558350120773724,2.51634169808313e-06,0.122714048693572,3.30621723970924e-22,3.68941109044421e-21,0.00289943247055264,-4.39374637363454,-1.51478766256987,-0.576223925906814,-1.81500421352885,-3.35094409523797,-15.6608794567508,-4.86607347599165,-52.2292423763405,-49.8169951420972,-8.61141529940316,2.76817503845231,0.684625554659058
0.111788489310766,1.98935811144062,5.08541056320765,1.47343362840063,0.31716142644569,1.42936571999462e-06,0.0697056582967085,1.87804128067964e-22,2.0957081240859e-21,0.00164697401152009,-4.39374637363454,-1.51478766256987,-0.576223925906814,-1.81500421352885,-3.35094409523797,-15.6608794567508,-4.86607347599165,-52.2292423763405,-49.8169951420972,-8.61141529940316,2.20259969220854,0.247130388014191
0.00202496301022106,0.0360357011226067,0.0921183240401046,0.0266901235889564,0.00574513673797018,2.58918671225691e-08,0.00126266470299594,3.40192818463841e-24,3.79621502862996e-23,2.9833674939933e-05,-4.39374637363454,-1.51478766256987,-0.576223925906814,-1.81500421352885,-3.35094409523797,-15.6608794567508,-4.86607347599165,-52.2292423763405,-49.8169951420972,-8.61141529940316,-1.80845747151343,0.173509877955937
0.00311583343137823,0.0554485399062744,0.141743504566712,0.0410683943095871,0.0088401067207902,3.98401080780713e-08,0.00194287642507925,5.2345852814798e-24,5.84127889704731e-23,4.59054122418592e-05,-4.39374637363454,-1.51478766256987,-0.576223925906814,-1.81500421352885,-3.35094409523797,-15.6608794567508,-4.86607347599165,-52.2292423763405,-49.8169951420972,-8.61141529940316,-1.3775122346799,0.450418705158383
0.0117042743641361,0.208286141877206,0.5324433745642,0.154268758353144,0.0332068567678875,1.49654840642853e-07,0.00729819460364443,1.96631250245647e-23,2.19421006784175e-22,0.000172438466789232,-4.39374637363454,-1.51478766256987,-0.576223925906814,-1.81500421352885,-3.35094409523797,-15.6608794567508,-4.86607347599165,-52.2292423763405,-49.8169951420972,-8.61141529940316,-0.0540547999926924,0.570360979884263
0.00597481325228845,0.106326181533238,0.271802388722811,0.0787513170954686,0.0169514795801066,7.63959983612389e-08,0.00372559190591507,1.00376577242723e-23,1.12010321902713e-22,8.80266135706439e-05,-4.39374637363454,-1.51478766256987,-0.576223925906814,-1.81500421352885,-3.35094409523797,-15.6608794567508,-4.86607347599165,-52.2292423763405,-49.8169951420972,-8.61141529940316,-0.726456062865585,0.187304610656905
0.00836289619946223,0.148823868111203,0.380439533032122,0.110227560700427,0.023726844366464,1.06930840742951e-07,0.00521467986949899,1.40496256684956e-23,1.56779911904687e-22,0.000123210115696839,-4.39374637363454,-1.51478766256987,-0.576223925906814,-1.81500421352885,-3.35094409523797,-15.6608794567508,-4.86607347599165,-52.2292423763405,-49.8169951420972,-8.61141529940316,-0.39020410290348,0.396855293762841
0.00687667373342449,0.0822033422051033,0.209674224164628,0.0906913110845261,0.0218303080927555,1.46488442442664e-07,0.00266070112316282,7.50656540410321e-24,5.69304972745347e-23,3.89918471953015e-05,-4.09767220734754,-1.61661131273994,-0.680252260721977,-1.5183457192794,-2.94250798966945,-14.8543712972006,-5.04721760520612,-52.3643162014518,-50.3382630485135,-9.27020997438501,-0.881948005577151,0.272634884941795
0.00623910460604696,0.0745818793890791,0.190234329628926,0.0822828883047977,0.0198063164042404,1.32906802242824e-07,0.00241401486770446,6.81059602416388e-24,5.16522001100102e-23,3.53767275960812e-05,-4.09767220734754,-1.61661131273994,-0.680252260721977,-1.5183457192794,-2.94250798966945,-14.8543712972006,-5.04721760520612,-52.3643162014518,-50.3382630485135,-9.27020997438501,-0.97924639216999,0.0804141581658221
0.0057557298750542,0.0688036470684204,0.175495921841878,0.0759080201929391,0.0182718217181635,1.22609845573918e-07,0.00222698902650311,6.28294498624255e-24,4.76504450650378e-23,3.26359150492637e-05,-4.09767220734754,-1.61661131273994,-0.680252260721977,-1.5183457192794,-2.94250798966945,-14.8543712972006,-5.04721760520612,-52.3643162014518,-50.3382630485135,-9.27020997438501,-1.05988721299245,0.159292111833816
0.00412431777774009,0.0493018454544775,0.125753113173423,0.0543925451595041,0.0130928311056657,8.78571400680468e-08,0.00159576815316622,4.50209830305475e-24,3.41443365072986e-23,2.3385545804341e-05,-4.09767220734754,-1.61661131273994,-0.680252260721977,-1.5183457192794,-2.94250798966945,-14.8543712972006,-5.04721760520612,-52.3643162014518,-50.3382630485135,-9.27020997438501,-1.39318245274045,0.137901672462794
0.00102819795151527,0.0198778041501527,0.0173249166207277,0.00482391056420294,0.00347449177161896,1.25487892234e-08,0.000974706394508989,1.53248318535002e-24,8.00903068573872e-24,5.12959940161211e-06,-3.83311502830434,-0.871318996735704,-1.00877700423182,-2.2873378171457,-2.61547452109054,-15.1468091099035,-3.88654172381092,-51.7883202727859,-50.1346399487735,-9.13365044884275,-3.04683254234234,0.172329910277863
0.000868974294384178,0.0189053577814611,0.0187782402383917,0.00405224279233655,0.00324961064390727,8.5376792797557e-09,0.000398649441865485,3.79977719265529e-25,5.82763567129617e-24,4.12762176050221e-06,-3.9746591077636,-0.894772010530518,-0.901518607560081,-2.43494686919696,-2.65568218563356,-15.5052387071186,-4.75389021301981,-53.1561469872911,-50.4258929529242,-9.32427125570997,-3.07353790605844,0.034534478597515
0.000881037782574342,0.0191678103785073,0.0190389281330876,0.00410849783162247,0.00329472318622153,8.65620314614432e-09,0.000404183670973341,3.85252739203988e-25,5.90853750527629e-24,4.1849232441975e-06,-3.9746591077636,-0.894772010530518,-0.901518607560081,-2.43494686919696,-2.65568218563356,-15.5052387071186,-4.75389021301981,-53.1561469872911,-50.4258929529242,-9.32427125570997,-3.0597509391746,0.47656420295519
0.000683501174432324,0.0148702146084187,0.0147702289235251,0.00318733560422496,0.00255601656563668,6.71540441685337e-09,0.000313562050641495,2.98875604324016e-25,4.5837901664484e-24,3.24662575078244e-06,-3.9746591077636,-0.894772010530518,-0.901518607560081,-2.43494686919696,-2.65568218563356,-15.5052387071186,-4.75389021301981,-53.1561469872911,-50.4258929529242,-9.32427125570997,-3.31362307577578,0.234636171976441
0.00391228345341082,0.0851154273575351,0.0845431206004734,0.0182439486738748,0.0146303498669035,3.84382157131446e-08,0.0017947937300344,1.71073017159941e-24,2.62370967204226e-23,1.85833187700854e-05,-3.9746591077636,-0.894772010530518,-0.901518607560081,-2.43494686919696,-2.65568218563356,-15.5052387071186,-4.75389021301981,-53.1561469872911,-50.4258929529242,-9.32427125570997,-1.56897496425502,1.69778034289727
0.0233200894247538,0.507350605098251,0.503939235520356,0.108747364448878,0.0872076553947476,2.29120062089832e-07,0.0106982918752729,1.01972111832903e-23,1.56392410992804e-22,0.000110770260050887,-3.9746591077636,-0.894772010530518,-0.901518607560081,-2.43494686919696,-2.65568218563356,-15.5052387071186,-4.75389021301981,-53.1561469872911,-50.4258929529242,-9.32427125570997,0.216219024937098,1.45447432938451
0.0641520658149569,1.39568887651746,1.38630441826371,0.299157003828735,0.23990264988064,6.30294551405609e-07,0.0294303127226269,2.80518719737441e-23,4.30225461842374e-22,0.000304721859496017,-3.9746591077636,-0.894772010530518,-0.901518607560081,-2.43494686919696,-2.65568218563356,-15.5052387071186,-4.75389021301981,-53.1561469872911,-50.4258929529242,-9.32427125570997,1.2281601222078,3.94655886276955
0.0466193234955349,0.670455972749667,0.782362133514314,0.241864249218886,0.231071546800476,3.59161243053136e-07,0.0208304651053106,4.64295720098658e-23,2.55639452148973e-22,0.000204649190280174,-3.75558624407592,-1.08964332928861,-0.935283646853587,-2.10922475142059,-2.15487397756749,-15.5293404918596,-4.56118478289186,-52.113951735394,-50.4081202576949,-9.1840593992025,0.689846087560816,10.1021553517441
0.0324778695060433,0.467080600056254,0.545041269875597,0.168497415563323,0.160978559550832,2.50213669115669e-07,0.0145117748760397,3.23456770260147e-23,1.78094063683399e-22,0.000142571131412353,-3.75558624407592,-1.08964332928861,-0.935283646853587,-2.10922475142059,-2.15487397756749,-15.5293404918596,-4.56118478289186,-52.113951735394,-50.4081202576949,-9.1840593992025,0.328389884210116,3.72917322573318
0.059720376986443,0.858868821836452,1.00222307082315,0.309833413697612,0.29600772493163,4.60093438209311e-07,0.026684283160206,5.94773011670569e-23,3.2747975110378e-22,0.000262160106091476,-3.75558624407592,-1.08964332928861,-0.935283646853587,-2.10922475142059,-2.15487397756749,-15.5293404918596,-4.56118478289186,-52.113951735394,-50.4081202576949,-9.1840593992025,0.937504250310869,2.49568199609954
0.0438871796499472,0.279799949965101,1.27442944515027,0.201892513183481,0.0963364280687809,3.30692489310011e-07,0.00707086800399959,8.22040299797881e-23,1.90710994041865e-22,0.000444439790384884,-3.77001704751612,-1.91756440623035,-0.401385426200493,-2.24390384681211,-2.98379276542813,-15.5659609393631,-5.59565604442246,-51.4967219151344,-50.6551670805884,-8.36257997754308,0.643884010655775,2.57702885788984
0.0271806613209268,0.334919750985684,0.577160216125241,0.174493932334692,0.0504373595140014,1.4115381630316e-07,0.0111106991005212,3.04065026089677e-23,7.84650974889288e-23,0.000231870137325622,-3.76697258833544,-1.25558737409028,-0.711358429030074,-1.9075883586054,-3.14874616724425,-15.9351386943358,-4.6615698009111,-52.0091087936481,-51.0611113728563,-8.53105614486514,0.161723048940226,3.34071803163401
0.0758060766071414,0.934081478029314,1.60968311409328,0.486658519668202,0.140668333784674,3.93673902401682e-07,0.0309874177536857,8.48028544602042e-23,2.18836882627761e-22,0.000646679092369306,-3.76697258833544,-1.25558737409028,-0.711358429030074,-1.9075883586054,-3.14874616724425,-15.9351386943358,-4.6615698009111,-52.0091087936481,-51.0611113728563,-8.53105614486514,1.1873957651096,2.42265080071937
0.0455681352942695,0.561489963229428,0.967603933706202,0.292537514918169,0.084557781544859,2.36643108961174e-07,0.0186269875426712,5.0976229325378e-23,1.31546033263757e-22,0.000388728208765838,-3.76697258833544,-1.25558737409028,-0.711358429030074,-1.9075883586054,-3.14874616724425,-15.9351386943358,-4.6615698009111,-52.0091087936481,-51.0611113728563,-8.53105614486514,0.67842599420155,0.723335296960602
0.0114864109629187,0.367318550491835,1.04469829148818,0.106111332596106,0.0611790787769501,7.46361837479721e-08,0.019741191136815,1.97363461780831e-23,4.33046376307617e-23,0.000226268658630036,-4.94329745923408,-1.47823268393489,-0.432978734066612,-2.71997329006422,-3.27065685947531,-16.8873472720105,-4.40175476703747,-52.7562871738635,-51.970489359465,-8.87049437121916,0.476706861517566,2.31124056332241
0.0137105693609925,0.438443869051489,1.24698728201515,0.126658082341203,0.0730254215804112,8.90882780896361e-08,0.0235637547031607,2.35579715962391e-23,5.16898829239118e-23,0.000270081938421045,-4.94329745923408,-1.47823268393489,-0.432978734066612,-2.71997329006422,-3.27065685947531,-16.8873472720105,-4.40175476703747,-52.7562871738635,-51.970489359465,-8.87049437121916,0.653709201847347,0.622961386867597
0.480034015894483,15.3507827183236,43.6594788293859,4.43454872740169,2.55676372444207,3.11915594272569e-06,0.825013425911578,8.24810947957029e-22,1.8097645274802e-21,0.00945610018863837,-4.94329745923408,-1.47823268393489,-0.432978734066612,-2.71997329006422,-3.27065685947531,-16.8873472720105,-4.40175476703747,-52.7562871738635,-51.970489359465,-8.87049437121916,4.20939914808981,0.998306434318573
0.0552828479132152,1.76786427266946,5.02801936566455,0.510702314301363,0.294448258765533,3.59215842814792e-07,0.0950122079703949,9.49888897104451e-23,2.08420515669063e-22,0.00108900646885726,-4.94329745923408,-1.47823268393489,-0.432978734066612,-2.71997329006422,-3.27065685947531,-16.8873472720105,-4.40175476703747,-52.7562871738635,-51.970489359465,-8.87049437121916,2.04800487635135,0.874797039076293
0.0651845366393222,2.08450573378698,5.92858589844888,0.602174001068529,0.347186768344804,4.23554848406941e-07,0.112029806448314,1.12002311664174e-22,2.45750630671992e-22,0.00128405798089711,-4.94329745923408,-1.47823268393489,-0.432978734066612,-2.71997329006422,-3.27065685947531,-16.8873472720105,-4.40175476703747,-52.7562871738635,-51.970489359465,-8.87049437121916,2.21276445294719,0.351137464108588
0.018998912747785,0.607557322645537,1.72796635535845,0.175511737831149,0.101192268274701,1.23450775654213e-07,0.0326525987235261,3.26445849976973e-23,7.16273372576798e-23,0.000374256024510031,-4.94329745923408,-1.47823268393489,-0.432978734066612,-2.71997329006422,-3.27065685947531,-16.8873472720105,-4.40175476703747,-52.7562871738635,-51.970489359465,-8.87049437121916,0.979923933980255,0.687707936351765
0.0553630867164574,1.77043019173637,5.03531714918708,0.511443559444466,0.294875627774039,3.59737216991795e-07,0.0951501108851093,9.51267587804986e-23,2.08723022022837e-22,0.00109058707801693,-4.94329745923408,-1.47823268393489,-0.432978734066612,-2.71997329006422,-3.27065685947531,-16.8873472720105,-4.40175476703747,-52.7562871738635,-51.970489359465,-8.87049437121916,2.04945524716843,0.505329903890506
0.0701866954856203,2.24446742614535,6.38353625825668,0.648383887059168,0.373829335035168,4.56057781480996e-07,0.1206267976408,1.20597192950157e-22,2.64609147654342e-22,0.00138259457131339,-4.94329745923408,-1.47823268393489,-0.432978734066612,-2.71997329006422,-3.27065685947531,-16.8873472720105,-4.40175476703747,-52.7562871738635,-51.970489359465,-8.87049437121916,2.2867009503251,0.580481176982395
0.0199851132878922,0.639094567312811,1.81766208561229,0.184622247097759,0.106444983045909,1.29858890857596e-07,0.034347538372154,3.43391086677455e-23,7.53453878444534e-23,0.000393683004275132,-4.94329745923408,-1.47823268393489,-0.432978734066612,-2.71997329006422,-3.27065685947531,-16.8873472720105,-4.40175476703747,-52.7562871738635,-51.970489359465,-8.87049437121916,1.03052984104526,0.698140478909893
0.0179852441003544,0.531083725040474,0.705466585648247,0.118224690602395,0.114777836656906,4.18543659307361e-08,0.0263649142785977,1.89968475354156e-23,1.0998127638821e-23,0.000220526385648248,-4.43304039581179,-1.04767236221994,-0.763732637790305,-2.55000507380544,-2.57959364054146,-17.4039064884634,-4.05055792366459,-52.7326059519717,-53.2791539545258,-8.83432997375885,0.414836766326303,0.310970425457025
0.00538584373622549,0.159037816665728,0.21125833879314,0.0354034510621715,0.0343712595262428,1.25336677847649e-08,0.00789521163189046,5.68877751871227e-24,3.29348862452109e-24,6.60386173347883e-05,-4.43304039581179,-1.04767236221994,-0.763732637790305,-2.55000507380544,-2.57959364054146,-17.4039064884634,-4.05055792366459,-52.7326059519717,-53.2791539545258,-8.83432997375885,-0.790940902156617,1.01478700691072
0.00449611590207769,0.132765169500373,0.176358992762018,0.029554890023715,0.0286932139324715,1.04631374021136e-08,0.00659094253508534,4.74900578589561e-24,2.74941259034727e-24,5.51292039078451e-05,-4.43304039581179,-1.04767236221994,-0.763732637790305,-2.55000507380544,-2.57959364054146,-17.4039064884634,-4.05055792366459,-52.7326059519717,-53.2791539545258,-8.83432997375885,-0.971500991979357,1.04758867721718
0.0184011611079265,0.543365279433429,0.721780823565047,0.120958690722834,0.117432126701098,4.28222673133698e-08,0.0269746149971681,1.94361583357665e-23,1.12524643779228e-23,0.000225626159323697,-4.43304039581179,-1.04767236221994,-0.763732637790305,-2.55000507380544,-2.57959364054146,-17.4039064884634,-4.05055792366459,-52.7326059519717,-53.2791539545258,-8.83432997375885,0.437698883145296,4.2133071195755
0.0204622848275189,0.60422790974651,0.802627872676312,0.134507337195598,0.130585760885712,4.7618811964473e-08,0.0299960557894877,2.16132126384076e-23,1.25128588224459e-23,0.000250898663923544,-4.43304039581179,-1.04767236221994,-0.763732637790305,-2.55000507380544,-2.57959364054146,-17.4039064884634,-4.05055792366459,-52.7326059519717,-53.2791539545258,-8.83432997375885,0.543868544017439,5.07705563659351
0.0192516644521879,0.568479672193925,0.755141599043577,0.126549412437287,0.122859850304908,4.480151641321e-08,0.0282213841619341,2.03344993462717e-23,1.17725543074916e-23,0.000236054620980662,-4.43304039581179,-1.04767236221994,-0.763732637790305,-2.55000507380544,-2.57959364054146,-17.4039064884634,-4.05055792366459,-52.7326059519717,-53.2791539545258,-8.83432997375885,0.482882638874279,3.68502941147085
0.0464966412758321,0.434656032534499,1.66521781628201,0.111385861812289,0.221011791014068,9.69532542733768e-08,0.0580626775614116,5.72282020685012e-23,3.5634445510133e-23,0.000815424039178816,-3.99961221384609,-1.76443730471216,-0.421281078755304,-3.12599188747817,-2.44077624010401,-17.0802739035299,-3.77746921852572,-52.1462324260428,-52.6199665055056,-8.04303930077943,0.931237014221242,2.06507774267922
0.0245430971672607,0.229431738467852,0.878979675697701,0.0587946560118318,0.11666033745943,5.1176452212914e-08,0.0306481908817306,3.02077157733309e-23,1.88095233259621e-23,0.00043041886202839,-3.99961221384609,-1.76443730471216,-0.421281078755304,-3.12599188747817,-2.44077624010401,-17.0802739035299,-3.77746921852572,-52.1462324260428,-52.6199665055056,-8.04303930077943,0.292287575117875,2.19541557831642
0.0199201591889863,0.186215974379226,0.713415056969191,0.0477200941362729,0.094686195364644,4.15368552657112e-08,0.0248752974026811,2.45177901892145e-23,1.52665613621875e-23,0.000349345161742062,-3.99961221384609,-1.76443730471216,-0.421281078755304,-3.12599188747817,-2.44077624010401,-17.0802739035299,-3.77746921852572,-52.1462324260428,-52.6199665055056,-8.04303930077943,0.0835891784034501,1.60234868910731
0.046216624871721,0.470386958743371,1.62207668066967,0.0854063227789983,0.295852269486731,8.3054176120181e-08,0.0250653701007862,8.02026051723674e-23,2.3295028685669e-23,0.000567449725540336,-4.00877098457967,-1.6885548912064,-0.450648054706715,-3.39469042836796,-2.15225032348112,-17.2381280024067,-4.62062334739943,-51.8118415187308,-53.0481575398448,-8.40871368655375,0.934355284664531,0.833555086727836
0.152274651592965,1.54983213195105,5.34442231754533,0.281396966591688,0.974774799850119,2.73647107878268e-07,0.0825854443014805,2.6425174476432e-22,7.67525189648549e-23,0.00186963477954119,-4.00877098457967,-1.6885548912064,-0.450648054706715,-3.39469042836796,-2.15225032348112,-17.2381280024067,-4.62062334739943,-51.8118415187308,-53.0481575398448,-8.40871368655375,2.12670151430541,4.6036066413243
0.232667453993572,2.36805990022793,8.16598902497274,0.429959386499933,1.48940331516542,4.18118020410447e-07,0.126186104263207,4.03762412354873e-22,1.17273708974758e-22,0.00285670109570475,-4.00877098457967,-1.6885548912064,-0.450648054706715,-3.39469042836796,-2.15225032348112,-17.2381280024067,-4.62062334739943,-51.8118415187308,-53.0481575398448,-8.40871368655375,2.55062590361259,0.59894850574273
0.261946036628295,2.61903250559771,12.0521870176561,0.825986256844937,0.832251929186013,3.70139163447545e-07,0.163186728611772,4.16816527078788e-22,1.7832133317692e-22,0.00447386618527643,-4.1585560521576,-1.85613431175243,-0.329693149945295,-3.01011643245669,-3.00255937314788,-17.6283260732516,-4.63179944819443,-52.0483353785586,-52.8973943551449,-8.22844161443154,2.81893928865486,1.24876422221607
0.0479366858825462,1.23281081511647,3.12072099237567,0.236140565849074,0.411622083526411,2.43104601191987e-07,0.133125434530997,9.94435855976208e-23,8.76838119624317e-23,0.00052850205886457,-4.68323609614501,-1.43606513546042,-0.507297850827981,-3.08868994651468,-2.53301153683178,-16.8751359418987,-3.66182539169387,-52.307813640657,-52.4336668470062,-9.19082577023865,1.64536191325271,1.80345892281566
0.0207108743452198,0.532631520373868,1.34829638615286,0.102023690146047,0.177839854647462,1.05032476804268e-07,0.0575163696856261,4.29642468567131e-23,3.78834785557215e-23,0.000228337431568656,-4.68323609614501,-1.43606513546042,-0.507297850827981,-3.08868994651468,-2.53301153683178,-16.8751359418987,-3.66182539169387,-52.307813640657,-52.4336668470062,-9.19082577023865,0.806139710183283,1.01352497345591
0.122665538321441,5.77137911279208,15.5783025595461,0.849091736174913,2.57944837758082,2.67187116387404e-07,0.348392947293065,4.85160636810829e-22,3.67116788114674e-22,0.00354238882196742,-5.32723177657997,-1.47602688228049,-0.483058864047664,-3.39252599506613,-2.28136237965553,-18.3642545621492,-4.28336222592979,-52.3065001344281,-52.5853001592691,-8.87189191954177,3.22893794858984,0.707317577418034
0.0362697959802688,1.70648371017799,4.60619880110918,0.251059787948718,0.762692339484389,7.90019946313936e-08,0.103012967555496,1.43452493304799e-22,1.08549240382075e-22,0.00104741495952075,-5.32723177657997,-1.47602688228049,-0.483058864047664,-3.39252599506613,-2.28136237965553,-18.3642545621492,-4.28336222592979,-52.3065001344281,-52.5853001592691,-8.87189191954177,2.01046182584977,0.941788836620335
0.0474957241495202,2.2346604764018,6.03187147108157,0.32876574326297,0.998754583202215,1.03454040555282e-07,0.134896691823162,1.87852726116027e-22,1.42146506162641e-22,0.00137160220075519,-5.32723177657997,-1.47602688228049,-0.483058864047664,-3.39252599506613,-2.28136237965553,-18.3642545621492,-4.28336222592979,-52.3065001344281,-52.5853001592691,-8.87189191954177,2.28011618668174,0.844443420006579
0.010650972762787,0.79967676938323,2.88631686825254,0.323905445347411,0.437456540487033,3.10425508552597e-08,0.103774836164091,5.95886056237313e-23,8.68005732591132e-23,0.000693326305114703,-6.059969245127,-1.74141286458858,-0.457883944073995,-2.64516883448747,-2.34464310750621,-18.8057721587506,-3.7833969571631,-52.692443050231,-52.3162941992029,-8.79187500420014,1.51786519335795,0.476506758280566
0.0228090758539592,1.71250912923548,6.18105236514637,0.693644048950356,0.936813907706249,6.64776741925243e-08,0.222233983929518,1.27609097870578e-22,1.85883571738305e-22,0.00148475943344432,-6.059969245127,-1.74141286458858,-0.457883944073995,-2.64516883448747,-2.34464310750621,-18.8057721587506,-3.7833969571631,-52.692443050231,-52.3162941992029,-8.79187500420014,2.27937248666903,0.874980064016235
0.0141158411002692,1.05981964836389,3.82526471381366,0.429275137573406,0.579765543609618,4.11410042048791e-08,0.137533831897198,7.89733770900284e-23,1.15037670908221e-22,0.000918872310689773,-6.059969245127,-1.74141286458858,-0.457883944073995,-2.64516883448747,-2.34464310750621,-18.8057721587506,-3.7833969571631,-52.692443050231,-52.3162941992029,-8.79187500420014,1.79951161518365,0.322524070051413
0.0748432537627107,5.61924367961984,20.2818419144743,2.27604914416444,3.07396062303528,2.18132706077273e-07,0.729214745938424,4.1872279944654e-22,6.09938404300329e-22,0.00487193026869448,-6.059969245127,-1.74141286458858,-0.457883944073995,-2.64516883448747,-2.34464310750621,-18.8057721587506,-3.7833969571631,-52.692443050231,-52.3162941992029,-8.79187500420014,3.46760994285783,1.19091469962932
0.0514890760737437,4.18236166492803,13.0951084027008,2.15233417475287,3.14328265167963,1.6740333885489e-07,0.462579822191161,5.92380528093969e-22,5.11821593931953e-22,0.0027452962151685,-6.10578095575651,-1.70851926827296,-0.567156590771194,-2.37284243096174,-1.99412766256203,-18.7422550805918,-3.91033149527145,-52.0172883663992,-52.1634614637634,-9.03726164590594,3.13939534687154,1.1788318740366
0.0305865520236412,2.48448860225786,7.77901343268959,1.27857181033998,1.8672344831535,9.94442185267212e-08,0.274790749328509,3.51897513452913e-22,3.04042313503577e-22,0.00163081476516095,-6.10578095575651,-1.70851926827296,-0.567156590771194,-2.37284243096174,-1.99412766256203,-18.7422550805918,-3.91033149527145,-52.0172883663992,-52.1634614637634,-9.03726164590594,2.61858611278308,0.630868658554239
0.0208634506697216,1.69469920482137,5.30615751937572,0.8721290282117,1.27366283384819,6.78320833946115e-08,0.187438036123847,2.40033476380333e-22,2.07390875715148e-22,0.0011123981342549,-6.10578095575651,-1.70851926827296,-0.567156590771194,-2.37284243096174,-1.99412766256203,-18.7422550805918,-3.91033149527145,-52.0172883663992,-52.1634614637634,-9.03726164590594,2.23602453307506,0.960798069352004
0.0548439185097501,4.45486926199835,13.9483384220269,2.29257250444412,3.34808760900911,1.78310736461233e-07,0.492719854521602,6.30977906129404e-22,5.45170042455833e-22,0.0029241698121401,-6.10578095575651,-1.70851926827296,-0.567156590771194,-2.37284243096174,-1.99412766256203,-18.7422550805918,-3.91033149527145,-52.0172883663992,-52.1634614637634,-9.03726164590594,3.20251698241234,0.41566109595806
0.00499532561138996,0.695011424811248,1.33280315972532,0.313308026245596,0.19839744294025,3.52293264119711e-08,0.191853769009764,8.01485574495443e-23,1.49922438431634e-22,0.000366447084905229,-6.30601851601624,-1.37059282945059,-0.719481471305555,-2.16733429742481,-2.62424880709589,-18.1681527989798,-2.6577876513503,-51.8849261855732,-51.2586899830892,-8.91842226105865,1.00676583447547,0.246777431019489
0.00712212624735964,0.990918209531023,1.90025497933502,0.446701474703529,0.282866772999131,5.02284995683562e-08,0.273537076502829,1.1427245971671e-22,2.13753139812839e-22,0.000522464921149705,-6.30601851601624,-1.37059282945059,-0.719481471305555,-2.16733429742481,-2.62424880709589,-18.1681527989798,-2.6577876513503,-51.8849261855732,-51.2586899830892,-8.91842226105865,1.361469548124,0.308690058604843
0.00303253828685435,0.421924198641946,0.809111742684345,0.190201532208861,0.120442167044822,2.1386850322789e-08,0.116469664894884,4.86562014191218e-23,9.10141940629143e-23,0.000222460936790076,-6.30601851601624,-1.37059282945059,-0.719481471305555,-2.16733429742481,-2.62424880709589,-18.1681527989798,-2.6577876513503,-51.8849261855732,-51.2586899830892,-8.91842226105865,0.507663224298915,0.372607338465
0.00515655062130281,0.372764380272939,1.29934540550721,0.100441575874512,0.0896018841314142,3.52588750492715e-08,0.176492610530352,6.01512929971114e-23,1.67935970122068e-22,0.000154262877435857,-5.98237489791403,-1.70169623786023,-0.453026887220163,-3.01306654575195,-3.12726642161646,-17.8754360555771,-2.44936376081528,-51.8800667841026,-50.8533469459747,-9.49173990512281,0.714887490646504,0.168084889837328
0.0107217078769227,1.48406316792779,1.35359648415097,0.185032502318849,0.0832277970195621,2.82733035699842e-08,0.417566145517039,1.49202483491068e-22,1.23170390761303e-22,4.31043532431512e-05,-5.79798619716065,-0.867717668180347,-0.959736265548458,-2.94972515913389,-3.74867526616944,-18.6438491922777,-2.13581369287288,-51.5192392768522,-51.7109749223811,-11.3143879406424,1.26250137800871,0.373237238596452
0.024863834859158,3.44156937975688,3.13901477583682,0.429093725929144,0.19300676949425,6.5566303331209e-08,0.968343458345614,3.4600326297669e-22,2.85634368197872e-22,9.9959776282967e-05,-5.79798619716065,-0.867717668180347,-0.959736265548458,-2.94972515913389,-3.74867526616944,-18.6438491922777,-2.13581369287288,-51.5192392768522,-51.7109749223811,-11.3143879406424,2.10364525057681,0.343131035155418
0.0120734832488037,1.67117142192512,1.52425571230232,0.208361097212811,0.0937210213788179,3.18379553853803e-08,0.47021220136194,1.68013688284365e-22,1.38699511931863e-22,4.8538879514881e-05,-5.79798619716065,-0.867717668180347,-0.959736265548458,-2.94972515913389,-3.74867526616944,-18.6438491922777,-2.13581369287288,-51.5192392768522,-51.7109749223811,-11.3143879406424,1.38124249896233,0.461666796649088
0.0474956936013124,0.769060762709824,2.39711151803664,0.201794883569613,0.108503590457592,2.38138528132048e-08,0.284033491369595,5.32011818628975e-22,6.87685686867938e-23,3.409595249363e-05,-4.38422929416492,-1.59969835845911,-0.462848582714773,-2.9376165864387,-3.55808507586252,-18.8901114357084,-2.5957761815045,-50.3224895883826,-52.3684085028768,-11.6234449370095,1.33711306108842,1.12162222485925
0.0527445328668076,0.854051127578429,2.66202086256075,0.224095619239404,0.120494528221795,2.64455668957047e-08,0.31542257170877,5.90805454674541e-22,7.63683137623173e-23,3.78639609313062e-05,-4.38422929416492,-1.59969835845911,-0.462848582714773,-2.9376165864387,-3.55808507586252,-18.8901114357084,-2.5957761815045,-50.3224895883826,-52.3684085028768,-11.6234449370095,1.44193413983232,0.435744100047488
0.0392496919241963,0.635539681991588,1.98093514289221,0.166760108368383,0.0896656554566446,1.9679392289591e-08,0.234720796499799,4.39646174166865e-22,5.68292603047701e-23,2.81763572603145e-05,-4.38422929416492,-1.59969835845911,-0.462848582714773,-2.9376165864387,-3.55808507586252,-18.8901114357084,-2.5957761815045,-50.3224895883826,-52.3684085028768,-11.6234449370095,1.14641761031533,0.297310365550776
0.00566152407744228,0.0916726485067581,0.285737580539379,0.0240541090235276,0.0129337134229706,2.83863000739293e-09,0.0338570158315263,6.34162277097176e-23,8.19726753881471e-24,4.06426438587015e-06,-4.38422929416492,-1.59969835845911,-0.462848582714773,-2.9376165864387,-3.55808507586252,-18.8901114357084,-2.5957761815045,-50.3224895883826,-52.3684085028768,-11.6234449370095,-0.789832857216313,0.361882675205964
0.00375236268540404,0.061268166447199,0.244036432019402,0.020894857663343,0.00603732772294483,4.83178900434347e-10,0.024503160637705,3.90341188283624e-23,2.86210443857608e-24,1.83725760215303e-06,-4.5650900240052,-1.77221531452525,-0.390158189328507,-2.84797263115013,-4.08951423096109,-20.4303545726296,-2.68867360017999,-50.5773265624742,-53.1902054959711,-12.1869569678055,-1.02027956395136,0.289960496069003
0.000894393727367418,0.0146035627021958,0.0581672594966062,0.00498039000894625,0.0014390261544992,1.1516801918582e-10,0.00584044641001429,9.30397031427752e-24,6.82196384398079e-25,4.37919202564194e-07,-4.5650900240052,-1.77221531452525,-0.390158189328507,-2.84797263115013,-4.08951423096109,-20.4303545726296,-2.68867360017999,-50.5773265624742,-53.1902054959711,-12.1869569678055,-2.45427444481246,0.608216801441023
0.0157013612748096,0.256370105100609,1.02114441076198,0.0874323023821845,0.0252625536654843,2.02181055301376e-09,0.102530861167508,1.63334105243074e-22,1.19761706327384e-23,7.68780839829425e-06,-4.5650900240052,-1.77221531452525,-0.390158189328507,-2.84797263115013,-4.08951423096109,-20.4303545726296,-2.68867360017999,-50.5773265624742,-53.1902054959711,-12.1869569678055,0.411082159020514,0.707777341765173
0.0657970128211453,1.07432641011362,4.27913546546694,0.366387615706436,0.105863468671948,8.47245614888168e-09,0.429658567096656,6.84456336537555e-22,5.01864926791239e-23,3.22159855375476e-05,-4.5650900240052,-1.77221531452525,-0.390158189328507,-2.84797263115013,-4.08951423096109,-20.4303545726296,-2.68867360017999,-50.5773265624742,-53.1902054959711,-12.1869569678055,1.84390918446889,0.546956982481859
0.0096990445470989,0.158364935778181,0.630781303331396,0.0540086799366071,0.0156051841038846,1.24891277108156e-09,0.0633353613429378,1.00894739958292e-22,7.39791986424412e-24,4.74891283752855e-06,-4.5650900240052,-1.77221531452525,-0.390158189328507,-2.84797263115013,-4.08951423096109,-20.4303545726296,-2.68867360017999,-50.5773265624742,-53.1902054959711,-12.1869569678055,-0.0706378746181562,0.771491779448943
0.00834263713292719,0.136217664261771,0.542566795974018,0.0464555881305124,0.0134228054875956,1.07425283070058e-09,0.0544779369556562,8.67846518289117e-23,6.36332379608706e-24,4.0847793189331e-06,-4.5650900240052,-1.77221531452525,-0.390158189328507,-2.84797263115013,-4.08951423096109,-20.4303545726296,-2.68867360017999,-50.5773265624742,-53.1902054959711,-12.1869569678055,-0.221285885599039,0.265984661668698
0.00589027868342857,0.141961282487648,0.54563345301627,0.06041138856372,0.0106830600039489,8.58415345796802e-10,0.0501977188585407,8.22202995051986e-23,6.9198503428663e-24,3.14004982221913e-06,-4.92961522277162,-1.74736417210412,-0.400971115160601,-2.60174089444312,-4.33425922427208,-20.6710963025696,-2.78694894938932,-50.6478032626722,-53.1228113442223,-12.4664351462287,-0.20483674499254,1.90021936563496
0.006553768490553,0.157952013826363,0.607094421836115,0.0672162177917541,0.0118864158725703,9.55108535173004e-10,0.0558520650437628,9.14817171039776e-23,7.69931264271218e-24,3.49374973403596e-06,-4.92961522277162,-1.74736417210412,-0.400971115160601,-2.60174089444312,-4.33425922427208,-20.6710963025696,-2.78694894938932,-50.6478032626722,-53.1228113442223,-12.4664351462287,-0.0980998299399856,1.25347290271049
0.0401204007492055,0.815421592198121,4.78633115099773,0.321683536983186,0.113118358910113,4.23008595036218e-09,0.231078943397726,1.9777547115906e-22,2.21694333689742e-23,5.19395997734779e-06,-5.05765081885437,-2.04583050012945,-0.276016312987349,-2.97596751278661,-4.02110107613218,-21.12282401654,-3.30677637221174,-51.816690320334,-54.005108258694,-14.0097946419882,1.84178049167993,1.30672535506526
0.0413911543610791,0.841248850005508,4.93793102248889,0.331872381283545,0.116701213529458,4.36406758812198e-09,0.238398022880161,2.04039713031579e-22,2.28716169713495e-23,5.35847088147359e-06,-5.05765081885437,-2.04583050012945,-0.276016312987349,-2.97596751278661,-4.02110107613218,-21.12282401654,-3.30677637221174,-51.816690320334,-54.005108258694,-14.0097946419882,1.87296273509849,2.26173683245037
0.0252303321927506,0.512790432401341,3.00995809286811,0.202295648783754,0.0711362229465632,2.66015472773258e-09,0.14531755405733,1.24374152394768e-22,1.39415897642883e-23,3.26630176112912e-06,-5.05765081885437,-2.04583050012945,-0.276016312987349,-2.97596751278661,-4.02110107613218,-21.12282401654,-3.30677637221174,-51.816690320334,-54.005108258694,-14.0097946419882,1.37794246901603,1.41999616120329
0.0393902626316458,0.800581999989988,4.69922626791213,0.315829322973435,0.111059754706423,4.15310399267388e-09,0.226873612902779,1.94176219718023e-22,2.17659790653003e-23,5.09943678989892e-06,-5.05765081885437,-2.04583050012945,-0.276016312987349,-2.97596751278661,-4.02110107613218,-21.12282401654,-3.30677637221174,-51.816690320334,-54.005108258694,-14.0097946419882,1.82341418430289,0.529504798293797
0.0272202878101239,0.553235012904548,3.24735817817822,0.21825102184789,0.076746847704485,2.86996527652332e-09,0.156778975999386,1.34183735610844e-22,1.50411846746769e-23,3.5239200710245e-06,-5.05765081885437,-2.04583050012945,-0.276016312987349,-2.97596751278661,-4.02110107613218,-21.12282401654,-3.30677637221174,-51.816690320334,-54.005108258694,-14.0097946419882,1.4538581105196,0.965544127572579
0.00958181362741381,0.257221872564331,1.82597484390477,0.088589097098063,0.161853042516387,4.43192606235948e-09,0.0722682663024349,3.83337213724867e-22,2.82678436976216e-23,3.06378480475019e-06,-5.52979138580509,-2.23971924397447,-0.279788989349456,-3.30564948134164,-2.70296949522971,-20.1163345651356,-3.50927315796283,-50.195030171273,-52.8022203331626,-13.5777625368034,0.881902994814392,1.21044049888869
0.135200743329174,5.92589132583772,12.5261779774221,0.675297735104852,0.713390371959902,2.62183749371065e-08,0.548011801729034,2.79760225561148e-21,3.64404545793212e-22,1.65310976184243e-05,-5.02258889332325,-1.24226316548414,-0.493773583289638,-3.41419587224827,-3.35932077807129,-20.4783996144531,-3.62305273219584,-50.3471185157734,-52.3853718677464,-14.031861522669,3.02159427593171,1.63668167930665
0.198479514823397,8.69941988695152,18.3888761727967,0.991361168027157,1.04728251797807,3.84895098121246e-08,0.804500876595429,4.10697992251932e-21,5.34958874245109e-22,2.42682410910612e-05,-5.02258889332325,-1.24226316548414,-0.493773583289638,-3.41419587224827,-3.35932077807129,-20.4783996144531,-3.62305273219584,-50.3471185157734,-52.3853718677464,-14.031861522669,3.40551950926075,1.55506095063557
0.698249226385504,13.0543464283984,23.6638353511437,2.59419346626904,2.17397119816788,2.40280683938783e-08,1.72538990591871,6.85299132305232e-21,1.29126584017523e-21,9.13100601873968e-05,-4.14132301820865,-1.21302269815375,-0.618195887951453,-2.82886817078837,-3.00558829581937,-21.3261870096562,-3.2366907787593,-50.211745542543,-51.8808077802976,-13.0833934242995,3.78214383611779,3.01567094434264
0.281580234759463,5.26437523027108,9.542822335768,1.04615025357752,0.876688862956871,9.68970517044192e-09,0.695791239576639,2.76357900965902e-21,5.20723725388953e-22,3.68222508695954e-05,-4.14132301820865,-1.21302269815375,-0.618195887951453,-2.82886817078837,-3.00558829581937,-21.3261870096562,-3.2366907787593,-50.211745542543,-51.8808077802976,-13.0833934242995,2.87398517198263,2.9995068688713
0.273130582234297,5.10640199221379,9.25646156575332,1.01475740336772,0.850381205848067,9.39893674405901e-09,0.674911953750702,2.68064960100429e-21,5.05097861077471e-22,3.57172897017479e-05,-4.14132301820865,-1.21302269815375,-0.618195887951453,-2.82886817078837,-3.00558829581937,-21.3261870096562,-3.2366907787593,-50.211745542543,-51.8808077802976,-13.0833934242995,2.84351774325395,0.501047987701203
0.0574894895460219,1.07481352526586,1.94833272079741,0.213589722012943,0.178991239442381,1.97832139949743e-09,0.142057851567689,5.64232595093603e-22,1.06314781620544e-22,7.5179012768312e-06,-4.14132301820865,-1.21302269815375,-0.618195887951453,-2.82886817078837,-3.00558829581937,-21.3261870096562,-3.2366907787593,-50.211745542543,-51.8808077802976,-13.0833934242995,1.28516987981763,0.72599360840989
0.683564226446811,12.7797982165901,23.1661571475034,2.53963453594222,2.12825003485621,2.35227299422805e-08,1.68910293315141,6.70886488029226e-21,1.26410900552756e-21,8.93897025592257e-05,-4.14132301820865,-1.21302269815375,-0.618195887951453,-2.82886817078837,-3.00558829581937,-21.3261870096562,-3.2366907787593,-50.211745542543,-51.8808077802976,-13.0833934242995,3.76088835797928,0.279410895758768
0.0441323087875502,0.825089990546811,1.49565463068317,0.163964015686316,0.137404188343226,1.51867570182106e-09,0.109051950549369,4.33138079870023e-22,8.16134707093338e-23,5.77118257969281e-06,-4.14132301820865,-1.21302269815375,-0.618195887951453,-2.82886817078837,-3.00558829581937,-21.3261870096562,-3.2366907787593,-50.211745542543,-51.8808077802976,-13.0833934242995,1.02075987900824,0.454825402938456
0.036153399564657,0.675917687620569,1.22524746516484,0.134320110055183,0.112562171785388,1.24410643733557e-09,0.0893358822556945,3.5482879773167e-22,6.68581476354881e-23,4.72778051945203e-06,-4.14132301820865,-1.21302269815375,-0.618195887951453,-2.82886817078837,-3.00558829581937,-21.3261870096562,-3.2366907787593,-50.211745542543,-51.8808077802976,-13.0833934242995,0.821338723925856,0.819690396234899
0.166056465514627,3.1045628775341,5.62769382398357,0.616946759969541,0.517010201596769,5.71431511823583e-09,0.410329347437462,1.62976695756508e-21,3.07086686754006e-22,2.1715206100745e-05,-4.14132301820865,-1.21302269815375,-0.618195887951453,-2.82886817078837,-3.00558829581937,-21.3261870096562,-3.2366907787593,-50.211745542543,-51.8808077802976,-13.0833934242995,2.34589562344648,0.736762291729068
0.0390676110811722,0.730401280676805,1.32401079908532,0.14514723050128,0.121635453448826,1.34438993352436e-09,0.0965369659723723,3.8343042804009e-22,7.22473720558297e-23,5.10887199641544e-06,-4.14132301820865,-1.21302269815375,-0.618195887951453,-2.82886817078837,-3.00558829581937,-21.3261870096562,-3.2366907787593,-50.211745542543,-51.8808077802976,-13.0833934242995,0.898861501841858,0.848971807820299
0.021470960810188,0.401417359268239,0.727656060678014,0.0797706952525233,0.0668489826189501,7.38856120901229e-10,0.0530552382335495,2.10727491803303e-22,3.97060493621367e-23,2.80775781737437e-06,-4.14132301820865,-1.21302269815375,-0.618195887951453,-2.82886817078837,-3.00558829581937,-21.3261870096562,-3.2366907787593,-50.211745542543,-51.8808077802976,-13.0833934242995,0.300269101405507,1.16754118160458
0.074888313351729,1.63372427905425,2.23547110310426,0.451003802076893,0.260977909701787,2.24859870627806e-09,0.332846587600486,1.22621544733805e-21,1.72818568276028e-22,5.94991481222313e-06,-4.1989764726212,-1.11635679964056,-0.802767051730996,-2.4034985511606,-2.95053855437059,-21.5201776539299,-2.70729263502333,-49.7575734408479,-51.7170189679303,-13.639352697754,1.60721904197131,2.00535269638483
0.0594849265421277,1.29769204806625,1.77566870455009,0.358239180935497,0.207298723831793,1.78609615945618e-09,0.264385107997036,9.74001583760365e-22,1.37272417803464e-22,4.7261078490939e-06,-4.1989764726212,-1.11635679964056,-0.802767051730996,-2.4034985511606,-2.95053855437059,-21.5201776539299,-2.70729263502333,-49.7575734408479,-51.7170189679303,-13.639352697754,1.37694413866938,0.935481674572606
0.0315248572365759,0.687729798629841,0.941040119983227,0.189853794768349,0.109860817756805,9.46566293526073e-10,0.140114534380076,5.16185572734942e-22,7.27494110749049e-23,2.50466603706454e-06,-4.1989764726212,-1.11635679964056,-0.802767051730996,-2.4034985511606,-2.95053855437059,-21.5201776539299,-2.70729263502333,-49.7575734408479,-51.7170189679303,-13.639352697754,0.741997546901703,2.00023868129332
0.159775824854113,3.48558583559096,4.7694256079513,0.962226297589771,0.556801975168834,4.79743363125395e-09,0.71013534293354,2.61615699137347e-21,3.68712126907207e-22,1.26942710335819e-05,-4.1989764726212,-1.11635679964056,-0.802767051730996,-2.4034985511606,-2.95053855437059,-21.5201776539299,-2.70729263502333,-49.7575734408479,-51.7170189679303,-13.639352697754,2.36499293176019,2.08792201097186
0.0547212172214698,1.19376945684747,1.6334684859405,0.329550445411235,0.190697696978735,1.6430608828409e-09,0.243212453403327,8.96000975999525e-22,1.2627928165667e-22,4.34762870622703e-06,-4.1989764726212,-1.11635679964056,-0.802767051730996,-2.4034985511606,-2.95053855437059,-21.5201776539299,-2.70729263502333,-49.7575734408479,-51.7170189679303,-13.639352697754,1.29347271125035,1.74283210988785
0.050552076413679,1.10281766135845,1.50901657370667,0.304442410905552,0.17616867897082,1.51787813793571e-09,0.224682402064321,8.27735787055693e-22,1.16658221799712e-22,4.01638833591702e-06,-4.1989764726212,-1.11635679964056,-0.802767051730996,-2.4034985511606,-2.95053855437059,-21.5201776539299,-2.70729263502333,-49.7575734408479,-51.7170189679303,-13.639352697754,1.21422521469474,0.320016343349859
0.0509680293756988,1.11189187364315,1.52143307482987,0.306947426160402,0.177618231373641,1.530367553846e-09,0.22653113543558,8.34546568665888e-22,1.17618109826952e-22,4.04943601157085e-06,-4.1989764726212,-1.11635679964056,-0.802767051730996,-2.4034985511606,-2.95053855437059,-21.5201776539299,-2.70729263502333,-49.7575734408479,-51.7170189679303,-13.639352697754,1.22241975480881,0.466398800023198
0.156056231075711,3.40444112299135,4.65839300440137,0.939825593645991,0.543839581361565,4.68574899871705e-09,0.693603336255989,2.55525265069914e-21,3.60128479571835e-22,1.23987474047664e-05,-4.1989764726212,-1.11635679964056,-0.802767051730996,-2.4034985511606,-2.95053855437059,-21.5201776539299,-2.70729263502333,-49.7575734408479,-51.7170189679303,-13.639352697754,2.34143759155361,0.300478562946117
0.064169585368567,1.39989011504492,1.91550920790369,0.386451846538393,0.223624268011804,1.92675786359966e-09,0.285206416885772,1.05070782484645e-21,1.48083130383468e-22,5.0983063897491e-06,-4.1989764726212,-1.11635679964056,-0.802767051730996,-2.4034985511606,-2.95053855437059,-21.5201776539299,-2.70729263502333,-49.7575734408479,-51.7170189679303,-13.639352697754,1.4527505439277,1.83851159742595
0.181835196953047,3.96682156070944,5.42791405124392,1.09507560668452,0.633676570977589,5.45978898875813e-09,0.808179836114396,2.97735544298295e-21,4.19618188648785e-22,1.44468994334677e-05,-4.1989764726212,-1.11635679964056,-0.802767051730996,-2.4034985511606,-2.95053855437059,-21.5201776539299,-2.70729263502333,-49.7575734408479,-51.7170189679303,-13.639352697754,2.49432195924589,0.541681947950402
0.076576261964376,1.67054768322581,2.28585760772982,0.461169223194588,0.266860233403532,2.29928110112431e-09,0.340348798701512,1.25385378729397e-21,1.76713820412247e-22,6.08402319313283e-06,-4.1989764726212,-1.11635679964056,-0.802767051730996,-2.4034985511606,-2.95053855437059,-21.5201776539299,-2.70729263502333,-49.7575734408479,-51.7170189679303,-13.639352697754,1.62950832633148,0.640655985704508
0.0352813571977713,0.769679637212093,1.05317440016956,0.212476760744945,0.122951825736423,1.05935907219642e-09,0.156810573287145,5.77694212390217e-22,8.141822622065e-23,2.80312188098582e-06,-4.1989764726212,-1.11635679964056,-0.802767051730996,-2.4034985511606,-2.95053855437059,-21.5201776539299,-2.70729263502333,-49.7575734408479,-51.7170189679303,-13.639352697754,0.854575893362307,3.08694006039993
0.0837242513604362,1.78851946368306,4.7581552346878,1.17385429560802,0.377612512433177,4.3694345607e-09,0.586577234848176,3.95586309899083e-21,3.91314712838637e-22,7.62353557552173e-06,-4.65138672464024,-1.58977196030614,-0.611300085263043,-2.01086751830852,-3.14504683116877,-21.4197923500042,-2.70461105448738,-49.1502482682801,-51.4636902261027,-13.9554304322345,2.17116012264938,4.24112431425445
0.0555122044700752,1.18585304202075,3.15482888167292,0.778307821414113,0.250370742766115,2.897093026344e-09,0.388921905771384,2.62288020064131e-21,2.5945579683633e-22,5.05467960330114e-06,-4.65138672464024,-1.58977196030614,-0.611300085263043,-2.01086751830852,-3.14504683116877,-21.4197923500042,-2.70461105448738,-49.1502482682801,-51.4636902261027,-13.9554304322345,1.76023434259767,1.35475363298429
0.0422792833501931,0.903171063983074,2.40278521602444,0.592775899090397,0.190687717720041,2.20648807090151e-09,0.296211249619343,1.99764171239685e-21,1.97607089396111e-22,3.84975219832269e-06,-4.65138672464024,-1.58977196030614,-0.611300085263043,-2.01086751830852,-3.14504683116877,-21.4197923500042,-2.70461105448738,-49.1502482682801,-51.4636902261027,-13.9554304322345,1.48792865642645,3.20812833260986
0.0384475774121401,0.821318069922668,2.18502451502465,0.539053537865251,0.173405985334709,2.00651747600074e-09,0.269366083047253,1.8165985393588e-21,1.79698265077379e-22,3.50085512180026e-06,-4.65138672464024,-1.58977196030614,-0.611300085263043,-2.01086751830852,-3.14504683116877,-21.4197923500042,-2.70461105448738,-49.1502482682801,-51.4636902261027,-13.9554304322345,1.39292713343857,1.10311656415034
0.0179817554055463,0.384126689835118,1.0219259321106,0.25211286434205,0.0811011830660082,9.38439009658036e-10,0.125981280120301,8.49614795092612e-22,8.40440534076969e-23,1.63733386464524e-06,-4.65138672464024,-1.58977196030614,-0.611300085263043,-2.01086751830852,-3.14504683116877,-21.4197923500042,-2.70461105448738,-49.1502482682801,-51.4636902261027,-13.9554304322345,0.632989100945232,1.47673438364481
0.0208495990401771,0.445389634274659,1.18490911775462,0.292321412223246,0.0940357106675311,1.08810717495334e-09,0.146073568338402,9.85116715068843e-22,9.74479285109859e-23,1.89846618435413e-06,-4.65138672464024,-1.58977196030614,-0.611300085263043,-2.01086751830852,-3.14504683116877,-21.4197923500042,-2.70461105448738,-49.1502482682801,-51.4636902261027,-13.9554304322345,0.78096616303105,2.39806720976454
0.0894442802015315,1.91071085684447,5.08323171767304,1.25405185267205,0.403410945106855,4.66795370300783e-09,0.626652107377249,4.22612709836943e-21,4.1804927787817e-22,8.14437443229898e-06,-4.65138672464024,-1.58977196030614,-0.611300085263043,-2.01086751830852,-3.14504683116877,-21.4197923500042,-2.70461105448738,-49.1502482682801,-51.4636902261027,-13.9554304322345,2.23724730948259,1.75738692406082
0.0433050967023206,0.925084513390794,2.46108348793404,0.607158295950574,0.195314333675277,2.26002362649959e-09,0.303398160816326,2.04611007276072e-21,2.02401588609793e-22,3.94315792553694e-06,-4.65138672464024,-1.58977196030614,-0.611300085263043,-2.01086751830852,-3.14504683116877,-21.4197923500042,-2.70461105448738,-49.1502482682801,-51.4636902261027,-13.9554304322345,1.51190178049071,3.08518121470523
0.0673846061090601,1.43947157030802,3.82955250223607,0.944764605878022,0.303917562697806,3.51669464949337e-09,0.47210067908071,3.18383589480297e-21,3.14945638340721e-22,6.13572451909306e-06,-4.65138672464024,-1.58977196030614,-0.611300085263043,-2.01086751830852,-3.14504683116877,-21.4197923500042,-2.70461105448738,-49.1502482682801,-51.4636902261027,-13.9554304322345,1.95404804148201,1.62288901390087
0.0539132277954444,1.15169566398412,3.06395701228129,0.755889398942803,0.243159049742668,2.81364499509429e-09,0.377719377219008,2.54733061111929e-21,2.51982417402035e-22,4.90908432636043e-06,-4.65138672464024,-1.58977196030614,-0.611300085263043,-2.01086751830852,-3.14504683116877,-21.4197923500042,-2.70461105448738,-49.1502482682801,-51.4636902261027,-13.9554304322345,1.73100730710866,1.20448922281294
0.134320028332498,2.86934766368846,7.63357731539781,1.88323143751396,0.605809219486176,7.00994711154338e-09,0.941054348337084,6.34644842924231e-21,6.27791857930504e-22,1.22305484714286e-05,-4.65138672464024,-1.58977196030614,-0.611300085263043,-2.01086751830852,-3.14504683116877,-21.4197923500042,-2.70461105448738,-49.1502482682801,-51.4636902261027,-13.9554304322345,2.6438566693602,1.15520192933568
0.116162940739285,2.48147552345927,6.60168703301834,1.62866033152381,0.523917254456527,6.0623577958755e-09,0.813844680167321,5.48854941398669e-21,5.42928327924891e-22,1.05772496844521e-05,-4.65138672464024,-1.58977196030614,-0.611300085263043,-2.01086751830852,-3.14504683116877,-21.4197923500042,-2.70461105448738,-49.1502482682801,-51.4636902261027,-13.9554304322345,2.49862531269587,0.824803179739972
0.0706585929430166,1.50941055550318,4.0156173202447,0.990667476866487,0.318683874416989,3.68755877776107e-09,0.495038431437837,3.33852755812131e-21,3.30247766421288e-22,6.43383832359884e-06,-4.65138672464024,-1.58977196030614,-0.611300085263043,-2.01086751830852,-3.14504683116877,-21.4197923500042,-2.70461105448738,-49.1502482682801,-51.4636902261027,-13.9554304322345,2.00149117432852,1.41794561985126
0.116960443932653,2.49851180578501,6.64701014946959,1.63984171008598,0.527514147586388,6.10397821001774e-09,0.819432036403382,5.52623041325162e-21,5.46655739374138e-22,1.06498665650744e-05,-4.65138672464024,-1.58977196030614,-0.611300085263043,-2.01086751830852,-3.14504683116877,-21.4197923500042,-2.70461105448738,-49.1502482682801,-51.4636902261027,-13.9554304322345,2.50546723724619,3.08371350545648
0.124268555852957,2.65462786773661,7.06233940502276,1.74230495617105,0.560475141068292,6.48537686428063e-09,0.870633116287846,5.87152929379182e-21,5.8081276880131e-22,1.13153087793557e-05,-4.65138672464024,-1.58977196030614,-0.611300085263043,-2.01086751830852,-3.14504683116877,-21.4197923500042,-2.70461105448738,-49.1502482682801,-51.4636902261027,-13.9554304322345,2.56607644236524,1.00206321057176
0.147186914931407,3.14421040351854,8.3648187756668,2.06363137970285,0.663841358285363,7.68144931168665e-09,1.03120054420811,6.95439225756514e-21,6.87929774397547e-22,1.34021464987517e-05,-4.65138672464024,-1.58977196030614,-0.611300085263043,-2.01086751830852,-3.14504683116877,-21.4197923500042,-2.70461105448738,-49.1502482682801,-51.4636902261027,-13.9554304322345,2.73533475487262,0.823006592952076
0.0781094779047277,1.66857653858632,4.43906054855137,1.09513246970032,0.352288801836762,4.07640852834701e-09,0.547239787998161,3.69057228107702e-21,3.65072095833728e-22,7.11228077786682e-06,-4.65138672464024,-1.58977196030614,-0.611300085263043,-2.01086751830852,-3.14504683116877,-21.4197923500042,-2.70461105448738,-49.1502482682801,-51.4636902261027,-13.9554304322345,2.10174285115514,0.8894887570059
0.0514082510865805,1.34854771255718,3.62764668118714,0.820722540459007,0.332029168581081,1.99393990424278e-09,0.220647135887994,2.72071629676562e-21,3.71260743289044e-22,5.24756704866446e-06,-4.82441187344137,-1.5574270360936,-0.567871140165909,-2.05402546081819,-2.95898773776648,-21.889608585168,-3.36764580470431,-49.2098470438505,-51.2015928850201,-14.0142012890882,1.85645528101355,1.25870870989853
0.0871036165069656,2.28491303075254,6.1465064199271,1.39059197525249,0.562573920682599,3.37843387172601e-09,0.373853673321423,4.60984810665125e-21,6.2904597460584e-22,8.89121995283699e-06,-4.82441187344137,-1.5574270360936,-0.567871140165909,-2.05402546081819,-2.95898773776648,-21.889608585168,-3.36764580470431,-49.2098470438505,-51.2015928850201,-14.0142012890882,2.38375499877563,2.29610932787474
0.120532406017483,3.16182124441732,8.50542419598012,1.9242759748372,0.778479596391268,4.67501556720704e-09,0.517331938109617,6.37902426962237e-21,8.70462419993676e-22,1.23035090427088e-05,-4.82441187344137,-1.5574270360936,-0.567871140165909,-2.05402546081819,-2.95898773776648,-21.889608585168,-3.36764580470431,-49.2098470438505,-51.2015928850201,-14.0142012890882,2.70857524084053,2.9875363285076
0.120162777776016,3.15212510986712,8.47934121056265,1.91837493321548,0.776092287834679,4.66067902618848e-09,0.515745472686282,6.35946216511491e-21,8.67793034189513e-22,1.22657787379585e-05,-4.82441187344137,-1.5574270360936,-0.567871140165909,-2.05402546081819,-2.95898773776648,-21.889608585168,-3.36764580470431,-49.2098470438505,-51.2015928850201,-14.0142012890882,2.70550389951825,2.07176179547864
0.178423716612883,3.21995982220127,6.15525031658657,0.972693011878325,0.87584837395852,5.13039161981314e-09,0.131546162406714,1.74187557871639e-21,5.78130410554714e-22,8.36011619251815e-06,-4.16886989284693,-1.27590688392882,-0.627970338200673,-2.47296251921435,-2.57783805794589,-21.5333596073626,-4.47367320987824,-50.2446002672134,-51.3475185306669,-14.1373139981677,2.44527576583005,3.1306624027967
0.0482649657766128,1.37238834153647,1.87206026647822,0.401825716714645,0.447511208568127,3.54304714651945e-09,0.0482346312193264,3.515027636699e-22,4.08933907468594e-22,2.955012246945e-06,-4.46381881561329,-1.11621695083857,-0.805729916690189,-2.34450631273872,-2.2368231823602,-20.8910481920618,-4.46444751374737,-50.8325941459929,-50.6812581721625,-14.1647772504915,1.43276948785891,2.30449743388963
0.0652814335498886,1.85624245000641,2.53208048366012,0.543494818700447,0.605287349838472,4.79219643354037e-09,0.0652404041333358,4.75429826581121e-22,5.53109098435185e-22,3.99684186104867e-06,-4.46381881561329,-1.11621695083857,-0.805729916690189,-2.34450631273872,-2.2368231823602,-20.8910481920618,-4.46444751374737,-50.8325941459929,-50.6812581721625,-14.1647772504915,1.73477120706256,2.3562131616289
0.0242999778454662,0.690956799784408,0.942526784569716,0.202307322853958,0.225308612133578,1.78381908658854e-09,0.0242847052961511,1.7697120949659e-22,2.05886085939418e-22,1.48776096654023e-06,-4.46381881561329,-1.11621695083857,-0.805729916690189,-2.34450631273872,-2.2368231823602,-20.8910481920618,-4.46444751374737,-50.8325941459929,-50.6812581721625,-14.1647772504915,0.746538975268024,1.92803943878006
0.0241611347762562,0.687008871791072,0.937141458195573,0.201151397124012,0.224021263666555,1.77362685849384e-09,0.0241459494898858,1.75960047015514e-22,2.0470971218874e-22,1.47926032920802e-06,-4.46381881561329,-1.11621695083857,-0.805729916690189,-2.34450631273872,-2.2368231823602,-20.8910481920618,-4.46444751374737,-50.8325941459929,-50.6812581721625,-14.1647772504915,0.740808877810646,1.87256160488445
0.0557821517142842,0.675404388619592,0.686372179633138,0.152979373365594,0.252451442716856,2.50499177970759e-09,0.0133879660042161,3.84001470089995e-22,3.16879737185662e-22,2.87722259892287e-06,-3.49409777287173,-1.00024012360267,-0.984131712826278,-2.48524863164096,-1.98433280519076,-20.4127768343278,-4.92119548526805,-49.9191923012763,-50.111316358284,-13.3664815548585,0.607796450358994,2.46566465609773
0.226091909655607,2.73749691110747,2.78195071467635,0.620044182578359,1.02321669252768,1.01530392381881e-08,0.0542630699475593,1.55640510477073e-21,1.28435248031364e-21,1.16617364498e-05,-3.49409777287173,-1.00024012360267,-0.984131712826278,-2.48524863164096,-1.98433280519076,-20.4127768343278,-4.92119548526805,-49.9191923012763,-50.111316358284,-13.3664815548585,2.00728409038209,2.84411054614
0.229294306426237,2.14053711394844,5.41084770070837,1.22669056671749,0.508384114610656,5.71436723248531e-09,0.0665875985963517,8.45893145708558e-22,1.49913764694457e-21,3.80239287087342e-05,-3.73267485561519,-1.49886915058185,-0.571520163922918,-2.0556059888898,-2.93644392195324,-21.2402082022544,-4.96916286198631,-50.7815751214869,-50.2093228480731,-12.4372208295059,2.25992593594981,2.49499382343692
0.0587686371620643,0.548624389947669,1.38681221622228,0.314403501548517,0.130299971404315,1.46460494257738e-09,0.0170665485872457,2.16804281505418e-22,3.84232289944008e-22,9.7456169086286e-06,-3.73267485561519,-1.49886915058185,-0.571520163922918,-2.0556059888898,-2.93644392195324,-21.2402082022544,-4.96916286198631,-50.7815751214869,-50.2093228480731,-12.4372208295059,0.898527907641522,2.93266276827701
0.147187500174348,0.980503996688655,1.54682535541165,0.311948252589727,0.15488400357341,7.8473653825896e-10,0.0334306439922793,4.1209220361966e-22,2.32152055469726e-22,1.09470105456139e-05,-3.07128970256976,-1.17493026616289,-0.719037036194238,-2.32015967099556,-3.02032051525246,-22.1209147835143,-4.55352402381551,-50.3960368213355,-50.9698913723546,-12.5776858574915,1.15524170898289,8.74666993869211
0.263883688658452,1.75788712413808,2.77321090454654,0.559273412935388,0.27768229047118,1.40690732633918e-09,0.0599358073237231,7.3881552869459e-22,4.16211571325196e-22,1.96262421682397e-05,-3.07128970256976,-1.17493026616289,-0.719037036194238,-2.32015967099556,-3.02032051525246,-22.1209147835143,-4.55352402381551,-50.3960368213355,-50.9698913723546,-12.5776858574915,1.73904285638959,3.53177717045779
0.273980046052119,1.82514500109612,2.87931571368674,0.580671568639815,0.288306591127058,1.460736493495e-09,0.0622289893483292,7.67083079688796e-22,4.32136090179858e-22,2.03771546487822e-05,-3.07128970256976,-1.17493026616289,-0.719037036194238,-2.32015967099556,-3.02032051525246,-22.1209147835143,-4.55352402381551,-50.3960368213355,-50.9698913723546,-12.5776858574915,1.77658970269655,1.36468001712658
0.0380531189826483,0.253494591624692,0.399908478811947,0.080649538569274,0.0400429344170292,2.02881853588299e-10,0.00864299123225731,1.06540254013321e-22,6.00194294922572e-23,2.83018526915068e-06,-3.07128970256976,-1.17493026616289,-0.719037036194238,-2.32015967099556,-3.02032051525246,-22.1209147835143,-4.55352402381551,-50.3960368213355,-50.9698913723546,-12.5776858574915,-0.197482524829442,1.27622437496548
0.321783075556555,2.14358957979611,3.3816881163389,0.681985005614694,0.338609263458707,1.71560041772203e-09,0.0730864742517498,9.00920910651641e-22,5.07533603854518e-22,2.39324855530878e-05,-3.07128970256976,-1.17493026616289,-0.719037036194238,-2.32015967099556,-3.02032051525246,-22.1209147835143,-4.55352402381551,-50.3960368213355,-50.9698913723546,-12.5776858574915,1.93741206371299,0.749936755601747
0.253876490712972,1.69122319160594,2.66804309138064,0.538064221198902,0.267151811452843,1.35355351664674e-09,0.0576628760525261,7.10797604288471e-22,4.00427679555966e-22,1.88819608854443e-05,-3.07128970256976,-1.17493026616289,-0.719037036194238,-2.32015967099556,-3.02032051525246,-22.1209147835143,-4.55352402381551,-50.3960368213355,-50.9698913723546,-12.5776858574915,1.70038231530933,1.96637567600301
0.273310384290367,1.82068398346181,2.8722780930233,0.579252291757218,0.287601912437785,1.45716616278009e-09,0.0620768893131641,7.65208175972427e-22,4.31079863569065e-22,2.03273488272334e-05,-3.07128970256976,-1.17493026616289,-0.719037036194238,-2.32015967099556,-3.02032051525246,-22.1209147835143,-4.55352402381551,-50.3960368213355,-50.9698913723546,-12.5776858574915,1.77414251173969,0.989987985739264
0.338565888429438,2.25538993701426,3.55806233599854,0.717554392573741,0.356269657486029,1.8050787121459e-09,0.0768983485051872,9.47909047086668e-22,5.34004360545055e-22,2.51807004442089e-05,-3.07128970256976,-1.17493026616289,-0.719037036194238,-2.32015967099556,-3.02032051525246,-22.1209147835143,-4.55352402381551,-50.3960368213355,-50.9698913723546,-12.5776858574915,1.98825314523903,1.75143150781365
0.125203566936712,0.968040715014107,1.62179577256844,0.480197163581649,0.264494121898956,9.96347056952396e-10,0.0349099869008925,3.66231449932032e-22,5.41200477591157e-23,2.3592449548662e-05,-3.32905182789501,-1.283718628708,-0.767703460187364,-1.98479599903907,-2.58117374845801,-21.9781629653663,-4.60621983017323,-50.6100142185411,-52.5220750431708,-11.9058213285842,1.25123749708289,0.72565818607679
0.673936131419774,5.210695114327,8.72967756158418,2.58476836292171,1.42369861863405,5.36306031483425e-09,0.187910792763556,1.97132248393697e-21,2.91313231015761e-22,0.000126991623070759,-3.32905182789501,-1.283718628708,-0.767703460187364,-1.98479599903907,-2.58117374845801,-21.9781629653663,-4.60621983017323,-50.6100142185411,-52.5220750431708,-11.9058213285842,2.93443189483034,0.735757035656121
0.019097276136084,0.147655065250189,0.247372199233979,0.0732443815863372,0.0403432378634122,1.51972626176158e-10,0.00532481363003353,5.58612130643671e-23,8.25492054133187e-24,3.59855182069352e-06,-3.32905182789501,-1.283718628708,-0.767703460187364,-1.98479599903907,-2.58117374845801,-21.9781629653663,-4.60621983017323,-50.6100142185411,-52.5220750431708,-11.9058213285842,-0.629157736880637,1.30646876288809
0.0659742917790961,0.51009569574538,0.854582901456949,0.253033268594048,0.139371527496801,5.25011332000213e-10,0.018395335837102,1.92980608521404e-22,2.85178123061248e-23,1.24317157121714e-05,-3.32905182789501,-1.283718628708,-0.767703460187364,-1.98479599903907,-2.58117374845801,-21.9781629653663,-4.60621983017323,-50.6100142185411,-52.5220750431708,-11.9058213285842,0.610561696558722,1.91320311864832
0.204052347513013,1.57767853759831,2.64314542050188,0.782608362487431,0.431063170142398,1.62381121307499e-09,0.0568950626013428,5.96871071009501e-22,8.82029407224959e-23,3.84501402936885e-05,-3.32905182789501,-1.283718628708,-0.767703460187364,-1.98479599903907,-2.58117374845801,-21.9781629653663,-4.60621983017323,-50.6100142185411,-52.5220750431708,-11.9058213285842,1.73967311529549,5.04450660156097
0.348557008230717,2.69495018174201,4.51495349755827,1.33683161585565,0.736331097262679,2.77375283969627e-09,0.0971866927537243,1.01955991855113e-21,1.50666010511953e-22,6.56795475776857e-05,-3.32905182789501,-1.283718628708,-0.767703460187364,-1.98479599903907,-2.58117374845801,-21.9781629653663,-4.60621983017323,-50.6100142185411,-52.5220750431708,-11.9058213285842,2.27509834745914,4.11953605622732
0.191399703898059,1.47985165876801,2.47925229486177,0.7340812819548,0.404334300154777,1.5231237922861e-09,0.0533671789022866,5.59860975131642e-22,8.2733754073313e-23,3.60659681534979e-05,-3.32905182789501,-1.283718628708,-0.767703460187364,-1.98479599903907,-2.58117374845801,-21.9781629653663,-4.60621983017323,-50.6100142185411,-52.5220750431708,-11.9058213285842,1.67566048089845,2.92341699832383
0.139529466900574,1.07880476737731,1.80736304168126,0.535141736621475,0.294757767129361,1.11034994533978e-09,0.0389044176692644,4.08135967860011e-22,6.03125102360707e-23,2.62919179456561e-05,-3.32905182789501,-1.283718628708,-0.767703460187364,-1.98479599903907,-2.58117374845801,-21.9781629653663,-4.60621983017323,-50.6100142185411,-52.5220750431708,-11.9058213285842,1.35957236013008,2.67807386723101
0.116755521171487,0.902722669665017,1.51236594366084,0.447796108935023,0.246647518155112,9.29119055856905e-10,0.0325544536344065,3.41520172726531e-22,5.04683255959901e-23,2.2000561247256e-05,-3.32905182789501,-1.283718628708,-0.767703460187364,-1.98479599903907,-2.58117374845801,-21.9781629653663,-4.60621983017323,-50.6100142185411,-52.5220750431708,-11.9058213285842,1.18137873489179,1.45811587891107
0.134440856906288,1.03946098686196,1.74144889579152,0.515625231256539,0.284008014026838,1.06985571889056e-09,0.0374855818278377,3.93251335880729e-22,5.81129258100334e-23,2.53330572877669e-05,-3.32905182789501,-1.283718628708,-0.767703460187364,-1.98479599903907,-2.58117374845801,-21.9781629653663,-4.60621983017323,-50.6100142185411,-52.5220750431708,-11.9058213285842,1.32242092564331,2.04744194078147
0.0549900460740245,0.313058119970201,0.747001944095949,0.102097747848759,0.0535890321070807,4.90507260187973e-10,0.0183117686646564,5.52700744074561e-23,4.52352017005628e-23,1.10864387768612e-05,-3.15451616390269,-1.41527949217569,-0.545600564616419,-2.53573768564496,-3.1803239300136,-21.689494108728,-4.25412440270515,-51.5037236930607,-51.704079722742,-11.6637010016848,0.253913073301797,3.20258071018323
0.126015666358099,0.717406702001175,1.7118361317488,0.23396808417842,0.122805090604375,1.1240506902443e-09,0.0419634078386788,1.26657381714894e-22,1.03661380415393e-22,2.54057792227302e-05,-3.15451616390269,-1.41527949217569,-0.545600564616419,-2.53573768564496,-3.1803239300136,-21.689494108728,-4.25412440270515,-51.5037236930607,-51.704079722742,-11.6637010016848,1.08316712031832,3.19723016563619
0.0772413937445669,0.439734956341025,1.04927119381207,0.143410906246625,0.0752734690165775,6.88987682748003e-10,0.0257215011546294,7.76347336361742e-23,6.35393180242951e-23,1.55724907310647e-05,-3.15451616390269,-1.41527949217569,-0.545600564616419,-2.53573768564496,-3.1803239300136,-21.689494108728,-4.25412440270515,-51.5037236930607,-51.704079722742,-11.6637010016848,0.593696386654769,2.38550922344247
0.0905000035842112,0.515216170963577,1.22938028688123,0.168027619649826,0.0881942814020682,8.0725352994498e-10,0.030136638320939,9.09608609027365e-23,7.44459444627967e-23,1.82455338861047e-05,-3.15451616390269,-1.41527949217569,-0.545600564616419,-2.53573768564496,-3.1803239300136,-21.689494108728,-4.25412440270515,-51.5037236930607,-51.704079722742,-11.6637010016848,0.752110775230973,1.72698553392003
0.17347534598255,0.98759447485043,2.356543228337,0.322084511590707,0.169055611867129,1.5473876227257e-09,0.0577675530654669,1.74358742442368e-22,1.42702049295106e-22,3.4974035117945e-05,-3.15451616390269,-1.41527949217569,-0.545600564616419,-2.53573768564496,-3.1803239300136,-21.689494108728,-4.25412440270515,-51.5037236930607,-51.704079722742,-11.6637010016848,1.40279637612729,2.10939329537655
0.0859989444322601,0.489591658591144,1.16823649492164,0.159670688984053,0.0838078983994957,7.67104405690827e-10,0.0286377788032453,8.64368808008498e-23,7.07433412983875e-23,1.73380838968473e-05,-3.15451616390269,-1.41527949217569,-0.545600564616419,-2.53573768564496,-3.1803239300136,-21.689494108728,-4.25412440270515,-51.5037236930607,-51.704079722742,-11.6637010016848,0.701095907055243,1.95808171761844
0.157256825406071,0.720256436772503,1.65873466785026,0.142336138713423,0.132818601727694,1.27461208292878e-09,0.0122583037757214,7.79806624136448e-23,1.14784267130215e-22,1.14396460172492e-05,-2.88791329214269,-1.36618628080592,-0.531983249180681,-2.98760215729271,-3.05680929110566,-21.5186622659196,-5.43959002499886,-51.9436196662852,-51.5570261158745,-12.4164638276467,1.03803831260722,2.11210017042989
0.11299956754454,0.51755251745863,1.19191201815384,0.102278054253253,0.0954390661158579,9.15894199098071e-10,0.00880841274716874,5.60343317806699e-23,8.2480188145338e-23,8.2201522857518e-06,-2.88791329214269,-1.36618628080592,-0.531983249180681,-2.98760215729271,-3.05680929110566,-21.5186622659196,-5.43959002499886,-51.9436196662852,-51.5570261158745,-12.4164638276467,0.707542004826101,1.50266169318237
0.157541187735416,0.326220812171141,0.782676548132845,0.0987364048238515,0.12364518738286,1.46575599217653e-09,0.00863969483390384,2.67397097622394e-23,7.31072184726065e-23,5.36543503055703e-06,-2.25184215880186,-1.52395460228596,-0.648809574728274,-2.71907537067751,-2.49411302038818,-20.7446685052916,-5.15516183026896,-52.3796663276385,-51.3738889353903,-12.5393069117213,0.403773813328997,2.10097729911149
0.141379113040162,0.292753975915525,0.702382137414098,0.0886070845309005,0.110960487064701,1.31538478975574e-09,0.00775335269533707,2.39964957956636e-23,6.56071840834986e-23,4.8149976307703e-06,-2.25184215880186,-1.52395460228596,-0.648809574728274,-2.71907537067751,-2.49411302038818,-20.7446685052916,-5.15516183026896,-52.3796663276385,-51.3738889353903,-12.5393069117213,0.295531906955091,0.807803098046216
0.00812923835811363,0.0168332280442777,0.0403866716287753,0.00509486935431965,0.00638018041197573,7.56340612033971e-11,0.000445814454338903,1.37978821544174e-24,3.77238494393365e-24,2.76860298473969e-07,-2.25184215880186,-1.52395460228596,-0.648809574728274,-2.71907537067751,-2.49411302038818,-20.7446685052916,-5.15516183026896,-52.3796663276385,-51.3738889353903,-12.5393069117213,-2.56044588389792,0.556328742032393
0.126351816741822,0.261636927265277,0.627725391685438,0.0791889683414205,0.0991664102688195,1.17557151354447e-09,0.00692924278438253,2.14458895237113e-23,5.86337452683721e-23,4.30320777357382e-06,-2.25184215880186,-1.52395460228596,-0.648809574728274,-2.71907537067751,-2.49411302038818,-20.7446685052916,-5.15516183026896,-52.3796663276385,-51.3738889353903,-12.5393069117213,0.183157092195767,2.01789357010754
0.33729140389352,0.698429898226245,1.67568923091796,0.211391960903371,0.264720987803412,3.13814376718337e-09,0.0184973519726988,5.72489923115099e-23,1.56520569051368e-22,1.14872506673962e-05,-2.25184215880186,-1.52395460228596,-0.648809574728274,-2.71907537067751,-2.49411302038818,-20.7446685052916,-5.15516183026896,-52.3796663276385,-51.3738889353903,-12.5393069117213,1.16503413651521,2.03070591420955
0.430156847683936,1.34163902351863,1.76760017863519,0.366963553244541,0.121047172694528,1.92091682709474e-09,0.0304308724873992,1.18239572486899e-22,7.66309617584094e-23,8.14054280507279e-06,-2.24425761413075,-1.10676022098082,-0.831029444047068,-2.40314498520188,-3.51222719176269,-21.4711154901508,-4.89294988291796,-51.8899816296847,-52.3236932756585,-13.1193059358856,1.40065223938238,2.12246064651742
0.401144599068919,1.25115118144077,1.64838306954899,0.342213423386784,0.11288305607691,1.79135916259048e-09,0.028378439652888,1.1026481655405e-22,7.14625295316221e-23,7.59149783928046e-06,-2.24425761413075,-1.10676022098082,-0.831029444047068,-2.40314498520188,-3.51222719176269,-21.4711154901508,-4.89294988291796,-51.8899816296847,-52.3236932756585,-13.1193059358856,1.33082429363784,3.39172542813278
0.735640218202433,2.29442732185755,3.02289220340687,0.627569106093845,0.20701092871877,3.28508933762457e-09,0.0520418861102713,2.02209462368795e-22,1.31051772702312e-22,1.39216909312348e-05,-2.24425761413075,-1.10676022098082,-0.831029444047068,-2.40314498520188,-3.51222719176269,-21.4711154901508,-4.89294988291796,-51.8899816296847,-52.3236932756585,-13.1193059358856,1.93724350039513,0.888663497339247
0.076169235196521,0.21991764568902,0.463496498062395,0.0911833994760341,0.0309762045719156,7.31677683012216e-10,0.00891012199022856,1.51710362059315e-23,2.36899756764175e-23,1.90188672109332e-06,-2.45899951204818,-1.39870401714505,-0.653158326081925,-2.27908429841542,-3.35873784035901,-20.9198828993482,-4.60476922286569,-52.4268560112278,-51.9811921170879,-13.0568660300557,-0.115798123343782,1.39231961417951
0.187923577793794,0.473178162282314,1.17483499608163,0.221508118551757,0.130575761789833,4.99990700028092e-09,0.0131428572737531,4.22139858621105e-23,4.95840475252205e-23,3.10377875280745e-06,-2.46070738451281,-1.53727078158563,-0.627859775751451,-2.29628352218459,-2.82478915517957,-19.9028340092489,-5.12086432564875,-52.3082781318085,-52.147360556953,-13.4718777208939,0.78898748461982,0.318022089227866
0.245978166079276,0.619355473929302,1.53777275408736,0.289937864171673,0.17091408537736,6.54451117275742e-09,0.0172030352294954,5.52550081642887e-23,6.49018777751479e-23,4.06261850957911e-06,-2.46070738451281,-1.53727078158563,-0.627859775751451,-2.29628352218459,-2.82478915517957,-19.9028340092489,-5.12086432564875,-52.3082781318085,-52.147360556953,-13.4718777208939,1.05819488174871,0.863033509434094
0.20230175534608,0.600728689287281,1.15443830849694,0.273139102153936,0.190322390993889,3.86834657092389e-09,0.0175566847324818,5.37889384019318e-23,1.02629928189439e-22,5.10690079998955e-06,-2.48937469049123,-1.40099171109808,-0.747765919895093,-2.18915391445565,-2.55041568263743,-20.2618184964449,-4.93370033774587,-52.1683542243319,-51.5222924764938,-13.0762976673997,0.891379832590678,0.837314291520593
0.160175594711421,0.6801635304257,1.1675101745499,0.376835618227377,0.111506636545313,8.37791436457404e-09,0.00902119660683019,6.82749424507961e-23,1.98100113124058e-22,9.79822112243691e-06,-2.74986217454432,-1.30379959976973,-0.763504150624951,-1.89432378850894,-3.11204874523326,-19.5160444119037,-5.62655586816105,-51.9568769833665,-50.8916472830733,-12.4516872828486,0.91837757596579,2.58187220548311
0.229538735882213,0.974704525045636,1.67309389472612,0.540022165044201,0.1597939588812,1.20059230998231e-08,0.0129277751021146,9.78410226028588e-23,2.83886253873713e-22,1.40412857176562e-05,-2.74986217454432,-1.30379959976973,-0.763504150624951,-1.89432378850894,-3.11204874523326,-19.5160444119037,-5.62655586816105,-51.9568769833665,-50.8916472830733,-12.4516872828486,1.27817869462089,1.03610972912816
0.0652261592847153,0.276973872674734,0.475429510649958,0.153453714986584,0.0454073521606774,3.41162570866013e-09,0.00367358090897652,2.78026891641866e-23,8.0669652303957e-23,3.98999818162286e-06,-2.74986217454432,-1.30379959976973,-0.763504150624951,-1.89432378850894,-3.11204874523326,-19.5160444119037,-5.62655586816105,-51.9568769833665,-50.8916472830733,-12.4516872828486,0.0199675000524024,2.71855613907662
0.0950165747118343,0.403474755448186,0.692570038068582,0.223539857853443,0.0661460235640857,4.96980034683235e-09,0.00535139702728949,4.05008714468014e-23,1.17513496565983e-22,5.81232996824775e-06,-2.74986217454432,-1.30379959976973,-0.763504150624951,-1.89432378850894,-3.11204874523326,-19.5160444119037,-5.62655586816105,-51.9568769833665,-50.8916472830733,-12.4516872828486,0.396158242595376,1.80540245816827
0.0717522915078808,0.459132286141488,0.807763621109541,0.35037128965338,0.0885265658516797,1.01853031899473e-08,0.0075158543676291,4.03827253733308e-23,1.3801908414436e-22,5.36219449033934e-06,-3.21399159442494,-1.35787301230804,-0.792941918357967,-1.62821796616217,-3.00390869986258,-18.9817761263938,-5.47019668089658,-52.1430962350662,-50.9141063723247,-12.7155933537962,0.579456106964617,2.11471643174448
0.037911382752992,0.242589323189133,0.426793837106417,0.185123844668428,0.0467743183009334,5.38155534233984e-09,0.00397111263848121,2.13368092650972e-23,7.29244211753088e-23,2.83319464015879e-06,-3.21399159442494,-1.35787301230804,-0.792941918357967,-1.62821796616217,-3.00390869986258,-18.9817761263938,-5.47019668089658,-52.1430962350662,-50.9141063723247,-12.7155933537962,-0.0585122810702341,0.676778660612531
0.0248401506231278,0.15894844476769,0.279642219008996,0.12129613460573,0.0306472892181072,3.52608202558556e-09,0.00260193717343361,1.3980222230753e-23,4.7781259203903e-23,1.85635491231531e-06,-3.21399159442494,-1.35787301230804,-0.792941918357967,-1.62821796616217,-3.00390869986258,-18.9817761263938,-5.47019668089658,-52.1430962350662,-50.9141063723247,-12.7155933537962,-0.481302363777298,0.865026878241292
0.035926212445146,0.229886512412401,0.404445444843451,0.175430123864192,0.0443250542246074,5.0997586074318e-09,0.00376317153144252,2.0219540594281e-23,6.91058478307995e-23,2.68483883070081e-06,-3.21399159442494,-1.35787301230804,-0.792941918357967,-1.62821796616217,-3.00390869986258,-18.9817761263938,-5.47019668089658,-52.1430962350662,-50.9141063723247,-12.7155933537962,-0.112296503818635,0.756700935709326
0.0338993746642303,0.329024923241177,0.315052478619127,0.0890924596524825,0.0528889802287999,8.7585586377644e-09,0.0100280615178647,2.60305437378348e-23,1.98389474918108e-23,3.24425802057245e-06,-3.19801651965272,-0.925279584957513,-0.968673863645632,-2.23173838440875,-2.75321808347727,-18.3668922930081,-4.41602577249932,-51.8164294325817,-52.0880529896194,-12.4522816954937,-0.18634219159603,0.981141489259468
0.103724945473433,1.00674695508772,0.963994217879209,0.272604158958094,0.161829138286918,2.67993444164203e-08,0.0306837558051563,7.96479804301444e-23,6.07030001945647e-23,9.92674613082767e-06,-3.19801651965272,-0.925279584957513,-0.968673863645632,-2.23173838440875,-2.75321808347727,-18.3668922930081,-4.41602577249932,-51.8164294325817,-52.0880529896194,-12.4522816954937,0.93200388120544,0.481128646216072
0.311309636522329,3.02154922548108,2.89323545274331,0.818166751039222,0.485697726702836,8.04328614609816e-08,0.0920911437768814,2.39047451163005e-22,1.82187889712846e-22,2.97931391116412e-05,-3.19801651965272,-0.925279584957513,-0.968673863645632,-2.23173838440875,-2.75321808347727,-18.3668922930081,-4.41602577249932,-51.8164294325817,-52.0880529896194,-12.4522816954937,2.03104927338053,0.828063804442791
0.204445704549537,1.63361131047376,2.87979237307772,0.317496995825162,0.319493937368843,5.0020594616754e-08,0.0559357977568385,2.02389890842404e-22,3.686023337935e-23,1.52471990127287e-05,-3.2758482120019,-1.19760227777134,-0.630677170957393,-2.83568229248725,-2.82941235054106,-18.4992263938126,-4.57194608439786,-51.6402416119471,-53.3433043179535,-12.7795101129021,1.6883953698251,2.03780785672517
0.115576799291406,0.923509579067962,1.62799793635908,0.179486708429317,0.180615615062495,2.82775333294252e-08,0.0316215030528086,1.14414611175332e-22,2.08377466501737e-23,8.61951325381494e-06,-3.2758482120019,-1.19760227777134,-0.630677170957393,-2.83568229248725,-2.82941235054106,-18.4992263938126,-4.57194608439786,-51.6402416119471,-53.3433043179535,-12.7795101129021,1.11802817094424,1.26649925891936
0.314910096547456,2.51627050143114,4.43577768601539,0.489044315355636,0.492120227641032,7.70473036585929e-08,0.0861585598527307,3.11743502783977e-22,5.67762461814911e-23,2.34854379736468e-05,-3.2758482120019,-1.19760227777134,-0.630677170957393,-2.83568229248725,-2.82941235054106,-18.4992263938126,-4.57194608439786,-51.6402416119471,-53.3433043179535,-12.7795101129021,2.12038012332299,2.69666572912896
0.260664136637447,2.0828213670913,3.67167700723947,0.404802245584458,0.407348305647426,6.37752460419567e-08,0.0713170103599822,2.58043015757272e-22,4.69960517451474e-23,1.94398702362038e-05,-3.2758482120019,-1.19760227777134,-0.630677170957393,-2.83568229248725,-2.82941235054106,-18.4992263938126,-4.57194608439786,-51.6402416119471,-53.3433043179535,-12.7795101129021,1.93132567885541,4.88576950132463
0.135385480913007,1.08178967800142,1.90702013631335,0.210248894996028,0.211571284683021,3.31240134032893e-08,0.0370411053450495,1.34024105637254e-22,2.44091233593017e-23,1.00968096906846e-05,-3.2758482120019,-1.19760227777134,-0.630677170957393,-2.83568229248725,-2.82941235054106,-18.4992263938126,-4.57194608439786,-51.6402416119471,-53.3433043179535,-12.7795101129021,1.27621905667742,4.67312811565737
0.100012966968251,0.799147697396529,1.40876806445331,0.155316623677398,0.156293509198597,2.44696169487168e-08,0.0273632801712495,9.90072817236661e-23,1.80316887142901e-23,7.45879016914685e-06,-3.2758482120019,-1.19760227777134,-0.630677170957393,-2.83568229248725,-2.82941235054106,-18.4992263938126,-4.57194608439786,-51.6402416119471,-53.3433043179535,-12.7795101129021,0.973392780283981,4.6149948509791
0.0461763272903209,0.368969212162286,0.650433010761476,0.0717102138448892,0.072161245215315,1.12977054390499e-08,0.0126337195988343,4.57119989895741e-23,8.32529205870439e-24,3.44374881058861e-06,-3.2758482120019,-1.19760227777134,-0.630677170957393,-2.83568229248725,-2.82941235054106,-18.4992263938126,-4.57194608439786,-51.6402416119471,-53.3433043179535,-12.7795101129021,0.200560203474204,7.61241620398519
0.0500540311271789,0.399953775327926,0.705053781391227,0.0777321516577417,0.0782210588441598,1.22464416920061e-08,0.0136946489935473,4.95507103872533e-23,9.02441688853397e-24,3.73294110368798e-06,-3.2758482120019,-1.19760227777134,-0.630677170957393,-2.83568229248725,-2.82941235054106,-18.4992263938126,-4.57194608439786,-51.6402416119471,-53.3433043179535,-12.7795101129021,0.281195977539237,2.2218404379996
0.0646810200726752,0.516829865398811,0.911087414130749,0.100447351560793,0.101079129158446,1.58251458086735e-08,0.0176965540335651,6.40306169353256e-23,1.16615680449063e-23,4.82379606638017e-06,-3.2758482120019,-1.19760227777134,-0.630677170957393,-2.83568229248725,-2.82941235054106,-18.4992263938126,-4.57194608439786,-51.6402416119471,-53.3433043179535,-12.7795101129021,0.53756073867226,1.08888325991197
0.0428531493070006,0.342415555032484,0.603623210419466,0.0665494351989341,0.0669680071338019,1.04846419456924e-08,0.0117245069939789,4.24222373837924e-23,7.72614464058575e-24,3.19591207477631e-06,-3.2758482120019,-1.19760227777134,-0.630677170957393,-2.83568229248725,-2.82941235054106,-18.4992263938126,-4.57194608439786,-51.6402416119471,-53.3433043179535,-12.7795101129021,0.125872071442208,1.53825729001439
0.0272322709610136,0.36340550474345,0.858504099180878,0.0410771227275064,0.0717188374397148,9.0616135788223e-09,0.0123862273447433,6.51973817942129e-23,3.79905687594334e-23,3.49296492384959e-06,-3.9213171439868,-1.33020054268628,-0.470528391280545,-3.51026850452993,-2.95296640752707,-18.8371832009836,-4.70913468909997,-51.4025874877034,-51.9426688609184,-12.882724201473,0.317964567442102,0.915286377100322
0.0480943066618483,0.641802360616814,1.51618495114012,0.0725453907267357,0.126661039991668,1.60035137332089e-08,0.0218750399903953,1.15143642557373e-22,6.70942965715193e-23,6.16884748419266e-06,-3.9213171439868,-1.33020054268628,-0.470528391280545,-3.51026850452993,-2.95296640752707,-18.8371832009836,-4.70913468909997,-51.4025874877034,-51.9426688609184,-12.882724201473,0.886725670492197,4.62364558268134
0.0448481018654432,0.598482848475243,1.41384753945367,0.0676488195589675,0.11811184354666,1.49233300972259e-08,0.0203985479757032,1.07371831906824e-22,6.25656560221657e-23,5.75247091737206e-06,-3.9213171439868,-1.33020054268628,-0.470528391280545,-3.51026850452993,-2.95296640752707,-18.8371832009836,-4.70913468909997,-51.4025874877034,-51.9426688609184,-12.882724201473,0.816843130773145,2.20808664577919
0.129046118251449,1.72207708293915,4.06821089805011,0.194652999909992,0.339855518856713,4.29404532260908e-08,0.0586948683386476,3.08952163877399e-22,1.80026683620628e-22,1.65521841809141e-05,-3.9213171439868,-1.33020054268628,-0.470528391280545,-3.51026850452993,-2.95296640752707,-18.8371832009836,-4.70913468909997,-51.4025874877034,-51.9426688609184,-12.882724201473,1.87373171130154,2.67187056843377
0.034571980038372,0.461351455918292,1.08989024904433,0.0521483305230835,0.0910486760318566,1.15039221007672e-08,0.0157245939982841,8.27695415182422e-23,4.8229880889399e-23,4.4343974762495e-06,-3.9213171439868,-1.33020054268628,-0.470528391280545,-3.51026850452993,-2.95296640752707,-18.8371832009836,-4.70913468909997,-51.4025874877034,-51.9426688609184,-12.882724201473,0.55660539350197,0.900922514839149
0.0549956509426076,0.733898480890739,1.73375154201947,0.0829553696231476,0.144836402204238,1.82999551550861e-08,0.0250140223899244,1.31666303433146e-22,7.67220648471092e-23,7.05405289121188e-06,-3.9213171439868,-1.33020054268628,-0.470528391280545,-3.51026850452993,-2.95296640752707,-18.8371832009836,-4.70913468909997,-51.4025874877034,-51.9426688609184,-12.882724201473,1.02081597333987,1.58618306189897
0.279041229281829,2.41939288957385,5.08455534841657,0.607919219532819,0.390934313256352,1.88901774178749e-07,0.198448672311507,1.15717549942874e-21,7.23508549564737e-22,7.6181162479222e-05,-3.47143659903022,-1.31152422953745,-0.568833284250919,-2.69275413460894,-3.13425659605209,-17.67707953648,-3.81226565622313,-50.4033456974224,-50.8729707350589,-11.6774372035477,2.19504086615546,1.79603415060972
0.18171092359179,1.96463283094149,4.42997138890765,0.189041087036325,0.166435373206436,2.16145470771585e-07,0.0733446558778826,8.97693094458959e-22,7.06875600700912e-22,9.76778762512096e-05,-3.65199579242104,-1.271352232487,-0.458264480315712,-3.61244850168811,-3.73980579968726,-17.293971786017,-4.55924324074736,-50.408871593472,-50.6478451410552,-11.1804930761642,1.94665760586604,0.705784323976407
0.178736195707645,4.27510745188899,7.91461301742656,0.299238832958161,0.236805166642976,3.4876916773962e-07,0.083847519361742,2.13304784495884e-21,2.25332359091001e-21,0.000126948392590295,-4.28590679003712,-1.11125322581894,-0.495351663001261,-3.77057571484163,-4.00458002045324,-17.4329180068972,-5.04281783822395,-50.1607975456446,-50.1059431378948,-11.5357923744846,2.56406246283658,0.643495415656972
0.044573507550572,1.06613287550312,1.97375837443221,0.0746246406749186,0.0590548368873204,8.69765917871313e-08,0.0209100234150697,5.31942754217061e-22,5.61937304840004e-22,3.16585855106373e-05,-4.28590679003712,-1.11125322581894,-0.495351663001261,-3.77057571484163,-4.00458002045324,-17.4329180068972,-5.04281783822395,-50.1607975456446,-50.1059431378948,-11.5357923744846,1.1752911924842,0.500131048699175
0.0628197168754358,1.5025554207219,2.7817183137691,0.105172311014805,0.0832289926741226,1.2258054551033e-07,0.0294695621452513,7.4969404586215e-22,7.919668953973e-22,4.46180587470839e-05,-4.28590679003712,-1.11125322581894,-0.495351663001261,-3.77057571484163,-4.00458002045324,-17.4329180068972,-5.04281783822395,-50.1607975456446,-50.1059431378948,-11.5357923744846,1.51842049823771,0.580840800964787
0.128934929014728,3.08393425101901,5.7093643709979,0.215861916122568,0.170824142421462,2.51591613590052e-07,0.060485084815447,1.53871671815506e-21,1.62548003268691e-21,9.15767616198815e-05,-4.28590679003712,-1.11125322581894,-0.495351663001261,-3.77057571484163,-4.00458002045324,-17.4329180068972,-5.04281783822395,-50.1607975456446,-50.1059431378948,-11.5357923744846,2.23745936190852,1.50831189461703
0.110996696179881,2.55492794052621,4.44411785354065,0.432349654054242,0.157269646503985,7.30327282963396e-07,0.0543395743182829,8.69203098917497e-22,2.64579098763298e-21,0.000106091605276358,-4.24647763382824,-1.11019877162886,-0.556641400445901,-2.88674342529837,-3.89801624475379,-16.1779958620188,-4.96072530025652,-50.5426882097989,-49.4295396736967,-11.1994304279086,2.04822279157026,2.33957393674978
0.111873706339079,5.37196014570743,5.56352614692666,0.777630563372084,0.143504649273781,5.07473499115763e-07,0.072253288317371,2.3488429787516e-21,5.73315451823871e-21,9.48529858825962e-05,-4.67868919140091,-0.807111665756773,-0.772072419166596,-2.73980824735763,-4.42969237068423,-16.9821258713824,-5.11588196547945,-49.9886686209275,-49.0963255723867,-11.7514869075276,2.48830452549736,1.84929732318451
0.0474730438793008,2.27956423417377,2.36085430204815,0.329983613351987,0.06089547521747,2.15343823669222e-07,0.0306603190236503,9.96719689056295e-22,2.43283524715123e-21,4.02503868714167e-05,-4.67868919140091,-0.807111665756773,-0.772072419166596,-2.73980824735763,-4.42969237068423,-16.9821258713824,-5.11588196547945,-49.9886686209275,-49.0963255723867,-11.7514869075276,1.63109596509396,3.17152522013018
0.0753398869311798,1.95658785457063,2.50480302663892,0.449240920014872,0.0312881123762642,3.65812838306184e-07,0.0512425269662365,6.78583374953067e-22,5.80578455360864e-21,1.74819490214549e-05,-4.20879447385138,-0.951846830744956,-0.704838796986387,-2.42324486130445,-5.08756594621367,-16.4441929014391,-4.59423438323993,-50.365083775196,-48.2184810918547,-12.5773905902206,1.62304889635128,3.56216372254215
0.0249975150415245,0.64918911239369,0.831085018639037,0.149056590244131,0.0103812879419505,1.21375440028131e-07,0.0170020939874028,2.25151627023449e-22,1.92633932194847e-21,5.80045048405994e-06,-4.20879447385138,-0.951846830744956,-0.704838796986387,-2.42324486130445,-5.08756594621367,-16.4441929014391,-4.59423438323993,-50.365083775196,-48.2184810918547,-12.5773905902206,0.519815616458079,1.50207920397188
0.0167893014212592,0.436020607219232,0.558188958440274,0.100112191882943,0.00697247594845979,8.15204569088235e-08,0.0114192662859851,1.5122057233706e-22,1.29380426262739e-21,3.89580769905328e-06,-4.20879447385138,-0.951846830744956,-0.704838796986387,-2.42324486130445,-5.08756594621367,-16.4441929014391,-4.59423438323993,-50.365083775196,-48.2184810918547,-12.5773905902206,0.121781058259226,0.71652421431095
0.0900162802116134,2.33773592913078,2.99274475055674,0.536754144262537,0.0373831127929216,4.37074069251718e-07,0.0612246958952487,8.10773067425961e-22,6.93676551045639e-21,2.08874752254129e-05,-4.20879447385138,-0.951846830744956,-0.704838796986387,-2.42324486130445,-5.08756594621367,-16.4441929014391,-4.59423438323993,-50.365083775196,-48.2184810918547,-12.5773905902206,1.80102974008081,1.68499062456542
0.0373642846068489,0.970355922132737,1.24223936328607,0.222797860153564,0.0155171182657295,1.8142229249424e-07,0.0254133691929953,3.36538630252832e-22,2.87933782838349e-21,8.67004909785356e-06,-4.20879447385138,-0.951846830744956,-0.704838796986387,-2.42324486130445,-5.08756594621367,-16.4441929014391,-4.59423438323993,-50.365083775196,-48.2184810918547,-12.5773905902206,0.921754485991635,2.9071964300931
0.0471689981060107,0.606694055057448,1.63668724735541,0.244098470843897,0.0261582086224201,1.27222233839586e-07,0.0304942431401816,2.66260738261881e-22,1.71511913906127e-21,1.16253938414628e-05,-4.00618310968042,-1.45189533060062,-0.459490459883097,-2.36234825376991,-4.59575692017534,-16.82949509468,-4.44238205038771,-50.629730871848,-48.7669690935308,-12.3144834159305,0.952164687701263,3.09707228305401
0.0281610572164724,0.36221133972293,0.977142722316446,0.145732817738447,0.0156170968066953,7.59548167275465e-08,0.0182058165389408,1.58964238923225e-22,1.0239684993864e-21,6.94064733784845e-06,-4.00618310968042,-1.45189533060062,-0.459490459883097,-2.36234825376991,-4.59575692017534,-16.82949509468,-4.44238205038771,-50.629730871848,-48.7669690935308,-12.3144834159305,0.436367904481988,1.78612220055568
0.0168966660925117,0.217327212368992,0.586286735501225,0.0874398550139325,0.00937027569841409,4.55729757053501e-08,0.0109235104575574,9.53787226484118e-23,6.1438225455761e-22,4.16439623100895e-06,-4.00618310968042,-1.45189533060062,-0.459490459883097,-2.36234825376991,-4.59575692017534,-16.82949509468,-4.44238205038771,-50.629730871848,-48.7669690935308,-12.3144834159305,-0.074455839465944,1.99160831647399
0.0206853527222119,0.266057813971952,0.717747977843495,0.107046220422374,0.0114713433327517,5.57916616156455e-08,0.0133728550675145,1.16765195534686e-22,7.52143267329184e-22,5.09816578263607e-06,-4.00618310968042,-1.45189533060062,-0.459490459883097,-2.36234825376991,-4.59575692017534,-16.82949509468,-4.44238205038771,-50.629730871848,-48.7669690935308,-12.3144834159305,0.127853682543229,1.48782708537802
0.0419657459255168,0.372288196541825,0.593463716490991,0.222253027482062,0.022565566061754,2.30219603940208e-07,0.0236387291401928,3.1277550873913e-22,1.25725441142956e-21,1.85226029666641e-05,-3.41478356957713,-1.23196900568008,-0.765661204525619,-1.74782078562999,-4.03521216310344,-15.5281141867301,-3.98875084968001,-49.7604385260367,-48.3692386509342,-11.140400792582,0.24388200291562,1.28499763672135
0.0621345888943581,0.551210839511926,0.878683870252963,0.329068391102459,0.0334106338275052,3.40863724229647e-07,0.0349995617787384,4.63096204371594e-22,1.86149404155578e-21,2.74246125072997e-05,-3.41478356957713,-1.23196900568008,-0.765661204525619,-1.74782078562999,-4.03521216310344,-15.5281141867301,-3.98875084968001,-49.7604385260367,-48.3692386509342,-11.140400792582,0.63633111150143,1.30491710922352
0.0385653739620023,0.342122681359157,0.545376941469746,0.204244460094804,0.0207371386983179,2.11565526205498e-07,0.0217233462475811,2.87432147210941e-22,1.15538245473379e-21,1.70217660714748e-05,-3.41478356957713,-1.23196900568008,-0.765661204525619,-1.74782078562999,-4.03521216310344,-15.5281141867301,-3.98875084968001,-49.7604385260367,-48.3692386509342,-11.140400792582,0.159383116861269,0.558698708216802
0.113425553024606,1.00622528316872,1.60402129781039,0.600708315736566,0.0609904995948479,6.22240480137547e-07,0.063891058442856,8.45373631967714e-22,3.39812324942648e-21,5.00631274058119e-05,-3.41478356957713,-1.23196900568008,-0.765661204525619,-1.74782078562999,-4.03521216310344,-15.5281141867301,-3.98875084968001,-49.7604385260367,-48.3692386509342,-11.140400792582,1.23817499181845,0.76071845197303
0.382319716821876,3.39164989776706,5.4066209244939,2.02478742259364,0.205578636490038,2.09736516876129e-06,0.215355453158104,2.84947261850654e-21,1.14539403494443e-20,0.000168746108637931,-3.41478356957713,-1.23196900568008,-0.765661204525619,-1.74782078562999,-4.03521216310344,-15.5281141867301,-3.98875084968001,-49.7604385260367,-48.3692386509342,-11.140400792582,2.4532855041811,1.43657334664611
0.68843011527178,11.2283723163234,10.1789092936163,3.06486033746934,0.227084655138077,2.21755864786128e-06,0.419445602607809,4.2821880429032e-21,3.32445960803422e-20,0.000129660693267043,-3.6239963167602,-0.832211030342108,-0.93033698462044,-2.13065284646599,-4.73308724881998,-16.2697585232952,-4.11947628137664,-50.1504776968566,-48.1010495708028,-12.2012444193461,3.25065484792178,1.47061181434868
0.532347437657826,8.68264635590946,7.8711203365484,2.36998717987052,0.175599427759551,1.71478794703637e-06,0.324347797738277,3.31131916172573e-21,2.57072942434437e-20,0.000100263681518927,-3.6239963167602,-0.832211030342108,-0.93033698462044,-2.13065284646599,-4.73308724881998,-16.2697585232952,-4.11947628137664,-50.1504776968566,-48.1010495708028,-12.2012444193461,2.99353739226106,0.469918979942642
0.0492931812455062,0.803977309246634,0.728833340612523,0.219451056477094,0.0162597841312846,1.58782304734609e-07,0.0300332708481454,3.06614522874026e-22,2.38038961932252e-21,9.2840041593868e-06,-3.6239963167602,-0.832211030342108,-0.93033698462044,-2.13065284646599,-4.73308724881998,-16.2697585232952,-4.11947628137664,-50.1504776968566,-48.1010495708028,-12.2012444193461,0.614026797810622,0.591803371205219
0.0200356223404875,0.326783245296333,0.296240356022865,0.0891977019680967,0.00660892411406229,6.45383846534523e-08,0.0122072720234073,1.24626015793468e-22,9.67529103030058e-22,3.7735604894023e-06,-3.6239963167602,-0.832211030342108,-0.93033698462044,-2.13065284646599,-4.73308724881998,-16.2697585232952,-4.11947628137664,-50.1504776968566,-48.1010495708028,-12.2012444193461,-0.286247155951549,0.395219631005347
0.0235580652616106,0.384234684017538,0.348322079629478,0.10487946161292,0.00777083251731543,7.58848141428865e-08,0.0143534204282005,1.46536392205005e-22,1.13762943642783e-21,4.43698642184587e-06,-3.6239963167602,-0.832211030342108,-0.93033698462044,-2.13065284646599,-4.73308724881998,-16.2697585232952,-4.11947628137664,-50.1504776968566,-48.1010495708028,-12.2012444193461,-0.124290726436583,0.78079841272379
0.11573976625556,1.17590423450159,1.30625071590561,0.187812010761256,0.0209587642064862,1.44761489856962e-07,0.0493173485976093,5.19863582834736e-22,2.09311236562426e-21,1.1334319461511e-05,-3.20583105784128,-0.887382642524296,-0.782259070645371,-2.72173381462567,-4.91461843631961,-16.7975984018313,-4.05889941674155,-50.0578958508393,-48.6650548798953,-12.4370953699296,1.04942005543792,0.339717782492797
0.0112600628851792,0.114401091826987,0.127082209345665,0.0182718102876944,0.00203903127330999,1.40835214367241e-08,0.00479797449489582,5.05763647518378e-23,2.03634218602398e-22,1.10269057927351e-06,-3.20583105784128,-0.887382642524296,-0.782259070645371,-2.72173381462567,-4.91461843631961,-16.7975984018313,-4.05889941674155,-50.0578958508393,-48.6650548798953,-12.4370953699296,-1.28066201361549,0.212402292167462
0.0426998014635728,0.433825632950768,0.481914280936608,0.0692893707273644,0.00773230411199141,5.34067682737033e-08,0.0181946193772147,1.91792954948347e-22,7.72210670062686e-22,4.18156357480961e-06,-3.20583105784128,-0.887382642524296,-0.782259070645371,-2.72173381462567,-4.91461843631961,-16.7975984018313,-4.05889941674155,-50.0578958508393,-48.6650548798953,-12.4370953699296,0.0522700495178769,0.7581177203051
0.186001105952091,1.58776106531737,1.30350185306669,0.316718297400074,0.0299895426920794,1.34988561281648e-07,0.04376366719294,4.3252843525394e-22,1.6823053366753e-21,2.43484651798797e-05,-2.92551151602614,-0.7811839678607,-0.978454480719593,-2.39325140864318,-4.75041539173624,-17.0615846500634,-4.37246017870006,-50.435903018113,-49.077630732606,-11.8665505987679,1.24350885671851,0.88640601267305
0.204427371004683,1.74505317430762,1.43263372310696,0.348094107049305,0.0329604672982622,1.4836125063482e-07,0.0480991302927037,4.75377016986703e-22,1.84896350719691e-21,2.67605544560791e-05,-2.92551151602614,-0.7811839678607,-0.978454480719593,-2.39325140864318,-4.75041539173624,-17.0615846500634,-4.37246017870006,-50.435903018113,-49.077630732606,-11.8665505987679,1.33796899543341,0.772014892231073
0.0378028107984812,0.202381283413296,0.339125000917895,0.0428162537809813,0.00248025602772343,5.86536906269799e-08,0.00740395358021373,7.34088795739714e-23,1.37037074336336e-22,2.31286480837638e-06,-2.81652481100049,-1.13875481072673,-0.622539496923907,-2.69199047887508,-5.54054647877609,-16.192768329163,-4.4468941454732,-50.5071503200588,-49.8829437186726,-12.5181766166558,-0.458847008372477,0.281053053950815
0.0600824751977619,0.321657786400875,0.538993504086449,0.0680506674376776,0.0039420328309497,9.32221397805242e-08,0.0117675867998272,1.16673524881802e-22,2.17801968850359e-22,3.67598703773195e-06,-2.81652481100049,-1.13875481072673,-0.622539496923907,-2.69199047887508,-5.54054647877609,-16.192768329163,-4.4468941454732,-50.5071503200588,-49.8829437186726,-12.5181766166558,0.00448773699048033,0.561017328692391
0.915998665958969,3.88188015613525,10.9931128113291,1.43263218389315,0.0761341878067174,1.13901996800104e-06,0.293454225765007,2.07871086690441e-21,4.95794591802531e-21,7.23198174643291e-05,-2.9552577050402,-1.51119772176495,-0.470248365704586,-2.50800389403573,-5.44277520090513,-16.5528596768388,-4.09355094614625,-50.4900563611832,-49.6208127616982,-12.4019297002379,2.86751733435446,0.675147364422559
0.620404305918668,4.26252675770795,11.1559988738214,0.900523905240619,0.0590050247793727,2.73277205102899e-06,0.382868525427544,5.47301110230536e-21,5.51661762472582e-21,0.000162068232588557,-3.33278988025954,-1.40554385304996,-0.443428604291035,-2.96018454119618,-5.68553864605877,-15.6656000337413,-3.8154695974882,-49.5098639852639,-49.5019280026453,-11.5828990956968,2.85540597310803,1.05184381353393
0.723115075996651,4.96820755583507,13.0029255059998,1.04960975602938,0.0687735764733938,3.18519496159076e-06,0.446254160746522,6.37909311946793e-21,6.42991890109646e-21,0.000188899369664079,-3.33278988025954,-1.40554385304996,-0.443428604291035,-2.96018454119618,-5.68553864605877,-15.6656000337413,-3.8154695974882,-49.5098639852639,-49.5019280026453,-11.5828990956968,3.00860297535817,1.50709484228139
0.734474483602445,5.04625307939041,13.2071883346884,1.06609806534768,0.069853939908761,3.23523115786666e-06,0.453264362961867,6.47930223044447e-21,6.53092643377593e-21,0.000191866788001381,-3.33278988025954,-1.40554385304996,-0.443428604291035,-2.96018454119618,-5.68553864605877,-15.6656000337413,-3.8154695974882,-49.5098639852639,-49.5019280026453,-11.5828990956968,3.02418985646821,1.57696405645068
0.483564104194522,3.32235755543972,8.69536292760962,0.701898796299649,0.0459905124419839,2.13001498573883e-06,0.298420681088759,4.26585000407768e-21,4.29983840285267e-21,0.000126321463217486,-3.33278988025954,-1.40554385304996,-0.443428604291035,-2.96018454119618,-5.68553864605877,-15.6656000337413,-3.8154695974882,-49.5098639852639,-49.5019280026453,-11.5828990956968,2.60621849103179,0.595155057635496
0.0263290770301225,0.180895577732118,0.47344473739889,0.0382169547218701,0.00250408939422166,1.15974962054407e-07,0.0162483960898117,2.32266812987278e-22,2.34117411825602e-22,6.8779454611318e-06,-3.33278988025954,-1.40554385304996,-0.443428604291035,-2.96018454119618,-5.68553864605877,-15.6656000337413,-3.8154695974882,-49.5098639852639,-49.5019280026453,-11.5828990956968,-0.304291479755009,0.848000192078945
0.0427044917359037,0.293403893174253,0.767904505445702,0.061986055387522,0.00406151209627137,1.88105789008781e-07,0.0263541139609718,3.76725556478566e-22,3.79727138444665e-22,1.11556954605306e-05,-3.33278988025954,-1.40554385304996,-0.443428604291035,-2.96018454119618,-5.68553864605877,-15.6656000337413,-3.8154695974882,-49.5098639852639,-49.5019280026453,-11.5828990956968,0.179338708857903,1.5939136825629
0.0762798889018142,0.524085768614245,1.37165127089789,0.110721126191196,0.00725477997473697,3.35999519116493e-07,0.0470744130964222,6.72917120109382e-22,6.78278624944042e-22,1.99265973147342e-05,-3.33278988025954,-1.40554385304996,-0.443428604291035,-2.96018454119618,-5.68553864605877,-15.6656000337413,-3.8154695974882,-49.5098639852639,-49.5019280026453,-11.5828990956968,0.759443925556202,2.50327678010109
0.14855671529751,1.02066824480721,2.67132019031296,0.215631761632181,0.0141288391838159,6.54366250660626e-07,0.0916784264482097,1.31052048541371e-21,1.32096213076422e-21,3.88074745093488e-05,-3.33278988025954,-1.40554385304996,-0.443428604291035,-2.96018454119618,-5.68553864605877,-15.6656000337413,-3.8154695974882,-49.5098639852639,-49.5019280026453,-11.5828990956968,1.42600140780218,3.88409788698216
0.0775734199001856,0.532973054598372,1.39491131313714,0.112598701145287,0.00737780431206611,3.41697296075431e-07,0.0478726865790795,6.84328242578588e-22,6.8978066617049e-22,2.02645064502844e-05,-3.33278988025954,-1.40554385304996,-0.443428604291035,-2.96018454119618,-5.68553864605877,-15.6656000337413,-3.8154695974882,-49.5098639852639,-49.5019280026453,-11.5828990956968,0.776259442731318,8.37952906706121
0.0902151686209449,0.619828983340944,1.62223296959001,0.130948343174659,0.00858012784432862,3.97381979838331e-07,0.0556742566929032,7.95849762402372e-22,8.0219073994815e-22,2.356691078961e-05,-3.33278988025954,-1.40554385304996,-0.443428604291035,-2.96018454119618,-5.68553864605877,-15.6656000337413,-3.8154695974882,-49.5098639852639,-49.5019280026453,-11.5828990956968,0.927232180736895,15.0231327121664
0.0847665761900293,0.582394086762925,1.52425735845495,0.123039649300127,0.00806192652249411,3.73381886720656e-07,0.0523117807561972,7.47783998541852e-22,7.53742009422615e-22,2.21435748505302e-05,-3.33278988025954,-1.40554385304996,-0.443428604291035,-2.96018454119618,-5.68553864605877,-15.6656000337413,-3.8154695974882,-49.5098639852639,-49.5019280026453,-11.5828990956968,0.864935917675757,10.8759027072998
0.0735908057519847,0.505610253904725,1.32329666035616,0.10681789141913,0.00699902833604624,3.24154579929836e-07,0.0454149060773619,6.49194876737378e-22,6.54367373269637e-22,1.92241280552226e-05,-3.33278988025954,-1.40554385304996,-0.443428604291035,-2.96018454119618,-5.68553864605877,-15.6656000337413,-3.8154695974882,-49.5098639852639,-49.5019280026453,-11.5828990956968,0.723554697360814,5.19375049545986
0.057258167969137,0.393395839998857,1.02960609925959,0.0831108819435726,0.00544567403483385,2.5221217781118e-07,0.0353355870194428,5.05113497767749e-22,5.09138017845189e-22,1.49575526724878e-05,-3.33278988025954,-1.40554385304996,-0.443428604291035,-2.96018454119618,-5.68553864605877,-15.6656000337413,-3.8154695974882,-49.5098639852639,-49.5019280026453,-11.5828990956968,0.472604905485066,2.12635637020965
0.089877973593262,0.617512263720605,1.61616958912473,0.130458900757417,0.00854805811048877,3.95896694938457e-07,0.0554661643863237,7.92875134224351e-22,7.99192411253556e-22,2.34788253239663e-05,-3.33278988025954,-1.40554385304996,-0.443428604291035,-2.96018454119618,-5.68553864605877,-15.6656000337413,-3.8154695974882,-49.5098639852639,-49.5019280026453,-11.5828990956968,0.923487502649027,6.68500282051522
0.0935728019841787,0.642897814290085,1.68260933007236,0.135821986184194,0.00889946353866152,4.12171765346123e-07,0.0577463443983618,8.254697448866e-22,8.320467213014e-22,2.44440254383452e-05,-3.33278988025954,-1.40554385304996,-0.443428604291035,-2.96018454119618,-5.68553864605877,-15.6656000337413,-3.8154695974882,-49.5098639852639,-49.5019280026453,-11.5828990956968,0.963774365443136,4.39497320546983
0.0504235500334904,0.487240156639552,1.06367869797282,0.288042206068237,0.00547657309968594,9.59725166733938e-08,0.0344510237377318,1.28717793823936e-21,8.1665034667315e-22,1.57993088257613e-05,-3.64446875952585,-1.3761699517242,-0.595438439330936,-1.9018200697925,-5.86444752946282,-16.8163757801751,-4.02538837439611,-48.7590065847246,-49.2140030099088,-11.7127161731503,0.657171809057125,5.3077407986991
0.0547628279748143,0.529170375008329,1.15521524206192,0.312830131355768,0.00594786821535573,1.04231582611782e-07,0.0374157607953543,1.39794806113335e-21,8.86928477283544e-22,1.71589432075186e-05,-3.64446875952585,-1.3761699517242,-0.595438439330936,-1.9018200697925,-5.86444752946282,-16.8163757801751,-4.02538837439611,-48.7590065847246,-49.2140030099088,-11.7127161731503,0.739725122705998,3.2000256972368
0.0503225976726354,0.486264659196721,1.06154912011327,0.2874655203587,0.00546560852096348,9.57803712943213e-08,0.0343820497726325,1.28460089533739e-21,8.15015341195847e-22,1.57676772265427e-05,-3.64446875952585,-1.3761699517242,-0.595438439330936,-1.9018200697925,-5.86444752946282,-16.8163757801751,-4.02538837439611,-48.7590065847246,-49.2140030099088,-11.7127161731503,0.65516771466856,2.45103077069132
0.146060465823685,1.4113747286637,3.08112788586786,0.834363680606886,0.0158638338142852,2.7800086432385e-07,0.0997933023734705,3.72853178985496e-21,2.3655678739583e-21,4.57654093226329e-05,-3.64446875952585,-1.3761699517242,-0.595438439330936,-1.9018200697925,-5.86444752946282,-16.8163757801751,-4.02538837439611,-48.7590065847246,-49.2140030099088,-11.7127161731503,1.72073416599311,2.06784483858718
0.704718521546432,6.80965863365468,14.8659520985328,4.02567208117159,0.0765404755394704,1.34130996358335e-06,0.481486815150663,1.798957298724e-20,1.14134888270588e-20,0.000220810822517474,-3.64446875952585,-1.3761699517242,-0.595438439330936,-1.9018200697925,-5.86444752946282,-16.8163757801751,-4.02538837439611,-48.7590065847246,-49.2140030099088,-11.7127161731503,3.29451194341257,1.50571277499501
0.0810698457809375,0.78337372776833,1.71015860541059,0.463107758355835,0.00880511063391378,1.54302446391673e-07,0.0553895784719306,2.06949563996153e-21,1.31299199714754e-21,2.54017721699317e-05,-3.64446875952585,-1.3761699517242,-0.595438439330936,-1.9018200697925,-5.86444752946282,-16.8163757801751,-4.02538837439611,-48.7590065847246,-49.2140030099088,-11.7127161731503,1.13202455724643,1.72635913856479
0.0766435905458437,0.740603052307334,1.61678728581423,0.437822979285526,0.00832436879132717,1.45877834200175e-07,0.0523654156735518,1.95650522013101e-21,1.24130519862181e-21,2.40148850238572e-05,-3.64446875952585,-1.3761699517242,-0.595438439330936,-1.9018200697925,-5.86444752946282,-16.8163757801751,-4.02538837439611,-48.7590065847246,-49.2140030099088,-11.7127161731503,1.07587946261105,1.94012689215913
0.0573014279270344,0.448943329217997,1.46582513320162,0.271724977248891,0.0102185390814304,2.08183162653612e-07,0.02485471179857,1.08854920150683e-21,1.22732729254902e-21,1.486217625978e-05,-3.68311522888174,-1.62454410825822,-0.441267178733947,-2.12665033076369,-5.40723714494931,-16.2085330485583,-4.51839342831509,-49.0931266445058,-48.9731335741241,-11.9403765720399,0.823685493502363,3.08592833356648
0.331986973987947,4.92614294845221,12.2462302105115,6.08374364181945,0.241756983037301,2.48432750972973e-06,0.177198677015928,6.52487560967801e-21,1.11023935803638e-20,0.000359344068030831,-4.28102254766176,-1.58380668339882,-0.673144850138063,-1.37274276479414,-4.59818526154995,-16.0838715567172,-4.90884670873943,-49.6570280653491,-49.1254892317829,-11.1095932235338,3.17836300185034,1.23775313693644
0.12102261618583,1.7957774070639,4.46424388489367,2.21776945912231,0.0881301522674496,9.05637384136754e-07,0.0645960509219079,2.37857981921608e-21,4.04726938795246e-21,0.000130995378226885,-4.28102254766176,-1.58380668339882,-0.673144850138063,-1.37274276479414,-4.59818526154995,-16.0838715567172,-4.90884670873943,-49.6570280653491,-49.1254892317829,-11.1095932235338,2.16924470743745,2.45139906666489
0.0392660311273398,0.582643589982156,1.44843290344268,0.719559759652231,0.0285940050814737,2.93835869991381e-07,0.0209583185865704,7.71735004280435e-22,1.31314468961776e-21,4.2501713820964e-05,-4.28102254766176,-1.58380668339882,-0.673144850138063,-1.37274276479414,-4.59818526154995,-16.0838715567172,-4.90884670873943,-49.6570280653491,-49.1254892317829,-11.1095932235338,1.04362706588596,1.43325099909212
0.0371237647030857,0.603994552257298,1.00263424270294,0.3178433478356,0.0267090381538477,8.82664911005672e-08,0.0146494580148792,1.35755487168997e-21,7.21316906091246e-22,2.65217970066505e-05,-3.98813453412653,-1.19882667825226,-0.692005798555879,-1.8408332121694,-4.31738984094467,-16.9375418683183,-4.9179885174975,-48.7432383374542,-49.3756002319818,-11.2321802122332,0.694636577722703,1.70231632986964
0.0358901753405407,0.583924355695638,0.969317607221221,0.307281698822317,0.0258215208017173,8.53334748679279e-08,0.0141626696808096,1.3124445424391e-21,6.97348193071573e-22,2.56405015096919e-05,-3.98813453412653,-1.19882667825226,-0.692005798555879,-1.8408332121694,-4.31738984094467,-16.9375418683183,-4.9179885174975,-48.7432383374542,-49.3756002319818,-11.2321802122332,0.660842845790457,3.10144297318452
0.028112353319861,0.457381097852855,0.759255110759643,0.240690149993844,0.0202256943340718,6.68407098248109e-08,0.0110934530199875,1.02802241392492e-21,5.46224659104702e-22,2.00839040461491e-05,-3.98813453412653,-1.19882667825226,-0.692005798555879,-1.8408332121694,-4.31738984094467,-16.9375418683183,-4.9179885174975,-48.7432383374542,-49.3756002319818,-11.2321802122332,0.416588354803441,4.96614847303022
0.0341621680410295,0.360176282554305,0.835672841196279,0.0886270307827035,0.0233064807951123,6.63949743589895e-08,0.00478091426404891,1.04796200816142e-21,1.96974995511965e-22,4.55306233209038e-05,-3.67434655401808,-1.3188718028067,-0.477228189957808,-2.72102848924564,-4.05673392055845,-16.8253545798787,-5.64083359132441,-48.6051497285732,-50.2766755466957,-10.294835527563,0.297710109185601,2.88195309178937
0.078429699371032,0.886833346047137,1.44563409744147,0.305432575932745,0.0735309377572928,4.37854872577864e-07,0.00602738269256483,1.77948091712265e-21,3.65950269800724e-22,7.4997902978543e-05,-3.57372936583288,-1.14827496025919,-0.659628713912463,-2.21420298642117,-3.63822580043972,-15.6695550836035,-6.13961917111807,-48.8061420116758,-50.3877215435305,-10.5262271660865,1.02817676098155,11.4377413631593
0.103977153631273,1.33400360178446,1.00538446917412,0.20853127704849,0.152032932112599,1.91367553668621e-07,0.00428350937574204,1.00972536090337e-21,2.41774505509618e-22,6.1049745692028e-05,-3.29615420595237,-0.744385477878654,-1.02720010060964,-2.60023636452553,-2.91622824832422,-16.5016400187173,-6.48555278311533,-49.3771787042532,-50.8066068608632,-10.7363916483418,1.03257012535679,7.61978663808521
0.0760650812660757,0.975897962535233,0.735494757074964,0.152552248078092,0.111220560790447,1.39996028099731e-07,0.00313362577634379,7.38670361240124e-22,1.76871521939056e-22,4.46612905350841e-05,-3.29615420595237,-0.744385477878654,-1.02720010060964,-2.60023636452553,-2.91622824832422,-16.5016400187173,-6.48555278311533,-49.3771787042532,-50.8066068608632,-10.7363916483418,0.719988233261482,3.61649646606734
0.110900831275187,1.42283283582302,1.07233146406344,0.222417051860883,0.162156569627621,2.04110422720458e-07,0.00456874163173835,1.07696140905075e-21,2.57873895425615e-22,6.51149537175669e-05,-3.29615420595237,-0.744385477878654,-1.02720010060964,-2.60023636452553,-2.91622824832422,-16.5016400187173,-6.48555278311533,-49.3771787042532,-50.8066068608632,-10.7363916483418,1.09703531701701,1.97202213267784
0.313682605831439,4.02447760284155,3.03308572257493,0.629105838133406,0.458659279002716,5.7732560288423e-07,0.0129226694149669,3.04618150546291e-21,7.29395393730554e-22,0.000184177414414836,-3.29615420595237,-0.744385477878654,-1.02720010060964,-2.60023636452553,-2.91622824832422,-16.5016400187173,-6.48555278311533,-49.3771787042532,-50.8066068608632,-10.7363916483418,2.13678059221207,1.57514385842019
0.233955246609794,3.00159343407884,2.26217936545381,0.46920871214406,0.342083822099504,4.30589236655056e-07,0.00963817009177755,2.27194664951148e-21,5.44008102597751e-22,0.000137365832878,-3.29615420595237,-0.744385477878654,-1.02720010060964,-2.60023636452553,-2.91622824832422,-16.5016400187173,-6.48555278311533,-49.3771787042532,-50.8066068608632,-10.7363916483418,1.8435287702323,2.34073959162181
0.0393417587149295,0.504745956139214,0.380406577989734,0.0789018250610226,0.0575245880754534,7.24075997405724e-08,0.00162074827429105,3.82049037982682e-22,9.14800408261986e-23,2.30993471233202e-05,-3.29615420595237,-0.744385477878654,-1.02720010060964,-2.60023636452553,-2.91622824832422,-16.5016400187173,-6.48555278311533,-49.3771787042532,-50.8066068608632,-10.7363916483418,0.0606854444461065,0.951484547493213
0.0648652606698439,0.832206771798316,0.627200528085788,0.130090459020772,0.0948444482992495,1.19383016546935e-07,0.00267223079816698,6.29908556375887e-22,1.50828963628093e-22,3.80853632730145e-05,-3.29615420595237,-0.744385477878654,-1.02720010060964,-2.60023636452553,-2.91622824832422,-16.5016400187173,-6.48555278311533,-49.3771787042532,-50.8066068608632,-10.7363916483418,0.560711132636855,1.8110030501612
0.172805953945408,2.21706169982747,1.67090958167252,0.346570809060693,0.252672774232716,3.18045373536354e-07,0.00711902469011777,1.67812397358507e-21,4.01819751793077e-22,0.000101462284492296,-3.29615420595237,-0.744385477878654,-1.02720010060964,-2.60023636452553,-2.91622824832422,-16.5016400187173,-6.48555278311533,-49.3771787042532,-50.8066068608632,-10.7363916483418,1.5405682384492,0.564435007517858
0.126997902299612,1.62935465311485,1.22797859078264,0.254700516643611,0.185693325739897,2.33736710761561e-07,0.00523188687323656,1.23328056457662e-21,2.95303862020824e-22,7.45662808419137e-05,-3.29615420595237,-0.744385477878654,-1.02720010060964,-2.60023636452553,-2.91622824832422,-16.5016400187173,-6.48555278311533,-49.3771787042532,-50.8066068608632,-10.7363916483418,1.23256949596652,0.474027842773059
0.237988716249546,3.05334194650877,2.30118012274587,0.477298033168335,0.347981465903961,4.38012744519997e-07,0.0098043354888408,2.31111579817017e-21,5.53386991070668e-22,0.000139734067506125,-3.29615420595237,-0.744385477878654,-1.02720010060964,-2.60023636452553,-2.91622824832422,-16.5016400187173,-6.48555278311533,-49.3771787042532,-50.8066068608632,-10.7363916483418,1.86062218880159,0.503415254879909
0.0785981395635421,1.61046822194071,3.73971730607584,0.196254932487761,0.182042198770943,1.9809926069362e-07,0.0028875919893256,7.50750442764594e-22,1.46554588865975e-22,8.70808102210987e-05,-4.30299740203049,-1.28306519473104,-0.440580130569456,-3.38793094146822,-3.46310690993058,-17.194087767763,-7.60692249839492,-50.4005590877591,-52.0342344050884,-11.1082641698391,1.75959015252835,0.639298484356244
0.0608828940232866,1.24748456679461,2.89682190554646,0.152021006127503,0.141011682427638,1.53449640944116e-07,0.00223675723172141,5.81538696699306e-22,1.13522629824337e-22,6.74536543688409e-05,-4.30299740203049,-1.28306519473104,-0.440580130569456,-3.38793094146822,-3.46310690993058,-17.194087767763,-7.60692249839492,-50.4005590877591,-52.0342344050884,-11.1082641698391,1.50419437199112,0.420664638364671
0.211175127778855,1.67772202632463,1.4178127895289,0.27704590876135,0.316504223507503,5.0607509776871e-08,0.00604634106328509,6.6271726754506e-22,1.23002068942947e-22,5.53693899876189e-05,-2.91767396463863,-0.845169527765397,-1.01349106927072,-2.6461785152819,-2.51302515742647,-18.1617723214577,-6.47090843717745,-50.1283002411045,-51.8124475203068,-11.1640901085648,1.36260646435501,0.564780443714143
0.904967857550035,7.16791299777906,9.05392425243352,1.57094580960467,2.66745466879596,4.06637978063485e-07,0.0958240340393913,6.34838841946702e-21,1.00513400536835e-21,0.000173568910957477,-3.166102673605,-1.09663228316042,-0.863048538393072,-2.61456895669875,-2.08512211101431,-17.781589357294,-5.41148856940461,-49.5723327855637,-51.4154129027505,-11.7251826772946,3.06624682117276,0.459782048645276
0.369262897353344,2.92479373654467,3.69436137867081,0.641008403116288,1.08842765114875,1.65924476434044e-07,0.0391000190230676,2.59039509717306e-21,4.10134671584365e-22,7.08230225150055e-05,-3.166102673605,-1.09663228316042,-0.863048538393072,-2.61456895669875,-2.08512211101431,-17.781589357294,-5.41148856940461,-49.5723327855637,-51.4154129027505,-11.7251826772946,2.16985624393714,2.22631701468125
0.368823689071351,2.92131493149434,3.6899672352954,0.640245975584321,1.08713305469142,1.65727122720043e-07,0.0390535127200945,2.58731403219612e-21,4.09646849640205e-22,7.07387842710137e-05,-3.166102673605,-1.09663228316042,-0.863048538393072,-2.61456895669875,-2.08512211101431,-17.781589357294,-5.41148856940461,-49.5723327855637,-51.4154129027505,-11.7251826772946,2.16866611708235,0.771040431688378
0.82142611333114,6.50620998893972,8.21811487228409,1.42592457828378,2.42120966263702,3.69099356476375e-07,0.0869780768322328,5.76233949284866e-21,9.12345463453141e-22,0.000157545966669911,-3.166102673605,-1.09663228316042,-0.863048538393072,-2.61456895669875,-2.08512211101431,-17.781589357294,-5.41148856940461,-49.5723327855637,-51.4154129027505,-11.7251826772946,2.96938938688803,0.545435922523391
0.530006299047781,4.03983349323365,13.907883278255,1.69296349770468,2.10455106323405,1.95907286154084e-07,0.115958879249739,1.1012502468783e-20,8.75154198268653e-22,0.000162981085098148,-3.7435415437326,-1.71247167964423,-0.476219334529094,-2.5821946140211,-2.36457298345588,-18.5542994756777,-5.26319479617013,-49.0639308936544,-51.5963172906546,-11.8305515624554,3.10867515622182,1.85425446419958
0.357168599547174,1.19625893778061,3.58702487829118,0.396143631824335,0.732551035041271,3.63732548612156e-08,0.075475013942296,4.87247075115139e-21,2.25114737250178e-22,2.79006637878502e-05,-2.87715928442134,-1.66841280811866,-0.570288809166673,-2.77359037023742,-2.15883421148136,-18.9770440323044,-4.43156556203664,-48.6182977467103,-51.6930439596702,-12.3344720211155,1.84761194337473,1.57378421743058
0.198447209989314,0.806887226109509,2.33080847800319,0.355356734553431,0.36989218496409,3.00295957352917e-08,0.0259265347928163,5.59523639666801e-21,1.99687184307854e-22,1.96942060258759e-05,-3.02512608394016,-1.62246529015276,-0.561678731418249,-2.44252703307824,-2.40243763287322,-18.7289763421475,-5.06038225043056,-48.040265285666,-51.3731840932949,-12.2430800009184,1.40789392507751,1.12955546670149
0.117826711232561,0.654703815535373,2.38882575531146,0.181322244503549,0.222230918944147,1.59299327842975e-08,0.0666871871938559,2.00796645673807e-21,1.3468816041709e-22,7.27435137641207e-06,-3.42821468552346,-1.71324673839357,-0.418872473316602,-2.9971538770546,-2.79371266504899,-19.2447403352304,-3.99741684331312,-48.9468388587523,-51.6487544509979,-13.1208303095186,1.28967440275562,1.17424716567219
0.0507703359516165,0.282105240109174,1.02932081238911,0.0781299178483931,0.0957570511440433,6.8640466213908e-09,0.0287348332316413,8.6521239981785e-22,5.80357635509663e-23,3.13444429830171e-06,-3.42821468552346,-1.71324673839357,-0.418872473316602,-2.9971538770546,-2.79371266504899,-19.2447403352304,-3.99741684331312,-48.9468388587523,-51.6487544509979,-13.1208303095186,0.447771652607286,0.944579105193943
0.187452337398073,0.846612180901403,4.0686487238127,0.284393481144511,0.575236502909774,1.32462365694496e-08,0.0797382308168003,5.59673049209276e-21,3.28329219481072e-22,1.42328560441584e-05,-3.47298158890555,-1.96526348545032,-0.395439987039713,-3.05614742522439,-2.35172493581684,-19.9383032798293,-4.32775704664831,-48.4308552888088,-51.2667763314067,-12.9587083826332,1.79875092247583,0.438750879511747
0.201541639524518,0.910245288742134,4.37445670632101,0.305769078452361,0.618472458225949,1.42418508768296e-08,0.0857315197808124,6.01739223426102e-21,3.53007116990482e-22,1.53026266947238e-05,-3.47298158890555,-1.96526348545032,-0.395439987039713,-3.05614742522439,-2.35172493581684,-19.9383032798293,-4.32775704664831,-48.4308552888088,-51.2667763314067,-12.9587083826332,1.8712223177258,1.0034839077888
0.185121154982878,0.836083598244066,4.01805046246153,0.280856725660731,0.568082784589829,1.30815045944482e-08,0.0787465954812319,5.52712880087436e-21,3.24246073261224e-22,1.40558543370115e-05,-3.47298158890555,-1.96526348545032,-0.395439987039713,-3.05614742522439,-2.35172493581684,-19.9383032798293,-4.32775704664831,-48.4308552888088,-51.2667763314067,-12.9587083826332,1.78623681245303,0.870719355820215
0.146546016547196,0.661862340014282,3.18077795924414,0.222332419921837,0.449706945477832,1.03556094868657e-08,0.0623375534011513,4.37539787814275e-21,2.56680390860232e-22,1.11269263766595e-05,-3.47298158890555,-1.96526348545032,-0.395439987039713,-3.05614742522439,-2.35172493581684,-19.9383032798293,-4.32775704664831,-48.4308552888088,-51.2667763314067,-12.9587083826332,1.55256579518374,0.54844112709271
0.0745296956018111,0.336606889042802,1.61766534952567,0.113072794263582,0.228709879300532,5.26660799803293e-09,0.0317033447173446,2.22521962505727e-21,1.30541326530059e-22,5.6588807759856e-06,-3.47298158890555,-1.96526348545032,-0.395439987039713,-3.05614742522439,-2.35172493581684,-19.9383032798293,-4.32775704664831,-48.4308552888088,-51.2667763314067,-12.9587083826332,0.876423954571605,0.768968298831481
1.89802271464761,8.57225453762058,41.1965398933345,2.87958685713106,5.82447764574224,1.34122936216156e-07,0.807378427054263,5.66689204797411e-20,3.32445209863787e-21,0.00014411281524196,-3.47298158890555,-1.96526348545032,-0.395439987039713,-3.05614742522439,-2.35172493581684,-19.9383032798293,-4.32775704664831,-48.4308552888088,-51.2667763314067,-12.9587083826332,4.11379425669692,0.395314587715271
1.80300951102575,8.14313566586219,39.134280467673,2.73543749037586,5.53290985981685,1.27408870177472e-07,0.766961834408875,5.38321284650719e-20,3.15803320294111e-21,0.000136898665404114,-3.47298158890555,-1.96526348545032,-0.395439987039713,-3.05614742522439,-2.35172493581684,-19.9383032798293,-4.32775704664831,-48.4308552888088,-51.2667763314067,-12.9587083826332,4.06243880822416,0.434887210824378
0.0253045467610282,0.114285784949064,0.549234612461943,0.0383908157243754,0.0776522671766928,1.78813461241334e-09,0.010764015100332,7.55513270262854e-22,4.43217844210041e-23,1.92132024765081e-06,-3.47298158890555,-1.96526348545032,-0.395439987039713,-3.05614742522439,-2.35172493581684,-19.9383032798293,-4.32775704664831,-48.4308552888088,-51.2667763314067,-12.9587083826332,-0.203789596615084,0.798591953988814
0.0426753658111524,0.108103834557857,0.557151657307705,0.101441968187836,0.0551250460592727,3.24590848099685e-09,0.0052049669015171,2.14789094945276e-21,5.90328354135752e-23,1.82929379835965e-06,-3.01453185515013,-2.08506149948192,-0.445316217713199,-2.14866680283526,-2.75854952650953,-19.406268979482,-5.11854035275031,-47.4501989627647,-51.0443468271611,-13.0719789849626,-0.13960158316358,0.608633099341607
0.0550786021930916,0.13952330544766,0.71908310358416,0.1309252236109,0.071146677364417,4.1893044987862e-09,0.00671774678313244,2.77215740065512e-21,7.6190232849155e-23,2.36096266544036e-06,-3.01453185515013,-2.08506149948192,-0.445316217713199,-2.14866680283526,-2.75854952650953,-19.406268979482,-5.11854035275031,-47.4501989627647,-51.0443468271611,-13.0719789849626,0.115537871948469,0.520171287562425
0.0631017746513126,0.159847342314522,0.823830274393301,0.149996797803702,0.0815104491305009,4.79955078564601e-09,0.00769630540346161,3.17597115084465e-21,8.72886876653786e-23,2.70487863058854e-06,-3.01453185515013,-2.08506149948192,-0.445316217713199,-2.14866680283526,-2.75854952650953,-19.406268979482,-5.11854035275031,-47.4501989627647,-51.0443468271611,-13.0719789849626,0.251525469746186,0.304818693594053
0.139265767018379,0.352783465382587,1.81819537866131,0.331043290174703,0.17989375545931,1.05926200205963e-08,0.0169857643646869,7.0093758978207e-21,1.92646341674541e-22,5.96967358306614e-06,-3.01453185515013,-2.08506149948192,-0.445316217713199,-2.14866680283526,-2.75854952650953,-19.406268979482,-5.11854035275031,-47.4501989627647,-51.0443468271611,-13.0719789849626,1.04316067670473,1.02109393608855
0.210864081267894,1.57163143717545,4.54549652166311,0.616163934218572,0.348879506402693,5.7722247918974e-08,0.0405302640210881,9.46872587732521e-21,7.98964757234943e-22,2.97493837047648e-05,-3.54900743879841,-1.54035170932683,-0.478328953769021,-2.47670814499796,-3.04549459137607,-18.660089079686,-5.19817224527131,-48.0987585188998,-50.5711913167777,-12.4151680631155,1.99246592112204,0.474750591369203
0.606285320726026,4.5188211487781,13.0694037596396,1.77162059195331,1.00311310566623,1.65965447420707e-07,0.116534328527565,2.72248809322228e-20,2.29721724618225e-21,8.55366856810961e-05,-3.54900743879841,-1.54035170932683,-0.478328953769021,-2.47670814499796,-3.04549459137607,-18.660089079686,-5.19817224527131,-48.0987585188998,-50.5711913167777,-12.4151680631155,3.04860286136225,0.437239526739312
0.314128820279463,1.84228753489725,5.52556719524478,0.887029800470195,0.144341999019924,7.0580703742906e-08,0.016985093195334,1.14224219242198e-20,1.55567023685778e-21,4.00914750707375e-05,-3.32476108782387,-1.55580094134158,-0.457423064377745,-2.28668566659971,-4.10237876833625,-18.6333180141798,-6.24222815674999,-48.0855176599902,-50.0791894459043,-12.29115580429,2.16680896628522,0.968878187999337
0.350858161692104,2.05769600263764,6.17164113342109,0.990745277310784,0.161219108727557,7.88333141293433e-08,0.0189710659766341,1.27579823934587e-20,1.73756613295608e-21,4.47791489820311e-05,-3.32476108782387,-1.55580094134158,-0.457423064377746,-2.28668566659971,-4.10237876833625,-18.6333180141798,-6.24222815674999,-48.0855176599902,-50.0791894459043,-12.29115580429,2.27738785289481,1.37816676672969
0.483537580592427,2.835827851094,8.50548953328309,1.36540239526944,0.222185219814839,1.08644672252591e-07,0.026145104618233,1.7582500888742e-20,2.39463867677167e-21,6.17126911209216e-05,-3.32476108782387,-1.55580094134158,-0.457423064377746,-2.28668566659971,-4.10237876833625,-18.6333180141798,-6.24222815674999,-48.0855176599902,-50.0791894459043,-12.29115580429,2.59813484686229,1.20735638934002
0.433051967626089,2.53974226627951,7.61744097221683,1.22284227246279,0.198987111819449,9.73012046621745e-08,0.023415323757967,1.57467318182972e-20,2.14461715562827e-21,5.526933870305e-05,-3.32476108782387,-1.55580094134158,-0.457423064377746,-2.28668566659971,-4.10237876833625,-18.6333180141798,-6.24222815674999,-48.0855176599902,-50.0791894459043,-12.29115580429,2.4878635472549,1.53127219420618
0.333792678477659,1.95761118082791,5.87145704290419,0.942556154908168,0.153377529724324,7.49989196477523e-08,0.0180483272652899,1.21374435029404e-20,1.65305219281303e-21,4.26011240741182e-05,-3.32476108782387,-1.55580094134158,-0.457423064377746,-2.28668566659971,-4.10237876833625,-18.6333180141798,-6.24222815674999,-48.0855176599902,-50.0791894459043,-12.29115580429,2.2275258859693,2.17532090437529
0.116896864422528,0.685571085144639,2.05623119427709,0.330090700471411,0.053714037046641,2.62652212202016e-08,0.00632066849101129,4.25062974439765e-21,5.78912092823387e-22,1.49192542144772e-05,-3.32476108782387,-1.55580094134158,-0.457423064377746,-2.28668566659971,-4.10237876833625,-18.6333180141798,-6.24222815674999,-48.0855176599902,-50.0791894459043,-12.29115580429,1.17829785422715,0.642701069596478
0.187409706889484,1.86335049760078,3.34197964582805,0.695719066112626,0.118375313280152,3.80566320093043e-08,0.0129762893951653,5.79399733755015e-21,1.08813354048269e-21,9.48022092836117e-05,-3.50221280391689,-1.20537848105129,-0.621191351362156,-2.19056403187562,-3.96164977207367,-18.9119451617048,-6.17238617061797,-48.4252192041467,-50.0975777636591,-11.0914725353957,1.82775469110031,0.895532247031294
0.0376041910786726,0.373885586404762,0.670575944376574,0.139597639489414,0.0237522803565856,7.63615121991799e-09,0.00260372247524886,1.16257896459462e-21,2.18336511243537e-22,1.90222825260781e-05,-3.50221280391689,-1.20537848105129,-0.621191351362156,-2.19056403187562,-3.96164977207367,-18.9119451617048,-6.17238617061797,-48.4252192041467,-50.0975777636591,-11.0914725353957,0.221573033977171,0.700752589029192
0.0897812055143537,1.16919927845488,2.23325609329524,0.357618533042224,0.0474928500046028,3.40092903233971e-08,0.00660521049790617,2.53302956563686e-21,1.1482266243112e-21,1.41362812121987e-05,-3.77237292131082,-1.20567416589129,-0.558532650979804,-2.39028171386385,-4.40916940850949,-18.5586254078679,-6.38188977505592,-48.7868642127605,-49.5780615695422,-12.5287592328275,1.36199330301885,0.980261251518006
0.322229052550596,5.83994564732055,15.3842239224982,1.78031462507867,0.432327481945542,2.94874719207854e-07,0.0379904749266616,2.37305349555835e-20,1.10688169061583e-20,8.33007315032788e-05,-4.30205698943265,-1.40484285660384,-0.436221782709857,-2.59277424208828,-4.00813626429631,-18.2062795978953,-6.43998415693588,-48.3570886856868,-49.1197194321799,-12.5626175737131,3.16956434643501,0.420841789636331
0.161639148187462,2.92948085351724,7.71715905401585,0.893055847154605,0.216867614408342,1.47917445858767e-07,0.0190570898489003,1.19039032200582e-20,5.55242962107978e-21,4.17859878772672e-05,-4.30205698943265,-1.40484285660384,-0.436221782709857,-2.59277424208828,-4.00813626429631,-18.2062795978953,-6.43998415693588,-48.3570886856868,-49.1197194321799,-12.5626175737131,2.47966808083412,1.38353964865242
0.0584189225258438,1.50958764923892,4.09196350266333,1.87427872869728,0.209507153236598,8.12853530384313e-08,0.0121182065066391,1.70577483308241e-21,4.25482362088545e-21,6.62005969388075e-05,-4.88857448452365,-1.6366225251879,-0.63943412989051,-1.4202351513607,-3.61145645462279,-18.3737590547996,-6.46150534603825,-49.8687265565612,-48.954692702657,-11.6712801366068,2.04845905874738,1.96065746535489
0.0770699561018514,1.99154398657852,5.39837836586469,2.47266764085609,0.276395154255462,1.07236804780574e-07,0.0159871083395398,2.25036659050236e-21,5.6132337863249e-21,8.73360356438132e-05,-4.88857448452364,-1.6366225251879,-0.63943412989051,-1.4202351513607,-3.61145645462279,-18.3737590547996,-6.46150534603825,-49.8687265565612,-48.954692702657,-11.6712801366068,2.32553273574323,0.968858006741148
0.0179413651973596,1.04413489461842,2.30877697836155,0.886880141611226,0.137638127005759,4.79216221170279e-08,0.00732109846099599,1.28005695893151e-21,2.41989387287897e-21,8.66416412959275e-05,-5.50288232671474,-1.43904730890731,-0.645518061694929,-1.60228143306272,-3.46536330549197,-18.3359350326154,-6.3992308987152,-49.5896183761938,-48.9527992672758,-10.8359660110177,1.48223599942556,0.282160285385098
0.0144831373657498,0.663182441993853,1.0134560873842,0.690180058295613,0.0263251547179867,7.83792290131716e-09,0.0034443305580992,5.37655223281593e-22,1.88308947899174e-21,2.9964847014371e-05,-5.11485381214064,-1.29078871574118,-0.866717207272843,-1.25088632693393,-4.51731390930503,-19.5443755392945,-6.55110928170961,-49.8549082915979,-48.6014567505015,-11.2955691950966,0.880083565552128,1.93824647919316
0.0669054796847479,3.06359998387022,4.68170424359966,3.18831664044807,0.121610191197059,3.62076239561751e-08,0.0159112340346523,2.48372156600084e-21,8.69901332146361e-21,0.00013842390723419,-5.11485381214064,-1.29078871574118,-0.866717207272843,-1.25088632693393,-4.51731390930503,-19.5443755392945,-6.55110928170961,-49.8549082915979,-48.6014567505015,-11.2955691950966,2.41037940552951,0.285538502085461
0.0270684848708468,1.2394651410387,1.89411451924088,1.28992275598484,0.049200807408736,1.4648807928515e-08,0.00643733517453088,1.00485909299916e-21,3.5194293739891e-21,5.60032669429666e-05,-5.11485381214064,-1.29078871574118,-0.866717207272843,-1.25088632693393,-4.51731390930503,-19.5443755392945,-6.55110928170961,-49.8549082915979,-48.6014567505015,-11.2955691950966,1.50546866443317,2.24613763611462
0.0192578722628963,0.881817415135184,1.34756768385378,0.91771548286818,0.0350039120707963,1.04218936980428e-08,0.00457984180112283,7.14906953511444e-22,2.5038978592985e-21,3.98435215801125e-05,-5.11485381214064,-1.29078871574118,-0.866717207272843,-1.25088632693393,-4.51731390930503,-19.5443755392945,-6.55110928170961,-49.8549082915979,-48.6014567505015,-11.2955691950966,1.16501845901744,1.91205927281387
0.0496168955735619,2.27195621636813,3.47193730103306,2.36444570085975,0.0901857394302623,2.68514612744026e-08,0.0117997216560398,1.84192018583136e-21,6.45116121426565e-21,0.00010265473893148,-5.11485381214064,-1.29078871574118,-0.866717207272843,-1.25088632693393,-4.51731390930503,-19.5443755392945,-6.55110928170961,-49.8549082915979,-48.6014567505015,-11.2955691950966,2.11142994544967,0.548758359674026
0.00990084083133284,0.453359215928133,0.692810346083245,0.471815099834974,0.017996181361876,5.35809508219646e-09,0.00235458435317206,3.6754735202846e-22,1.28730182776179e-21,2.04843172672047e-05,-5.11485381214064,-1.29078871574118,-0.866717207272843,-1.25088632693393,-4.51731390930503,-19.5443755392945,-6.55110928170961,-49.8549082915979,-48.6014567505015,-11.2955691950966,0.499718219150354,6.78505769006279
0.0103879873148865,0.475665639350989,0.726898372505803,0.495029599561576,0.0188816391343197,5.62172695168148e-09,0.00247043587602941,3.85631614075524e-22,1.35064034308078e-21,2.14921976376411e-05,-5.11485381214064,-1.29078871574118,-0.866717207272843,-1.25088632693393,-4.51731390930503,-19.5443755392945,-6.55110928170961,-49.8549082915979,-48.6014567505015,-11.2955691950966,0.547748605826806,7.42095306203817
0.00673556668394907,0.308421404069348,0.471320604468837,0.320976987871115,0.0122428470151499,3.64512543327246e-09,0.00160182960154087,2.50043379271589e-22,8.75754640537109e-22,1.39355320703457e-05,-5.11485381214064,-1.29078871574118,-0.866717207272843,-1.25088632693393,-4.51731390930503,-19.5443755392945,-6.55110928170961,-49.8549082915979,-48.6014567505015,-11.2955691950966,0.114500479637011,4.73133830224569
0.00819049562592355,0.375042558333062,0.573129111542894,0.39031023498666,0.0148873865602716,4.43249771222762e-09,0.00194783586304029,3.04054476826049e-22,1.06492369376945e-21,1.69457032827064e-05,-5.11485381214064,-1.29078871574118,-0.866717207272843,-1.25088632693393,-4.51731390930503,-19.5443755392945,-6.55110928170961,-49.8549082915979,-48.6014567505015,-11.2955691950966,0.310072945178245,4.50615475174219
0.0158606495610707,0.726258685662551,1.10984736536071,0.755824084397156,0.0288289783545348,8.58339911340379e-09,0.00377192583173918,5.88792391164836e-22,2.06219284980738e-21,3.28148470627607e-05,-5.11485381214064,-1.29078871574118,-0.866717207272843,-1.25088632693393,-4.51731390930503,-19.5443755392945,-6.55110928170961,-49.8549082915979,-48.6014567505015,-11.2955691950966,0.970939704457853,2.69139966707778
0.0415651513209564,1.90326707941494,2.90851730294887,1.98074752985528,0.0755505531548937,2.24940524423709e-08,0.00988488317354132,1.54301655434483e-21,5.4042778970177e-21,8.59961049190229e-05,-5.11485381214064,-1.29078871574118,-0.866717207272843,-1.25088632693393,-4.51731390930503,-19.5443755392945,-6.55110928170961,-49.8549082915979,-48.6014567505015,-11.2955691950966,1.93436064072091,1.91963539832153
0.035540028703061,1.62737688862675,2.48690995088561,1.69362607442456,0.0645990389141996,1.92334021179651e-08,0.0084520089678331,1.3193468780436e-21,4.62089479949735e-21,7.35304441351229e-05,-5.11485381214064,-1.29078871574118,-0.866717207272843,-1.25088632693393,-4.51731390930503,-19.5443755392945,-6.55110928170961,-49.8549082915979,-48.6014567505015,-11.2955691950966,1.77775816351161,2.1266943680398
0.0555748329853389,2.54476999850713,3.88884337502354,2.64836550955439,0.101015135037323,3.00757525936863e-08,0.0132166181041226,2.06309575632633e-21,7.22580892858895e-21,0.000114981397068914,-5.11485381214064,-1.29078871574118,-0.866717207272843,-1.25088632693393,-4.51731390930503,-19.5443755392945,-6.55110928170961,-49.8549082915979,-48.6014567505015,-11.2955691950966,2.22482898779217,1.25518391636829
0.0404987988950751,0.538216004289338,0.693286472330438,0.157522972163972,0.0109663098459964,4.20380841400919e-09,0.00191667328692601,1.78224340683161e-22,1.09181824310972e-21,2.33356541872433e-05,-3.57281254921144,-0.985824891426586,-0.732641572214292,-2.2145135633332,-4.87925703423778,-19.6536045442703,-6.62349384578889,-50.4453287212016,-48.6327721204346,-11.0318577313521,0.366329586990292,0.532374228398536
0.0216209517158571,0.287335490407751,0.370122417268431,0.0840962366345562,0.00585454537295547,2.24427245305438e-09,0.00102324764492558,9.51480036354775e-23,5.82885175877098e-22,1.24581238507219e-05,-3.57281254921144,-0.985824891426586,-0.732641572214292,-2.2145135633332,-4.87925703423778,-19.6536045442703,-6.62349384578889,-50.4453287212016,-48.6327721204346,-11.0318577313521,-0.261279898368597,1.88675630254127
0.0361757746160938,0.480764402825619,0.619281950370694,0.14070826032705,0.00979571651956469,3.75507496181394e-09,0.00171207894387591,1.59199871491498e-22,9.75272644179082e-22,2.08447013103759e-05,-3.57281254921144,-0.985824891426586,-0.732641572214292,-2.2145135633332,-4.87925703423778,-19.6536045442703,-6.62349384578889,-50.4453287212016,-48.6327721204346,-11.0318577313521,0.253446955540225,0.792460792338001
0.13495189660252,1.79346727661863,2.31019997833172,0.524905044889593,0.0365424247835674,1.40081171269788e-08,0.00638682386379378,5.93887064607518e-22,3.63820524738589e-21,7.77601034338821e-05,-3.57281254921144,-0.985824891426586,-0.732641572214292,-2.2145135633332,-4.87925703423778,-19.6536045442703,-6.62349384578889,-50.4453287212016,-48.6327721204346,-11.0318577313521,1.56997566370734,1.32032651919626
0.139769539817192,1.85749220456305,2.39267172960266,0.543643612420125,0.0378469515759899,1.45081924288168e-08,0.00661482687394294,6.15088218938199e-22,3.7680854140595e-21,8.05360587491588e-05,-3.57281254921144,-0.985824891426586,-0.732641572214292,-2.2145135633332,-4.87925703423778,-19.6536045442703,-6.62349384578889,-50.4453287212016,-48.6327721204346,-11.0318577313521,1.60505219229165,3.81359956625696
0.0295853897217564,0.39318030844917,0.506463179954009,0.115074487361333,0.00801116476179722,3.07098762524497e-09,0.00140017797342334,1.30197356980274e-22,7.97600647649148e-22,1.70472814596407e-05,-3.57281254921144,-0.985824891426586,-0.732641572214292,-2.2145135633332,-4.87925703423778,-19.6536045442703,-6.62349384578889,-50.4453287212016,-48.6327721204346,-11.0318577313521,0.0523379192222291,2.44933704209006
0.100602007524619,1.33696830500251,1.72217480046265,0.391298696832892,0.0272411235825167,1.0442570575831e-08,0.00476115800207137,4.42722425149698e-22,2.71215715294206e-21,5.79674884734035e-05,-3.57281254921144,-0.985824891426586,-0.732641572214292,-2.2145135633332,-4.87925703423778,-19.6536045442703,-6.62349384578889,-50.4453287212016,-48.6327721204346,-11.0318577313521,1.27622948320894,2.67799805366491
0.0771654265206301,1.02550368564798,1.3209711842804,0.300140440345465,0.0208949400898554,8.00983431924644e-09,0.00365198266915341,3.39584324483426e-22,2.08032392839215e-21,4.44631879864352e-05,-3.57281254921144,-0.985824891426586,-0.732641572214292,-2.2145135633332,-4.87925703423778,-19.6536045442703,-6.62349384578889,-50.4453287212016,-48.6327721204346,-11.0318577313521,1.01100878395138,3.35846563103346
0.0831623380451691,1.10520070992706,1.42363046675683,0.323465856232419,0.0225187904679248,8.63231863514529e-09,0.00393579652133509,3.65975122031898e-22,2.24199631333794e-21,4.79186448727172e-05,-3.57281254921144,-0.985824891426586,-0.732641572214292,-2.2145135633332,-4.87925703423778,-19.6536045442703,-6.62349384578889,-50.4453287212016,-48.6327721204346,-11.0318577313521,1.08585184784516,1.71520368146556
0.223701168844393,2.97291654407373,3.82947145188507,0.870101680897222,0.0605740515123646,2.32203640964302e-08,0.0105870313756469,9.84448784040178e-22,6.03082125428111e-21,0.000128897973763605,-3.57281254921144,-0.985824891426586,-0.732641572214292,-2.2145135633332,-4.87925703423778,-19.6536045442703,-6.62349384578889,-50.4453287212016,-48.6327721204346,-11.0318577313521,2.0753683637649,3.08342367640825
0.142031933251586,1.88755868523929,2.43140094641766,0.552443353343634,0.0384595649885355,1.47430307157483e-08,0.00672189842121163,6.25044405027948e-22,3.82907790006291e-21,8.18396636031517e-05,-3.57281254921144,-0.985824891426586,-0.732641572214292,-2.2145135633332,-4.87925703423778,-19.6536045442703,-6.62349384578889,-50.4453287212016,-48.6327721204346,-11.0318577313521,1.6211091846018,2.45618041662411
0.0545011191437221,0.724302334269926,0.932987882606237,0.211985997313759,0.0147578737095905,5.65726069612295e-09,0.00257935647526196,2.39844792707309e-22,1.46931064067306e-21,3.14038762594094e-05,-3.57281254921144,-0.985824891426586,-0.732641572214292,-2.2145135633332,-4.87925703423778,-19.6536045442703,-6.62349384578889,-50.4453287212016,-48.6327721204346,-11.0318577313521,0.663278506434856,2.15087639389525
0.0302291446971255,0.401735604903325,0.517483423222831,0.11757841833786,0.00818548145062273,3.13780991765488e-09,0.00143064475264345,1.33030349789367e-22,8.1495581484859e-22,1.74182169909746e-05,-3.57281254921144,-0.985824891426586,-0.732641572214292,-2.2145135633332,-4.87925703423778,-19.6536045442703,-6.62349384578889,-50.4453287212016,-48.6327721204346,-11.0318577313521,0.0738637854389808,2.00202898673656
0.045708588861323,0.607452436364403,0.782471263134732,0.177786822505796,0.0123770225723283,4.74458886905612e-09,0.00216323529694198,2.01151227582644e-22,1.23227040176895e-21,2.63375668453324e-05,-3.57281254921144,-0.985824891426586,-0.732641572214292,-2.2145135633332,-4.87925703423778,-19.6536045442703,-6.62349384578889,-50.4453287212016,-48.6327721204346,-11.0318577313521,0.487343490543648,0.940493079122949
0.0225977004496426,0.300316166749652,0.386843078188618,0.0878953706286759,0.00611903048235657,2.34565976965353e-09,0.00106947390983126,9.94464125720752e-23,6.09217613272203e-22,1.3020932410514e-05,-3.57281254921144,-0.985824891426586,-0.732641572214292,-2.2145135633332,-4.87925703423778,-19.6536045442703,-6.62349384578889,-50.4453287212016,-48.6327721204346,-11.0318577313521,-0.217094578685158,0.790726047038666
0.0114841717370713,0.152620946633819,0.196594001018614,0.0446685065784739,0.00310969680655574,1.19206640921139e-09,0.000543507604952498,5.05387565057051e-23,3.09604940186614e-22,6.61724958751303e-06,-3.57281254921144,-0.985824891426586,-0.732641572214292,-2.2145135633332,-4.87925703423778,-19.6536045442703,-6.62349384578889,-50.4453287212016,-48.6327721204346,-11.0318577313521,-0.893973013159118,0.740567973042637
0.32061001479549,4.26080392027028,5.4884241561644,1.24703556189322,0.0868151366929647,3.32795814835088e-08,0.015173404339016,1.41091859665728e-21,8.64341344997175e-21,0.000184737440081077,-3.57281254921144,-0.985824891426586,-0.732641572214292,-2.2145135633332,-4.87925703423778,-19.6536045442703,-6.62349384578889,-50.4453287212016,-48.6327721204346,-11.0318577313521,2.43528274758215,1.39827672544421
0.0310010278926645,0.411993684170253,0.530697054053533,0.120580713182202,0.00839449284153159,3.21793202400291e-09,0.00146717541384527,1.36427200495131e-22,8.35765225928228e-22,1.78629807818887e-05,-3.57281254921144,-0.985824891426586,-0.732641572214292,-2.2145135633332,-4.87925703423778,-19.6536045442703,-6.62349384578889,-50.4453287212016,-48.6327721204346,-11.0318577313521,0.0990776319926227,1.25144173492584
0.0390545142859988,0.519021926623786,0.668562208673586,0.151905323974903,0.0105752248518471,4.05389049156439e-09,0.00184832010598089,1.71868431885017e-22,1.05288137763582e-21,2.25034486131304e-05,-3.57281254921144,-0.985824891426586,-0.732641572214292,-2.2145135633332,-4.87925703423778,-19.6536045442703,-6.62349384578889,-50.4453287212016,-48.6327721204346,-11.0318577313521,0.330015742547953,1.11670073779987
0.0157531904858073,0.20935483198024,0.269674018929555,0.0612731600465151,0.00426566645539142,1.63519404324307e-09,0.000745546046099541,6.93255618583462e-23,4.24694589193815e-22,9.07708414945792e-06,-3.57281254921144,-0.985824891426586,-0.732641572214292,-2.2145135633332,-4.87925703423778,-19.6536045442703,-6.62349384578889,-50.4453287212016,-48.6327721204346,-11.0318577313521,-0.577899814486254,0.293725823361969
0.0959293635853385,1.27487037076545,1.64218524715484,0.373124114344992,0.0259758598552905,9.95754631724724e-09,0.0045400173247654,4.22159373700126e-22,2.58618606156031e-21,5.52750826223149e-05,-3.57281254921144,-0.985824891426586,-0.732641572214292,-2.2145135633332,-4.87925703423778,-19.6536045442703,-6.62349384578889,-50.4453287212016,-48.6327721204346,-11.0318577313521,1.22866939488035,0.44760355647218
0.0130912707359807,0.173978775144521,0.224105434099045,0.0509194329707808,0.0035448688624207,1.35888459834496e-09,0.00061956624878131,5.7611167720548e-23,3.52931163515821e-22,7.54326980308479e-06,-3.57281254921144,-0.985824891426586,-0.732641572214292,-2.2145135633332,-4.87925703423778,-19.6536045442703,-6.62349384578889,-50.4453287212016,-48.6327721204346,-11.0318577313521,-0.762997077709463,0.355000938675543
0.169126598885861,2.24763807211238,2.89522618738903,0.657829991390794,0.045796288709378,1.75554791457185e-08,0.00800419871791801,7.44280754017217e-22,4.55953043291705e-21,9.74517746980641e-05,-3.57281254921144,-0.985824891426586,-0.732641572214292,-2.2145135633332,-4.87925703423778,-19.6536045442703,-6.62349384578889,-50.4453287212016,-48.6327721204346,-11.0318577313521,1.79570481054614,0.23945202491725
0.0278881260626966,0.434434551083761,0.709341073378669,0.237433496870924,0.0160313718059574,1.22468818038341e-08,0.00225954605640142,1.70745044655277e-22,1.31345982182252e-21,2.66930814205625e-05,-3.93541929534823,-1.18957500149369,-0.699283830984179,-1.79373273334749,-4.48907276406151,-18.5738595044379,-6.44845637132637,-50.4777357803338,-48.4374872372924,-10.8869711744155,0.355865025453983,0.245592223258154
0.184488923109017,2.87392427553602,4.69251933422921,1.57069894367401,0.106052680405711,8.10170618977156e-08,0.0149476238641335,1.12953338434556e-21,8.68895914807014e-21,0.000176583318458534,-3.93541929534823,-1.18957500149369,-0.699283830984179,-1.79373273334749,-4.48907276406151,-18.5738595044379,-6.44845637132637,-50.4777357803338,-48.4374872372924,-10.8869711744155,2.24525344069486,0.161461223418516
0.0478820044299994,0.745894401537502,1.2178900920607,0.407657069659149,0.0275247685737691,2.10270581632678e-08,0.00387948598766264,2.93157559823291e-22,2.25512065119557e-21,4.58301945407272e-05,-3.93541929534823,-1.18957500149369,-0.699283830984179,-1.79373273334749,-4.48907276406151,-18.5738595044379,-6.44845637132637,-50.4777357803338,-48.4374872372924,-10.8869711744155,0.896403759796971,0.0702501736730164
0.000480716884222836,0.0398154850180061,0.0483713949043118,0.0145871999017301,0.00210290406265203,1.09253562233619e-09,0.000351735260792685,1.15607195688646e-23,1.29266725760301e-22,4.19607275147234e-06,-5.39321064512074,-0.976477957236921,-0.781825240032043,-1.98058943955129,-3.91741458826411,-18.3877431689139,-5.705610351037,-50.5674077097894,-48.1531429062525,-10.1343401149697,-2.24702141431907,0.104501786811465
0.0870221905173091,7.2076326763049,8.75647367734177,2.64066050231345,0.380680030150342,1.97777207737548e-07,0.0636731803706893,2.09278927755026e-21,2.34006210429821e-20,0.000759597705816901,-5.39321064512074,-0.976477957236921,-0.781825240032043,-1.98058943955129,-3.91741458826411,-18.3877431689139,-5.705610351037,-50.5674077097894,-48.1531429062525,-10.1343401149697,2.95161851568739,0.135974384095387
0.022034226323598,1.82498979516579,2.21716003304697,0.668621541308907,0.0963890921538954,5.00776610084481e-08,0.016122201230409,5.29899239665419e-22,5.92509309532097e-21,0.000192331951946513,-5.39321064512074,-0.976477957236921,-0.781825240032043,-1.98058943955129,-3.91741458826411,-18.3877431689139,-5.705610351037,-50.5674077097894,-48.1531429062525,-10.1343401149697,1.57805235256577,0.234196152685884
0.0170551639499636,1.41259782424167,1.71614956257507,0.517533488130147,0.0746081003948042,3.87616386519134e-08,0.0124790760147748,4.10158191021932e-22,4.58620296784695e-21,0.000148870803317076,-5.39321064512074,-0.976477957236921,-0.781825240032043,-1.98058943955129,-3.91741458826411,-18.3877431689139,-5.705610351037,-50.5674077097894,-48.1531429062525,-10.1343401149697,1.32190839497759,0.49838482372983
0.0122783938746361,1.01696075882813,1.23549444255716,0.37258392995922,0.0537120396833097,2.79053703611876e-08,0.00898396585048692,2.95282052699721e-22,3.30171006232809e-21,0.000107175420003186,-5.39321064512074,-0.976477957236921,-0.781825240032043,-1.98058943955129,-3.91741458826411,-18.3877431689139,-5.705610351037,-50.5674077097894,-48.1531429062525,-10.1343401149697,0.993296488335841,1.8459041955317
0.0159898190963804,1.32436039500008,1.60895088012135,0.485205939725807,0.0699477314869233,3.63404064447404e-08,0.0116995748942451,3.84537803012639e-22,4.2997274028147e-21,0.000139571640633684,-5.39321064512074,-0.976477957236921,-0.781825240032043,-1.98058943955129,-3.91741458826411,-18.3877431689139,-5.705610351037,-50.5674077097894,-48.1531429062525,-10.1343401149697,1.25740757937328,0.694838219748868
0.0362598858380764,3.00323327247918,3.64859507669346,1.10029462349558,0.158619477997872,8.24086239533421e-08,0.0265309599478448,8.72010918548747e-22,9.75043080982713e-21,0.000316504628670629,-5.39321064512074,-0.976477957236921,-0.781825240032043,-1.98058943955129,-3.91741458826411,-18.3877431689139,-5.705610351037,-50.5674077097894,-48.1531429062525,-10.1343401149697,2.07616742303444,0.4046264921948
0.105108399433666,8.70562703384851,10.5763705491343,3.18948071975574,0.45979845402195,2.38882124503848e-07,0.0769066606555154,2.52774298150417e-21,2.82640761966615e-20,0.000917468275589075,-5.39321064512074,-0.976477957236921,-0.781825240032043,-1.98058943955129,-3.91741458826411,-18.3877431689139,-5.705610351037,-50.5674077097894,-48.1531429062525,-10.1343401149697,3.14044755932169,0.470228646127397
0.0295463454066439,2.44718276283747,2.97305542732189,0.896574389121084,0.129250982920229,6.71506159364357e-08,0.0216187362003686,7.10557554231197e-22,7.94513247662274e-21,0.00025790359967664,-5.39321064512074,-0.976477957236921,-0.781825240032043,-1.98058943955129,-3.91741458826411,-18.3877431689139,-5.705610351037,-50.5674077097894,-48.1531429062525,-10.1343401149697,1.87141542744027,0.537505816258367
0.33161429709289,19.7328495616891,34.6483927871774,6.30941099170955,0.475161519357252,2.24500877222374e-07,0.221174736282628,5.58912633827879e-21,4.43450367611957e-20,0.00113492295458085,-5.22638654054266,-1.14031906190498,-0.577352459019692,-2.28056147238762,-4.86670429136752,-19.4319900216938,-5.63140602733189,-50.756067767405,-48.6848899604365,-10.9037943111508,4.12260379937138,0.165773922867807
0.364381983870072,21.6827046774882,38.0720922239511,6.93286059848854,0.522113487265039,2.46684403356547e-07,0.243029597623257,6.14140271121069e-21,4.87268872647839e-20,0.00124706769688526,-5.22638654054266,-1.14031906190498,-0.577352459019692,-2.28056147238762,-4.86670429136752,-19.4319900216938,-5.63140602733189,-50.756067767405,-48.6848899604365,-10.9037943111508,4.21683398519192,0.24001485403315
0.117475184243198,6.99041072180733,12.2742787693023,2.23512443587292,0.168327142469781,7.95299905512531e-08,0.0783516969036605,1.97996181739987e-21,1.5709338859819e-20,0.000402049261325649,-5.22638654054266,-1.14031906190498,-0.577352459019692,-2.28056147238762,-4.86670429136752,-19.4319900216938,-5.63140602733189,-50.756067767405,-48.6848899604365,-10.9037943111508,3.08485837490909,0.472798380998432
0.0100632809553528,0.598819806413123,1.05145198601349,0.191467545365148,0.0144194140915611,6.81278045614263e-09,0.00671184424480558,1.69609540753025e-22,1.34570966274823e-21,3.44407604097572e-05,-5.22638654054266,-1.14031906190498,-0.577352459019692,-2.28056147238762,-4.86670429136752,-19.4319900216938,-5.63140602733189,-50.756067767405,-48.6848899604365,-10.9037943111508,0.627524511763516,0.894769762885886
0.00595068295925167,0.354097916325145,0.621751240316278,0.113219800233053,0.00852657916416463,4.02857643996578e-09,0.00396889020091117,1.00294586662481e-22,7.95753551326287e-22,2.03657283328652e-05,-5.22638654054266,-1.14031906190498,-0.577352459019692,-2.28056147238762,-4.86670429136752,-19.4319900216938,-5.63140602733189,-50.756067767405,-48.6848899604365,-10.9037943111508,0.102137257598497,0.277361232355426
0.00982360230786398,0.584557626719701,1.02640939890644,0.186907334583522,0.01407598477836,6.65051945869944e-09,0.00655198726000231,1.65569925292694e-22,1.31365869713262e-21,3.36204797368712e-05,-5.22638654054266,-1.14031906190498,-0.577352459019692,-2.28056147238762,-4.86670429136752,-19.4319900216938,-5.63140602733189,-50.756067767405,-48.6848899604365,-10.9037943111508,0.603419150454535,0.240706274671592
0.0129989302712205,0.483319148892187,0.776304818648347,0.127727344154112,0.0204056290407194,4.66245879013792e-09,0.00426863580644307,6.80788245827141e-23,3.10156622694497e-21,3.53886580810668e-05,-4.69710205975415,-1.08129192780449,-0.607423876409684,-2.41207125881774,-4.24615833084459,-19.5379367386105,-5.81067483407447,-51.3955898609959,-47.5765935824921,-10.6033330303702,0.354213848018612,0.108102704930899
0.0111597545485253,0.414935918394809,0.66646801315133,0.109655623974747,0.0175185039654272,4.00278289096999e-09,0.00366468062086761,5.84465764830868e-23,2.66273586260663e-21,3.03816336995638e-05,-4.69710205975415,-1.08129192780449,-0.607423876409684,-2.41207125881774,-4.24615833084459,-19.5379367386105,-5.81067483407447,-51.3955898609959,-47.5765935824921,-10.6033330303702,0.201660743623572,0.226976524339079
0.00886063244072078,0.313462226953791,0.686780395032302,0.101246165570286,0.0176145995163763,2.8112875563991e-09,0.00319994538190823,1.40823503914844e-22,4.33426232243042e-21,2.64692372748891e-05,-4.84940769756207,-1.28334697657469,-0.499011257967854,-2.41347100684394,-4.16229776504257,-19.812893815641,-5.86789209969637,-50.4378054330718,-47.0110060871793,-10.6627979190611,0.123270562220571,0.552585820216411
0.0214213723031906,0.582108231762634,1.40698224646046,0.19743251050238,0.0520558537686455,7.52248711635282e-09,0.0052611589739551,1.43554471238473e-22,1.3639398708476e-20,0.000124535347801587,-4.66111127661729,-1.35884401035693,-0.476297967001708,-2.44010359906021,-3.77318315295436,-19.5231141471521,-6.06514906629412,-51.1130728052164,-46.5590695114324,-9.80866609131632,0.817745127044731,0.42256509864723
0.00778158560164358,0.349033527355158,0.943603397754383,0.130997013419973,0.0260809830746495,3.35624944113622e-09,0.00415109845626221,7.34703026799397e-23,5.11636818083556e-21,4.86281598404464e-05,-5.23559272435072,-1.43218486210563,-0.437646898245246,-2.4121783219937,-4.026146415686,-19.8920392918177,-5.86397985913934,-51.3447585200894,-47.1014396728365,-10.3109053419038,0.37959756763201,0.78481894731165
0.00976231359017424,0.437876664468746,1.18378859337955,0.164341046908477,0.0327196471964503,4.21055054953047e-09,0.00520772075875649,9.21714636378346e-23,6.41869063466401e-21,6.10059915777687e-05,-5.23559272435072,-1.43218486210563,-0.437646898245246,-2.4121783219937,-4.026146415686,-19.8920392918177,-5.86397985913934,-51.3447585200894,-47.1014396728365,-10.3109053419038,0.6063668658757,0.992628808064356
0.00816989839405586,0.366450823853723,0.99069062252697,0.137533960860098,0.0273824632465615,3.52373132198123e-09,0.00435824449508353,7.71365809750721e-23,5.37168262663307e-21,5.10547779494249e-05,-5.23559272435072,-1.43218486210563,-0.437646898245246,-2.4121783219937,-4.026146415686,-19.8920392918177,-5.86397985913934,-51.3447585200894,-47.1014396728365,-10.3109053419038,0.428293917695094,0.679006170879223
0.0184918510620939,0.829429416308884,2.24234164940296,0.311296101559252,0.0619778126539589,7.97565791470804e-09,0.00986450555540705,1.7459191020882e-22,1.21583342036184e-20,0.000115558028302522,-5.23559272435072,-1.43218486210563,-0.437646898245246,-2.4121783219937,-4.026146415686,-19.8920392918177,-5.86397985913934,-51.3447585200894,-47.1014396728365,-10.3109053419038,1.24516759728161,0.791219186140071
0.0361969461666728,1.62356985411432,4.38928042942698,0.609347771199248,0.121318711719575,1.56119827708474e-08,0.0193093149707362,3.41755617311879e-22,2.37993788273005e-20,0.000226199514345408,-5.23559272435072,-1.43218486210563,-0.437646898245246,-2.4121783219937,-4.026146415686,-19.8920392918177,-5.86397985913934,-51.3447585200894,-47.1014396728365,-10.3109053419038,1.91681220060514,1.71873070190716
0.0426283755440552,1.91204377144156,5.16916243851695,0.717615942184943,0.142874472887567,1.83859008845268e-08,0.0227401705735291,4.024783398019e-22,2.80280235159589e-20,0.000266390368983033,-5.23559272435072,-1.43218486210563,-0.437646898245246,-2.4121783219937,-4.026146415686,-19.8920392918177,-5.86397985913934,-51.3447585200894,-47.1014396728365,-10.3109053419038,2.08035756948616,2.91872512841567
0.0380218753174714,3.02802473616548,3.66788250183151,0.748522432007889,0.386494228280461,7.47920293419707e-09,0.0309079929574694,1.85053847883174e-22,3.29390220953639e-20,0.000113046226307027,-5.33645217813656,-0.958948054812808,-0.767244038923227,-2.35651266578691,-3.01749690386161,-20.777998169735,-5.54359901626325,-52.1082539389903,-46.926487475515,-11.154572300038,2.0668585594978,0.555663572197935
0.00215629501297259,0.171725213005235,0.208012800021845,0.0424501730585357,0.0219188446131403,4.2416024599945e-10,0.00175285281219568,1.04947661310782e-23,1.86803645226279e-21,6.41107288859058e-06,-5.33645217813656,-0.958948054812808,-0.767244038923227,-2.35651266578691,-3.01749690386161,-20.777998169735,-5.54359901626325,-52.1082539389903,-46.926487475515,-11.154572300038,-0.802911623684447,0.620020512763968
0.00172841739244294,0.137649460344501,0.166736434136103,0.0340267064502635,0.0175694476051211,3.3999334133675e-10,0.00140503097617192,8.41227021416253e-24,1.49735851281191e-21,5.13891179926417e-06,-5.33645217813656,-0.958948054812808,-0.767244038923227,-2.35651266578691,-3.01749690386161,-20.777998169735,-5.54359901626325,-52.1082539389903,-46.926487475515,-11.154572300038,-1.02409691307876,0.397215424121657
0.00655575181255053,0.266541970079734,1.17701648065889,0.149808191951398,0.0464760441710933,1.79465597088807e-09,0.00448108386399023,1.13995474358419e-22,3.34097437060205e-21,2.08056274345868e-05,-5.5287332689713,-1.82354435516625,-0.338337963179102,-2.39972031708861,-3.57013907187371,-20.6397732866659,-5.9092111215084,-51.0272042764792,-47.6493452543237,-11.2816078517275,0.501320793618254,1.22333708004269
0.00738308493469879,0.300179454626884,1.32555546560021,0.168713922783559,0.0523413014030036,2.02114079978814e-09,0.00504659476339704,1.28381655289059e-22,3.76260393134225e-21,2.34312888683765e-05,-5.5287332689713,-1.82354435516625,-0.338337963179102,-2.39972031708861,-3.57013907187371,-20.6397732866659,-5.9092111215084,-51.0272042764792,-47.6493452543237,-11.2816078517275,0.620169554090335,0.593567144824765
0.0404324065296596,1.64388976270402,7.25921453386972,0.923937618696346,0.286639635780381,1.10684879279463e-08,0.027636952963273,7.03063736027522e-22,2.06053611881321e-20,0.000128318095405838,-5.5287332689713,-1.82354435516625,-0.338337963179102,-2.39972031708861,-3.57013907187371,-20.6397732866659,-5.9092111215084,-51.0272042764792,-47.6493452543237,-11.2816078517275,2.32060959523571,0.656393320506606
0.0337613636343284,1.37266031920924,6.06149874848028,0.771494862601378,0.239346252330887,9.24227069055229e-09,0.0230770636433286,5.87063508889153e-22,1.7205631610844e-20,0.000107146575029686,-5.5287332689713,-1.82354435516625,-0.338337963179102,-2.39972031708861,-3.57013907187371,-20.6397732866659,-5.9092111215084,-51.0272042764792,-47.6493452543237,-11.2816078517275,2.14029505091328,0.684682676003899
0.039833383407665,1.61953484390522,7.15166621492122,0.910249093961274,0.282392948920755,1.09045036202229e-08,0.0272274998718689,6.9264755083688e-22,2.03000840886924e-20,0.000126417008809322,-5.5287332689713,-1.82354435516625,-0.338337963179102,-2.39972031708861,-3.57013907187371,-20.6397732866659,-5.9092111215084,-51.0272042764792,-47.6493452543237,-11.2816078517275,2.30568332978802,2.58582811539977
0.008056418821458,0.327555680242176,1.44644550298456,0.184100553491863,0.0571148035668599,2.20546789373949e-09,0.00550684184127729,1.40090002099224e-22,4.10575164694272e-21,2.55682114346297e-05,-5.5287332689713,-1.82354435516625,-0.338337963179102,-2.39972031708861,-3.57013907187371,-20.6397732866659,-5.9092111215084,-51.0272042764792,-47.6493452543237,-11.2816078517275,0.70744713281498,2.18555771642178
0.0251248700180305,1.02152011608836,4.51090689995617,0.574138780423213,0.178119093299943,6.87800564831062e-09,0.0171737205498093,4.36886806851937e-22,1.28042594038181e-20,7.97374122578613e-05,-5.5287332689713,-1.82354435516625,-0.338337963179102,-2.39972031708861,-3.57013907187371,-20.6397732866659,-5.9092111215084,-51.0272042764792,-47.6493452543237,-11.2816078517275,1.8448361829433,2.28463477979706
0.0063486483673566,0.258121614661976,1.13983322919293,0.145075585599216,0.0450078145702729,1.73796080530886e-09,0.00433952147222022,1.10394231335316e-22,3.2354292977804e-21,2.01483546694899e-05,-5.5287332689713,-1.82354435516625,-0.338337963179102,-2.39972031708861,-3.57013907187371,-20.6397732866659,-5.9092111215084,-51.0272042764792,-47.6493452543237,-11.2816078517275,0.469219924702417,5.37257400581559
0.0142888268033046,0.562592790045842,1.34365515801753,0.689218221960692,0.0965697227647895,5.44380671224316e-09,0.014033716747038,4.70148459941205e-22,1.24712591678051e-20,4.23211768435058e-05,-5.24905659832762,-1.57597840720449,-0.705385578455039,-1.37297654416294,-3.33826922460671,-20.0295664662967,-5.26707171447149,-50.1097729235928,-46.8316394312925,-11.0710021713675,1.00077920877801,1.20048039932149
0.013938409029007,0.548795820144983,1.31070349190963,0.672315902500216,0.0942014564416261,5.31030333522905e-09,0.0136895552665109,4.58618585642219e-22,1.21654152423079e-20,4.12832964913044e-05,-5.24905659832762,-1.57597840720449,-0.705385578455039,-1.37297654416294,-3.33826922460671,-20.0295664662967,-5.26707171447149,-50.1097729235928,-46.8316394312925,-11.0710021713675,0.975949588251129,3.04713062392536
0.005697668168387,0.22433381520636,0.535782351379256,0.27482569271744,0.0385071666835269,2.17071734762898e-09,0.00559594306057831,1.87471648407387e-22,4.97291326700623e-21,1.68755647660417e-05,-5.24905659832762,-1.57597840720449,-0.705385578455039,-1.37297654416294,-3.33826922460671,-20.0295664662967,-5.26707171447149,-50.1097729235928,-46.8316394312925,-11.0710021713675,0.0813583172190712,1.8035112702153
0.00980292793182539,0.385969866644928,0.921821984449069,0.472841938123215,0.0662521875092398,3.73475342724184e-09,0.009627908279709,3.22547927377525e-22,8.55597569513797e-21,2.90346752954537e-05,-5.24905659832762,-1.57597840720449,-0.705385578455039,-1.37297654416294,-3.33826922460671,-20.0295664662967,-5.26707171447149,-50.1097729235928,-46.8316394312925,-11.0710021713675,0.623982428953185,2.78948666675768
0.0306527137225303,0.818319525768796,2.94886478990359,0.770620322594411,0.148574021477693,1.94873009401629e-08,0.0342509685140867,2.96083139123159e-22,2.15178914082689e-20,4.82282896753524e-05,-5.04345878442683,-1.75892710333029,-0.477004423669861,-1.81898417768672,-3.46509668677932,-19.3119275203381,-4.93246513986886,-51.1298266445338,-46.8438269082478,-11.497989489333,1.5584247029787,1.25171926641488
0.0270936614110908,0.723305360757272,2.60647539685893,0.681144458721518,0.131323257994022,1.72246522206199e-08,0.0302741268627225,2.61705256948896e-22,1.90194731002803e-20,4.26285568947709e-05,-5.04345878442683,-1.75892710333029,-0.477004423669861,-1.81898417768672,-3.46509668677932,-19.3119275203381,-4.93246513986886,-51.1298266445338,-46.8438269082478,-11.497989489333,1.43500330970264,1.67272782810465
0.00433164335000477,0.115639625387232,0.416714509288631,0.108899082344252,0.0209955202643047,2.75381939397276e-09,0.00484012545637084,4.18405552030681e-23,3.04076931225322e-21,6.81531012703757e-06,-5.04345878442683,-1.75892710333029,-0.477004423669861,-1.81898417768672,-3.46509668677932,-19.3119275203381,-4.93246513986886,-51.1298266445338,-46.8438269082478,-11.497989489333,-0.3983494979829,0.806373582957802
0.00309307630730523,0.082574246439404,0.297561380622338,0.0777610583950585,0.0149921729564822,1.9664069346996e-09,0.00345616574676424,2.98768895603937e-23,2.1713079207458e-21,4.86657662636378e-06,-5.04345878442683,-1.75892710333029,-0.477004423669861,-1.81898417768672,-3.46509668677932,-19.3119275203381,-4.93246513986886,-51.1298266445338,-46.8438269082478,-11.497989489333,-0.735130330188304,1.00861387625951
0.0120743684191511,0.322343121987761,1.16158328472522,0.30355399428961,0.0585245890160114,7.67621598453943e-09,0.0134917520287235,1.16629703224094e-22,8.47608309067128e-21,1.89975394360509e-05,-5.04345878442683,-1.75892710333029,-0.477004423669861,-1.81898417768672,-3.46509668677932,-19.3119275203381,-4.93246513986886,-51.1298266445338,-46.8438269082478,-11.497989489333,0.626788398783182,1.56631130460679
0.0177002903222118,0.532679591432503,1.65285609612612,0.256004304956875,0.166847406375246,7.66148897575501e-09,0.0365165405316832,1.29712306246796e-22,1.20384774345927e-20,1.25389766113849e-05,-5.01348362690003,-1.60914456710013,-0.476804630883772,-2.34187040815418,-2.76998500830299,-19.6663688785741,-4.28929934553846,-51.3760326523875,-46.8454883696598,-12.2659780257752,0.979309389748004,3.01039498067012
0.0188243682496316,0.566508040583129,1.75782268260776,0.272262161934812,0.177443248778932,8.14804091880472e-09,0.0388355667425633,1.37949840078869e-22,1.28029952203256e-20,1.33352791908744e-05,-5.01348362690003,-1.60914456710013,-0.476804630883772,-2.34187040815418,-2.76998500830299,-19.6663688785741,-4.28929934553846,-51.3760326523875,-46.8454883696598,-12.2659780257752,1.04088056192421,8.39273769035418
0.0109543454722214,1.02597372289165,2.03416796741143,0.418395435145446,0.181543638059272,1.11286388850129e-08,0.0645127368080069,1.20001843776861e-22,1.75563628044199e-20,1.41037408075121e-05,-5.83191731993874,-1.29225613007057,-0.607811391209332,-2.18922654182964,-3.02415748937174,-19.6316422368634,-4.05879087005791,-51.7924333896604,-46.8067687809856,-12.4869687555446,1.31789826527447,4.65589884078511
0.00613813515583278,0.574891981762997,1.13982144759809,0.234442827827432,0.101725784522242,6.23579836420963e-09,0.0361489327504213,6.72415835267725e-23,9.83749581493811e-21,7.90286078697022e-06,-5.83191731993874,-1.29225613007057,-0.607811391209332,-2.18922654182964,-3.02415748937174,-19.6316422368634,-4.05879087005791,-51.7924333896604,-46.8067687809856,-12.4869687555446,0.738683016434816,3.2049537793362
0.0124414666857382,1.0636574418848,2.20798539738258,0.439698814065183,0.134136359047132,2.05910497052013e-08,0.0428978238914191,8.53518101830786e-23,2.27209362040949e-20,5.05121317936516e-06,-5.74790769406802,-1.29947401026436,-0.569106881341273,-2.18285269617436,-3.37008578784068,-19.0595967321248,-4.51012157570646,-52.176447970131,-46.5921875499348,-13.5570695062208,1.36118739622999,2.61425053047519
0.0161575941305359,1.22052859336902,1.64197211107024,0.814443928436455,0.119836481285271,5.4619881380327e-08,0.0573741361706429,8.81653835587746e-23,9.29574823143667e-20,5.56362036208953e-06,-5.47870190879355,-1.15405275559732,-0.857438767605921,-1.55858648876841,-3.47496391517609,-18.0762046863892,-4.21149846032416,-52.1361646163014,-45.1754815374355,-13.4525983111035,1.35333679376003,1.50401854234299
0.00657132816554959,0.496391595039928,0.667793577023398,0.331236091398085,0.0487377537997447,2.22140228312331e-08,0.0233341841580049,3.58570504696198e-23,3.7806007305044e-20,2.2627363264887e-06,-5.47870190879355,-1.15405275559732,-0.857438767605921,-1.55858648876841,-3.47496391517609,-18.0762046863892,-4.21149846032416,-52.1361646163014,-45.1754815374355,-13.4525983111035,0.453662597972974,2.21590683102283
0.038511288572934,2.82257130176748,2.37655704168936,1.0543768990103,0.12999680906924,1.45812222173963e-07,0.0894279199398248,6.55996067362794e-23,1.49154741885407e-19,1.61447407461403e-05,-5.130367196241,-0.835915046619647,-1.00791050608376,-1.82061334986841,-3.91380869971067,-17.6145095177932,-4.28788566724346,-52.9520358560605,-45.2228659749531,-12.9074795369866,1.87356332526164,1.09866292595821
0.0151214194472319,1.10827983573996,0.933152776739706,0.414000048718489,0.0510431187732118,5.72530251188499e-08,0.0351137844983447,2.57576208376963e-23,5.8565462184456e-20,6.33921651899181e-06,-5.130367196241,-0.835915046619647,-1.00791050608376,-1.82061334986841,-3.91380869971067,-17.6145095177932,-4.28788566724346,-52.9520358560605,-45.2228659749531,-12.9074795369866,0.938724162389095,1.8302125387421
0.00369125739518272,0.270539822923561,0.22778993070034,0.101060667404334,0.0124600266729125,1.39759136438228e-08,0.00857155091522138,6.28763779294964e-24,1.42962898519584e-20,1.54745260106362e-06,-5.130367196241,-0.835915046619647,-1.00791050608376,-1.82061334986841,-3.91380869971067,-17.6145095177932,-4.28788566724346,-52.9520358560605,-45.2228659749531,-12.9074795369866,-0.471420925231259,3.0785989044048
0.0113042026318624,0.662055048103785,0.701541483665197,0.286857253117299,0.148701452041472,6.29274903632998e-08,0.0407124277545782,4.74851250192802e-23,7.84118850829176e-20,6.60870509047539e-06,-5.09840319242331,-1.02822905660751,-0.970297729869063,-1.86459304719343,-2.52163714499862,-17.1971052043575,-3.81704436724873,-52.01744821169,-44.6081339259032,-12.5429453092247,0.61582248434058,1.02197038159602
0.0102406455805085,0.599765531741923,0.635536882007907,0.259868259358025,0.134710860841391,5.70069510488994e-08,0.0368819948592876,4.30174822147957e-23,7.10344949205346e-20,5.98692440162948e-06,-5.09840319242331,-1.02822905660751,-0.970297729869063,-1.86459304719343,-2.52163714499862,-17.1971052043575,-3.81704436724873,-52.01744821169,-44.6081339259032,-12.5429453092247,0.517012576036817,0.515741364468594
0.0513592154251729,3.00796340495919,3.18736503251447,1.30329966110113,0.675606246468687,2.85903096307266e-07,0.184971768078142,2.15742661802823e-22,3.56254485965806e-19,3.00258160152286e-05,-5.09840319242331,-1.02822905660751,-0.970297729869063,-1.86459304719343,-2.52163714499862,-17.1971052043575,-3.81704436724873,-52.01744821169,-44.6081339259032,-12.5429453092247,2.12949229671657,1.39439198750159
0.0344645031793049,2.01848808388606,2.13887520257676,0.874576742299516,0.453364278184938,1.91854725390243e-07,0.124124950824038,1.44773700144389e-22,2.39063890726652e-19,2.01487663499405e-05,-5.09840319242331,-1.02822905660751,-0.970297729869063,-1.86459304719343,-2.52163714499862,-17.1971052043575,-3.81704436724873,-52.01744821169,-44.6081339259032,-12.5429453092247,1.73057781445088,0.480983989742438
0.0013615317916011,0.0797410507524484,0.0844969843733069,0.0345504484031193,0.0179103083167535,7.57928546448828e-09,0.0049035979366542,5.71933372458055e-24,9.44429942177844e-21,7.95983792491152e-07,-5.09840319242331,-1.02822905660751,-0.970297729869063,-1.86459304719343,-2.52163714499862,-17.1971052043575,-3.81704436724873,-52.01744821169,-44.6081339259032,-12.5429453092247,-1.50074170327663,0.646427139707215
0.00322886778102442,0.189105617061528,0.200384296657413,0.0819362649898835,0.0424742322058991,1.79742484093554e-08,0.0116288649934069,1.35633795010458e-23,2.23971223481076e-20,1.88767272100929e-06,-5.09840319242331,-1.02822905660751,-0.970297729869063,-1.86459304719343,-2.52163714499862,-17.1971052043575,-3.81704436724873,-52.01744821169,-44.6081339259032,-12.5429453092247,-0.637220542965616,4.29884776623659
0.00296916042450961,0.108553654226158,0.358163625706763,0.0816537495365387,0.0264029862285012,2.02104518068036e-08,0.00672892834939379,1.60692056432506e-23,3.53761436350666e-20,1.28440685679984e-06,-5.28243205894429,-1.68346672669749,-0.489721349415887,-1.96822354601932,-3.09723416797433,-17.1800219576379,-4.46429539032791,-51.9480934918289,-44.2512052759911,-13.028169543685,-0.53704399253657,2.15471351517371
0.0102970709082712,0.277685681115926,0.435606726741036,0.0757412091665414,0.0684464652187834,3.8491665931802e-08,0.0197928490971211,6.88291512728239e-23,1.03263646053328e-19,6.49140794784078e-06,-4.45663527408229,-1.16200492047386,-0.711754917624979,-2.46117236398871,-2.56244284097521,-16.9535635604443,-3.80317403528044,-50.9111543383518,-43.5977410366564,-11.8257705817159,-0.119260527945051,1.70473342299146
0.0130211580672476,0.351147348506398,0.550846361511915,0.0957785243539304,0.0865539579845218,4.86746251273348e-08,0.0250290416556978,8.70378835245305e-23,1.30582014034751e-19,8.20870806084541e-06,-4.45663527408229,-1.16200492047386,-0.711754917624979,-2.46117236398871,-2.56244284097521,-16.9535635604443,-3.80317403528044,-50.9111543383518,-43.5977410366564,-11.8257705817159,0.115455573182295,0.748046721569927
0.0278562449597566,0.751211720681528,1.17842906922871,0.204899596680118,0.185165424104476,1.04129930215797e-07,0.0535447854843871,1.86200689041368e-22,2.79354920008223e-19,1.75609405373245e-05,-4.45663527408229,-1.16200492047386,-0.711754917624979,-2.46117236398871,-2.56244284097521,-16.9535635604443,-3.80317403528044,-50.9111543383518,-43.5977410366564,-11.8257705817159,0.875937171875251,1.76973840998598
0.0799028127438663,2.15477461284998,3.38020423738165,0.587733706695844,0.531128234628641,2.986861411897e-07,0.153587785221963,5.34097787075944e-22,8.01301248418151e-19,5.03717764324351e-05,-4.45663527408229,-1.16200492047386,-0.711754917624979,-2.46117236398871,-2.56244284097521,-16.9535635604443,-3.80317403528044,-50.9111543383518,-43.5977410366564,-11.8257705817159,1.92969105055522,1.29026435987375
0.0571882032083486,1.5422196565579,2.41928663303461,0.420653960689238,0.38014017740528,2.13776250813965e-07,0.10992616116969,3.82265551506171e-22,5.73508954841626e-19,3.60521900000916e-05,-4.45663527408229,-1.16200492047386,-0.711754917624979,-2.46117236398871,-2.56244284097521,-16.9535635604443,-3.80317403528044,-50.9111543383518,-43.5977410366564,-11.8257705817159,1.59522763459972,3.41280378722929
0.096678680764687,1.65747991815807,3.11539251346458,0.531152491625056,0.367158192593372,5.7267403225491e-07,0.124264237181461,6.78829880695051e-22,4.42327156859812e-19,7.25281788905009e-05,-4.10999166410994,-1.2683309682275,-0.637274143656347,-2.4063354162566,-2.77559177680119,-16.1465784567313,-3.85897433109855,-50.5153009750754,-44.0358664661901,-11.3051646927565,1.77362929549025,1.46218005103286
0.00918724873329716,0.157508151312355,0.296051680646281,0.0504747273884227,0.034890563391461,5.4420465151277e-08,0.0118086681221711,6.45083167479242e-23,4.20337718659436e-20,6.89225809009477e-06,-4.10999166410994,-1.2683309682275,-0.637274143656347,-2.4063354162566,-2.77559177680119,-16.1465784567313,-3.85897433109855,-50.5153009750754,-44.0358664661901,-11.3051646927565,-0.579947099463995,4.10230694701261
0.003225046728875,0.189294595023658,0.425869940038401,0.0537219847693373,0.00905758595694685,3.38605792387613e-08,0.0095344705951909,6.13781793540415e-23,3.27208044694865e-20,6.09052074060484e-06,-5.36677224876443,-1.29441518311028,-0.483585693900727,-2.55389737094581,-4.33411705459836,-16.8309787630122,-4.28280597323617,-50.7749522544803,-44.4962402644656,-11.6387413819082,-0.370035590501298,1.55995234169738
0.00562824584539283,0.330350722815377,0.74321426081629,0.0937538469992194,0.0158070021358287,5.90923730552059e-08,0.0166392455758688,1.07115186844956e-22,5.71032754857287e-20,1.06289771703698e-05,-5.36677224876443,-1.29441518311028,-0.483585693900727,-2.55389737094581,-4.33411705459836,-16.8309787630122,-4.28280597323617,-50.7749522544803,-44.4962402644656,-11.6387413819082,0.186814790630638,1.79595138218235
0.00130276642928114,0.0764660683621214,0.172031324741623,0.0217011423881785,0.00365883657107656,1.36780734100123e-08,0.0038514754224091,2.47938830891717e-23,1.32176582808117e-20,2.46028247797462e-06,-5.36677224876443,-1.29441518311028,-0.483585693900727,-2.55389737094581,-4.33411705459836,-16.8309787630122,-4.28280597323617,-50.7749522544803,-44.4962402644656,-11.6387413819082,-1.27649300425907,2.02728840549134
0.00339241388478724,0.199118235008472,0.447970903728192,0.0565099430709341,0.00952763880532021,3.56178092329789e-08,0.0100292718681023,6.45634638404899e-23,3.44188846660263e-20,6.40659465210911e-06,-5.36677224876443,-1.29441518311028,-0.483585693900727,-2.55389737094581,-4.33411705459836,-16.8309787630122,-4.28280597323617,-50.7749522544803,-44.4962402644656,-11.6387413819082,-0.319441301810861,3.69255309120897
0.00161228745209875,0.094633450602194,0.212903817610568,0.0268570626186421,0.00452813041558174,1.69278127162189e-08,0.00476653785056726,3.06845998599554e-23,1.63580087061661e-20,3.0448148483882e-06,-5.36677224876443,-1.29441518311028,-0.483585693900727,-2.55389737094581,-4.33411705459836,-16.8309787630122,-4.28280597323617,-50.7749522544803,-44.4962402644656,-11.6387413819082,-1.0633290818699,1.54358026110907
0.00281871177185928,0.0683194108807639,0.0906965671821436,0.0299089406799393,0.00494210046994526,7.67112828545339e-09,0.00654059182798961,2.05908080669621e-23,1.65383924770182e-20,1.5772412328006e-06,-4.27804808535319,-1.09013412093674,-0.806808539082334,-1.91617059234503,-3.71653761026557,-17.0923748971343,-3.43630039248904,-50.6437702344428,-43.9551752264839,-11.7664060607041,-1.5934272315419,2.07245363977945
0.0107723857429087,0.261099079048584,0.346618769963564,0.11430421846699,0.0188874269352285,2.93170638442868e-08,0.0249964465545708,7.86927310092437e-23,6.3205449066735e-20,6.02780714898758e-06,-4.27804808535319,-1.09013412093674,-0.806808539082334,-1.91617059234503,-3.71653761026557,-17.0923748971343,-3.43630039248904,-50.6437702344428,-43.9551752264839,-11.7664060607041,-0.252721209544602,2.92523456840359
0.00385004732660731,0.0933167299483654,0.123881440982432,0.0408522922620431,0.0067503605342332,1.04779095338258e-08,0.00893372225325851,2.81247576791435e-23,2.25896079117467e-20,2.15433640728481e-06,-4.27804808535319,-1.09013412093674,-0.806808539082334,-1.91617059234503,-3.71653761026557,-17.0923748971343,-3.43630039248904,-50.6437702344428,-43.9551752264839,-11.7664060607041,-1.28162175277953,1.87442699786095
0.0430485205279126,1.04340202184471,1.3851551170045,0.456781590683605,0.0754777823172429,1.17156612735457e-07,0.0998905969680551,3.14471253359911e-22,2.52581102883027e-19,2.40882740355179e-05,-4.27804808535319,-1.09013412093674,-0.806808539082334,-1.91617059234503,-3.71653761026557,-17.0923748971343,-3.43630039248904,-50.6437702344428,-43.9551752264839,-11.7664060607041,1.13262067028753,2.97123883314537
0.0294055144108148,0.712725380881183,0.946169537414873,0.312017636906533,0.0515572425813549,8.00271512671604e-08,0.0682331088880156,2.1480851976007e-22,1.72532694960111e-19,1.6454179623288e-05,-4.27804808535319,-1.09013412093674,-0.806808539082334,-1.91617059234503,-3.71653761026557,-17.0923748971343,-3.43630039248904,-50.6437702344428,-43.9551752264839,-11.7664060607041,0.751475028121274,1.27733739234587
0.270365231146805,6.55306211120951,8.69943447046636,2.86880614790704,0.474036454967553,7.35799379262301e-07,0.627360569131506,1.97502938686476e-21,1.58632973739496e-18,0.000151285844383841,-4.27804808535319,-1.09013412093674,-0.806808539082334,-1.91617059234503,-3.71653761026557,-17.0923748971343,-3.43630039248904,-50.6437702344428,-43.9551752264839,-11.7664060607041,2.97006655923539,2.66341080673828
0.0625747570770125,1.51667530614117,2.01344306140178,0.663971646963913,0.10971350084263,1.70297294587241e-07,0.145199643632373,4.57111232752842e-22,3.67148532895604e-19,3.50143948663624e-05,-4.27804808535319,-1.09013412093674,-0.806808539082334,-1.91617059234503,-3.71653761026557,-17.0923748971343,-3.43630039248904,-50.6437702344428,-43.9551752264839,-11.7664060607041,1.50665476157208,2.87649769551474
0.0716459807275895,1.73654193527377,2.30532421557389,0.760225081872799,0.125618248221935,1.94984643263447e-07,0.166248681661435,5.23376903115553e-22,4.20372654097998e-19,4.00902980205924e-05,-4.27804808535319,-1.09013412093674,-0.806808539082334,-1.91617059234503,-3.71653761026557,-17.0923748971343,-3.43630039248904,-50.6437702344428,-43.9551752264839,-11.7664060607041,1.64202986315539,1.50907297911325
0.0593492027694166,1.43849492166238,1.90965568382058,0.629745759305249,0.104058075687581,1.61518943734808e-07,0.137715006729934,4.33548422847853e-22,3.48223049407885e-19,3.320950040948e-05,-4.27804808535319,-1.09013412093674,-0.806808539082334,-1.91617059234503,-3.71653761026557,-17.0923748971343,-3.43630039248904,-50.6437702344428,-43.9551752264839,-11.7664060607041,1.45373149463923,1.54268235844455
0.040120161446586,0.428212058374342,1.06272821804364,0.154223574350748,0.0535619831844611,6.09163046720204e-08,0.0430436067643712,1.41980188633441e-22,1.45073996040001e-19,1.3218042219725e-05,-3.79355811943641,-1.42581857024268,-0.516842435427819,-2.44703377551834,-3.5045975591345,-17.1914467970911,-3.72322339398451,-50.8840365282874,-43.9547248507371,-11.811609654445,0.577681827632284,1.76218382240591
0.500104548274705,5.33773520089623,13.2470856611851,1.92242274714361,0.667659113007923,7.59331965080053e-07,0.536545784983168,1.76980688861427e-21,1.80837171736169e-18,0.000164765115468748,-3.79355811943641,-1.42581857024268,-0.516842435427819,-2.44703377551834,-3.5045975591345,-17.1914467970911,-3.72322339398451,-50.8840365282874,-43.9547248507371,-11.811609654445,3.10062001356824,1.02696732114847
0.103030274910199,1.09966671377702,2.7291311029652,0.396052675015924,0.137549442805149,1.56435652065548e-07,0.110537806383555,3.64611141612198e-22,3.72556170149569e-19,3.39444926084358e-05,-3.79355811943641,-1.42581857024268,-0.516842435427819,-2.44703377551834,-3.5045975591345,-17.1914467970911,-3.72322339398451,-50.8840365282874,-43.9547248507371,-11.811609654445,1.52082571666159,2.24034464602524
0.0934529024318745,0.997445131537845,2.47543960172383,0.359236855656318,0.124763276320791,1.41893882570832e-07,0.100262557233778,3.30718028971171e-22,3.37924512476806e-19,3.07891186216917e-05,-3.79355811943641,-1.42581857024268,-0.516842435427819,-2.44703377551834,-3.5045975591345,-17.1914467970911,-3.72322339398451,-50.8840365282874,-43.9547248507371,-11.811609654445,1.42326043253458,1.63826555234097
0.201347709962172,2.14903216296001,5.33342552223144,0.773988997004553,0.268807060250285,3.05715580466912e-07,0.216019361289382,7.12544137675031e-22,7.28070771016329e-19,6.63362866739263e-05,-3.79355811943641,-1.42581857024268,-0.516842435427819,-2.44703377551834,-3.5045975591345,-17.1914467970911,-3.72322339398451,-50.8840365282874,-43.9547248507371,-11.811609654445,2.19083615426849,2.27330281956632
0.351117717256153,3.7475631955801,9.30062822603461,1.3497111532119,0.468755872093849,5.33118339231913e-07,0.376702695219677,1.24256129414988e-21,1.26963722193914e-18,0.000115679714224585,-3.79355811943641,-1.42581857024268,-0.516842435427819,-2.44703377551834,-3.5045975591345,-17.1914467970911,-3.72322339398451,-50.8840365282874,-43.9547248507371,-11.811609654445,2.74692438449207,2.43343883889473
0.233428425106829,2.4914372922241,6.18319980054876,0.897308604377623,0.311636068488731,3.54425220393212e-07,0.250437709511755,8.26073740336232e-22,8.44074230973803e-19,7.690564212843e-05,-3.79355811943641,-1.42581857024268,-0.516842435427819,-2.44703377551834,-3.5045975591345,-17.1914467970911,-3.72322339398451,-50.8840365282874,-43.9547248507371,-11.811609654445,2.33867833998138,5.86655710285537
0.398746945550367,4.25592131656624,10.5622613572794,1.5327998937914,0.532342752928813,6.05436008888511e-07,0.427802533786281,1.41111512279488e-21,1.44186390866728e-18,0.000131371703682903,-3.79355811943641,-1.42581857024268,-0.516842435427819,-2.44703377551834,-3.5045975591345,-17.1914467970911,-3.72322339398451,-50.8840365282874,-43.9547248507371,-11.811609654445,2.87412983446221,5.98493227545256
0.197754253521691,2.11067834474057,5.23823977466923,0.76017560053399,0.264009655491698,3.00259468640309e-07,0.21216405960634,6.99827348787108e-22,7.15076878005445e-19,6.51523816936769e-05,-3.79355811943641,-1.42581857024268,-0.516842435427819,-2.44703377551834,-3.5045975591345,-17.1914467970911,-3.72322339398451,-50.8840365282874,-43.9547248507371,-11.811609654445,2.17282795646207,2.4322699645632
0.0955826393708306,1.00868614484956,2.74408599176769,0.584967675442279,0.0939838175483095,2.42249994253682e-07,0.0701913475577969,9.57443363688579e-22,2.3522977667845e-19,1.45806515121769e-05,-3.87327945514367,-1.51686674585478,-0.516067335708441,-2.06171407211997,-3.89014804846249,-16.758810993085,-4.18204561289804,-49.9232910459352,-44.4192395265286,-12.6613305302364,1.52551538318881,2.17466706160536
0.136573120760551,1.44125978919215,3.92088343655213,0.835830246005718,0.134288646432586,3.46138565928193e-07,0.100292808918627,1.36804161290333e-21,3.36107737851269e-19,2.08335435477391e-05,-3.87327945514367,-1.51686674585478,-0.516067335708441,-2.06171407211997,-3.89014804846249,-16.758810993085,-4.18204561289804,-49.9232910459352,-44.4192395265286,-12.6613305302364,1.88238433058698,3.58359503558542
0.335537390532207,3.54093503942411,9.6329569797871,2.05349557885815,0.329924817937582,8.50404754078474e-07,0.246402712380736,3.36105018598687e-21,8.25760681664628e-19,5.11845434783875e-05,-3.87327945514367,-1.51686674585478,-0.516067335708441,-2.06171407211997,-3.89014804846249,-16.758810993085,-4.18204561289804,-49.9232910459352,-44.4192395265286,-12.6613305302364,2.78125757355338,2.51737499355625
0.24272164531368,2.56144800242578,6.9683058679727,1.48546135127965,0.238661612384268,6.15167331322173e-07,0.178243240385054,2.43132257132541e-21,5.9734025758225e-19,3.70259677706807e-05,-3.87327945514367,-1.51686674585478,-0.516067335708441,-2.06171407211997,-3.89014804846249,-16.758810993085,-4.18204561289804,-49.9232910459352,-44.4192395265286,-12.6613305302364,2.45743947038776,1.31940237862902
0.13654212641427,1.44093270502846,3.9199936185683,0.835640559983075,0.134258170532307,3.46060012121163e-07,0.1002700481438,1.36773114510966e-21,3.36031460472845e-19,2.08288155159025e-05,-3.87327945514367,-1.51686674585478,-0.516067335708441,-2.06171407211997,-3.89014804846249,-16.758810993085,-4.18204561289804,-49.9232910459352,-44.4192395265286,-12.6613305302364,1.88215736159324,0.785255802021655
0.0353808697546792,0.373375263009977,1.01575086971287,0.216531634528569,0.0347890498694374,8.96712577846745e-08,0.0259820291864185,3.544072351541e-22,8.70726540495843e-20,5.39717395843463e-06,-3.87327945514367,-1.51686674585478,-0.516067335708441,-2.06171407211997,-3.89014804846249,-16.758810993085,-4.18204561289804,-49.9232910459352,-44.4192395265286,-12.6613305302364,0.53169544782106,1.20003054502811
0.0562872750175122,0.594001115843091,1.61595373288538,0.344479255236204,0.0553457512824425,1.42657622129956e-07,0.0413346995839624,5.6382496110562e-22,1.38523514514379e-19,8.58634106572771e-06,-3.87327945514367,-1.51686674585478,-0.516067335708441,-2.06171407211997,-3.89014804846249,-16.758810993085,-4.18204561289804,-49.9232910459352,-44.4192395265286,-12.6613305302364,0.995992664757246,1.22175077990809
0.0889297166352194,0.938477673621533,2.5530869546698,0.544251654487378,0.0874421790178978,2.25388454280726e-07,0.0653057572970098,8.90801588945038e-22,2.18856871100009e-19,1.35657815673427e-05,-3.87327945514367,-1.51686674585478,-0.516067335708441,-2.06171407211997,-3.89014804846249,-16.758810993085,-4.18204561289804,-49.9232910459352,-44.4192395265286,-12.6613305302364,1.45337053318792,1.06080363771687
0.085830418273557,0.905770695275443,2.46410906836609,0.525283886176546,0.0843947229770558,2.17533418939105e-07,0.0630297798818565,8.5975617454764e-22,2.1122946861068e-19,1.30929991704438e-05,-3.87327945514367,-1.51686674585478,-0.516067335708441,-2.06171407211997,-3.89014804846249,-16.758810993085,-4.18204561289804,-49.9232910459352,-44.4192395265286,-12.6613305302364,1.41789764515903,0.757409077581896
0.0210940202689363,0.222605759000887,0.605589110230373,0.129095828318564,0.0207411781612829,5.34618663239838e-08,0.0154904459411692,2.11297049892607e-22,5.19125827637154e-20,3.21778683405992e-06,-3.87327945514367,-1.51686674585478,-0.516067335708441,-2.06171407211997,-3.89014804846249,-16.758810993085,-4.18204561289804,-49.9232910459352,-44.4192395265286,-12.6613305302364,0.0145137769018273,2.38641074335566
0.0344700319609611,0.363763167458145,0.989601589394112,0.210957288910961,0.0338934477644486,8.73627794695048e-08,0.0253131532004813,3.45283448588544e-22,8.48310736515447e-20,5.25823022825789e-06,-3.87327945514367,-1.51686674585478,-0.516067335708441,-2.06171407211997,-3.89014804846249,-16.758810993085,-4.18204561289804,-49.9232910459352,-44.4192395265286,-12.6613305302364,0.505614483900819,3.89570785984693
0.0550043372187381,0.58046223900473,1.57912181795712,0.336627650103453,0.0540842733320585,1.39406072722797e-07,0.0403925710392649,5.50973879679674e-22,1.35366192495606e-19,8.39063534888566e-06,-3.87327945514367,-1.51686674585478,-0.516067335708441,-2.06171407211997,-3.89014804846249,-16.758810993085,-4.18204561289804,-49.9232910459352,-44.4192395265286,-12.6613305302364,0.972936216807345,3.29643936061583
0.00749767125331514,0.157825045139635,0.226792708787719,0.0457665761301907,0.0139485617289849,1.5348122675274e-08,0.00583788294774451,9.71291369625916e-23,2.80628424742137e-20,7.75097902600892e-07,-4.11155425924621,-1.06465962175119,-0.702110308880986,-2.30259268613037,-3.49077033092839,-17.2106641247111,-4.3617785098455,-49.9043922829003,-44.2382320364994,-13.2886679426683,-0.781608546966615,0.934798754497699
0.0130069418260651,0.228306998711931,0.265860546724149,0.0566946850391326,0.0122626941136469,1.36323818969961e-08,0.00457882709665274,5.45252474406185e-23,4.74494707518335e-20,1.55715023408231e-06,-3.79877219043852,-0.933564183166036,-0.781283481126714,-2.32657492394724,-3.85769373737506,-17.5673179655256,-4.8428125191054,-50.7198784946848,-43.9511216947069,-12.8291532933299,-0.543499886981805,0.746094109107331
0.00193903138885745,0.0340352438504137,0.0396336011993129,0.00845185404396646,0.00182808142884669,2.03226990299873e-09,0.000682596230788757,8.12844154193956e-24,7.07360841639997e-21,2.32134749384495e-07,-3.79877219043852,-0.933564183166036,-0.781283481126714,-2.32657492394724,-3.85769373737506,-17.5673179655256,-4.8428125191054,-50.7198784946848,-43.9511216947069,-12.8291532933299,-2.44679452424628,0.194572389680985
0.000186775204099722,0.00321943394995678,0.00585156982642861,0.000613542482628331,0.000233167223068203,1.3875289644774e-10,0.000132325864094787,9.3837279844059e-25,7.64342530869138e-22,1.31495560678739e-08,-4.00384129259474,-1.15678623806684,-0.559281818587688,-2.81449756112169,-3.78199117749611,-18.1165629994698,-4.34847952139572,-50.743886712338,-44.0412627155794,-13.5651143492384,-4.58176348875109,0.0880448190147537
0.00120912810400792,0.0208416748178822,0.0378813534901666,0.00397189478295321,0.00150945648114362,8.98245714232433e-10,0.000856638984469873,6.07475134667925e-24,4.94813023825679e-21,8.51263842731784e-08,-4.00384129259474,-1.15678623806684,-0.559281818587688,-2.81449756112169,-3.78199117749611,-18.1165629994698,-4.34847952139572,-50.743886712338,-44.0412627155794,-13.5651143492384,-2.7140144617179,0.0923311480294321
0.00224551365818829,0.0387057957779192,0.0703507729006276,0.00737634329600349,0.00280326388379658,1.66816321035972e-09,0.00159089391222276,1.12816310148197e-23,9.18934395426744e-21,1.58091155043035e-07,-4.00384129259474,-1.15678623806684,-0.559281818587688,-2.81449756112169,-3.78199117749611,-18.1165629994698,-4.34847952139572,-50.743886712338,-44.0412627155794,-13.5651143492384,-2.09497969038939,0.233322440796491
0.0116979391300934,0.20163673524802,0.366490337810075,0.0384268492710659,0.014603522966188,8.69024849734979e-09,0.00828771630034657,5.87713338631e-23,4.78716243076615e-20,8.23571347230927e-07,-4.00384129259474,-1.15678623806684,-0.559281818587688,-2.81449756112169,-3.78199117749611,-18.1165629994698,-4.34847952139572,-50.743886712338,-44.0412627155794,-13.5651143492384,-0.444501302825699,0.74617047976697
0.507107942282732,8.74099179035606,15.8874276063947,1.66581140879157,0.633065568140214,3.76723966880606e-07,0.359274117650349,2.54774878284823e-21,2.07524424827439e-18,3.57019784914848e-05,-4.00384129259474,-1.15678623806684,-0.559281818587688,-2.81449756112169,-3.78199117749611,-18.1165629994698,-4.34847952139572,-50.743886712338,-44.0412627155794,-13.5651143492384,3.32480989845368,0.608744387786064
0.0362838308580153,0.625422402624791,1.13675351532552,0.11918965245519,0.0452961629688423,2.69547911888856e-08,0.0257062456127339,1.82292719552871e-22,1.48484780093378e-19,2.55449469604106e-06,-4.00384129259474,-1.15678623806684,-0.559281818587688,-2.81449756112169,-3.78199117749611,-18.1165629994698,-4.34847952139572,-50.743886712338,-44.0412627155794,-13.5651143492384,0.687458224740922,0.273838130053874
0.237182383838471,4.08829974268724,7.43080050330762,0.779126272769401,0.296094752335463,1.76199741837232e-07,0.16803817209446,1.19162229449089e-21,9.70624470279678e-19,1.66983785113722e-05,-4.00384129259474,-1.15678623806684,-0.559281818587688,-2.81449756112169,-3.78199117749611,-18.1165629994698,-4.34847952139572,-50.743886712338,-44.0412627155794,-13.5651143492384,2.56491541085543,0.211364561391827
0.0180768770378106,0.311590138130161,0.566339138754391,0.0593811800094392,0.0225668885812125,1.3429079410277e-08,0.0128070446272212,9.08196019637598e-23,7.39762326155097e-20,1.27266844272241e-06,-4.00384129259474,-1.15678623806684,-0.559281818587688,-2.81449756112169,-3.78199117749611,-18.1165629994698,-4.34847952139572,-50.743886712338,-44.0412627155794,-13.5651143492384,-0.00928037655254055,0.297211866637526
0.0445467374049885,1.92314119070196,2.19137988819643,0.118916289724732,0.100822094154779,3.07833616604643e-08,0.0450135423018368,4.46049859096988e-22,2.71214089367858e-19,2.15651848131497e-06,-4.59822037466056,-0.833044126444264,-0.702472581115486,-3.61633949355489,-3.78140177177715,-18.7832955112172,-4.58779590690191,-50.6486155068455,-44.2383824586693,-14.5340194633018,1.48700401245754,0.3429385180291
0.0698478499349707,3.01542346571197,3.43601310663251,0.186456913421149,0.158085797364453,4.82673199207909e-08,0.0705797849830428,6.99391817148707e-22,4.25254959576332e-19,3.38135154311012e-06,-4.59822037466056,-0.833044126444264,-0.702472581115486,-3.61633949355489,-3.78140177177715,-18.7832955112172,-4.58779590690191,-50.6486155068455,-44.2383824586693,-14.5340194633018,1.93678439973328,0.280548593552079
0.0625530760164327,2.7004984899038,3.07716256481406,0.1669837151735,0.141575623428117,4.32263746833395e-08,0.0632085691882879,6.26348692824549e-22,3.80842156737956e-19,3.02820974892386e-06,-4.59822037466056,-0.833044126444264,-0.702472581115486,-3.61633949355489,-3.78140177177715,-18.7832955112172,-4.58779590690191,-50.6486155068455,-44.2383824586693,-14.5340194633018,1.82648050830358,0.83622401486847
0.0178279644644273,0.769656652881417,0.87700794829593,0.047591260571569,0.0403498172151045,1.23197502162507e-08,0.0180147835582067,1.78512759869444e-22,1.08542071297924e-19,8.63056131411737e-07,-4.59822037466056,-0.833044126444264,-0.702472581115486,-3.61633949355489,-3.78140177177715,-18.7832955112172,-4.58779590690191,-50.6486155068455,-44.2383824586693,-14.5340194633018,0.571233357515694,0.747155901514707
0.0103130600159288,0.445228352830908,0.507328563688218,0.02753042993145,0.0233414245020203,7.12668704354671e-09,0.0104211304874688,1.03265451858853e-22,6.27890468248515e-20,4.99257764290731e-07,-4.59822037466056,-0.833044126444264,-0.702472581115486,-3.61633949355489,-3.78140177177715,-18.7832955112172,-4.58779590690191,-50.6486155068455,-44.2383824586693,-14.5340194633018,0.0238761504396912,2.55825906580445
0.0113840850901271,0.491465912671481,0.560015313472267,0.0303895018959787,0.0257654626507908,7.86680302346091e-09,0.011503378824658,1.13989707130172e-22,6.93097733047285e-20,5.51106350764357e-07,-4.59822037466056,-0.833044126444264,-0.702472581115486,-3.61633949355489,-3.78140177177715,-18.7832955112172,-4.58779590690191,-50.6486155068455,-44.2383824586693,-14.5340194633018,0.122681430974854,1.55841821520893
0.0156083650378435,0.673833628956805,0.767819580603637,0.0416661009782892,0.0353262245704082,1.0785928978823e-08,0.0157719249673895,1.5628774252466e-22,9.502847474046e-20,7.55604778891184e-07,-4.59822037466056,-0.833044126444264,-0.702472581115486,-3.61633949355489,-3.78140177177715,-18.7832955112172,-4.58779590690191,-50.6486155068455,-44.2383824586693,-14.5340194633018,0.438272086593726,0.98989346631471
0.0271388539357652,1.17161998639365,1.33503691107301,0.0724464238106302,0.0614230411957872,1.87539021805359e-08,0.0274232417641463,2.71743402082375e-22,1.65229598966132e-19,1.31379857389132e-06,-4.59822037466056,-0.833044126444264,-0.702472581115486,-3.61633949355489,-3.78140177177715,-18.7832955112172,-4.58779590690191,-50.6486155068455,-44.2383824586693,-14.5340194633018,0.991431521329307,3.21859549881817
0.174965376791603,1.81396525676738,6.00643917079997,0.353111656591542,0.184482631481761,6.52876207595185e-08,0.267734538974148,1.28374122957768e-21,1.03933957733036e-18,9.04994149741293e-06,-3.91799931554225,-1.57931694532414,-0.382000055105048,-3.21580310844301,-3.86503210224731,-18.7192955375324,-3.49259145958665,-50.2793404465191,-43.5827783282532,-13.7875844086518,2.17483214400422,2.68983720983942
0.0432420112919534,0.4483144468621,1.48446804282611,0.0872701703711283,0.0455941637139174,1.61355811411219e-08,0.0661695483407304,3.17271644043398e-22,2.56868727763347e-19,2.23665778680751e-06,-3.91799931554225,-1.57931694532414,-0.382000055105048,-3.21580310844301,-3.86503210224731,-18.7192955375324,-3.49259145958665,-50.2793404465191,-43.5827783282532,-13.7875844086518,0.77705654286437,0.98578637591991
0.0490564672282396,0.439938973844958,1.73135740137963,0.123292656709356,0.0437263917852151,2.40579639960629e-08,0.0313061394177612,2.9070753168826e-22,5.03504161195721e-19,4.15080617504271e-06,-3.89800610051028,-1.70434210605327,-0.334317122630087,-2.97641727543346,-4.01302627671912,-18.4260226004804,-4.34716390169551,-50.4729473643849,-43.0159178247682,-13.2754308320984,0.883222848557372,1.31156521255451
0.0200192680317579,0.369065530268548,0.529454033328066,0.0408161165625088,0.01265853574833,8.27251794289419e-09,0.00515117018823956,1.15628500319103e-22,9.22960706792172e-20,1.03365563672522e-06,-3.88796102307604,-0.973682017367299,-0.612809884638626,-3.17557921724477,-4.34632448410709,-18.5872278626166,-5.24543232456221,-50.488560718915,-43.8061863389241,-13.7593098327281,-0.0230990445376811,0.304346768513211
0.0422452658854689,0.778813262833732,1.11726994096867,0.0861314056967579,0.02671242562718,1.74569179794927e-08,0.0108701553862143,2.44002764345305e-22,1.94765964461947e-19,2.18125143927333e-06,-3.88796102307604,-0.973682017367299,-0.612809884638626,-3.17557921724477,-4.34632448410709,-18.5872278626166,-5.24543232456221,-50.488560718915,-43.8061863389241,-13.7593098327281,0.723698041570933,0.578910457128464
0.0175919582276586,0.324316822246115,0.465258431177257,0.0358672163459639,0.011123705010327,7.26948607002449e-09,0.00452659760743077,1.01608697396607e-22,8.11052940292362e-20,9.08326256195148e-07,-3.88796102307604,-0.973682017367299,-0.612809884638626,-3.17557921724477,-4.34632448410709,-18.5872278626166,-5.24543232456221,-50.488560718915,-43.8061863389241,-13.7593098327281,-0.15235237716427,0.778278821207135
0.169297420262921,3.1210852506352,4.47744652042452,0.345170624031885,0.107049740434993,6.9958399307556e-08,0.0435620234876113,9.77838289683738e-22,7.80522376822568e-19,8.74134021584605e-06,-3.88796102307604,-0.973682017367299,-0.612809884638626,-3.17557921724477,-4.34632448410709,-18.5872278626166,-5.24543232456221,-50.488560718915,-43.8061863389241,-13.7593098327281,2.11186279544957,0.883837566962591
0.414519508108509,4.99304637712801,14.798631135358,1.46007284629462,0.778168563674356,1.54891630253743e-07,0.162760245840132,6.454430564003e-21,2.72449936134142e-18,2.15671840535652e-05,-3.99890458323166,-1.51022312200688,-0.423734656273285,-2.73978301271373,-3.36908145736286,-18.7988094661182,-4.93374638731578,-49.6077894906453,-43.5625163251766,-13.862606997206,3.11826934191162,1.15727364324914
0.0911486574066518,1.09792051940106,3.25406967116988,0.321055287030848,0.171111415572782,3.40591066644335e-08,0.0357893358389809,1.41926415699434e-21,5.99089919856183e-19,4.74240616441633e-06,-3.99890458323166,-1.51022312200688,-0.423734656273285,-2.73978301271373,-3.36908145736286,-18.7988094661182,-4.93374638731578,-49.6077894906453,-43.5625163251766,-13.862606997206,1.60364107577204,0.990873173328249
0.0517821485959651,0.623735830013836,1.84865826934106,0.182393609007107,0.0972095146517113,1.93492013214756e-08,0.0203321558352407,8.06293252861944e-22,3.40346902905382e-19,2.69419196832082e-06,-3.99890458323166,-1.51022312200688,-0.423734656273285,-2.73978301271373,-3.36908145736286,-18.7988094661182,-4.93374638731578,-49.6077894906453,-43.5625163251766,-13.862606997206,1.03819477241974,0.796078853459093
0.130059716634395,1.56661914396963,4.64322121008059,0.458112723140992,0.244158310780365,4.85988262211483e-08,0.0510676844858427,2.02514331357082e-21,8.54839417627356e-19,6.76692361092514e-06,-3.99890458323166,-1.51022312200688,-0.423734656273285,-2.73978301271373,-3.36908145736286,-18.7988094661182,-4.93374638731578,-49.6077894906453,-43.5625163251766,-13.862606997206,1.9591430079583,0.494014946648892
0.112870627099227,1.35956997125076,4.02955890804726,0.39756714593198,0.211889602425751,4.21758568587927e-08,0.0443184232718696,1.75749418562162e-21,7.41861228315344e-19,5.87258631083084e-06,-3.99890458323166,-1.51022312200688,-0.423734656273285,-2.73978301271373,-3.36908145736286,-18.7988094661182,-4.93374638731578,-49.6077894906453,-43.5625163251766,-13.862606997206,1.8173915741441,0.508697285048339
0.0164704515061223,0.19839290217622,0.588006430829067,0.0580142997853949,0.0309196246277322,6.15443913952219e-09,0.00646708944644575,2.56459306557453e-22,1.082548196928e-19,8.56947024517052e-07,-3.99890458323166,-1.51022312200688,-0.423734656273285,-2.73978301271373,-3.36908145736286,-18.7988094661182,-4.93374638731578,-49.6077894906453,-43.5625163251766,-13.862606997206,-0.107282738085904,0.246053279733875
0.216279054962026,2.60516412545807,7.72131080462687,0.76180534135357,0.406016021587555,8.08160165143249e-08,0.0849215331657587,3.36765366983685e-21,1.42153055667846e-18,1.12528604662826e-05,-3.99890458323166,-1.51022312200688,-0.423734656273285,-2.73978301271373,-3.36908145736286,-18.7988094661182,-4.93374638731578,-49.6077894906453,-43.5625163251766,-13.862606997206,2.46771879924216,0.262044076326098
0.132706141556588,1.5984963466383,4.73770039739231,0.467434294485806,0.249126387409548,4.95877038554315e-08,0.0521067978749784,2.06635045960136e-21,8.72233491655987e-19,6.90461540169589e-06,-3.99890458323166,-1.51022312200688,-0.423734656273285,-2.73978301271373,-3.36908145736286,-18.7988094661182,-4.93374638731578,-49.6077894906453,-43.5625163251766,-13.862606997206,1.97928652602832,0.626903342950223
0.132972478030862,1.23371042145719,1.4987833783144,0.288328174460421,0.0412255888265934,2.62751137452492e-08,0.0289176127943599,3.72013020087721e-22,1.32935418545678e-18,6.05349293825712e-06,-3.18821847642342,-0.960579140772466,-0.765951674270689,-2.41426132507407,-4.35930149954874,-18.6252489633142,-4.71390980239608,-50.5137187501115,-42.3324437965842,-13.1854804795055,1.17060537215086,1.02333409213695
0.168623693291541,1.56448019017959,1.90062178608636,0.36563176363638,0.0522785703402868,3.33197274126977e-08,0.0366707061699486,4.71753330679244e-22,1.68576697797769e-18,7.67649329905895e-06,-3.18821847642342,-0.960579140772466,-0.765951674270689,-2.41426132507407,-4.35930149954874,-18.6252489633142,-4.71390980239608,-50.5137187501115,-42.3324437965842,-13.1854804795055,1.4081327627415,1.13226252143037
0.0166845003669756,0.154797761795239,0.188057349880323,0.0361774978088156,0.00517271214383507,3.29682616596187e-09,0.00362838933608183,4.66777145322709e-23,1.66798503897523e-19,7.59551951242073e-07,-3.18821847642342,-0.960579140772466,-0.765951674270689,-2.41426132507407,-4.35930149954874,-18.6252489633142,-4.71390980239608,-50.5137187501115,-42.3324437965842,-13.1854804795055,-0.905056635845658,0.416433301174102
0.00733335005411807,0.110335547015592,0.169928890926413,0.023358992728998,0.0044045606652678,1.96691212950484e-09,0.00170103955541924,2.79026354471176e-23,1.02543065542397e-19,3.25009322828812e-07,-3.76666712630828,-1.05557342100979,-0.623719510227906,-2.60811753355037,-4.27645905215568,-18.8981452629993,-5.22786000374483,-50.7846653791415,-42.5753483830231,-13.7907562615217,-1.14865570787924,0.293913596310478
0.00667368777599969,0.100410451695634,0.154643151328628,0.0212577639257298,0.00400835395194862,1.78998102344381e-09,0.00154802468226898,2.53926889794433e-23,9.33189330897326e-20,2.9577351808408e-07,-3.76666712630828,-1.05557342100979,-0.623719510227906,-2.60811753355037,-4.27645905215568,-18.8981452629993,-5.22786000374483,-50.7846653791415,-42.5753483830231,-13.7907562615217,-1.24291555557868,0.158401687661925
0.315157832115683,4.74177716134049,7.3028589229989,1.00387537135814,0.189290267128091,8.45299567213064e-08,0.0731038249466772,1.19914282462073e-21,4.40688771112056e-18,1.396759091605e-05,-3.76666712630828,-1.05557342100979,-0.623719510227906,-2.60811753355037,-4.27645905215568,-18.8981452629993,-5.22786000374483,-50.7846653791415,-42.5753483830231,-13.7907562615217,2.61198541500147,0.415335590514831
0.0342624359376012,0.515503089769871,0.793931517839431,0.10913647733136,0.0205787227547213,9.18968825089791e-09,0.00794749444180002,1.30365010867066e-22,4.79095527700695e-19,1.51848896075704e-06,-3.76666712630828,-1.05557342100979,-0.623719510227906,-2.60811753355037,-4.27645905215568,-18.8981452629993,-5.22786000374483,-50.7846653791415,-42.5753483830231,-13.7907562615217,0.392961439200691,0.684013262324631
0.0607139549526383,0.913485294134784,1.40686793248938,0.19339276344663,0.0364660483740391,1.62843739280514e-08,0.0140831731989098,2.31010293944016e-22,8.48970118172721e-19,2.69080314451034e-06,-3.76666712630828,-1.05557342100979,-0.623719510227906,-2.60811753355037,-4.27645905215568,-18.8981452629993,-5.22786000374483,-50.7846653791415,-42.5753483830231,-13.7907562615217,0.965085419341511,0.732722429653096
0.0247368728264757,0.277762844506614,0.514375373260786,0.105843766328876,0.0143202107169866,4.18804643432072e-09,0.00459229724199119,1.40653615706411e-22,9.16059188064363e-20,8.19513696888298e-07,-3.63931978289022,-1.2208470680497,-0.604661443258518,-2.18565063605703,-4.18594286405087,-19.2308909178968,-5.32323435302735,-50.2556014514981,-43.7766505288579,-13.9544141865549,-0.0601405386336682,0.770226694022395
0.0222732969643338,0.250100098130929,0.463148091520904,0.0953026542928012,0.0128940431609407,3.77095369274834e-09,0.00413494466082573,1.26645747573361e-22,8.24827716736537e-20,7.37897310835336e-07,-3.63931978289022,-1.2208470680497,-0.604661443258518,-2.18565063605703,-4.18594286405087,-19.2308909178968,-5.32323435302735,-50.2556014514981,-43.7766505288579,-13.9544141865549,-0.165046980682176,1.4750820027644
0.270955723894862,3.04247966718872,5.63421870635145,1.15936135204221,0.156856652349167,4.58738322049393e-08,0.0503017997574991,1.54065158233625e-21,1.00340686623436e-18,8.97655611280269e-06,-3.63931978289022,-1.2208470680497,-0.604661443258518,-2.18565063605703,-4.18594286405087,-19.2308909178968,-5.32323435302735,-50.2556014514981,-43.7766505288579,-13.9544141865549,2.33351993097798,1.02078361535835
0.00919144184938792,0.103207913591673,0.191125667550974,0.0393282057176937,0.00532093870552983,1.55614598230037e-09,0.00170635283412581,5.22624479957686e-23,3.40378705778822e-20,3.04505445880924e-07,-3.63931978289022,-1.2208470680497,-0.604661443258518,-2.18565063605703,-4.18594286405087,-19.2308909178968,-5.32323435302735,-50.2556014514981,-43.7766505288579,-13.9544141865549,-1.05016267873504,0.397054390174921
0.00663400817978106,0.0744912663545702,0.137946718553598,0.0283854962803977,0.0038404367318006,1.12316275777794e-09,0.00123157594256412,3.77209052921768e-23,2.45671479552511e-20,2.19779622377359e-07,-3.63931978289022,-1.2208470680497,-0.604661443258518,-2.18565063605703,-4.18594286405087,-19.2308909178968,-5.32323435302735,-50.2556014514981,-43.7766505288579,-13.9544141865549,-1.37622632255892,0.125689690967052
0.0466938302306846,0.52431086163415,0.970945540382846,0.199792871581048,0.027031124458502,7.90544263918006e-09,0.00866851478319736,2.65500659650794e-22,1.72917217583603e-19,1.5469309197914e-06,-3.63931978289022,-1.2208470680497,-0.604661443258518,-2.18565063605703,-4.18594286405087,-19.2308909178968,-5.32323435302735,-50.2556014514981,-43.7766505288579,-13.9544141865549,0.575176544880347,0.582865125775501
0.0371021012624562,0.416608245355988,0.771496353621929,0.158751923247575,0.0214784589729017,6.28152652875864e-09,0.00688785031539211,2.10962183032468e-22,1.37396998385304e-19,1.22916426749692e-06,-3.63931978289022,-1.2208470680497,-0.604661443258518,-2.18565063605703,-4.18594286405087,-19.2308909178968,-5.32323435302735,-50.2556014514981,-43.7766505288579,-13.9544141865549,0.345238109719664,0.683258104697905
1.0564315983998,11.862350098034,21.9673036912648,4.52024393009745,0.611569748661859,1.78857878270152e-07,0.196122118980669,6.00685968286176e-21,3.91219164630981e-18,3.49987717035768e-05,-3.63931978289022,-1.2208470680497,-0.604661443258518,-2.18565063605703,-4.18594286405087,-19.2308909178968,-5.32323435302735,-50.2556014514981,-43.7766505288579,-13.9544141865549,3.69421659528073,0.910648109846881
0.737065099882966,13.5447328796279,20.625067801081,3.58253695898432,0.8329118175375,1.82935662696865e-07,0.317038747092358,1.16107403123823e-20,5.57953788009807e-18,4.6913483988542e-05,-3.98490264300858,-1.07382582884306,-0.653316363687474,-2.40375238602663,-3.86265108694647,-19.1939548991106,-4.8285548652271,-49.5821799773629,-43.4072493013438,-13.6470290019755,3.67982358322795,2.44437252632869
0.659082244160566,12.1116749989629,18.4428973430688,3.20349789874799,0.744788201174682,1.6358073001475e-07,0.283495459156408,1.03823024352469e-20,4.98921241553536e-18,4.19499503008195e-05,-3.98490264300858,-1.07382582884306,-0.653316363687474,-2.40375238602663,-3.86265108694647,-19.1939548991106,-4.8285548652271,-49.5821799773629,-43.4072493013438,-13.6470290019755,3.56799569219951,2.08346247984033
0.091557823367055,0.96004833095528,1.02539733678847,0.692514622519267,0.135831049405911,3.6162151872649e-08,0.00999749657014161,1.86306747475272e-21,3.91707843071586e-19,1.29052790145202e-06,-3.4607737474105,-1.11076084152307,-1.04490900735815,-1.43741511607293,-3.06633263978094,-18.2052419839213,-5.67540975079561,-48.8020518340599,-43.4537598797247,-14.6304483878496,1.06998919048064,4.65065769315799
0.197280232443591,2.51341044564583,3.16090280341185,1.74389123629035,0.738744806010278,7.64440690064772e-08,0.0452202754374573,4.2975004939616e-21,1.01488210045854e-18,6.18476096985404e-06,-3.75129701036834,-1.20652637487105,-0.977309264966237,-1.57204799001396,-2.43096969011149,-18.5148734366574,-5.22437667014055,-49.0244203287021,-43.5599261743731,-14.1215891486598,2.12816694904359,3.91569093807664
0.0257888901790475,0.487585644662018,1.6744737311726,0.753116215430717,0.0964253636463133,1.85800497003689e-08,0.01184650646418,1.3879535736145e-21,3.53402092059624e-19,6.01121621715952e-07,-4.77270287897251,-1.83318070857865,-0.599392460398049,-1.39842711249177,-3.45387738957056,-18.9160688145874,-5.55061365397854,-49.1413479257165,-43.6015718591626,-15.4393599432626,1.11489138596224,4.16075302770258
0.00493812058897073,0.093364107337519,0.320632378911448,0.144208558937045,0.0184637675454414,3.55775395267049e-09,0.00226839841001266,2.65768789227302e-22,6.7670308216785e-20,1.15104257533453e-07,-4.77270287897251,-1.83318070857865,-0.599392460398049,-1.39842711249177,-3.45387738957056,-18.9160688145874,-5.55061365397854,-49.1413479257165,-43.6015718591626,-15.4393599432626,-0.538067588775108,1.84141430779045
0.00529152623859569,0.100045880779619,0.343579022704044,0.154529108736184,0.0197851609068135,3.81237113428762e-09,0.00243074049932681,2.84789019680299e-22,7.25132578379603e-20,1.23341904665656e-07,-4.77270287897251,-1.83318070857865,-0.599392460398049,-1.39842711249177,-3.45387738957056,-18.9160688145874,-5.55061365397854,-49.1413479257165,-43.6015718591626,-15.4393599432626,-0.468945681839323,3.38164475204755
0.006154042429875,0.116353310461026,0.399582235520921,0.179717277952234,0.0230101324669512,4.43378576632799e-09,0.00282695001297823,3.31209490731012e-22,8.43328834332122e-20,1.43446574857293e-07,-4.77270287897251,-1.83318070857865,-0.599392460398049,-1.39842711249177,-3.45387738957056,-18.9160688145874,-5.55061365397854,-49.1413479257165,-43.6015718591626,-15.4393599432626,-0.317943228451223,0.974753861171699
0.191227788511125,3.61550744879447,12.4164284042073,5.58444924806001,0.715005916053211,1.37773350848383e-07,0.0878433006228562,1.02918462405976e-20,2.62051992352401e-18,4.45739066508399e-06,-4.77270287897251,-1.83318070857865,-0.599392460398049,-1.39842711249177,-3.45387738957056,-18.9160688145874,-5.55061365397854,-49.1413479257165,-43.6015718591626,-15.4393599432626,3.1184129274485,0.38315847014481
0.724656885063718,15.5748684872945,52.3394410130981,17.7611040667769,1.46285514580896,7.68444704090009e-07,0.502113687497591,4.22636717263107e-20,1.52424785568134e-17,9.6356067462926e-06,-4.80353352409603,-1.73581790515924,-0.523726308836602,-1.60446562440976,-4.10108642057823,-18.5603737555586,-5.17040524177565,-49.0918355862245,-43.2039220278601,-16.0315218108952,4.48147652596369,0.300252705109505
0.686682112919786,14.7586862441289,49.5966555823926,16.8303547785794,1.38619598202169,7.28175283976152e-07,0.47580102385486,4.00488948617656e-20,1.44437148080181e-17,9.13066436845702e-06,-4.80353352409603,-1.73581790515924,-0.523726308836602,-1.60446562440976,-4.10108642057823,-18.5603737555586,-5.17040524177565,-49.0918355862245,-43.2039220278601,-16.0315218108952,4.42764971251979,0.464475636455379
0.00874020197955252,0.18785096669847,0.631274324967089,0.214219501840284,0.0176437286455559,9.26833383122219e-09,0.00605607306834734,5.09748868601421e-22,1.83841958865585e-19,1.162165859374e-07,-4.80353352409603,-1.73581790515924,-0.523726308836602,-1.60446562440976,-4.10108642057823,-18.5603737555586,-5.17040524177565,-49.0918355862245,-43.2039220278601,-16.0315218108952,0.0637115443029247,0.527042573568585
0.00620731819676297,0.382336383762471,0.497322091503883,0.115676986423024,0.00690588558843522,3.01252232702437e-09,0.00304284706303004,3.60518192393974e-22,8.78138639672711e-20,7.79272006719925e-08,-5.0934523953293,-0.972880538742458,-0.709943458001077,-2.16837963853199,-4.98680731377604,-19.6319141933411,-5.80638773459114,-49.3859258787114,-43.8904936273885,-16.3789168374379,0.0114260666443438,1.29562703625003
0.00504915105301456,0.310999709292618,0.404531277825215,0.0940938678013872,0.00561737909763179,2.45044313785253e-09,0.00247510985669663,2.93252376155969e-22,7.14294723848446e-20,6.33874718290832e-08,-5.0934523953293,-0.972880538742458,-0.709943458001077,-2.16837963853199,-4.98680731377604,-19.6319141933411,-5.80638773459114,-49.3859258787114,-43.8904936273885,-16.3789168374379,-0.195082762811307,2.03256882497792
0.00522949910411605,0.322108149280875,0.418980524203339,0.0974547586720318,0.00581802339642957,2.53796926642476e-09,0.00256351704321779,3.03726908204091e-22,7.3980825275767e-20,6.56515766040435e-08,-5.0934523953293,-0.972880538742458,-0.709943458001077,-2.16837963853199,-4.98680731377604,-19.6319141933411,-5.80638773459114,-49.3859258787114,-43.8904936273885,-16.3789168374379,-0.159987383754168,2.73383740109772
0.0199560750492386,1.22918357438117,1.59885423416369,0.371893070300705,0.0222019182384007,9.68503945503488e-09,0.00978253126847101,1.15903968122365e-21,2.82315164801499e-19,2.50530263745515e-07,-5.0934523953293,-0.972880538742458,-0.709943458001077,-2.16837963853199,-4.98680731377604,-19.6319141933411,-5.80638773459114,-49.3859258787114,-43.8904936273885,-16.3789168374379,1.17923072707443,1.57066749283463
0.0199219079118204,1.22707906815966,1.59611680848276,0.371256345814227,0.0221639059544457,9.6684575333321e-09,0.00976578242936697,1.15705526956135e-21,2.81831808179157e-19,2.50101326595915e-07,-5.0934523953293,-0.972880538742458,-0.709943458001077,-2.16837963853199,-4.98680731377604,-19.6319141933411,-5.80638773459114,-49.3859258787114,-43.8904936273885,-16.3789168374379,1.17751714262297,3.06032464018552
0.00597561351921162,0.368064660337364,0.478758220408767,0.11135903493582,0.00664810502318091,2.90007191087469e-09,0.00292926469537486,3.47060891048666e-22,8.45359777062303e-20,7.50183604398938e-08,-5.0934523953293,-0.972880538742458,-0.709943458001077,-2.16837963853199,-4.98680731377604,-19.6319141933411,-5.80638773459114,-49.3859258787114,-43.8904936273885,-16.3789168374379,-0.0266161100670015,1.63787874119673
0.00921570169451235,0.567636126910811,0.738349782645398,0.17173996337914,0.0102528305303633,4.47254454079583e-09,0.00451756619300287,5.35243725427233e-22,1.30372948399339e-19,1.15694703012968e-07,-5.0934523953293,-0.972880538742458,-0.709943458001077,-2.16837963853199,-4.98680731377604,-19.6319141933411,-5.80638773459114,-49.3859258787114,-43.8904936273885,-16.3789168374379,0.406605851559859,1.48958000301965
0.00629207831033777,0.387557136796911,0.504112959254324,0.117256540458504,0.00700018454786598,3.05365792318542e-09,0.00308439673947287,3.65441020894859e-22,8.9012950730245e-20,7.89912863479885e-08,-5.0934523953293,-0.972880538742458,-0.709943458001077,-2.16837963853199,-4.98680731377604,-19.6319141933411,-5.80638773459114,-49.3859258787114,-43.8904936273885,-16.3789168374379,0.0249885474825506,1.70634383954769
0.0085439815546821,0.526261890723426,0.684532456989388,0.159222067722407,0.00950551546030057,4.14654676613593e-09,0.00418828685047996,4.96230527951307e-22,1.20870238998379e-19,1.07261871237199e-07,-5.0934523953293,-0.972880538742458,-0.709943458001077,-2.16837963853199,-4.98680731377604,-19.6319141933411,-5.80638773459114,-49.3859258787114,-43.8904936273885,-16.3789168374379,0.330924239700555,1.23364732190102
0.00485793874976078,0.299222091609821,0.389211601990805,0.0905305152703478,0.00540464789109232,2.35764439377427e-09,0.00238137697932064,2.82146853328336e-22,6.87244247854557e-20,6.0986976308428e-08,-5.0934523953293,-0.972880538742458,-0.709943458001077,-2.16837963853199,-4.98680731377604,-19.6319141933411,-5.80638773459114,-49.3859258787114,-43.8904936273885,-16.3789168374379,-0.233688661270749,0.607646086742542
0.0304061458802864,1.06913666953681,2.74594357627934,0.425559806755371,0.105537377149499,1.11790441195196e-08,0.0178656036393187,1.7636893596449e-21,6.18206076246905e-19,1.48511492123274e-07,-4.97345275455476,-1.41349075877221,-0.470217471135822,-2.33469201509545,-3.72903233369963,-19.7895671026897,-5.50522022980935,-49.2672213414388,-43.4078073249579,-17.2029457243289,1.48034223066647,0.766479213140193
0.0403255229417483,1.41792042520007,3.6417509512046,0.564389903868935,0.139966766594161,1.4825976362916e-08,0.0236938878166936,2.33905658462912e-21,8.19883039717487e-19,1.96960298957624e-07,-4.97345275455476,-1.41349075877221,-0.470217471135822,-2.33469201509545,-3.72903233369963,-19.7895671026897,-5.50522022980935,-49.2672213414388,-43.4078073249579,-17.2029457243289,1.76268206767708,0.760912924358885
0.070011079029131,2.46171981672998,6.3226189036036,0.979864445157734,0.243003032387977,2.57400903226363e-08,0.0411360977224808,4.06094858674582e-21,1.42343836113974e-18,3.41952243888884e-07,-4.97345275455476,-1.41349075877221,-0.470217471135822,-2.33469201509545,-3.72903233369963,-19.7895671026897,-5.50522022980935,-49.2672213414388,-43.4078073249579,-17.2029457243289,2.31435097694305,0.888220666269822
0.0544930364405011,1.91607656301874,4.92120257381139,0.762676274343869,0.189141108560267,2.00347673451737e-08,0.0320182305900247,3.16083429064797e-21,1.10793148113201e-18,2.66158104482215e-07,-4.97345275455476,-1.41349075877221,-0.470217471135822,-2.33469201509545,-3.72903233369963,-19.7895671026897,-5.50522022980935,-49.2672213414388,-43.4078073249579,-17.2029457243289,2.0637703973444,0.607835632990151
0.0389507014225785,1.36957914228971,3.5175924230584,0.545148110373484,0.135194867592126,1.43205130766523e-08,0.0228860900631408,2.25931092747424e-21,7.91930696784846e-19,1.9024531455878e-07,-4.97345275455476,-1.41349075877221,-0.470217471135822,-2.33469201509545,-3.72903233369963,-19.7895671026897,-5.50522022980935,-49.2672213414388,-43.4078073249579,-17.2029457243289,1.7279942560091,0.126146497194778
0.0180191276540102,0.633586058680901,1.62728640540288,0.252192978108172,0.062542996360456,6.62486537532649e-09,0.0105874185390115,1.04518816158365e-21,3.66357980660743e-19,8.80100866842118e-08,-4.97345275455476,-1.41349075877221,-0.470217471135822,-2.33469201509545,-3.72903233369963,-19.7895671026897,-5.50522022980935,-49.2672213414388,-43.4078073249579,-17.2029457243289,0.957131316703675,0.297590453007154
0.0856278124315092,1.66224080116945,2.70439172743526,0.320494595890923,0.0898662276445926,2.853304765338e-08,0.0151271429091634,3.17921388170382e-21,6.52954748053315e-19,4.50284842765909e-08,-4.04242885308491,-1.0765171437394,-0.589806698759426,-2.72257358031954,-3.99411678994568,-18.956886570726,-5.77594832121739,-48.7823367097161,-43.4574628406011,-18.5006542795629,1.58468371606119,0.10036187918296
0.010921603099923,0.2407065798452,0.526301016404798,0.105677437076405,0.0253158418686037,1.72329520299855e-08,0.00384787600907378,1.70937759219459e-21,5.91245748095911e-20,1.63315828875812e-08,-4.4257415934719,-1.33290567633004,-0.550611033451337,-2.15609294885354,-3.58505399644529,-17.7851715483186,-5.46896304692612,-47.7268867078445,-44.183369375524,-17.8388940814492,-0.0912709219458783,0.347230044862294
0.044593222727493,0.317257209092306,0.85913873259746,0.132793191222296,0.0671356878285252,3.44593437071334e-08,0.0124095817972023,3.85378167355643e-21,9.41556888794587e-20,3.27267591319669e-08,-3.47017218681002,-1.50804124747524,-0.511823663792967,-2.37896111269528,-3.06103831458101,-17.5434844496155,-4.74928517771365,-47.3652308323228,-44.1693360745482,-17.5950715701323,0.35999879852463,0.855253613921389
0.19108716632192,1.35948418554808,3.68150978664834,0.569034330005238,0.2876842614543,1.47662311435714e-07,0.0531765070077676,1.6513904458608e-20,4.03468120952189e-19,1.40237984225617e-07,-3.47017218681002,-1.50804124747524,-0.511823663792967,-2.37896111269528,-3.06103831458101,-17.5434844496155,-4.74928517771365,-47.3652308323228,-44.1693360745482,-17.5950715701323,1.81514659994782,0.437546505195276
0.332285745685904,2.36403744447183,6.40185967615171,0.989506518444714,0.500260594049506,2.56773294667314e-07,0.0924698169121407,2.87163976672821e-20,7.01599735930094e-19,2.43862966094713e-07,-3.47017218681002,-1.50804124747524,-0.511823663792967,-2.37896111269528,-3.06103831458101,-17.5434844496155,-4.74928517771365,-47.3652308323228,-44.1693360745482,-17.5950715701323,2.36841218634873,1.9838433502958
0.179720417289386,1.27861577429752,3.46251654596596,0.535185534481371,0.270571470137629,1.38878673748471e-07,0.0500133222621955,1.55315809926144e-20,3.79467969807735e-19,1.31895979881716e-07,-3.47017218681002,-1.50804124747524,-0.511823663792967,-2.37896111269528,-3.06103831458101,-17.5434844496155,-4.74928517771365,-47.3652308323228,-44.1693360745482,-17.5950715701323,1.75381931391333,1.88715307044625
0.081355700598468,0.578802807622742,1.56740933322707,0.242267377099335,0.122482085491487,6.28674914703763e-08,0.0226399923462573,7.03082416630142e-21,1.71777269405493e-19,5.97065709686188e-08,-3.47017218681002,-1.50804124747524,-0.511823663792967,-2.37896111269528,-3.06103831458101,-17.5434844496155,-4.74928517771365,-47.3652308323228,-44.1693360745482,-17.5950715701323,0.961247814003594,1.24914634144354
0.0668078793009471,0.475302748624324,1.2871291474243,0.198945735440132,0.100580147719822,5.1625685123598e-08,0.018591565986362,5.77358991236187e-21,1.41060491110866e-19,4.90299924578368e-08,-3.47017218681002,-1.50804124747524,-0.511823663792967,-2.37896111269528,-3.06103831458101,-17.5434844496155,-4.74928517771365,-47.3652308323228,-44.1693360745482,-17.5950715701323,0.764237935021493,0.721823082166157
0.0266243786515279,0.189418381273279,0.512948684392036,0.0792841599956261,0.0400833549236937,2.05739473136627e-08,0.00740913942674349,2.30089991800092e-21,5.62156435349227e-20,1.95395078864671e-08,-3.47017218681002,-1.50804124747524,-0.511823663792967,-2.37896111269528,-3.06103831458101,-17.5434844496155,-4.74928517771365,-47.3652308323228,-44.1693360745482,-17.5950715701323,-0.155755805446659,0.471771701406137
0.237738231186842,1.69138185373576,4.58029516906611,0.707955524716556,0.35791805789415,1.83711849463227e-07,0.0661587534111187,2.05455264816892e-20,5.01968809636637e-19,1.74474984148539e-07,-3.47017218681002,-1.50804124747524,-0.511823663792967,-2.37896111269528,-3.06103831458101,-17.5434844496155,-4.74928517771365,-47.3652308323228,-44.1693360745482,-17.5950715701323,2.03358710723676,0.587766037822143
0.0540668163565675,0.384656820311295,1.04165819913981,0.161004400311976,0.0813983085945217,4.17800484922738e-08,0.0150459316248853,4.67249714818258e-21,1.14158565544384e-19,3.96793855143994e-08,-3.47017218681002,-1.50804124747524,-0.511823663792967,-2.37896111269528,-3.06103831458101,-17.5434844496155,-4.74928517771365,-47.3652308323228,-44.1693360745482,-17.5950715701323,0.552637529454405,0.516202424686558
0.182512870738833,1.29848260458484,3.51631631128133,0.543501121070791,0.274775545815303,1.41036537820971e-07,0.0507904174658221,1.57729070343203e-20,3.85364053609598e-19,1.33945348504069e-07,-3.47017218681002,-1.50804124747524,-0.511823663792967,-2.37896111269528,-3.06103831458101,-17.5434844496155,-4.74928517771365,-47.3652308323228,-44.1693360745482,-17.5950715701323,1.76923760296003,0.967678078670691
0.0201893168087089,0.143636317638518,0.388969959875737,0.0601213288398075,0.0303952840328138,1.56012632541711e-08,0.00561836447431369,1.74477677010453e-21,4.26284290719729e-20,1.48168458753313e-08,-3.47017218681002,-1.50804124747524,-0.511823663792967,-2.37896111269528,-3.06103831458101,-17.5434844496155,-4.74928517771365,-47.3652308323228,-44.1693360745482,-17.5950715701323,-0.432429498522476,1.27591462424999
0.0564300752582496,0.401470158250381,1.08718904740343,0.16804189776213,0.0849562261922445,4.36062531435873e-08,0.0157035888394716,4.87673185669034e-21,1.19148432978907e-19,4.14137702507182e-08,-3.47017218681002,-1.50804124747524,-0.511823663792967,-2.37896111269528,-3.06103831458101,-17.5434844496155,-4.74928517771365,-47.3652308323228,-44.1693360745482,-17.5950715701323,0.595419173464777,0.799084854240717
0.0581007474163094,0.413356107588764,1.11937643088169,0.173016956163061,0.0874714452683073,4.48972624628359e-08,0.0161685102228945,5.02111266954606e-21,1.22675948558912e-19,4.26398687912841e-08,-3.47017218681002,-1.50804124747524,-0.511823663792967,-2.37896111269528,-3.06103831458101,-17.5434844496155,-4.74928517771365,-47.3652308323228,-44.1693360745482,-17.5950715701323,0.624595435911253,0.783767099591238
0.0486655287487913,0.346229513937418,0.937596301256884,0.144920023039467,0.073266598515533,3.7606211869726e-08,0.0135428395342213,4.20571358953158e-21,1.02754098128919e-19,3.57154056149788e-08,-3.47017218681002,-1.50804124747524,-0.511823663792967,-2.37896111269528,-3.06103831458101,-17.5434844496155,-4.74928517771365,-47.3652308323228,-44.1693360745482,-17.5950715701323,0.447387858720596,0.99538806137521
0.0670632703080413,0.477119720647924,1.29204954323181,0.199706258783528,0.100964642265804,5.18230381282674e-08,0.0186626372254194,5.79566100573735e-21,1.41599732608471e-19,4.92174227322692e-08,-3.47017218681002,-1.50804124747524,-0.511823663792967,-2.37896111269528,-3.06103831458101,-17.5434844496155,-4.74928517771365,-47.3652308323228,-44.1693360745482,-17.5950715701323,0.76805341457283,0.388901797384834
0.0915995464616171,0.651682356355396,1.76476857782734,0.272772303618544,0.137904331204352,7.07834074748841e-08,0.0254906910708935,7.91610544985848e-21,1.93406483555677e-19,6.72244818896785e-08,-3.47017218681002,-1.50804124747524,-0.511823663792967,-2.37896111269528,-3.06103831458101,-17.5434844496155,-4.74928517771365,-47.3652308323228,-44.1693360745482,-17.5950715701323,1.07984322820332,1.61631079704577
0.133344362251564,0.565411244392434,2.42421284311567,0.211750397540556,0.112224316500031,5.33736822963242e-08,0.0200083902733087,1.23847414532167e-20,4.08284945961697e-19,7.3708443410217e-08,-3.25809603689407,-1.81347767623819,-0.35776885889951,-2.79562279786419,-3.4305313145934,-17.9892237831767,-5.15487930955164,-47.0810974957692,-43.5855973550892,-17.6664242095417,1.24327572981768,0.797044168026841
0.0170715918158409,0.0723875371209489,0.310363118721989,0.0271096302281953,0.0143676694743636,6.83323765988867e-09,0.00256160114961263,1.58557322757424e-21,5.22712308515995e-20,9.43662287653619e-09,-3.25809603689407,-1.81347767623819,-0.35776885889951,-2.79562279786419,-3.4305313145934,-17.9892237831767,-5.15487930955164,-47.0810974957692,-43.5855973550892,-17.6664242095417,-0.812243457383341,1.41674142766551
0.0755198341762256,0.449263800407823,0.50466867833034,0.142271860509333,0.101269550331543,2.54922959065397e-08,0.00817249056432035,6.13558616670476e-21,1.86134274081881e-19,5.47937532471915e-08,-2.83113078363794,-1.0479158657503,-0.931623978268181,-2.19778637182239,-2.53774033267156,-17.7326603824729,-5.05475240466214,-46.7879521653119,-43.3755894666738,-16.9674604720605,0.247770830730911,1.18291531570547
0.213187815741734,1.26824389043648,1.42464843017867,0.401624652839158,0.285877670042949,7.19631728782058e-08,0.0230704348279127,1.73203798372053e-20,5.25445530423071e-19,1.54679372624175e-07,-2.83113078363794,-1.0479158657503,-0.931623978268181,-2.19778637182239,-2.53774033267156,-17.7326603824729,-5.05475240466214,-46.7879521653119,-43.3755894666738,-16.9674604720605,1.28554904588538,0.795464801657741
0.133182749155459,0.792297661760221,0.890006747576334,0.250903060325575,0.178593574337296,4.49568525692848e-08,0.014412568203783,1.08203923151515e-20,3.28256472020758e-19,9.66313389536568e-08,-2.83113078363794,-1.0479158657503,-0.931623978268181,-2.19778637182239,-2.53774033267156,-17.7326603824729,-5.05475240466214,-46.7879521653119,-43.3755894666738,-16.9674604720605,0.815097743529932,0.612061686843042
0.095859536158067,0.977049583646154,1.0882976277586,0.480802722898515,0.112857674457961,2.29216201713889e-07,0.0210998995926485,2.58210344451858e-20,3.87612367308865e-19,5.57787725332693e-08,-3.36587059767136,-1.04421715097558,-0.936384607716084,-1.75329750617641,-3.20262704586618,-16.3095994401638,-4.87948627081939,-46.1240967782072,-43.4152804396315,-17.7228717341538,1.02099927366569,0.305451846248107
0.250220665974349,2.55037743043917,2.84076648093759,1.25503191803023,0.294590643716679,5.98319509395344e-07,0.0550767418627875,6.7400247215543e-20,1.0117785728484e-18,1.45598468028179e-07,-3.36587059767136,-1.04421715097558,-0.936384607716084,-1.75329750617641,-3.20262704586618,-16.3095994401638,-4.87948627081939,-46.1240967782072,-43.4152804396315,-17.7228717341538,1.98045851113016,0.588470575071813
0.577638601027144,5.88758904175047,6.55795703166185,2.89726221674157,0.680067438273196,1.38123061509957e-06,0.12714558166037,1.5559460030556e-19,2.33570779253421e-18,3.36116503630897e-07,-3.36587059767136,-1.04421715097558,-0.936384607716084,-1.75329750617641,-3.20262704586618,-16.3095994401638,-4.87948627081939,-46.1240967782072,-43.4152804396315,-17.7228717341538,2.81706373406795,0.75902222483574
0.346507423784221,3.53178147639288,3.93391437533445,1.73797745677891,0.407951296219739,8.28557269612867e-07,0.0762706783589948,9.33363594654951e-20,1.40111843021677e-18,2.01625832410443e-07,-3.36587059767136,-1.04421715097558,-0.936384607716084,-1.75329750617641,-3.20262704586618,-16.3095994401638,-4.87948627081939,-46.1240967782072,-43.4152804396315,-17.7228717341538,2.30601956215235,0.226925185939673
0.377968005727199,3.5522149050987,13.9262293216697,3.04781327540956,1.77243346662116,1.57739995023943e-06,0.0753142171973771,2.83031155483455e-19,1.04666458924113e-18,1.65137668960725e-07,-4.0975976798045,-1.85708062606508,-0.490877888381625,-2.01022757732709,-2.5522985096687,-16.4843846194548,-5.71073830652244,-45.83338192317,-44.5255750993706,-18.7411383055171,3.12465195192636,0.493621364164133
0.0268152532945328,0.252014829280514,0.988007876433469,0.216229637789858,0.125746760664862,1.11909946269323e-07,0.00534322953325517,2.00798798034004e-20,7.42564863947149e-20,1.17158287329924e-08,-4.0975976798045,-1.85708062606508,-0.490877888381625,-2.01022757732709,-2.5522985096687,-16.4843846194548,-5.71073830652244,-45.83338192317,-44.5255750993706,-18.7411383055171,0.478813279214231,0.477019382885513
0.0225594696647228,0.21201816868063,0.831203549416123,0.181912357894037,0.105789798123387,9.41489908864021e-08,0.00449521856993598,1.68930509184656e-20,6.2471420047038e-20,9.856438050239e-09,-4.0975976798045,-1.85708062606508,-0.490877888381625,-2.01022757732709,-2.5522985096687,-16.4843846194548,-5.71073830652244,-45.83338192317,-44.5255750993706,-18.7411383055171,0.305997319406527,0.767044002262769
0.011723348372797,0.0731121066346682,0.281769422136407,0.0893597226026688,0.0325331393978465,1.67960408472327e-08,0.000276606540586174,9.14350412553708e-21,2.67353772388962e-20,5.19101830594667e-09,-3.73031852650345,-1.89990699670623,-0.550811882706394,-1.69923091669746,-2.70964172358483,-17.1862683303696,-7.47706018084644,-45.4253889455477,-44.3524449624769,-18.3604816418338,-0.715854311795907,1.56318681071331
0.0555747634913949,0.346589379192007,1.33573348640512,0.423611522184522,0.154223987053328,7.96219619168467e-08,0.00131125874489235,4.33449611067118e-20,1.26739581530528e-19,2.46081243565109e-08,-3.73031852650345,-1.89990699670623,-0.550811882706394,-1.69923091669746,-2.70964172358483,-17.1862683303696,-7.47706018084644,-45.4253889455477,-44.3524449624769,-18.3604816418338,0.840292451697109,1.20952073855239
0.0793336788796605,0.494760729232379,1.90677647230439,0.604710814035487,0.220156695157581,1.13661359250908e-07,0.00187183846876008,6.18754810539803e-20,1.809223581139e-19,3.51284092433875e-08,-3.73031852650345,-1.89990699670623,-0.550811882706394,-1.69923091669746,-2.70964172358483,-17.1862683303696,-7.47706018084644,-45.4253889455477,-44.3524449624769,-18.3604816418338,1.19622598814116,3.90159903337352
0.232164315098069,2.50470960810547,3.67874540964327,0.423632583599132,0.296361903435887,2.55533995702142e-07,0.00705233832268435,1.24533700661922e-19,4.28410879486916e-19,5.26720619233193e-08,-3.42639606459079,-1.04791335840498,-0.663514388552627,-2.82497490884929,-3.18226008605307,-17.1459965418821,-6.92048220148811,-45.495796746866,-44.2602903803101,-18.7252668175663,1.966086161314,0.952016809372361
0.0383334418295315,0.413561145353548,0.607410200429158,0.0699474206172976,0.0489333245768195,4.21920894930733e-08,0.00116443563146473,2.05621840209317e-20,7.07363813470345e-20,8.69686377480598e-09,-3.42639606459079,-1.04791335840498,-0.663514388552627,-2.82497490884929,-3.18226008605307,-17.1459965418821,-6.92048220148811,-45.495796746866,-44.2602903803101,-18.7252668175663,0.164963455635395,0.6628884047505
0.126311709584855,1.36271654185861,2.00146444393574,0.230482259289729,0.161239157977384,1.39026257504528e-07,0.00383690710492164,6.77540156198914e-20,2.33081947024828e-19,2.86568510155554e-08,-3.42639606459079,-1.04791335840498,-0.663514388552627,-2.82497490884929,-3.18226008605307,-17.1459965418821,-6.92048220148811,-45.495796746866,-44.2602903803101,-18.7252668175663,1.35739352313673,0.636223807377261
0.0325749187118591,0.351435197292845,0.51616387570215,0.0594397850014434,0.0415824667526442,3.58539129262724e-08,0.000989511878657713,1.74732933191542e-20,6.01102265379044e-20,7.39040422647798e-09,-3.42639606459079,-1.04791335840498,-0.663514388552627,-2.82497490884929,-3.18226008605307,-17.1459965418821,-6.92048220148811,-45.495796746866,-44.2602903803101,-18.7252668175663,0.00218341320153614,0.506116537444697
0.223899983595106,2.41554969345064,3.54779345189966,0.408552573973875,0.285812336359617,2.46437775855146e-07,0.00680129689219966,1.20100686117347e-19,4.13160777307946e-19,5.07970994404112e-08,-3.42639606459079,-1.04791335840498,-0.663514388552627,-2.82497490884929,-3.18226008605307,-17.1459965418821,-6.92048220148811,-45.495796746866,-44.2602903803101,-18.7252668175663,1.92984023594452,0.779780023204249
0.0133972550798539,0.14453656888043,0.212285383332981,0.0244461074055145,0.0171018358898285,1.47458239676058e-08,0.000406961661522017,7.18633159924333e-21,2.47218433592877e-20,3.0394897203323e-09,-3.42639606459079,-1.04791335840498,-0.663514388552627,-2.82497490884929,-3.18226008605307,-17.1459965418821,-6.92048220148811,-45.495796746866,-44.2602903803101,-18.7252668175663,-0.886309373205059,0.749410961193078
0.117367737574225,1.2662243112581,1.85974328422958,0.214162102727764,0.149822017629057,1.29181984475923e-07,0.00356522057746827,6.29564396761898e-20,2.16577709870372e-19,2.66276957279076e-08,-3.42639606459079,-1.04791335840498,-0.663514388552627,-2.82497490884929,-3.18226008605307,-17.1459965418821,-6.92048220148811,-45.495796746866,-44.2602903803101,-18.7252668175663,1.2839528475208,1.11203653249516
0.096985425791062,1.04632931086959,1.5367766134966,0.176970291416121,0.123803631840827,1.06747987376074e-07,0.00294607737093121,5.20233007339275e-20,1.78966399478795e-19,2.2003477798767e-08,-3.42639606459079,-1.04791335840498,-0.663514388552627,-2.82497490884929,-3.18226008605307,-17.1459965418821,-6.92048220148811,-45.495796746866,-44.2602903803101,-18.7252668175663,1.09320150324676,1.41798240151041
0.0970652558689675,1.04719055934811,1.5380415560978,0.177115958170022,0.12390553636405,1.06835853156721e-07,0.00294850232895061,5.2066121849746e-20,1.79113709257521e-19,2.20215891730538e-08,-3.42639606459079,-1.04791335840498,-0.663514388552627,-2.82497490884929,-3.18226008605307,-17.1459965418821,-6.92048220148811,-45.495796746866,-44.2602903803101,-18.7252668175663,1.0940242788405,1.54757504677486
0.13417000669219,1.44749594587587,2.12598260857707,0.244821373829634,0.171270414880542,1.47675571497523e-07,0.0040756146333275,7.19692319819059e-20,2.47582797310975e-19,3.04396948245816e-08,-3.42639606459079,-1.04791335840498,-0.663514388552627,-2.82497490884929,-3.18226008605307,-17.1459965418821,-6.92048220148811,-45.495796746866,-44.2602903803101,-18.7252668175663,1.41774848808947,1.59579949358229
0.0315344519869153,0.653835425942327,0.696583816549453,0.0600168079273372,0.0878974017221704,4.57571646685607e-08,0.00177041821486032,6.92873096404336e-20,1.2966866622615e-19,1.21775260871515e-08,-3.88301261619995,-0.851237600732652,-0.787905152627049,-3.23946862311789,-2.85792303345309,-17.3262554519593,-6.76287747997438,-44.5423631847701,-43.9156424765268,-18.6500117072586,0.42633799925046,2.47779672908846
0.0422837486946644,0.876711377438422,0.934031612661888,0.0804750190334198,0.117859401738657,6.1354624225866e-08,0.00237390898413812,9.29056001918513e-20,1.73869433296442e-19,1.63285365797855e-08,-3.88301261619995,-0.851237600732652,-0.787905152627049,-3.23946862311789,-2.85792303345309,-17.3262554519593,-6.76287747997438,-44.5423631847701,-43.9156424765268,-18.6500117072586,0.719660157834044,2.30307664847788
0.0341160641397232,0.707362580378038,0.753610627955582,0.0649301681082037,0.0950932458288116,4.95031391486439e-08,0.00191535598580787,7.49596124499872e-20,1.40284173503927e-19,1.31744563445973e-08,-3.88301261619995,-0.851237600732652,-0.787905152627049,-3.23946862311789,-2.85792303345309,-17.3262554519593,-6.76287747997438,-44.5423631847701,-43.9156424765268,-18.6500117072586,0.505025699721078,7.05538626042136
0.0572053799171533,1.1860965257885,1.26364466033488,0.108874075259742,0.159451138118201,8.30062304517888e-08,0.00321164441466611,1.25691319229618e-19,2.3522670753547e-19,2.209075986339e-08,-3.88301261619995,-0.851237600732652,-0.787905152627049,-3.23946862311789,-2.85792303345309,-17.3262554519593,-6.76287747997438,-44.5423631847701,-43.9156424765268,-18.6500117072586,1.02190528567641,4.89716019968848
0.107299546531234,2.224749132751,2.37020537625851,0.204213990385104,0.299080870343837,1.55693938221243e-07,0.00602404860893006,2.35757923044692e-19,4.41212331552453e-19,4.14354125312149e-08,-3.88301261619995,-0.851237600732652,-0.787905152627049,-3.23946862311789,-2.85792303345309,-17.3262554519593,-6.76287747997438,-44.5423631847701,-43.9156424765268,-18.6500117072586,1.65088176066878,4.45804608487753
0.0422030259640826,0.771416210978719,0.695004596072582,0.185279445752916,0.069753155367267,1.28551773897978e-07,0.0032816553096731,8.99836351132604e-20,4.40943599713476e-19,1.61252191138142e-08,-3.73451159270519,-0.828775455923147,-0.933085057889468,-2.25513831350897,-3.23204085856783,-16.4361823415499,-6.28865555380901,-44.4239073686574,-42.8346182149175,-18.5121296234076,0.569248237504332,6.41560458322056
0.0749477557290681,1.36994711694562,1.23424881290167,0.32903514202334,0.123873640109287,2.28293273492847e-07,0.00582784515844196,1.59800662393778e-19,7.83065489895141e-19,2.8636548105541e-08,-3.73451159270519,-0.828775455923147,-0.933085057889468,-2.25513831350897,-3.23204085856783,-16.4361823415499,-6.28865555380901,-44.4239073686574,-42.8346182149175,-18.5121296234076,1.14354759424853,4.81332989846971
0.0469230164507918,0.857691474278834,0.772733977005446,0.206001116802778,0.0775543549786798,1.42929016666409e-07,0.00364867595543197,1.00047413527054e-19,4.90258774355081e-19,1.79286651718784e-08,-3.73451159270519,-0.828775455923147,-0.933085057889468,-2.25513831350897,-3.23204085856783,-16.4361823415499,-6.28865555380901,-44.4239073686574,-42.8346182149175,-18.5121296234076,0.675264624674427,4.87238098624104
0.0197878826871992,0.361696658880379,0.325869273588412,0.0868726318351725,0.0327054097174015,6.02745268381808e-08,0.00153868138135169,4.21909466137409e-20,2.06746791811264e-19,7.56068876201194e-09,-3.73451159270519,-0.828775455923147,-0.933085057889468,-2.25513831350897,-3.23204085856783,-16.4361823415499,-6.28865555380901,-44.4239073686574,-42.8346182149175,-18.5121296234076,-0.188173921411007,6.46613809865009
0.0176021929863474,0.321745104960021,0.289875068126146,0.0772770313513037,0.029092902087785,5.36168457402859e-08,0.00136872484273281,3.75307048415123e-20,1.83910375167337e-19,6.725565579825e-09,-3.73451159270519,-0.828775455923147,-0.933085057889468,-2.25513831350897,-3.23204085856783,-16.4361823415499,-6.28865555380901,-44.4239073686574,-42.8346182149175,-18.5121296234076,-0.305220190497953,4.84433866585316
0.0611504158849789,1.11774975950563,1.00703253193219,0.268462151798585,0.101069398758944,1.86266132748474e-07,0.00475498100890789,1.30382516047571e-19,6.38908795953318e-19,2.33647666848664e-08,-3.73451159270519,-0.828775455923147,-0.933085057889468,-2.25513831350897,-3.23204085856783,-16.4361823415499,-6.28865555380901,-44.4239073686574,-42.8346182149175,-18.5121296234076,0.940092976895722,3.20070843022726
0.0523326173305986,0.956571915154312,0.861819946281293,0.229750310844174,0.0864953425506422,1.59406834862931e-07,0.00406931985583709,1.11581552147616e-19,5.46779102707489e-19,1.99956022578448e-08,-3.73451159270519,-0.828775455923147,-0.933085057889468,-2.25513831350897,-3.23204085856783,-16.4361823415499,-6.28865555380901,-44.4239073686574,-42.8346182149175,-18.5121296234076,0.78437614872874,3.2556200872337
0.0277245438941182,0.802419735666763,0.804560276796127,0.111989238460968,0.11416581862362,2.84738737392622e-07,0.0045029914580585,1.46316891032963e-19,1.0876280710604e-18,1.65124071688022e-08,-4.20889281886426,-0.843579068755273,-0.840915012726263,-2.8128081193879,-2.79355896000429,-15.6951494099317,-6.02646895652355,-43.991967818657,-41.9859880522682,-18.5426094109024,0.623455621914456,2.35009469550716
0.0228931122310601,0.995637065055125,2.5458431460287,0.743519830750448,0.20830761811283,6.60782390695511e-07,0.014547203467739,4.44469926885776e-19,2.0961486351703e-18,5.78511555953867e-08,-5.2878063901143,-1.51525968083352,-0.576425310277896,-1.80724704179227,-3.07962655910471,-15.7407284640719,-5.74124370588164,-43.7682917567737,-42.217317196736,-18.1762796083005,1.51088720051396,1.65383758954761
0.0104067491104043,0.452596616679766,1.15728917185919,0.337989184656694,0.0946924602302423,3.00378405833854e-07,0.00661286657833124,2.02047103492744e-19,9.52867077405818e-19,2.62979736416674e-08,-5.2878063901143,-1.51525968083352,-0.576425310277896,-1.80724704179227,-3.07962655910471,-15.7407284640719,-5.74124370588164,-43.7682917567737,-42.217317196736,-18.1762796083005,0.722505659724088,0.534284158011855
0.0184501340257846,0.802408912597869,2.05175892114515,0.59922130244758,0.167880340339191,5.32541121851915e-07,0.0117239565757248,3.58209475352471e-19,1.68933882237237e-18,4.66236990195359e-08,-5.2878063901143,-1.51525968083352,-0.576425310277896,-1.80724704179227,-3.07962655910471,-15.7407284640719,-5.74124370588164,-43.7682917567737,-42.217317196736,-18.1762796083005,1.29512274586248,0.491668181988027
0.116100706957569,5.04929893145884,12.9110531619198,3.77070522853509,1.05641651005993,3.35110848759023e-06,0.0737750546895341,2.25409600110224e-18,1.06304610738435e-17,2.93387810060358e-07,-5.2878063901143,-1.51525968083352,-0.576425310277896,-1.80724704179227,-3.07962655910471,-15.7407284640719,-5.74124370588164,-43.7682917567737,-42.217317196736,-18.1762796083005,3.13450908902995,0.400049994390709
0.662475809622285,34.6671924303449,94.1265693897458,20.6820400193902,8.75416513199851,1.46485852547538e-05,0.692282624613519,1.2980052095989e-17,2.44877234700621e-16,4.05001558564628e-06,-5.48434632769412,-1.52678131550983,-0.52793473268354,-2.04330940038065,-2.90304548993221,-16.2037418889338,-5.44033608180049,-43.9556930411945,-41.0183497639147,-17.4893649206735,5.07257509212803,0.398348005591072
1.43270083666417,54.8900784927138,127.809829286853,25.0665082647738,18.7788308500715,4.79119011514886e-05,3.73060969988547,2.89965158848251e-17,4.66325752404835e-16,1.03318776103785e-05,-5.08591925546536,-1.44014800279858,-0.594937164895982,-2.22394799231634,-2.51275039857218,-15.3916272414902,-4.12890893664742,-43.5248366083862,-40.7471278598457,-16.9257571438458,5.44548061535961,0.366771761928326
0.80977607482718,31.0243919535063,72.2393253606372,14.1678277507906,10.6139729568532,2.70802600648266e-05,2.10857591632271,1.63891052590916e-17,2.63571729498287e-16,5.83967502692838e-06,-5.08591925546536,-1.44014800279858,-0.594937164895982,-2.22394799231634,-2.51275039857218,-15.3916272414902,-4.12890893664742,-43.5248366083862,-40.7471278598457,-16.9257571438458,4.87492173509949,0.244661937680368
0.155849962966829,5.97097208392362,13.9032215598698,2.72674817016836,2.04277125946148,5.21188222205259e-06,0.405817717622461,3.15425650014913e-18,5.07271646549668e-17,1.12390717011408e-06,-5.08591925546536,-1.44014800279858,-0.594937164895982,-2.22394799231634,-2.51275039857218,-15.3916272414902,-4.12890893664742,-43.5248366083862,-40.7471278598457,-16.9257571438458,3.22705774507594,1.45213777502769
0.00557489277666081,0.386864294576128,0.7511072578362,0.305067424584862,0.053614824808849,2.23034949207333e-07,0.0107432952192159,1.93574038285329e-19,2.45923777799683e-18,7.16787493479273e-08,-5.60355831111372,-1.36375742386481,-0.700282933801094,-1.60129857900001,-3.34000578329941,-15.7300134712701,-4.94754953593547,-43.5027030031974,-40.9607563347105,-16.8651476325519,0.414076116406854,2.62054382243779
0.0135481125279989,0.47297153169599,1.12005719994487,0.549675793343284,0.0958322725573282,4.83457981226599e-07,0.0193404862594177,2.91985787170916e-19,1.85606658542798e-18,8.99835055405585e-08,-5.12191585297188,-1.56912789377684,-0.70702805940385,-1.41883445599407,-3.16556359122722,-15.3627092460415,-4.76596246137986,-43.4979896406496,-41.6484799791891,-17.0440472699702,0.820407814786107,1.68977438119864
0.05143949475283,0.983035214707572,1.95502513249429,1.21190930804588,0.255434688237064,9.50091979834265e-07,0.0405850665737605,1.11290219149753e-18,1.99203965012379e-18,1.44772143858561e-07,-4.4708551436158,-1.52061645821292,-0.833103073596448,-1.31130906594459,-2.86829464780084,-15.3702131586074,-4.70786122086345,-42.8430666061671,-42.2608787326948,-17.2516108746159,1.50350612244694,1.38852185635172
0.0463535487832066,0.88584017007769,1.76172711817865,1.09208493398424,0.230179249213339,8.56154111687848e-07,0.0365723238989044,1.00286688802829e-18,1.79508192185374e-18,1.3045817547475e-07,-4.4708551436158,-1.52061645821292,-0.833103073596448,-1.31130906594459,-2.86829464780084,-15.3702131586074,-4.70786122086345,-42.8430666061671,-42.2608787326948,-17.2516108746159,1.39939771861656,2.26436577309959
0.0575774405486596,1.10033451735935,2.18830577318476,1.35651869190531,0.285914075297674,1.06346037704144e-06,0.0454278229022754,1.24569768959281e-18,2.22973699638186e-18,1.62046877524194e-07,-4.4708551436158,-1.52061645821292,-0.833103073596448,-1.31130906594459,-2.86829464780084,-15.3702131586074,-4.70786122086345,-42.8430666061671,-42.2608787326948,-17.2516108746159,1.61623069847649,1.94136727958443
0.153063844501888,2.92512883275553,5.81739117608508,3.60616873801856,0.760073861311695,2.82710263315411e-06,0.12076530589957,3.31156223061107e-18,5.92753192295634e-18,4.30785353204748e-07,-4.4708551436158,-1.52061645821292,-0.833103073596448,-1.31130906594459,-2.86829464780084,-15.3702131586074,-4.70786122086345,-42.8430666061671,-42.2608787326948,-17.2516108746159,2.59395498331327,0.946572677151959
0.158020737488237,3.01985760846633,6.00578436334249,3.72295263681089,0.784688457949482,2.91865688138023e-06,0.124676227513723,3.41880545090382e-18,6.11949196101022e-18,4.44736112790537e-07,-4.4708551436158,-1.52061645821292,-0.833103073596448,-1.31130906594459,-2.86829464780084,-15.3702131586074,-4.70786122086345,-42.8430666061671,-42.2608787326948,-17.2516108746159,2.62582613897366,1.8835177009283
0.173089309462819,3.08242347850995,8.48360234694384,2.83663026531477,1.38382886304408,1.49089119378435e-05,0.351273863829125,1.03146934523234e-17,9.84209806991341e-18,4.94575417425229e-07,-4.54577893810755,-1.66611522882846,-0.653696195422998,-1.74921453869096,-2.46697716440699,-13.9053827672663,-3.83802048100175,-41.9047936065288,-41.9516941271562,-17.3113975451115,2.79183136008682,0.994373350111372
0.169215984492137,3.01344620968506,8.29375960672066,2.77315326102527,1.35286208117283,1.45752861288679e-05,0.343413194487153,1.00838752704391e-17,9.62185544293421e-18,4.83508001880363e-07,-4.54577893810755,-1.66611522882846,-0.653696195422998,-1.74921453869096,-2.46697716440699,-13.9053827672663,-3.83802048100175,-41.9047936065288,-41.9516941271562,-17.3113975451115,2.76919957282915,1.14057130029087
0.0573621233165376,1.02152094913788,2.8114818038395,0.94006461512495,0.458603492828478,4.94084150978534e-06,0.116412820395307,3.41830884657582e-18,3.26168984631081e-18,1.63903225287106e-07,-4.54577893810755,-1.66611522882846,-0.653696195422998,-1.74921453869096,-2.46697716440699,-13.9053827672663,-3.83802048100175,-41.9047936065288,-41.9516941271562,-17.3113975451115,1.68740787210504,0.98183300844471
0.192794638986696,3.43334157139898,9.44941693315297,3.15956606238336,1.54137067677921,1.66062150439072e-05,0.391264590358455,1.1488968363042e-17,1.09625704218792e-17,5.50880290354809e-07,-4.54577893810755,-1.66611522882846,-0.653696195422998,-1.74921453869096,-2.46697716440699,-13.9053827672663,-3.83802048100175,-41.9047936065288,-41.9516941271562,-17.3113975451115,2.89964923482966,1.14032919420631
0.0521355354525239,1.72468472738881,4.20618950357184,2.98505407191341,0.282841737238242,3.5998661834174e-06,0.101454348104378,5.21424989484932e-18,3.91235281559501e-18,3.0401878753743e-07,-5.18953762742246,-1.69058486008094,-0.799071995330718,-1.14201126590491,-3.49849689727062,-14.7702430115953,-4.52377548117815,-42.0307655589935,-42.3180218648807,-17.2418054634691,2.23562912712927,1.75472431974114
0.0507821621616755,1.67991406904758,4.09700208502955,2.90756580181892,0.275499519509146,3.50641815989605e-06,0.0988207201235176,5.07889448939991e-18,3.81079302995085e-18,2.96126840070161e-07,-5.18953762742246,-1.69058486008094,-0.799071995330718,-1.14201126590491,-3.49849689727062,-14.7702430115953,-4.52377548117815,-42.0307655589935,-42.3180218648807,-17.2418054634691,2.20932750281149,1.31505029193683
0.0681286200937508,3.13555432178473,5.84917096532115,3.37792000588119,0.438500420539338,6.44777038900422e-06,0.0932876641788007,1.5191829069191e-17,8.94576698061303e-18,5.68319579398562e-07,-5.24842378607991,-1.41925992204941,-0.795765961788713,-1.34480576046641,-3.38646040578987,-14.5138420606999,-4.93413329426355,-41.2878398494761,-41.8174171142086,-16.9426478343217,2.56206589766019,1.46293732115909
0.269409622081072,12.399319165488,23.1301167862535,13.3577364542573,1.73401769208489,2.54972342222221e-05,0.36889921323303,6.00749717610441e-17,3.53753781913652e-17,2.24737801670351e-06,-5.24842378607991,-1.41925992204941,-0.795765961788713,-1.34480576046641,-3.38646040578987,-14.5138420606999,-4.93413329426355,-41.2878398494761,-41.8174171142086,-16.9426478343217,3.93690148714398,0.180725770438253
0.00426405351661077,0.196248968699671,0.366089581582808,0.211418221300929,0.0274449894576329,4.03554893137402e-07,0.00583871494756001,9.50830533145868e-19,5.59900216677986e-19,3.55701480194149e-08,-5.24842378607991,-1.41925992204941,-0.795765961788713,-1.34480576046641,-3.38646040578987,-14.5138420606999,-4.93413329426355,-41.2878398494761,-41.8174171142086,-16.9426478343217,-0.209111255317543,0.36399685459306
0.00411031585709103,0.189173340541272,0.352890461255669,0.203795675665417,0.0264554783203257,3.89004985516168e-07,0.00562820390046736,9.16548960413182e-19,5.39713380715128e-19,3.42876896065518e-08,-5.24842378607991,-1.41925992204941,-0.795765961788713,-1.34480576046641,-3.38646040578987,-14.5138420606999,-4.93413329426355,-41.2878398494761,-41.8174171142086,-16.9426478343217,-0.245831616473229,1.02820693145074
0.011987115303942,0.551695471672337,1.02915172356773,0.59433930325127,0.0771534062277928,1.13447427821052e-06,0.0164138064943617,2.67297659162298e-18,1.57399254720325e-18,9.99948673312891e-08,-5.24842378607991,-1.41925992204941,-0.795765961788713,-1.34480576046641,-3.38646040578987,-14.5138420606999,-4.93413329426355,-41.2878398494761,-41.8174171142086,-16.9426478343217,0.824500855358984,1.12273563279594
0.0134763716234743,0.620237063774583,1.15701156884483,0.668178883573176,0.0867387981160644,1.27541919659437e-06,0.0184530264759422,3.00506210011285e-18,1.76954237619741e-18,1.12418038738087e-07,-5.24842378607991,-1.41925992204941,-0.795765961788713,-1.34480576046641,-3.38646040578987,-14.5138420606999,-4.93413329426355,-41.2878398494761,-41.8174171142086,-16.9426478343217,0.941606408951843,0.776872331553934
0.0153936400912024,0.708477504014435,1.32161832352045,0.763239953427103,0.0990790308732911,1.4568716733505e-06,0.0210783181186013,3.43258895742176e-18,2.0212932105453e-18,1.28411628622542e-07,-5.24842378607991,-1.41925992204941,-0.795765961788713,-1.34480576046641,-3.38646040578987,-14.5138420606999,-4.93413329426355,-41.2878398494761,-41.8174171142086,-16.9426478343217,1.07462295012643,1.68318356119213
0.0176538534415085,0.812501653174592,1.51566855212995,0.87530474914809,0.113626580834732,1.67078084533845e-06,0.0241731998834991,3.93658822866055e-18,2.31807511997611e-18,1.47266017553793e-07,-5.24842378607991,-1.41925992204941,-0.795765961788713,-1.34480576046641,-3.38646040578987,-14.5138420606999,-4.93413329426355,-41.2878398494761,-41.8174171142086,-16.9426478343217,1.21162259194551,1.28523044650544
0.046690041471948,1.20540613366952,2.62623887098354,0.980113368980783,0.441290700761222,5.063476925084e-06,0.0800128731468995,4.77897490625294e-18,7.35682037361393e-18,1.37719128510087e-07,-4.74686762298319,-1.49582669067708,-0.717090505663299,-1.70273027259877,-2.50069467652694,-13.8761004125164,-4.20821098414132,-41.564948846371,-41.1335470901758,-17.4806927677038,1.68264324122398,0.445449431933904
0.0097828564157514,0.354168353529461,0.970675109070549,0.292502213663305,0.0392410964727149,1.94206839325296e-06,0.023757027136755,1.10380492973262e-18,3.2817301354723e-18,2.10350656099317e-08,-5.15192840271661,-1.56278753614447,-0.554568093028187,-1.75408767644735,-3.76283533413379,-13.6765616029565,-4.26468154501103,-41.8725730679211,-40.7829655424269,-18.201879633013,0.524804632188165,0.569198284499861
0.00790031265613856,0.286014698251875,0.783885250205803,0.236215154587369,0.0316898171586148,1.56835047497981e-06,0.0191853927098976,8.91396508920848e-19,2.65021717803795e-18,1.69872262249782e-08,-5.15192840271661,-1.56278753614447,-0.554568093028187,-1.75408767644735,-3.76283533413379,-13.6765616029565,-4.26468154501103,-41.8725730679211,-40.7829655424269,-18.201879633013,0.311075459150709,1.7500494076442
0.00790108508299774,0.286042662390089,0.783961891985455,0.236238249740421,0.0316929155253505,1.56850381524421e-06,0.0191872684980187,8.91483662257135e-19,2.65047629422994e-18,1.6988887094664e-08,-5.15192840271661,-1.56278753614447,-0.554568093028187,-1.75408767644735,-3.76283533413379,-13.6765616029565,-4.26468154501103,-41.8725730679211,-40.7829655424269,-18.201879633013,0.311173226053682,1.20589326964801
0.0286806427954199,1.03832414637768,2.84575229263644,0.857535994644617,0.115044095814638,5.69361007706103e-06,0.0696490656955055,3.23605228985193e-18,9.62112963396869e-18,6.16690235752923e-08,-5.15192840271661,-1.56278753614447,-0.554568093028187,-1.75408767644735,-3.76283533413379,-13.6765616029565,-4.26468154501103,-41.8725730679211,-40.7829655424269,-18.201879633013,1.60039555188628,0.926970347330922
0.00926422923174349,0.335392514648706,0.919215854532858,0.27699553617144,0.0371607736614489,1.8391118109278e-06,0.0224975749317224,1.04528794675006e-18,3.10775288521914e-18,1.99199151488521e-08,-5.15192840271661,-1.56278753614447,-0.554568093028187,-1.75408767644735,-3.76283533413379,-13.6765616029565,-4.26468154501103,-41.8725730679211,-40.7829655424269,-18.201879633013,0.470333788618159,1.51936852461584
0.0044962534867594,0.162777682384533,0.446127506956137,0.134435592446285,0.0180354192417281,8.92585091060868e-07,0.0109188575973256,5.07314689401104e-19,1.50830084150708e-18,9.66782942255865e-09,-5.15192840271661,-1.56278753614447,-0.554568093028187,-1.75408767644735,-3.76283533413379,-13.6765616029565,-4.26468154501103,-41.8725730679211,-40.7829655424269,-18.201879633013,-0.252582384756475,1.25965092850141
0.00433734912375401,0.157024874183888,0.43036068964461,0.129684436345803,0.0173980203907555,8.61039791014769e-07,0.0105329687420021,4.89385425003541e-19,1.45499522047259e-18,9.32615378515067e-09,-5.15192840271661,-1.56278753614447,-0.554568093028187,-1.75408767644735,-3.76283533413379,-13.6765616029565,-4.26468154501103,-41.8725730679211,-40.7829655424269,-18.201879633013,-0.288563515746465,3.16728518457535
0.00615381066621867,0.222786157637713,0.610593735180822,0.183995672208337,0.0246842300209065,1.22163923142976e-06,0.0149441268254145,6.94337753856485e-19,2.06434041889897e-18,1.32319034046729e-08,-5.15192840271661,-1.56278753614447,-0.554568093028187,-1.75408767644735,-3.76283533413379,-13.6765616029565,-4.26468154501103,-41.8725730679211,-40.7829655424269,-18.201879633013,0.0612446341907225,1.14091093112918
0.00627277484253831,0.227093012881778,0.622397605126069,0.187552637928911,0.0251614203752737,1.24525570467041e-06,0.0152330235489294,7.07760545595691e-19,2.10424781464089e-18,1.34876997843567e-08,-5.15192840271661,-1.56278753614447,-0.554568093028187,-1.75408767644735,-3.76283533413379,-13.6765616029565,-4.26468154501103,-41.8725730679211,-40.7829655424269,-18.201879633013,0.0803919390976688,2.03389629663403
0.0827166138025037,2.99458621030112,8.20731233419874,2.47318284310183,0.331793750636484,1.6420697027108e-05,0.20087188805128,9.33295984381268e-18,2.77478880077227e-17,1.77856990271834e-07,-5.15192840271661,-1.56278753614447,-0.554568093028187,-1.75408767644735,-3.76283533413379,-13.6765616029565,-4.26468154501103,-41.8725730679211,-40.7829655424269,-18.201879633013,2.65959359800032,2.22418613382468
0.103494866246438,3.74682043970665,10.2689732234291,3.09444156117113,0.415139695219094,2.05455441702618e-05,0.251330515489591,1.16773811972647e-17,3.47181034856805e-17,2.22534320168464e-07,-5.15192840271661,-1.56278753614447,-0.554568093028187,-1.75408767644735,-3.76283533413379,-13.6765616029565,-4.26468154501103,-41.8725730679211,-40.7829655424269,-18.201879633013,2.88369513372601,1.04691096932532
0.111721424001396,4.04464617602199,11.0852291824976,3.34041127102803,0.448138150146929,2.21786600131407e-05,0.271308173089874,1.26055881154437e-17,3.74777619482313e-17,2.40223037529254e-07,-5.15192840271661,-1.56278753614447,-0.554568093028187,-1.75408767644735,-3.76283533413379,-13.6765616029565,-4.26468154501103,-41.8725730679211,-40.7829655424269,-18.201879633013,2.9601816108938,0.883321268603948
0.124489587537914,4.50689148200875,12.3521125963731,3.7221725828708,0.499353941918052,2.47133641721665e-05,0.302314823369969,1.404622684674e-17,4.17609350085009e-17,2.67677100667354e-07,-5.15192840271661,-1.56278753614447,-0.554568093028187,-1.75408767644735,-3.76283533413379,-13.6765616029565,-4.26468154501103,-41.8725730679211,-40.7829655424269,-18.201879633013,3.06839520190807,1.05318486208318
0.0850138307701432,3.07775226288867,8.43524692056678,2.5418684109711,0.341008371480837,1.68767348422102e-05,0.206450529249709,9.59215606481239e-18,2.85185061002342e-17,1.82796458621461e-07,-5.15192840271661,-1.56278753614447,-0.554568093028187,-1.75408767644735,-3.76283533413379,-13.6765616029565,-4.26468154501103,-41.8725730679211,-40.7829655424269,-18.201879633013,2.68698708193101,1.0405493976983
0.182957353949535,6.62359765498372,18.1534044815665,5.47032776133301,0.73388046104476,3.63202401546537e-05,0.444299971085094,2.06431762501566e-17,6.13743712925937e-17,3.93394299230585e-07,-5.15192840271661,-1.56278753614447,-0.554568093028187,-1.75408767644735,-3.76283533413379,-13.6765616029565,-4.26468154501103,-41.8725730679211,-40.7829655424269,-18.201879633013,3.45342621089106,0.859430595599924
0.0447901823017973,1.62153715090517,4.44417389394419,1.3392026742378,0.179662849993931,8.89163590669724e-06,0.108770029036787,5.05370026168876e-18,1.50251914968759e-17,9.6307702306877e-08,-5.15192840271661,-1.56278753614447,-0.554568093028187,-1.75408767644735,-3.76283533413379,-13.6765616029565,-4.26468154501103,-41.8725730679211,-40.7829655424269,-18.201879633013,2.04616209409046,0.278368627174594
0.0120930973408159,0.437805911918752,1.19990195924751,0.3615771909459,0.0485079591519732,2.40069169208246e-06,0.0293672961641966,1.36447065082512e-18,4.05671720895919e-18,2.6002538029872e-08,-5.15192840271661,-1.56278753614447,-0.554568093028187,-1.75408767644735,-3.76283533413379,-13.6765616029565,-4.26468154501103,-41.8725730679211,-40.7829655424269,-18.201879633013,0.736807945857392,0.0698039451949751
0.214687620913983,7.77232722130497,21.3017467486536,6.41904589975783,0.861157241377767,4.26192540583962e-05,0.521354849670163,2.422331926858e-17,7.20185194716629e-17,4.61620614639157e-07,-5.15192840271661,-1.56278753614447,-0.554568093028187,-1.75408767644735,-3.76283533413379,-13.6765616029565,-4.26468154501103,-41.8725730679211,-40.7829655424269,-18.201879633013,3.61335716936022,0.40000003259872
0.179176940115398,14.0489164616889,25.0147088066191,7.68560774451778,1.69516298468934,8.23267429998766e-05,0.430949322889643,2.33383088967757e-17,2.29264341273321e-16,7.24843440610199e-07,-5.61231554087239,-1.25038879911769,-0.673470067637417,-1.85358461598017,-3.36515517939044,-13.2977486295031,-4.73469884785299,-42.1893695765695,-39.9045900791183,-18.030244221156,3.89293407175905,0.155528573962447
0.0347614254117984,1.71094153091661,5.63326152644629,0.923868889167611,0.150397036380717,1.01769528759305e-05,0.0744725894680225,4.08328695178193e-18,7.01664257912816e-17,8.65930577472506e-08,-5.50256821583845,-1.60627742179301,-0.414632657261648,-2.22250635590537,-4.03779781623263,-13.6387061598699,-4.74064539155859,-42.1829506280386,-39.3389829860044,-18.4053674328294,2.14332124365664,0.254604857603965
0.0231469299946085,1.1392813548881,3.75107489549946,0.615185604399906,0.100146344151914,6.77662705101963e-06,0.0495897908245287,2.71897818058736e-18,4.6722403541353e-17,5.76605654673298e-08,-5.50256821583845,-1.60627742179301,-0.414632657261648,-2.22250635590537,-4.03779781623263,-13.6387061598699,-4.74064539155859,-42.1829506280386,-39.3389829860044,-18.4053674328294,1.73667509497077,0.369842152714569
0.047432672090468,2.33461452286667,7.68669994450473,1.26063789258765,0.205219815514339,1.38866592185347e-05,0.101619363248718,5.57172810783017e-18,9.57435153159284e-17,1.18157988769995e-07,-5.50256821583845,-1.60627742179301,-0.414632657261648,-2.22250635590537,-4.03779781623263,-13.6387061598699,-4.74064539155859,-42.1829506280386,-39.3389829860044,-18.4053674328294,2.45412421271884,0.26981766096285
0.0995664260822477,1.17475340146181,3.96978433896752,0.924947968415633,0.0623197527104929,1.35564315076631e-05,0.050625558637618,6.54671506944942e-18,1.31530326430684e-16,5.71260992672231e-08,-4.1446204204201,-1.67663190720034,-0.458978391128748,-1.91570795508741,-4.61316700716175,-13.0463396349113,-4.82098888047328,-41.4052584278356,-38.4049843912929,-18.5156949064014,1.83769016167411,0.117037976951809
0.0248030466631686,0.292643460056545,0.988915140137613,0.230414292491175,0.0155245075607979,3.37705004087284e-06,0.0126113605021894,1.63085575878649e-18,3.2765591298689e-17,1.4230713721102e-08,-4.1446204204201,-1.67663190720034,-0.458978391128748,-1.91570795508741,-4.61316700716175,-13.0463396349113,-4.82098888047328,-41.4052584278356,-38.4049843912929,-18.5156949064014,0.447831636384852,0.111344456038304
0.0280859384884442,0.331377283194758,1.11980637594172,0.260911561940303,0.0175793067011977,3.82403101556056e-06,0.0142805801291363,1.84671323433904e-18,3.71023928733324e-17,1.61142683657101e-08,-4.1446204204201,-1.67663190720034,-0.458978391128748,-1.91570795508741,-4.61316700716175,-13.0463396349113,-4.82098888047328,-41.4052584278356,-38.4049843912929,-18.5156949064014,0.572134182867055,0.0918642912155324
0.0861975094186487,1.01236843921445,4.96875665551672,0.778304115358838,0.0917669318540707,2.23643120597614e-05,0.0278351421080991,5.88817284688244e-18,2.73185618552103e-16,2.63854803182869e-08,-4.39204766513799,-1.92864109537522,-0.337764031458297,-2.19157160775835,-4.32943693605784,-12.6489777515853,-5.52238962233817,-41.6145196074616,-37.7773138586664,-19.3913856363896,1.94093367035297,0.379874252948653
0.316391795006734,3.71594341706034,18.2380424654181,2.85679989805176,0.336834607953168,8.20892028598195e-05,0.102170128061074,2.1612800519408e-17,1.00273997249652e-15,9.68490799365432e-08,-4.39204766513799,-1.92864109537522,-0.337764031458297,-2.19157160775835,-4.32943693605784,-12.6489777515853,-5.52238962233817,-41.6145196074616,-37.7773138586664,-19.3913856363896,3.24127368937029,0.313892125574577
0.0705864322431354,0.829020197006286,4.06887400068406,0.637346845330596,0.0751471865157672,1.8313951395087e-05,0.0227939691719945,4.82177636564539e-18,2.23709458472533e-16,2.16068530430927e-08,-4.39204766513799,-1.92864109537522,-0.337764031458297,-2.19157160775835,-4.32943693605784,-12.6489777515853,-5.52238962233817,-41.6145196074616,-37.7773138586664,-19.3913856363896,1.74113033432725,0.164160704925024
0.00386334363706586,0.0683579940663799,0.0905939839838684,0.0321217001918089,0.0104440838652376,8.20612128259555e-07,0.000475160223946131,5.95671927145434e-19,1.0870352748803e-17,3.47739816717948e-09,-3.97564915472139,-1.10242367631708,-0.82079438155881,-1.85765037028413,-2.98114650966223,-12.4326421887784,-6.0712854087131,-40.3840238066536,-37.4799194331713,-17.8964083873782,-1.58057308852316,0.188308120602392
0.0255792285270998,0.452598814949336,0.599823478623755,0.212678028949372,0.0691503612005909,5.43327933851697e-06,0.00314603957015249,3.94394850239187e-18,7.19726908225534e-17,2.30238805434241e-08,-3.97564915472139,-1.10242367631708,-0.82079438155881,-1.85765037028413,-2.98114650966223,-12.4326421887784,-6.0712854087131,-40.3840238066536,-37.4799194331713,-17.8964083873782,0.309674512213092,0.553015062315449
0.0263406945320621,0.466072192815482,0.617679575709181,0.219009224156286,0.071208892763782,5.59502219590461e-06,0.00323969377009833,4.06135558942389e-18,7.41152400901738e-17,2.37092765989601e-08,-3.97564915472139,-1.10242367631708,-0.82079438155881,-1.85765037028413,-2.98114650966223,-12.4326421887784,-6.0712854087131,-40.3840238066536,-37.4799194331713,-17.8964083873782,0.339008939666593,0.567868289267246
0.00829816990797588,0.146827800635939,0.194589025041929,0.068994982317217,0.022433102148975,1.76261278016036e-06,0.00102060821977811,1.27945824270977e-18,2.33486954677706e-17,7.46918823168805e-09,-3.97564915472139,-1.10242367631708,-0.82079438155881,-1.85765037028413,-2.98114650966223,-12.4326421887784,-6.0712854087131,-40.3840238066536,-37.4799194331713,-17.8964083873782,-0.81607112678531,0.376573522715466
0.0773176099493907,0.433119522058997,0.968835738146011,0.0909920906495998,0.083330494877937,2.32064393352583e-06,0.00217213708420054,5.75686110763366e-18,5.18136016753114e-17,2.14651336691537e-08,-3.06409965437231,-1.34100767469698,-0.535926316434354,-2.90124881027735,-2.98920682992905,-13.47793197134,-6.63630988272545,-40.2004054124099,-38.0031450965874,-18.1611020260781,0.504266118096192,0.563096411143946
0.430764991426892,1.50487137214133,3.41010024849664,0.49705238867449,0.314256494551918,2.32180139062463e-05,0.00567395820214056,1.4922070541147e-17,1.9222577405221e-16,6.34510347296364e-08,-2.66071452873227,-1.40981450010038,-0.591780238383563,-2.51758177626588,-2.97606769252643,-12.4891040467391,-6.99039023681523,-40.5622122401624,-38.0063830138126,-18.3915192627563,1.81852192763298,0.527019023757626
0.181438112324221,0.633851465384053,1.43633341668295,0.209358348338877,0.132364761045824,9.77942195607095e-06,0.00238986985036279,6.28517257631893e-18,8.09654504851153e-17,2.67255607941336e-08,-2.66071452873227,-1.40981450010038,-0.591780238383563,-2.51758177626588,-2.97606769252643,-12.4891040467391,-6.99039023681523,-40.5622122401624,-38.0063830138126,-18.3915192627563,0.95387386637859,1.18354227483023
0.602119954297143,2.1034974982887,4.76661160177393,0.69477596255118,0.439265283630402,3.24539592360818e-05,0.00793101463988536,2.08579541306085e-17,2.686916917358e-16,8.86913627891676e-08,-2.66071452873227,-1.40981450010038,-0.591780238383563,-2.51758177626588,-2.97606769252643,-12.4891040467391,-6.99039023681523,-40.5622122401624,-38.0063830138126,-18.3915192627563,2.15341593483919,0.612273047660127
0.188312963297198,0.65786865949888,1.49075736356329,0.21729112181376,0.137380179221239,1.01499729262536e-05,0.00248042413829925,6.52332333884682e-18,8.4033303203129e-17,2.77382159925111e-08,-2.66071452873227,-1.40981450010038,-0.591780238383563,-2.51758177626588,-2.97606769252643,-12.4891040467391,-6.99039023681523,-40.5622122401624,-38.0063830138126,-18.3915192627563,0.991064526894899,0.254642414414732
0.150009736285905,0.524056880600621,1.18753438456314,0.173093680380928,0.109436780639281,8.08544847533092e-06,0.00197590099135252,5.19646654502338e-18,6.69407640983284e-17,2.20962083184422e-08,-2.66071452873227,-1.40981450010038,-0.591780238383563,-2.51758177626588,-2.97606769252643,-12.4891040467391,-6.99039023681523,-40.5622122401624,-38.0063830138126,-18.3915192627563,0.763659450312616,0.124353339512305
0.0405687771807742,0.192784258398442,0.443022398213555,0.0390023651371842,0.0827031653306821,1.36151882014275e-05,0.000764687244327365,1.63547530551018e-18,2.36770926327249e-17,1.56381275259169e-08,-2.98018607723108,-1.42161308149126,-0.589564483954905,-3.01956252418936,-2.26792693686911,-10.9797541428811,-6.95147317271777,-40.7300277390978,-38.0574531827903,-17.7489833664448,-0.224570465958747,0.122789575009019
0.00256575217391899,0.0121925447217466,0.0280187316528218,0.00246668522180986,0.00523052063639079,8.61085819039279e-07,4.83622651665938e-05,1.03434823825358e-19,1.49744596993387e-18,9.89025612402696e-10,-2.98018607723108,-1.42161308149126,-0.589564483954905,-3.01956252418936,-2.26792693686911,-10.9797541428811,-6.95147317271777,-40.7300277390978,-38.0574531827903,-17.7489833664448,-2.9853175209237,0.185087750900603
0.0041063267817662,0.0195134095325806,0.0448422374329966,0.00394777628621607,0.00837112297521157,1.37811429960488e-06,7.74007975903337e-05,1.65541002579599e-19,2.39656914377476e-18,1.58287398188526e-09,-2.98018607723108,-1.42161308149126,-0.589564483954905,-3.01956252418936,-2.26792693686911,-10.9797541428811,-6.95147317271777,-40.7300277390978,-38.0574531827903,-17.7489833664448,-2.51504029991925,0.243791487715221
0.00321888807713517,0.0152962695437656,0.0351511584674839,0.00309460271776816,0.00656199795320503,1.08028316392775e-06,6.06733262512332e-05,1.29765113153338e-19,1.87863466618908e-18,1.240791212848e-09,-2.98018607723108,-1.42161308149126,-0.589564483954905,-3.01956252418936,-2.26792693686911,-10.9797541428811,-6.95147317271777,-40.7300277390978,-38.0574531827903,-17.7489833664448,-2.7585332194905,0.422607009857284
0.00696353256861951,0.033090952090883,0.0760437240896186,0.00669466172657239,0.0141957984767915,2.33701415366928e-06,0.000131256717621872,2.80725384064332e-19,4.06411573470686e-18,2.68424680028449e-09,-2.98018607723108,-1.42161308149126,-0.589564483954905,-3.01956252418936,-2.26792693686911,-10.9797541428811,-6.95147317271777,-40.7300277390978,-38.0574531827903,-17.7489833664448,-1.98688230320359,0.744761500878509
0.00780316997189323,0.0370809386116113,0.0852127994692041,0.00750187966265646,0.0159074761709785,2.61880281137492e-06,0.000147083174734014,3.14574228768669e-19,4.55415201276935e-18,3.00790350626346e-09,-2.98018607723108,-1.42161308149126,-0.589564483954905,-3.01956252418936,-2.26792693686911,-10.9797541428811,-6.95147317271777,-40.7300277390978,-38.0574531827903,-17.7489833664448,-1.87303914396335,0.354768736332115
0.387720087102858,3.3405227010438,3.90948640476317,0.203954217433634,1.11760060571622,0.000118993296974749,0.00707044991454421,1.28828008160531e-17,2.14025236334157e-16,1.53189764293993e-07,-3.14096409220282,-0.987365175436406,-0.830086456410065,-3.78335220216886,-2.08230839655919,-11.2299358618816,-7.14532363146254,-41.084130989693,-38.2739302065278,-17.8850808620735,2.19349246749909,0.589718921980277
0.0662694436010421,0.57096495151693,0.668212706608525,0.0348600264959377,0.191021236125312,2.03384344661983e-05,0.00120848725003401,2.2019391579173e-18,3.65813735223975e-17,2.61833234408734e-08,-3.14096409220282,-0.987365175436406,-0.830086456410065,-3.78335220216886,-2.08230839655919,-11.2299358618816,-7.14532363146254,-41.084130989693,-38.2739302065278,-17.8850808620735,0.426937723345363,2.38606863557349
0.0635957624567256,0.280809654091743,0.789122561263704,0.025061711684697,0.11059270555085,2.37724491555017e-05,0.000944154403609201,8.02597100967917e-19,3.24265620905406e-17,2.06361332795012e-08,-2.99434371230895,-1.50921350016712,-0.475968906144277,-3.92554930180145,-2.44103641891129,-10.8861185197441,-7.20435611546266,-41.9055693805138,-38.2066890427664,-17.9353575284073,0.239135273414239,4.03695880593366
0.113319618650586,0.500367346593766,1.40611676401907,0.0446568057545232,0.197062237080443,4.23595027188324e-05,0.00168236393167028,1.43012669238202e-18,5.77800392400356e-17,3.67709838410536e-08,-2.99434371230895,-1.50921350016712,-0.475968906144277,-3.92554930180145,-2.44103641891129,-10.8861185197441,-7.20435611546266,-41.9055693805138,-38.2066890427664,-17.9353575284073,0.816800743039784,2.86163593499559
0.121536296085214,0.536648417203957,1.50807270088992,0.047894820252941,0.211350997102032,4.54309423713528e-05,0.00180435023835572,1.533823562014e-18,6.19696045619896e-17,3.94372063078577e-08,-2.99434371230895,-1.50921350016712,-0.475968906144277,-3.92554930180145,-2.44103641891129,-10.8861185197441,-7.20435611546266,-41.9055693805138,-38.2066890427664,-17.9353575284073,0.886801384707174,0.690257272494228
0.0388695177415122,0.171629923285126,0.482309075485001,0.015317634529877,0.0675938924926903,1.45296415753759e-05,0.00057706402005616,4.90544669176451e-19,1.98190065152873e-17,1.26127357804632e-08,-2.99434371230895,-1.50921350016712,-0.475968906144277,-3.92554930180145,-2.44103641891129,-10.8861185197441,-7.20435611546266,-41.9055693805138,-38.2066890427664,-17.9353575284073,-0.253201228844802,0.752580458122254
0.0231596741649001,0.102262475358298,0.287374829533254,0.00912672565294279,0.0402745548858743,8.65721480920541e-06,0.000343832788604805,2.92281853791102e-19,1.18087838449273e-17,7.51506239274843e-09,-2.99434371230895,-1.50921350016712,-0.475968906144277,-3.92554930180145,-2.44103641891129,-10.8861185197441,-7.20435611546266,-41.9055693805138,-38.2066890427664,-17.9353575284073,-0.77099898294041,0.868687932797017
0.12309401520132,0.543526588787535,1.52740152487355,0.0485086835964327,0.214059862675516,4.60132264270143e-05,0.0018274764232813,1.55348243232882e-18,6.27638630736694e-17,3.9942669220011e-08,-2.99434371230895,-1.50921350016712,-0.475968906144277,-3.92554930180145,-2.44103641891129,-10.8861185197441,-7.20435611546266,-41.9055693805138,-38.2066890427664,-17.9353575284073,0.899536847961842,1.64207159308087
0.0827794847323658,0.347119637446359,0.965095914667419,0.0290516475058503,0.0761095927049575,3.55166450667578e-05,0.000694861910847119,1.51408947600539e-18,3.18391233667663e-17,8.70606644460855e-08,-2.89763111244672,-1.46414187717779,-0.441583884367837,-3.94473617974962,-2.98163706334023,-10.6515651914738,-7.67785351679267,-41.4377735167682,-38.3918919409697,-16.6627167640268,0.406056095223226,2.953512585303
0.0420890570341325,1.0701544977498,1.00723771858184,0.070335780268631,0.0272401663275211,1.66532505513536e-05,0.000330628173194656,1.02551466630556e-18,3.32126380706808e-17,7.41546732758546e-08,-3.96430490183614,-0.728534373353978,-0.78912574982866,-3.45081204605497,-4.39940009354136,-11.7992425341077,-8.81085355965846,-42.2176744756753,-38.7399386074502,-17.2134501475495,0.796337401824871,1.33056827080829
0.0343265142285799,0.658547417247434,1.49863455612599,0.0575711167844011,0.0222280051062479,9.46657352859528e-06,0.000180453674053449,7.24229500754558e-19,2.41305576650492e-17,6.56934189234445e-08,-4.19227656148461,-1.23815810005842,-0.415884950014712,-3.67517362939693,-4.62684164147899,-12.3881828876782,-9.4404758142119,-42.5896179683634,-39.083492031299,-17.3587064327019,0.820439347635936,6.78787153384774
0.0269919582259048,0.517835404368572,1.17842088670835,0.0452698799801068,0.0174785409691704,7.44384808561642e-06,0.00014189608648659,5.69483178517997e-19,1.89745745846954e-17,5.16566875241334e-08,-4.19227656148461,-1.23815810005842,-0.415884950014712,-3.67517362939693,-4.62684164147899,-12.3881828876782,-9.4404758142119,-42.5896179683634,-39.083492031299,-17.3587064327019,0.580060260657618,5.74872539236966
0.0207889682295629,0.398832262537717,0.907609376459466,0.0348664624028411,0.0134618181410221,5.73318616094537e-06,0.000109287114672472,4.38610922794e-19,1.46140500407314e-17,3.97855252588913e-08,-4.19227656148461,-1.23815810005842,-0.415884950014712,-3.67517362939693,-4.62684164147899,-12.3881828876782,-9.4404758142119,-42.5896179683634,-39.083492031299,-17.3587064327019,0.318943754933228,8.72025422576545
0.0250004170330251,0.426096848647689,0.683741175085357,0.0396481514034792,0.0184313641656573,4.47803521641635e-06,0.000249868409817113,8.75869298181384e-19,1.64333278567141e-17,6.26837076894697e-08,-3.86547838630217,-1.02970422767825,-0.556791445338671,-3.40432656822133,-4.17031710465462,-12.4929417888707,-8.47119175278012,-41.7556856894298,-38.8238358281453,-16.7617798819063,0.176615613370102,9.76072405937727
0.0241575191984673,0.411730843850144,0.66068860139764,0.0383114000637689,0.0178099442540351,4.32705668745802e-06,0.000241444008684882,8.46339057393095e-19,1.58792724404902e-17,6.05703044848865e-08,-3.86547838630217,-1.02970422767825,-0.556791445338671,-3.40432656822133,-4.17031710465462,-12.4929417888707,-8.47119175278012,-41.7556856894298,-38.8238358281453,-16.7617798819063,0.14231879293182,14.4929940773431
0.0401668632087487,0.684587533508023,1.09853120504204,0.0637006123457697,0.0296127093485931,7.19462510341935e-06,0.00040145051276759,1.40721341737304e-18,2.64025688536799e-17,1.00710636500749e-07,-3.86547838630217,-1.02970422767825,-0.556791445338671,-3.40432656822133,-4.17031710465462,-12.4929417888707,-8.47119175278012,-41.7556856894298,-38.8238358281453,-16.7617798819063,0.650765464734526,6.26857664393652
0.0430661527728578,0.734001835075556,1.17782442846539,0.0682985945093661,0.0317501881637341,7.71394127136639e-06,0.000430427664309755,1.50878767160993e-18,2.83083361013069e-17,1.07980044019178e-07,-3.86547838630217,-1.02970422767825,-0.556791445338671,-3.40432656822133,-4.17031710465462,-12.4929417888707,-8.47119175278012,-41.7556856894298,-38.8238358281453,-16.7617798819063,0.720460477410445,2.6896087464513
0.125124837019106,1.93218810651029,2.94666781274996,0.259012506096327,0.0874648785913122,7.77582122501633e-05,0.00174665314626134,8.9310416457803e-18,1.30281217614512e-16,3.67488509744822e-07,-3.75596652776753,-1.01887008920636,-0.596848206951662,-3.02840211623745,-4.11404113759929,-11.1394295725617,-8.02757699391265,-40.9345218240182,-38.2543595312684,-16.4940969686581,1.67752318387532,0.887764141730867
0.0891170875939742,1.37615345472634,2.09869167333329,0.184475286790556,0.0622947084888358,5.53813741327035e-05,0.00124401074271046,6.36091474413595e-18,9.27895928466169e-17,2.61734652311337e-07,-3.75596652776753,-1.01887008920636,-0.596848206951662,-3.02840211623745,-4.11404113759929,-11.1394295725617,-8.02757699391265,-40.9345218240182,-38.2543595312684,-16.4940969686581,1.33816234482955,1.80613997717518
0.373984586645472,5.77510099153385,8.80727096383383,0.774160329284998,0.261423049533911,0.000232410875086517,0.00522055708905993,2.66939162342375e-17,3.89396449801509e-16,1.09838335607895e-06,-3.75596652776753,-1.01887008920636,-0.596848206951662,-3.02840211623745,-4.11404113759929,-11.1394295725617,-8.02757699391265,-40.9345218240182,-38.2543595312684,-16.4940969686581,2.7724258331728,1.44749283944252
0.539644541467327,8.33323574764902,12.7085336416876,1.1170818553419,0.377222823432705,0.000335359436181732,0.00753305146022081,3.85182349770156e-17,5.61883232908051e-16,1.58492249069203e-06,-3.75596652776753,-1.01887008920636,-0.596848206951662,-3.02840211623745,-4.11404113759929,-11.1394295725617,-8.02757699391265,-40.9345218240182,-38.2543595312684,-16.4940969686581,3.13912191505577,0.601308070583956
0.06946266205429,1.0726481861259,1.63583342316003,0.143789982927664,0.0485558538811933,4.31672284108878e-05,0.000969649033039604,4.95803984574942e-18,7.23252106198264e-17,2.04010097190708e-07,-3.75596652776753,-1.01887008920636,-0.596848206951662,-3.02840211623745,-4.11404113759929,-11.1394295725617,-8.02757699391265,-40.9345218240182,-38.2543595312684,-16.4940969686581,1.08900062036392,1.11909795668015
0.23443100733606,3.62010305038638,5.52080881849412,0.485279854610543,0.16387217824353,0.00014568599217175,0.00327248903015332,1.67329935403703e-17,2.44091883034181e-16,6.88517991921553e-07,-3.75596652776753,-1.01887008920636,-0.596848206951662,-3.02840211623745,-4.11404113759929,-11.1394295725617,-8.02757699391265,-40.9345218240182,-38.2543595312684,-16.4940969686581,2.30537258159643,0.750204419812542
0.0908718287359665,1.40325031291481,2.14001551731182,0.188107658360945,0.0635213092549179,5.64718493526016e-05,0.00126850567281028,6.48616298892929e-18,9.46166466756029e-17,2.66888283058206e-07,-3.75596652776753,-1.01887008920636,-0.596848206951662,-3.02840211623745,-4.11404113759929,-11.1394295725617,-8.02757699391265,-40.9345218240182,-38.2543595312684,-16.4940969686581,1.35766128703943,0.377015990607723
0.0738660864075189,1.4086618096854,1.80179126087985,0.197769319466561,0.0617596844407121,5.22019885473639e-05,0.00115238732469627,9.97177656613908e-18,8.47678923193339e-17,8.90509832783257e-08,-3.87105453346238,-0.922912882568738,-0.676771750153623,-2.88620704584939,-4.05005754788363,-11.1259430341847,-8.03147261902363,-40.4123259797663,-38.272167896263,-17.4996098505645,1.26555306516053,0.66857826873632
0.0035641862727859,0.0679707471894353,0.086940028784304,0.00954276485872109,0.0029800281861524,2.51885026053989e-06,5.5604991185736e-05,4.81158145515385e-19,4.09022019267031e-18,4.29688789016968e-09,-3.87105453346238,-0.922912882568738,-0.676771750153623,-2.88620704584939,-4.05005754788363,-11.1259430341847,-8.03147261902363,-40.4123259797663,-38.272167896263,-17.4996098505645,-1.76576497218552,1.05666615146831
0.0404115308201461,0.435721826433827,1.18050838877272,0.298914195239266,0.0495098657735971,3.1906697711901e-05,0.000931267362741662,8.8326665636233e-18,1.14569276431939e-16,1.81880962881842e-07,-3.90479734570921,-1.52690847932724,-0.530212043674385,-1.90375594653078,-3.70174054802022,-11.0488518379021,-7.67512137120044,-39.9642319430921,-37.4015092268289,-16.2160706412644,0.696157227310928,3.96929038020359
0.0278542125176896,0.300327359685994,0.813681908911955,0.206030787494889,0.0341253670670789,2.19921374114814e-05,0.000641889047659214,6.08803889800691e-18,7.89684753080983e-17,1.25363996122296e-07,-3.90479734570921,-1.52690847932724,-0.530212043674385,-1.90375594653078,-3.70174054802022,-11.0488518379021,-7.67512137120044,-39.9642319430921,-37.4015092268289,-16.2160706412644,0.324026279029788,2.82180999679693
0.0579056564372713,0.624345523954252,1.69154970856763,0.428313957488577,0.0709426547215111,4.57190865640791e-05,0.00133441240318665,1.26563222198742e-17,1.6416624227527e-16,2.6061711435751e-07,-3.90479734570921,-1.52690847932724,-0.530212043674385,-1.90375594653078,-3.70174054802022,-11.0488518379021,-7.67512137120044,-39.9642319430921,-37.4015092268289,-16.2160706412644,1.05585713975147,1.44596900869628
0.0718867486334384,0.77509128645372,2.09996770924263,0.531728671991297,0.0880714786970542,5.67577795641209e-05,0.00165660101107976,1.57121412660177e-17,2.0380353351702e-16,3.23542087976945e-07,-3.90479734570921,-1.52690847932724,-0.530212043674385,-1.90375594653078,-3.70174054802022,-11.0488518379021,-7.67512137120044,-39.9642319430921,-37.4015092268289,-16.2160706412644,1.27213401173441,1.25144404604114
0.087100103411288,1.44818820466688,2.56926493695472,0.432972250206318,0.0893600651954202,3.28558230039151e-05,0.00699688231556493,1.9596810934621e-17,1.84306910812915e-16,4.16102376518282e-07,-3.97409944523817,-1.1630889762685,-0.589782396137201,-2.37048387770126,-3.94848363202437,-11.8567838057339,-6.49569285001484,-40.0045670656965,-37.7633315496763,-16.225736746947,1.5334022373846,2.18991563012307
0.111649813404379,1.85636912578596,3.2934283607318,0.5550081923157,0.114546759580297,4.21164426213414e-05,0.00896899744488685,2.51202949075691e-17,2.36254968656358e-16,5.33383439007077e-07,-3.97409944523817,-1.1630889762685,-0.589782396137201,-2.37048387770126,-3.94848363202437,-11.8567838057339,-6.49569285001484,-40.0045670656965,-37.7633315496763,-16.225736746947,1.7817114732858,4.0031772373017
0.0467052844945035,0.776555244500263,1.3777050212626,0.232170701665214,0.0479171333206315,1.76181255888157e-05,0.00375190575354321,1.05083070402859e-17,9.88300399963089e-17,2.23124647537522e-07,-3.97409944523817,-1.1630889762685,-0.589782396137201,-2.37048387770126,-3.94848363202437,-11.8567838057339,-6.49569285001484,-40.0045670656965,-37.7633315496763,-16.225736746947,0.910201482869511,3.65569260980695
0.00712388119823921,0.203207412839171,0.355749977968785,0.070653139361015,0.0252151509154211,2.26447127448324e-06,0.0011550880552151,4.86439920999403e-18,3.50206685616107e-17,4.2492254891276e-08,-4.533483611388,-1.18270910485784,-0.622708125363462,-2.23915375686111,-3.26949125974912,-12.5873502806006,-6.35275972105526,-39.4537694795961,-37.4797742777885,-16.5631250368981,-0.410818978577641,1.66814378084771
0.0154773313153118,0.44148805499684,0.772901754144731,0.153500881882703,0.0547823909500372,4.91978616626092e-06,0.00250954220479448,1.05683848632439e-17,7.60858407276284e-17,9.23185955781393e-08,-4.533483611388,-1.18270910485784,-0.622708125363462,-2.23915375686111,-3.26949125974912,-12.5873502806006,-6.35275972105526,-39.4537694795961,-37.4797742777885,-16.5631250368981,0.365104790053912,3.37344537837354
0.0161181757198978,0.459768024842572,0.804904026005926,0.159856640459522,0.0570506753199302,5.12349166123143e-06,0.00261345069181021,1.10059725950786e-17,7.92362020079539e-17,9.6141079843044e-08,-4.533483611388,-1.18270910485784,-0.622708125363462,-2.23915375686111,-3.26949125974912,-12.5873502806006,-6.35275972105526,-39.4537694795961,-37.4797742777885,-16.5631250368981,0.405675894339452,2.06249896897294
0.0182945464782426,0.521848604076737,0.913586895327839,0.181441422997526,0.0647539925977558,5.81529559896627e-06,0.00296633415473275,1.24920636601799e-17,8.99351394093824e-17,1.09122613143229e-07,-4.533483611388,-1.18270910485784,-0.622708125363462,-2.23915375686111,-3.26949125974912,-12.5873502806006,-6.35275972105526,-39.4537694795961,-37.4797742777885,-16.5631250368981,0.532331341187023,3.19074477697578
0.0253860704226285,0.724133032146912,1.26772102766064,0.251773649993186,0.0898546142255014,8.06948145882327e-06,0.00411617570507425,1.73343683691987e-17,1.24796741216337e-16,1.51421864720714e-07,-4.533483611388,-1.18270910485784,-0.622708125363462,-2.23915375686111,-3.26949125974912,-12.5873502806006,-6.35275972105526,-39.4537694795961,-37.4797742777885,-16.5631250368981,0.859928947441448,3.06761311243687
0.00612008568338039,0.174574328721423,0.305622775905891,0.0606977088270511,0.0216621922555204,1.945394349195e-06,0.000992329556466058,4.17897760152004e-18,3.00860565079748e-17,3.65048536855059e-08,-4.533483611388,-1.18270910485784,-0.622708125363462,-2.23915375686111,-3.26949125974912,-12.5873502806006,-6.35275972105526,-39.4537694795961,-37.4797742777885,-16.5631250368981,-0.562695570615558,3.31026756952043
0.00684470685231405,0.1952440155017,0.341808663585711,0.0678843475437756,0.0242270065221715,2.17573000138672e-06,0.00110982186627579,4.67377061443233e-18,3.36482604644678e-17,4.08270463994375e-08,-4.533483611388,-1.18270910485784,-0.622708125363462,-2.23915375686111,-3.26949125974912,-12.5873502806006,-6.35275972105526,-39.4537694795961,-37.4797742777885,-16.5631250368981,-0.450796036313677,1.87518222813242
0.00930419792108447,0.465361950829215,0.667054717361896,0.307496679637809,0.0264054891894234,2.56399481061283e-06,0.0010239059651629,8.13394375066349e-18,1.76399689522628e-17,2.53023411784091e-08,-5.06706528179662,-1.15471547779434,-0.794658891897949,-1.56906668021177,-4.02395905709332,-13.2637197333419,-7.27390627796922,-39.740261472259,-38.9661400738836,-17.8821445992903,0.389775690492078,1.88023324952454
0.0118876522117554,0.594576885720089,0.852272764774198,0.392877883167147,0.0337373811936865,3.27592758019901e-06,0.00130820927441961,1.03924588919964e-17,2.25379788466733e-17,3.23279270951972e-08,-5.06706528179662,-1.15471547779434,-0.794658891897949,-1.56906668021177,-4.02395905709332,-13.2637197333419,-7.27390627796922,-39.740261472259,-38.9661400738836,-17.8821445992903,0.634810234957778,3.64974557716583
0.0333523381180327,1.66816196978688,2.39116092170249,1.10226946120867,0.0946545646478526,9.191036409775e-06,0.00367034947459538,2.91573808410093e-17,6.32332000971549e-17,9.07001597899973e-08,-5.06706528179662,-1.15471547779434,-0.794658891897949,-1.56906668021177,-4.02395905709332,-13.2637197333419,-7.27390627796922,-39.740261472259,-38.9661400738836,-17.8821445992903,1.66643788120536,1.35141818578588
0.0320266416208388,1.60185547960103,2.29611650092126,1.05845619814697,0.0908922129844402,8.82570895564271e-06,0.00352445956952399,2.79984264819032e-17,6.07197921442104e-17,8.70949887311348e-08,-5.06706528179662,-1.15471547779434,-0.794658891897949,-1.56906668021177,-4.02395905709332,-13.2637197333419,-7.27390627796922,-39.740261472259,-38.9661400738836,-17.8821445992903,1.62587810988736,1.3175094404874
0.0246292916568522,1.23186708947809,1.76577124909982,0.813979396241229,0.069898394262916,6.78719181737681e-06,0.00271039791490684,2.15314930587989e-17,4.66950449493942e-17,6.69782334565366e-08,-5.06706528179662,-1.15471547779434,-0.794658891897949,-1.56906668021177,-4.02395905709332,-13.2637197333419,-7.27390627796922,-39.740261472259,-38.9661400738836,-17.8821445992903,1.36324645516886,3.10434987141649
0.0193455730671267,0.967594810298048,1.38696058316352,0.639356507061355,0.0549031012474071,5.33113647980769e-06,0.00212893661881787,1.69123447810339e-17,3.66775633066147e-17,5.26094021416978e-08,-5.06706528179662,-1.15471547779434,-0.794658891897949,-1.56906668021177,-4.02395905709332,-13.2637197333419,-7.27390627796922,-39.740261472259,-38.9661400738836,-17.8821445992903,1.12177361405503,1.49498417825145
0.0290037154644436,0.462339107744824,1.57869828920943,0.16209123947179,0.0799582140546499,2.94332097085924e-06,0.000537155720505573,9.44054131406866e-18,1.42590661047718e-17,1.31834770143068e-08,-4.37871703602549,-1.60984235598538,-0.381785058402313,-2.65798159396189,-3.3646368033708,-13.5743577304732,-8.36760822145945,-40.0399040510742,-39.627524449887,-18.9826872310638,0.838385698286801,6.87901407571804
0.0347347893268447,0.305184749084314,1.01312513314556,0.293508268862963,0.0744601250552881,3.83238198351136e-06,0.000499783491570294,1.38813826170662e-17,2.5046510129065e-17,2.13284342043644e-08,-3.90321922615726,-1.73004365720195,-0.530165961218217,-1.76905517295952,-3.14069723718944,-13.0152297264256,-8.14454127632705,-39.3591888177412,-38.769002878419,-18.2064304214448,0.543205706146679,1.02618745607916
0.0475675012844754,0.41793476296835,1.3874225814,0.40194442594051,0.101969298298645,5.24824933319487e-06,0.000684427697359209,1.90098370614638e-17,3.42999029452917e-17,2.92081898601834e-08,-3.90321922615726,-1.73004365720195,-0.530165961218217,-1.76905517295952,-3.14069723718944,-13.0152297264256,-8.14454127632705,-39.3591888177412,-38.769002878419,-18.2064304214448,0.857613729110756,3.17069843017528
0.022725326572737,0.199667918601706,0.662839762554334,0.192028550941997,0.0487157311537369,2.50734591499192e-06,0.000326984653763823,9.0819308067644e-18,1.63867446217809e-17,1.39541837440977e-08,-3.90321922615726,-1.73004365720195,-0.530165961218217,-1.76905517295952,-3.14069723718944,-13.0152297264256,-8.14454127632705,-39.3591888177412,-38.769002878419,-18.2064304214448,0.1189439577729,2.58705033461081
0.03558924869769,0.312692149409688,1.03804753171575,0.300728433303596,0.0762918088754814,3.92665676570902e-06,0.000512077928820155,1.42228580567423e-17,2.56626424189537e-17,2.18531035869793e-08,-3.90321922615726,-1.73004365720195,-0.530165961218217,-1.76905517295952,-3.14069723718944,-13.0152297264256,-8.14454127632705,-39.3591888177412,-38.769002878419,-18.2064304214448,0.567507536547181,3.98068411903587
0.0322137386700661,0.28303444309345,0.939592521265246,0.272205441688047,0.0690558099345579,3.55422773804741e-06,0.000463509210825007,1.28738720076178e-17,2.32286346781236e-17,1.97804166662987e-08,-3.90321922615726,-1.73004365720195,-0.530165961218217,-1.76905517295952,-3.14069723718944,-13.0152297264256,-8.14454127632705,-39.3591888177412,-38.769002878419,-18.2064304214448,0.467856975501342,2.66592241286239
0.109159951480035,0.959094701540159,3.18391711942535,0.922399387155881,0.23400353926865,1.2043908700196e-05,0.00157065416971371,4.36245931620969e-17,7.87128951526394e-17,6.70282125792017e-08,-3.90321922615726,-1.73004365720195,-0.530165961218217,-1.76905517295952,-3.14069723718944,-13.0152297264256,-8.14454127632705,-39.3591888177412,-38.769002878419,-18.2064304214448,1.68827819853032,2.14026124777281
0.0406877091280418,0.503319981955632,0.827671045295453,0.22915532700217,0.0982668304175811,7.01336431114554e-06,0.000535764312958831,2.68811376874443e-17,2.63428993660844e-17,1.68037063736489e-08,-3.7322478531314,-1.2169477980736,-0.719558125791839,-2.0037738554707,-2.8504873749077,-12.3981116757487,-8.06223484218989,-38.6855254684164,-38.7057515429575,-18.4320849913551,0.530418633964545,1.92816662122441
0.0352677937940883,0.824662668405313,1.05543203067358,0.260083226498932,0.170885850253421,6.18532509439852e-06,0.000988049118572506,2.95728702929292e-17,1.50452990638252e-17,1.02853356783467e-08,-4.19806181746118,-1.04605759190514,-0.799326538009169,-2.20003032612858,-2.620036216622,-12.8466077206145,-7.77305487515706,-38.9129510058633,-39.5887428149131,-19.245823405572,0.853276728859251,3.17463676788294
0.0272877498221294,0.765402606927121,0.987346785593599,0.167811706847435,0.0572553926940465,2.42491507369061e-06,0.00167331341513717,2.55644036287299e-17,2.51398859709597e-17,2.23201212159103e-09,-4.29784884067832,-0.963884738745383,-0.709265386789748,-2.48144415942739,-3.55676488417073,-13.6262454940626,-7.08948097603795,-38.901862211995,-38.9186074452184,-20.6168938003378,0.69653143871602,8.76782789890398
0.0216505818248974,0.607283923309301,0.783378347807482,0.133144766936029,0.0454274380452508,1.92397037365057e-06,0.00132763636610836,2.02832485703772e-17,1.99464287759428e-17,1.7709177703425e-09,-4.29784884067832,-0.963884738745383,-0.709265386789748,-2.48144415942739,-3.55676488417073,-13.6262454940626,-7.08948097603795,-38.901862211995,-38.9186074452184,-20.6168938003378,0.465125889912787,9.47864384015802
0.0138634371916406,0.388859874361895,0.50161776759418,0.0852560974454091,0.0290883838231659,1.2319688518952e-06,0.000850120496702555,1.29878977328218e-17,1.2772223156369e-17,1.13396524302504e-09,-4.29784884067832,-0.963884738745383,-0.709265386789748,-2.48144415942739,-3.55676488417073,-13.6262454940626,-7.08948097603795,-38.901862211995,-38.9186074452184,-20.6168938003378,0.0193485183374603,3.13414690810013
0.0104420177113962,0.292891412079728,0.377821282064727,0.0642153650082021,0.0219095318771698,9.27925765706578e-07,0.000640315468716641,9.78255653956469e-18,9.62010925350663e-18,8.54108904458057e-10,-4.29784884067832,-0.963884738745383,-0.709265386789748,-2.48144415942739,-3.55676488417073,-13.6262454940626,-7.08948097603795,-38.901862211995,-38.9186074452184,-20.6168938003378,-0.264068607147945,1.43654193983751
0.0414849413357764,1.06983839531253,0.978458173249715,0.307010111953726,0.0933029685823217,2.68185051595035e-06,0.00242581091523385,2.70499577416675e-17,7.59232354493799e-17,6.64540292945559e-09,-4.09572026351398,-0.845787881891152,-0.935072725384512,-2.09417008051759,-3.28519884057264,-13.7422989972347,-6.9348848989969,-39.0621417173722,-38.0301043904775,-19.7426359966728,0.913295486540223,1.26662916395577
0.115566755744981,2.9803043836309,2.72574175287823,0.855254014516286,0.259918925596643,7.47097027359418e-06,0.00675770745956369,7.53544722153779e-17,2.11503300330819e-16,1.85124440928898e-08,-4.09572026351398,-0.845787881891152,-0.935072725384512,-2.09417008051759,-3.28519884057264,-13.7422989972347,-6.9348848989969,-39.0621417173722,-38.0301043904775,-19.7426359966728,1.93781331935033,2.89400008743179
0.112239794760679,2.89450673064871,2.64727250446288,0.830632775305917,0.252436322844949,7.25589435098217e-06,0.00656316510249598,7.31851512247772e-17,2.05414497164929e-16,1.79795038124078e-08,-4.09572026351398,-0.845787881891152,-0.935072725384512,-2.09417008051759,-3.28519884057264,-13.7422989972347,-6.9348848989969,-39.0621417173722,-38.0301043904775,-19.7426359966728,1.90860259174881,3.47595755658655
0.158397792921703,4.0848567008641,3.73594875920186,1.17222593481594,0.356249371955539,1.02398409879423e-05,0.00926223064673946,1.03282142072367e-16,2.89890079133012e-16,2.53734758494984e-08,-4.09572026351398,-0.845787881891152,-0.935072725384512,-2.09417008051759,-3.28519884057264,-13.7422989972347,-6.9348848989969,-39.0621417173722,-38.0301043904775,-19.7426359966728,2.25307453023999,1.95569672426785
0.0441134739045496,1.13762455999918,1.04045438423028,0.326462618145825,0.0992147496716768,2.85177558270408e-06,0.00257951302474795,2.87638735052798e-17,8.07338170888732e-17,7.06646313757573e-09,-4.09572026351398,-0.845787881891152,-0.935072725384512,-2.09417008051759,-3.28519884057264,-13.7422989972347,-6.9348848989969,-39.0621417173722,-38.0301043904775,-19.7426359966728,0.974730251035052,2.84560828529578
0.0214378824456211,0.552852891098169,0.50563097405166,0.158651464308688,0.0482155212925495,1.38588109917586e-06,0.00125356930880458,1.39784171208359e-17,3.9234318382689e-17,3.43409830695833e-09,-4.09572026351398,-0.845787881891152,-0.935072725384512,-2.09417008051759,-3.28519884057264,-13.7422989972347,-6.9348848989969,-39.0621417173722,-38.0301043904775,-19.7426359966728,0.253124549327849,2.16472451413517
0.0274107275051342,0.385432945726152,0.419484636478983,0.222246134298469,0.0355018263126571,2.52901868477405e-06,0.00107015790779788,1.0428638117751e-17,4.25369812632633e-17,3.15875334532045e-09,-3.68405206061634,-1.04061927534807,-0.955959610349004,-1.59120103141433,-3.42540237158931,-12.9749104352895,-6.92718029720783,-39.1892072201596,-37.7833890621425,-19.6603196313543,0.0872312331922294,3.04856345542048
0.0332182697976991,0.717831804295064,0.629850634956339,0.245236415862402,0.0405135801194141,3.48020561526111e-06,0.000730368549033028,1.50983012196324e-17,2.94243672178518e-17,3.08917743357054e-09,-3.91591152445663,-0.842776258384082,-0.973528840228627,-1.91678883616247,-3.71737431463506,-13.0796754462297,-7.73321755468407,-39.2432057035634,-38.5759647910451,-20.1066172493545,0.511256265151523,2.71393987112896
0.0400400000097779,0.865246312527215,0.75919726052551,0.295598360580737,0.0488334810409011,4.19490339857304e-06,0.000880357613100294,1.81989003239292e-17,3.54669785893576e-17,3.72357335958954e-09,-3.91591152445663,-0.842776258384082,-0.973528840228627,-1.91678883616247,-3.71737431463506,-13.0796754462297,-7.73321755468407,-39.2432057035634,-38.5759647910451,-20.1066172493545,0.698035200165716,2.55900074250654
0.0939187011183113,1.73955879396617,1.75680033668751,0.701002657996839,0.0849378650487406,5.10654803823322e-06,0.00134130838858336,2.98540662410136e-17,3.59193664177296e-17,4.21298962429354e-09,-3.84181833474938,-0.922861067704305,-0.912998418109938,-1.83173618232431,-3.94232787131993,-13.6614794947919,-8.0906023140975,-39.5267032029433,-39.3417476514102,-20.7615858988271,1.47649258209117,1.92948532535197
0.106216546159212,1.96733903616505,1.98683821041374,0.792792918708017,0.0960597469533736,5.77520652392714e-06,0.00151694117011086,3.37631990984865e-17,4.06226980962216e-17,4.76464433141325e-09,-3.84181833474938,-0.922861067704305,-0.912998418109938,-1.83173618232431,-3.94232787131993,-13.6614794947919,-8.0906023140975,-39.5267032029433,-39.3417476514102,-20.7615858988271,1.59954295431505,1.09650976769419
0.0473900685228694,0.877757139568704,0.886456981892703,0.353716177945596,0.0428584637235923,2.57669301817052e-06,0.000676805531682036,1.50639460299358e-17,1.81244120240753e-17,2.12581588761435e-09,-3.84181833474938,-0.922861067704305,-0.912998418109938,-1.83173618232431,-3.94232787131993,-13.6614794947919,-8.0906023140975,-39.5267032029433,-39.3417476514102,-20.7615858988271,0.792475737680898,4.02830394009377
0.0474156991197739,0.878231868559935,0.886936416134606,0.353907482939618,0.0428816434327989,2.57808660510031e-06,0.000677171577360085,1.50720932629008e-17,1.81342144893006e-17,2.12696562070836e-09,-3.84181833474938,-0.922861067704305,-0.912998418109938,-1.83173618232431,-3.94232787131993,-13.6614794947919,-8.0906023140975,-39.5267032029433,-39.3417476514102,-20.7615858988271,0.793016434690503,4.09695636944764
0.0454116094046462,0.841112191154519,0.849448829058067,0.338949096585884,0.0410691918151531,2.46912023012525e-06,0.000648549989599963,1.44350505185278e-17,1.73677469811842e-17,2.03706649438473e-09,-3.84181833474938,-0.922861067704305,-0.912998418109938,-1.83173618232431,-3.94232787131993,-13.6614794947919,-8.0906023140975,-39.5267032029433,-39.3417476514102,-20.7615858988271,0.749830841884078,7.8031615720196
0.0372857231228596,0.690604818587215,0.697449710823415,0.278298046110465,0.0337203313200069,2.02729950478439e-06,0.000532499412828201,1.18520639095265e-17,1.42599880008231e-17,1.67255682606819e-09,-3.84181833474938,-0.922861067704305,-0.912998418109938,-1.83173618232431,-3.94232787131993,-13.6614794947919,-8.0906023140975,-39.5267032029433,-39.3417476514102,-20.7615858988271,0.552673551046152,1.83212105345644
0.0549731763055133,0.494053078753763,0.513130203730065,0.231155176449633,0.0123676339067005,2.1012483562554e-06,0.000807997344520255,4.19157456549103e-18,1.40578234097544e-17,2.30495339845813e-09,-3.1682535859887,-0.972455990433113,-0.93456932731147,-1.73200970420442,-4.66001605735241,-13.3403226042306,-7.38829545567028,-40.2807988890009,-39.0706962765031,-20.1555490480277,0.267343669736862,2.46481700199763
0.0521975392403094,0.424350117427565,0.267530617176596,0.159436100394897,0.0123355364108055,1.07230084937166e-06,0.00149199202899321,1.28245930902169e-18,2.01921100622932e-17,2.18937065244285e-09,-2.86644607044536,-0.770922560093514,-1.23224740671121,-1.74983820576247,-4.30899718730534,-13.6594300358684,-6.42136926396309,-41.1114782484421,-38.3549658810122,-19.8533778519818,-0.0862738557495983,1.80340529375673
0.172172669249931,1.39971143232753,0.88244505652491,0.525897185562933,0.0406885508663592,3.53696557658248e-06,0.00492130958413088,4.23016957604336e-18,6.66033214939119e-17,7.2216007630768e-09,-2.86644607044536,-0.770922560093514,-1.23224740671121,-1.74983820576247,-4.30899718730534,-13.6594300358684,-6.42136926396309,-41.1114782484421,-38.3549658810122,-19.8533778519818,1.10718865570308,1.54483598042092
0.177817069052496,0.96361311564388,1.07854542885293,1.01265544248662,0.0378336853004399,4.76666050157144e-06,0.00957242164550533,2.34998770016832e-18,7.80129235331179e-17,3.83066347029774e-09,-2.91485616599983,-1.22492160415636,-1.11224289869397,-1.17528017525115,-4.4624116345865,-13.4417208096537,-5.83672526693031,-41.7799777866312,-38.2775133815154,-20.5680840258234,1.18785620690977,2.99960057083165
0.102002439795046,0.552764081299551,0.618693502029968,0.580896571717044,0.0217027995548815,2.73433255550638e-06,0.00549109468394282,1.34803975896573e-18,4.47510949220131e-17,2.19741008040557e-09,-2.91485616599983,-1.22492160415636,-1.11224289869397,-1.17528017525115,-4.4624116345865,-13.4417208096537,-5.83672526693031,-41.7799777866312,-38.2775133815154,-20.5680840258234,0.632097619575174,2.1856727487565
0.165075349868734,0.894564132963261,1.00126081801888,0.940092266483181,0.0351226621329019,4.42509908747895e-06,0.00888649700865516,2.18159619804543e-18,7.24228034751282e-17,3.55617217153711e-09,-2.91485616599983,-1.22492160415636,-1.11224289869397,-1.17528017525115,-4.4624116345865,-13.4417208096537,-5.83672526693031,-41.7799777866312,-38.2775133815154,-20.5680840258234,1.11350292254927,1.32533757713873
0.161671830870068,0.876120034407739,0.980616850161426,0.920709470129762,0.0343985040563136,4.33386251686321e-06,0.00870327545907431,2.13661610796311e-18,7.0929592115829e-17,3.4828511120453e-09,-2.91485616599983,-1.22492160415636,-1.11224289869397,-1.17528017525115,-4.4624116345865,-13.4417208096537,-5.83672526693031,-41.7799777866312,-38.2775133815154,-20.5680840258234,1.09266943230308,1.08704721729738
0.116010217033365,0.628673992197232,0.703657359489111,0.660669857448887,0.0246831986730154,3.10983260638728e-06,0.00624517499105841,1.53316318042438e-18,5.08966672249696e-17,2.49917571433947e-09,-2.91485616599983,-1.22492160415636,-1.11224289869397,-1.17528017525115,-4.4624116345865,-13.4417208096537,-5.83672526693031,-41.7799777866312,-38.2775133815154,-20.5680840258234,0.760779152119266,6.07081368099536
0.37014847031476,2.0058812274401,2.24512721293943,2.10796896490111,0.0787555481312847,9.92240004049087e-06,0.0199261929587066,4.89179333070101e-18,1.62393658069129e-16,7.97400514684409e-09,-2.91485616599983,-1.22492160415636,-1.11224289869397,-1.17528017525115,-4.4624116345865,-13.4417208096537,-5.83672526693031,-41.7799777866312,-38.2775133815154,-20.5680840258234,1.92100508328921,5.68717471372436
0.143132334175164,0.775652164434182,0.868165950368343,0.815128367431944,0.0304539025210333,3.83688274385548e-06,0.0077052392165206,1.89160256999127e-18,6.27958378834104e-17,3.08345991115949e-09,-2.91485616599983,-1.22492160415636,-1.11224289869397,-1.17528017525115,-4.4624116345865,-13.4417208096537,-5.83672526693031,-41.7799777866312,-38.2775133815154,-20.5680840258234,0.970870503158565,4.89816510806057
0.103316253403557,0.559883802884316,0.626662408892369,0.588378645896768,0.0219823363331712,2.76955135349629e-06,0.00556182117770006,1.36540280423897e-18,4.53274987572786e-17,2.22571320014385e-09,-2.91485616599983,-1.22492160415636,-1.11224289869397,-1.17528017525115,-4.4624116345865,-13.4417208096537,-5.83672526693031,-41.7799777866312,-38.2775133815154,-20.5680840258234,0.644895592523945,1.48626446649817
0.0822634548997066,0.154942755943107,0.770879086806037,0.244922722991069,0.00715874369409033,1.93216529817642e-06,0.00389367254189054,4.70482282981613e-19,3.33191814218782e-17,2.13403590164005e-09,-2.7321589561,-2.09903018556459,-0.494554382960156,-1.64114317334608,-5.1737514139155,-13.391199906563,-5.78273310735127,-42.4348592890745,-38.174729062858,-20.1995814993635,0.234330638791481,1.23819742266042
0.0813222021626272,0.153169911691673,0.762058741838784,0.242120334206531,0.007076833845977,1.91005759703968e-06,0.00384912141111426,4.65099057378654e-19,3.2937945662344e-17,2.10961841108008e-09,-2.7321589561,-2.09903018556459,-0.494554382960156,-1.64114317334608,-5.1737514139155,-13.391199906563,-5.78273310735127,-42.4348592890745,-38.174729062858,-20.1995814993635,0.222822745720735,3.01405344525025
0.104094931568792,0.196062219811233,0.975458736649455,0.309921509137691,0.00905856599219383,2.44493274368892e-06,0.00492699434145484,5.95341164688605e-19,4.21615882078755e-17,2.70037675195379e-09,-2.7321589561,-2.09903018556459,-0.494554382960156,-1.64114317334608,-5.1737514139155,-13.391199906563,-5.78273310735127,-42.4348592890745,-38.174729062858,-20.1995814993635,0.469706963453504,1.50049733240935
0.140401550092755,0.188391500027893,0.667319333081352,0.165313597677745,0.00391545765797211,4.52466488668469e-06,0.00213410539153434,4.39697430819373e-19,1.3376475344074e-16,2.33585314103678e-09,-2.11809638745266,-1.82408067503041,-0.559334227941704,-1.95475865748294,-5.69767069833143,-12.460814682294,-6.30455538102171,-42.423047760284,-36.705296628649,-20.0297362822115,0.154847640547978,1.15256928124284
0.180672523116367,0.242427292442499,0.858724619154758,0.212730021699548,0.00503851712287915,5.82246150981445e-06,0.00274622470642257,5.65814580974628e-19,1.72132113158374e-16,3.00583918298336e-09,-2.11809638745266,-1.82408067503041,-0.559334227941704,-1.95475865748294,-5.69767069833143,-12.460814682294,-6.30455538102171,-42.423047760284,-36.705296628649,-20.0297362822115,0.407027236489928,0.693422653792258
0.0145285735541802,0.0386118797518028,0.117396206621907,0.0130698353218487,0.000671776822081181,7.54022943367718e-07,0.000423409994409714,6.02806225417349e-20,1.26780959877201e-17,7.04988714171587e-10,-2.54262878006835,-1.56518608566155,-0.453191485069083,-2.64843915252174,-5.61657518399093,-12.4088338419226,-6.07816039580843,-42.5662670530602,-37.2176466962467,-19.3838301229025,-1.68900919860917,0.836645556078313
0.0256310648320744,0.0681184281110632,0.207108411004323,0.0230575834048384,0.00118513735813338,1.3302345804464e-06,0.000746972782757542,1.06346059282637e-19,2.23664834676781e-17,1.24372921893724e-09,-2.54262878006835,-1.56518608566155,-0.453191485069083,-2.64843915252174,-5.61657518399093,-12.4088338419226,-6.07816039580843,-42.5662670530602,-37.2176466962467,-19.3838301229025,-1.12132141308501,0.731859142461416
0.185622239923923,0.493319153492575,1.49989582600558,0.166984879749624,0.00858286038740569,9.63366618064675e-06,0.0054096371729414,7.70166743381758e-19,1.619798782334e-16,9.00718737167175e-09,-2.54262878006835,-1.56518608566155,-0.453191485069083,-2.64843915252174,-5.61657518399093,-12.4088338419226,-6.07816039580843,-42.5662670530602,-37.2176466962467,-19.3838301229025,0.858587141435918,0.291479508595936
0.0777165224721726,0.206543402849099,0.627978025238007,0.0699134121261199,0.00359348137619025,4.03343389522989e-06,0.00226491280942149,3.22454254640392e-19,6.78179126161026e-17,3.77113906215383e-09,-2.54262878006835,-1.56518608566155,-0.453191485069083,-2.64843915252174,-5.61657518399093,-12.4088338419226,-6.07816039580843,-42.5662670530602,-37.2176466962467,-19.3838301229025,-0.0120586197163017,0.237774871822221
0.241665261391897,0.642261952163027,1.95274400848095,0.21740091397306,0.0111741955051434,1.25422603275473e-05,0.00704291351063327,1.00269529896299e-18,2.10884803618067e-16,1.17266351891507e-08,-2.54262878006835,-1.56518608566155,-0.453191485069083,-2.64843915252174,-5.61657518399093,-12.4088338419226,-6.07816039580843,-42.5662670530602,-37.2176466962467,-19.3838301229025,1.12242705232579,0.0555671385754199
0.313497531929594,0.833167066278824,2.53317511843928,0.282020881186018,0.0144955989619064,1.627030560726e-05,0.00913634003687695,1.30073515610731e-18,2.73567930595165e-16,1.52122451049174e-08,-2.54262878006835,-1.56518608566155,-0.453191485069083,-2.64843915252174,-5.61657518399093,-12.4088338419226,-6.07816039580843,-42.5662670530602,-37.2176466962467,-19.3838301229025,1.38266498849532,0.251999208769385
0.0522350497005184,0.138822538244682,0.422078372985436,0.0469904010237761,0.00241526090350215,2.71096303950717e-06,0.00152229962695299,2.16728868990702e-19,4.55819679445379e-17,2.53466869171488e-09,-2.54262878006835,-1.56518608566155,-0.453191485069083,-2.64843915252174,-5.61657518399093,-12.4088338419226,-6.07816039580843,-42.5662670530602,-37.2176466962467,-19.3838301229025,-0.409372779145523,0.594846179600221
0.0164163142098515,0.0883682734256751,0.22358943846763,0.0210368812742034,0.00271558185707798,1.45502883480523e-06,0.000534930900080143,1.4281711715273e-19,1.70021693656786e-17,4.20692146247249e-10,-3.06723696466182,-1.38399956660594,-0.455701067809875,-2.81923542546046,-4.86650633150705,-12.3982421347502,-6.49113027308721,-42.3504793370853,-37.5709480231808,-20.5468770887523,-1.04224270505147,1.12818202482805
0.339454085479791,1.82726591716545,4.62334890693201,0.434997478910112,0.0561523947492874,3.00868682306977e-05,0.0110612210000596,2.95315094936762e-18,3.51568310609908e-16,8.69900916535769e-09,-3.06723696466182,-1.38399956660594,-0.455701067809875,-2.81923542546046,-4.86650633150705,-12.3982421347502,-6.49113027308721,-42.3504793370853,-37.5709480231808,-20.5468770887523,1.98682038194128,0.630221293321485
0.34888178778986,1.8780148103008,4.751753775321,0.447078720268568,0.0577119224861403,3.0922474721397e-05,0.0113684257244542,3.03516919341964e-18,3.61332462864548e-16,8.94060787431901e-09,-3.06723696466182,-1.38399956660594,-0.455701067809875,-2.81923542546046,-4.86650633150705,-12.3982421347502,-6.49113027308721,-42.3504793370853,-37.5709480231808,-20.5468770887523,2.01421483357008,0.53316528092565
0.070487505877696,0.379431041150281,0.960036562209563,0.0903270535339748,0.0116600224426309,6.2475262251013e-06,0.00229685814255022,6.13220620417798e-19,7.3003019909162e-17,1.80634579432625e-09,-3.06723696466182,-1.38399956660594,-0.455701067809875,-2.81923542546046,-4.86650633150705,-12.3982421347502,-6.49113027308721,-42.3504793370853,-37.5709480231808,-20.5468770887523,0.414917158199343,0.347927872527804
0.115892278528557,0.623842869113106,1.57844746072076,0.148511539974004,0.0191708665492474,1.02718920236758e-05,0.00377638732258283,1.00822882092359e-18,1.20028169693198e-16,2.96990973518311e-09,-3.06723696466182,-1.38399956660594,-0.455701067809875,-2.81923542546046,-4.86650633150705,-12.3982421347502,-6.49113027308721,-42.3504793370853,-37.5709480231808,-20.5468770887523,0.912142811964445,0.18919927569502
0.0658452151921006,0.847000177494447,1.48754055183362,0.154447606430537,0.0441275189716918,2.43172165401011e-05,0.00325386496932796,1.2739882610265e-18,1.13609448677122e-16,3.25727595962624e-09,-3.67682084209005,-1.12242670119985,-0.559248206623414,-2.8242726835383,-4.07704400460729,-11.5806982853188,-6.68428409429874,-42.1607516574766,-37.6701373225163,-20.4987469125051,0.956372326426357,0.458856789817873
0.0248806714991507,0.320052613002773,0.562091075317465,0.0583605072626345,0.0166742913726391,9.18865060646891e-06,0.00122952510927712,4.81396914322443e-19,4.29291538267187e-17,1.2308140067141e-09,-3.67682084209005,-1.12242670119985,-0.559248206623414,-2.8242726835383,-4.07704400460729,-11.5806982853188,-6.68428409429874,-42.1607516574766,-37.6701373225163,-20.4987469125051,-0.0168431798696147,0.26101677784686
0.262494897107244,3.37660411303349,5.93014698117752,0.615712294965782,0.175916329201424,9.6941671995541e-05,0.0129716783191116,5.07881121685675e-18,4.5290915146845e-16,1.29852763845863e-08,-3.67682084209005,-1.12242670119985,-0.559248206623414,-2.8242726835383,-4.07704400460729,-11.5806982853188,-6.68428409429874,-42.1607516574766,-37.6701373225163,-20.4987469125051,2.33929720535919,0.371325193814578
0.264035001429156,3.3964152508696,5.96494020990665,0.61932478868273,0.176948461642411,9.7510446054233e-05,0.0130477854665719,5.10860950700051e-18,4.55566450140908e-16,1.30614633143191e-08,-3.67682084209005,-1.12242670119985,-0.559248206623414,-2.8242726835383,-4.07704400460729,-11.5806982853188,-6.68428409429874,-42.1607516574766,-37.6701373225163,-20.4987469125051,2.34514723863717,0.580118870098949
0.268136920207882,3.44918029877039,6.0576086066289,0.628946316007054,0.179697446488167,9.9025320702014e-05,0.0132504894866314,5.18797436831254e-18,4.62643907927475e-16,1.32643798267384e-08,-3.67682084209005,-1.12242670119985,-0.559248206623414,-2.8242726835383,-4.07704400460729,-11.5806982853188,-6.68428409429874,-42.1607516574766,-37.6701373225163,-20.4987469125051,2.36056330945376,0.159812049431562
0.614093481010676,7.89939384200882,13.8732777006649,1.44042764519773,0.41154731827715,0.000226790118462436,0.0303465826624411,1.18816209150207e-17,1.05955795892376e-15,3.0378394646043e-08,-3.67682084209005,-1.12242670119985,-0.559248206623414,-2.8242726835383,-4.07704400460729,-11.5806982853188,-6.68428409429874,-42.1607516574766,-37.6701373225163,-20.4987469125051,3.18921272886938,0.506317730118221
0.0970786544444445,1.248771642791,2.19315002285662,0.227709268937745,0.0650592477106441,3.58520000984129e-05,0.00479732402794497,1.87829997665961e-18,1.6749967902107e-16,4.80235300913235e-09,-3.67682084209005,-1.12242670119985,-0.559248206623414,-2.8242726835383,-4.07704400460729,-11.5806982853188,-6.68428409429874,-42.1607516574766,-37.6701373225163,-20.4987469125051,1.34458708359466,0.814504513635253
0.06262613518823,0.805591529551046,1.41481678547666,0.146896880078505,0.0419701866047496,2.31283820092145e-05,0.0030947880853433,1.21170476594988e-18,1.08055242446338e-16,3.09803231712116e-09,-3.67682084209005,-1.12242670119985,-0.559248206623414,-2.8242726835383,-4.07704400460729,-11.5806982853188,-6.68428409429874,-42.1607516574766,-37.6701373225163,-20.4987469125051,0.906248249106819,0.358922372602466
0.123398339280495,1.5873350093575,2.78775053241351,0.28944514926063,0.0826979233310878,4.55720909745415e-05,0.00609796068380409,2.38753924966101e-18,2.12911708959095e-16,6.10435310786833e-09,-3.67682084209005,-1.12242670119985,-0.559248206623414,-2.8242726835383,-4.07704400460729,-11.5806982853188,-6.68428409429874,-42.1607516574766,-37.6701373225163,-20.4987469125051,1.58448321646996,0.25877864063392
0.00184277221953796,0.0237045074949917,0.0416309430587757,0.00432243645455459,0.00123497152892476,6.805519727721e-07,9.10640500469451e-05,3.56543777492091e-20,3.17952238880891e-18,9.11595114733285e-11,-3.67682084209005,-1.12242670119985,-0.559248206623414,-2.8242726835383,-4.07704400460729,-11.5806982853188,-6.68428409429874,-42.1607516574766,-37.6701373225163,-20.4987469125051,-2.61966335806286,0.206731832034424
0.00660028656188439,0.0849028114361903,0.149110210755351,0.0154817393832587,0.00442331716326591,2.43754382279424e-06,0.000326165556124087,1.27703851748676e-19,1.13881458997291e-17,3.26507471832962e-10,-3.67682084209005,-1.12242670119985,-0.559248206623414,-2.8242726835383,-4.07704400460729,-11.5806982853188,-6.68428409429874,-42.1607516574766,-37.6701373225163,-20.4987469125051,-1.34382137033493,0.265633741898518
0.00821260916277037,0.105642929380137,0.185534956949262,0.0192636294685776,0.00550384816239035,3.03298872648023e-06,0.000405841505469424,1.58899437646964e-19,1.41700501161845e-17,4.06266944585935e-10,-3.67682084209005,-1.12242670119985,-0.559248206623414,-2.8242726835383,-4.07704400460729,-11.5806982853188,-6.68428409429874,-42.1607516574766,-37.6701373225163,-20.4987469125051,-1.12526376089933,0.47249373036755
0.251385253324542,3.21634577509307,10.708978708214,2.56107502435766,0.430124750944696,0.000159648482375928,0.0258104458558509,8.82573405638236e-18,8.31114978647682e-16,3.90509066101732e-08,-4.2253221286833,-1.67630762325293,-0.473470964718475,-1.90412638418635,-3.68823347981574,-11.5870896307144,-6.50152947678287,-42.1134133812602,-37.5683170127393,-19.9029532302015,2.84455348592103,1.2645805507793
0.188645902005277,2.41362785556864,8.03629059878953,1.92189598110356,0.322776577160645,0.000119804290678495,0.0193688164888072,6.62305580739651e-18,6.23689865430076e-16,2.93047957434851e-08,-4.2253221286833,-1.67630762325293,-0.473470964718475,-1.90412638418635,-3.68823347981574,-11.5870896307144,-6.50152947678287,-42.1134133812602,-37.5683170127393,-19.9029532302015,2.55743857313648,0.986967865184308
0.632585947552998,8.09361373782976,26.9480781146484,6.4446901702147,1.08236608768405,0.000401739502073311,0.0649494158172036,2.22090805529457e-17,2.09141804994655e-15,9.82677163202886e-08,-4.2253221286833,-1.67630762325293,-0.473470964718475,-1.90412638418635,-3.68823347981574,-11.5870896307144,-6.50152947678287,-42.1134133812602,-37.5683170127393,-19.9029532302015,3.76738294653053,0.87890231507526
0.176629266843391,3.36754455222611,15.2663839382924,2.56278587787927,0.939455555332327,0.000332690683901468,0.0295098948828626,4.71809920849822e-18,7.08622586166014e-16,5.19568664889544e-08,-4.84019932278755,-1.892313182885,-0.380843759204869,-2.16540214181843,-3.16895181013171,-11.1147944189899,-6.62952669427853,-43.0016227076284,-37.9897056497768,-19.8793489953393,3.10649704215959,1.24413768074106
0.333019304996726,4.02016170997535,6.44367594003129,3.07487904191845,1.19642244133914,0.000958367179908844,0.0655016815811893,3.80491642067819e-18,9.29696748831499e-16,4.40765028874766e-08,-3.81653955545465,-1.32566260955183,-0.85388556232126,-1.59371917321241,-2.53764893274988,-9.66726431359459,-5.44266420141095,-42.8272223862123,-37.328657955181,-19.6543237485683,2.71698473773573,2.30095815213119
0.053947198531508,1.6426859258379,6.58187587463424,0.952725724206529,0.399098972043101,0.000574568755418682,0.090480458074742,1.42472397266754e-18,3.03684601858492e-16,5.48876521406482e-09,-5.19407799722704,-1.77799581964644,-0.390008689435974,-2.3227567007365,-3.19287432409227,-9.73621927060072,-4.67694986594286,-43.3668820638003,-38.0048704864164,-21.2948910036671,2.27432848147396,0.947964713441457
0.0774780359464956,2.35919719049985,9.45277659436654,1.36828825067,0.573179059225941,0.000825185735271534,0.129946473106957,2.04616399318122e-18,4.36146586656347e-16,7.88286991972004e-09,-5.19407799722704,-1.77799581964644,-0.390008689435974,-2.3227567007365,-3.19287432409227,-9.73621927060072,-4.67694986594286,-43.3668820638003,-38.0048704864164,-21.2948910036671,2.63631720729481,0.547603134816402
0.0894119114601298,2.72258231300067,10.9087796764951,1.57904451792413,0.661465338766482,0.000952288387269034,0.149962017054988,2.36133288042518e-18,5.03325871821082e-16,9.09706162144405e-09,-5.19407799722704,-1.77799581964644,-0.390008689435974,-2.3227567007365,-3.19287432409227,-9.73621927060072,-4.67694986594286,-43.3668820638003,-38.0048704864164,-21.2948910036671,2.77957662935806,0.856686175593539
0.141255186103871,9.6607059837438,14.0863643132954,4.56813140987796,1.98009708746074,0.00457326118211718,0.467527305434733,7.51836117600082e-18,1.8772397252252e-15,2.57152496662731e-08,-5.38822342180026,-1.16296949919302,-0.785828968459086,-1.91193198852394,-2.7478903503749,-8.81856494993224,-4.1913337525623,-42.8602197163546,-37.34001015619,-20.9072178767427,3.43103622795029,0.421398684151164
0.127469047374786,3.02170334656287,14.0808799454124,1.01737737771138,0.85321658007194,0.00387690401400528,0.190384778360312,6.32923417399683e-18,2.83542232997434e-16,1.73702910284052e-08,-5.01972293628575,-1.85402053231496,-0.315023381841644,-2.94261310897525,-3.11858308650736,-8.51255960514267,-4.61854933214907,-42.5611936553684,-38.7590118185531,-20.8283457289178,2.95984122674178,0.471274865987238
0.0298379058712328,0.609767650391937,1.77715984414669,0.322314708176559,0.26502160725844,0.00139947581876833,0.0647609309185663,1.72450150282389e-18,7.66818681400164e-17,4.7775833818177e-09,-4.63373862614615,-1.61644023683177,-0.546746444645474,-2.25398979761112,-2.44970686095452,-7.69342046909622,-3.85881571683432,-42.0233565905025,-38.2286293346644,-20.2810939284023,1.12176294145896,0.370469921345879
1.13213283481797,23.1362744288326,67.4303693081304,12.2295132187297,10.0556542006785,0.0530999907566881,2.45720918293312,6.54323659128564e-17,2.90952257611998e-15,1.81274753026527e-07,-4.63373862614615,-1.61644023683177,-0.546746444645474,-2.25398979761112,-2.44970686095452,-7.69342046909622,-3.85881571683432,-42.0233565905025,-38.2286293346644,-20.2810939284023,4.75784194428829,0.41164664093458
0.860987857439229,17.5951537990764,51.2808456847537,9.30055383952521,7.64733244998058,0.0403825822073207,1.86870939931156,4.97613626262751e-17,2.21269406905541e-15,1.37859583624946e-07,-4.63373862614615,-1.61644023683177,-0.546746444645474,-2.25398979761112,-2.44970686095452,-7.69342046909622,-3.85881571683432,-42.0233565905025,-38.2286293346644,-20.2810939284023,4.48406374863426,0.554151718617499
0.630670053298895,12.8883775635001,37.5630078888758,6.81261731510147,5.60163946814319,0.0295800748558589,1.36882192504922,3.64499928176441e-17,1.62078927641999e-15,1.00981576222339e-07,-4.63373862614615,-1.61644023683177,-0.546746444645474,-2.25398979761112,-2.44970686095452,-7.69342046909622,-3.85881571683432,-42.0233565905025,-38.2286293346644,-20.2810939284023,4.17276617801757,1.03887187452881
1.07188073286297,25.204854064862,54.2104073282506,14.976740426391,4.29030283392255,0.0379690647039501,1.57720866043041,6.96082604715469e-17,2.89082317318332e-15,1.57480316489685e-07,-4.5493561083154,-1.39173431052713,-0.625898000977785,-1.91227254873899,-3.16241358701039,-7.88975444565932,-4.16311429409461,-41.8224193367758,-38.0960060064495,-20.2827362692762,4.61877090811685,0.458355100648395
2.75921374034538,53.4889664078499,109.736226382378,21.9243481716728,4.67492048920793,0.0744814159104464,5.31201698233675,1.27095092674977e-16,5.21350248318649e-15,2.1250454850334e-07,-4.27317061952746,-1.30864098471976,-0.590036837838262,-2.20051857408099,-3.74590422704503,-7.88532201756615,-3.61814477283992,-41.8897124883808,-38.175640885349,-20.6524188260744,5.28811638198499,0.344943314887171
1.80295291865317,34.9512930769557,71.7049378035235,14.3260259064736,3.05473309923207,0.0486683884751716,3.47103103402219,8.30477410771957e-17,3.40665870897339e-15,1.38856838217692e-07,-4.27317061952746,-1.30864098471976,-0.590036837838262,-2.20051857408099,-3.74590422704503,-7.88532201756615,-3.61814477283992,-41.8897124883808,-38.175640885349,-20.6524188260744,4.8625964506252,0.153322330588792
0.00165411382417927,0.0320659604881535,0.0657854831679825,0.0131433701081613,0.00280255584954061,4.46506691020225e-05,0.0031844871588884,7.61919044925852e-20,3.12542895961088e-18,1.27393795645694e-10,-4.27317061952746,-1.30864098471976,-0.590036837838262,-2.20051857408099,-3.74590422704503,-7.88532201756615,-3.61814477283992,-41.8897124883808,-38.175640885349,-20.6524188260744,-2.13131924770027,0.185137404880689
0.753062394974768,14.598553406297,29.9499180678415,5.98373438817173,1.27590942609574,0.0203279480043513,1.44978990658564,3.4687611720641e-17,1.42290269462918e-15,5.79981108020018e-08,-4.27317061952746,-1.30864098471976,-0.590036837838262,-2.20051857408099,-3.74590422704503,-7.88532201756615,-3.61814477283992,-41.8897124883808,-38.175640885349,-20.6524188260744,3.98956342676464,0.395611978789173
0.0443749440842685,0.860234152493221,1.76482845041468,0.352597448315198,0.0751842208791828,0.00119784437791669,0.0854302996245489,2.04400171989976e-18,8.38459441513351e-17,3.41759586059037e-09,-4.27317061952746,-1.30864098471976,-0.590036837838262,-2.20051857408099,-3.74590422704503,-7.88532201756615,-3.61814477283992,-41.8897124883808,-38.175640885349,-20.6524188260744,1.15809032826728,0.110085156525829
0.185927871358458,3.60432014379963,7.39450615363759,1.47735832381386,0.315016558021225,0.00501888306567357,0.357946901939616,8.56422237090135e-18,3.51308564772355e-16,1.43194844891829e-08,-4.27317061952746,-1.30864098471976,-0.590036837838262,-2.20051857408099,-3.74590422704503,-7.88532201756615,-3.61814477283992,-41.8897124883808,-38.175640885349,-20.6524188260744,2.59077415065377,0.190766357926566
0.0195255275367597,0.379736715738373,1.12007926088717,0.325011016209783,0.151886832115049,0.000498901161610516,0.0283246929637722,1.32356072732265e-18,7.74183276006445e-17,1.7712666283158e-09,-4.64163335079033,-1.67387790541254,-0.592201334244698,-1.82949698689373,-2.59022034668852,-8.30870334045358,-4.2696220975847,-41.8718068340718,-37.8029089163186,-20.8571717227659,0.705600785696976,0.234275039369395
0.0112467216305039,0.218728693847112,0.645166673606252,0.187206641115174,0.0874869535238443,0.000287367523115827,0.0163150489241995,7.62372183452696e-19,4.4593027153012e-17,1.02025118986234e-09,-4.64163335079033,-1.67387790541254,-0.592201334244698,-1.82949698689373,-2.59022034668852,-8.30870334045358,-4.2696220975847,-41.8718068340718,-37.8029089163186,-20.8571717227659,0.153954747368422,0.504614978396925
0.285941577597124,5.56105413107831,16.4030001386097,4.75962365352266,2.22430663189211,0.00730615779509036,0.414800950999516,1.93828843652868e-17,1.13375265725255e-15,2.59393131935737e-08,-4.64163335079033,-1.67387790541254,-0.592201334244698,-1.82949698689373,-2.59022034668852,-8.30870334045358,-4.2696220975847,-41.8718068340718,-37.8029089163186,-20.8571717227659,3.38966558762531,0.515222922523141
0.0191400069282754,0.589843962089877,1.13450679027892,0.511821651326951,0.096376606709918,0.00106017100665257,0.0293652385785566,1.54646357386786e-18,8.47163617392761e-17,1.65318872672777e-09,-4.82396303962109,-1.39588575673767,-0.741790498161438,-1.53776756052075,-3.20748028444133,-7.7173135654818,-4.3959321740942,-41.8785494235865,-37.8752114266961,-21.0885483610181,0.86798850864256,0.302137875874295
0.0958818215764049,2.95482199891331,5.68330920936319,2.56396940896476,0.482798394134769,0.005310924268798,0.147105096486578,7.74700578843352e-18,4.24386423229959e-16,8.28164520118693e-09,-4.82396303962109,-1.39588575673767,-0.741790498161438,-1.53776756052075,-3.20748028444133,-7.7173135654818,-4.3959321740942,-41.8785494235865,-37.8752114266961,-21.0885483610181,2.47932416852702,0.625607070933703
0.0535816874084025,1.65124468945431,3.17600659326994,1.43282433663801,0.269802473612724,0.0029679065264073,0.0822068163342696,4.32926320841905e-18,2.37160082026158e-16,4.6280360249903e-09,-4.82396303962109,-1.39588575673767,-0.741790498161438,-1.53776756052075,-3.20748028444133,-7.7173135654818,-4.3959321740942,-41.8785494235865,-37.8752114266961,-21.0885483610181,1.89741511751078,0.536161113997737
0.0502753530470653,1.54935228330246,2.98002658145876,1.3444098695482,0.253153927580939,0.0027847676257097,0.0771341276092873,4.06211985408298e-18,2.2252578127404e-16,4.34245646833504e-09,-4.82396303962109,-1.39588575673767,-0.741790498161438,-1.53776756052075,-3.20748028444133,-7.7173135654818,-4.3959321740942,-41.8785494235865,-37.8752114266961,-21.0885483610181,1.83372271859157,1.62866574848164
0.124337883198938,3.83176191830869,7.37001680859958,3.32491105880243,0.626084583621806,0.0068871144765017,0.190763337660846,1.00461827385723e-17,5.50336952878327e-16,1.07394938559827e-08,-4.82396303962109,-1.39588575673767,-0.741790498161438,-1.53776756052075,-3.20748028444133,-7.7173135654818,-4.3959321740942,-41.8785494235865,-37.8752114266961,-21.0885483610181,2.73921048503845,2.25511723802359
0.293685325666135,9.05059840091592,17.4079349825777,7.85341974620061,1.47880798759719,0.0162673226042876,0.450581846052876,2.37290226708983e-17,1.29989254339791e-15,2.53666193233911e-08,-4.82396303962109,-1.39588575673767,-0.741790498161438,-1.53776756052075,-3.20748028444133,-7.7173135654818,-4.3959321740942,-41.8785494235865,-37.8752114266961,-21.0885483610181,3.59871663391173,1.6612868349237
0.211650369860455,9.39328286980929,21.9693960128978,4.80614765911867,1.08225691376239,0.0143308204931433,0.323764778456793,2.84667466540396e-17,1.53768054884953e-15,1.40584746172329e-08,-5.18515060970803,-1.39233619968326,-0.542680650630032,-2.06243518444732,-3.55328244955874,-7.87767382695904,-4.76006906446835,-41.7301260971106,-37.7408322961616,-21.7123714926013,3.63233104520112,0.497431523975375
0.00693892363536412,0.597891956768243,1.54307379073641,0.306893348206999,0.110291454630915,0.000889594469873045,0.0198492014866905,1.97326539488679e-18,2.27341784607009e-16,1.51867533680116e-09,-5.92065448338816,-1.46439108678296,-0.516269475988632,-2.13130086285678,-3.15467470073232,-7.97479072203426,-4.86963737115612,-41.7168878136518,-36.9701230008451,-21.2554732421294,0.950045871127288,0.716779457706786
0.0551993270648318,4.75624684826938,12.2751941563282,2.44134496816818,0.877371534340065,0.00707674830824263,0.157900940032766,1.56973801185744e-17,1.80851010667829e-15,1.20811037887985e-08,-5.92065448338816,-1.46439108678296,-0.516269475988632,-2.13130086285678,-3.15467470073232,-7.97479072203426,-4.86963737115612,-41.7168878136518,-36.9701230008451,-21.2554732421294,3.02384996676027,0.567170516265083
0.0851279600662978,13.7302104348385,17.6898070530819,4.11658578751437,1.03515253455413,0.0229712329450322,0.449281338330837,2.64153598248181e-17,3.58821209884475e-15,3.21404525583986e-08,-6.07800175032831,-0.994803462076024,-0.741413407389473,-2.19937788092841,-3.57985321614434,-7.38791459578696,-4.41450800713817,-41.7869880297648,-36.8755243474545,-20.8675524042736,3.61440200838365,0.202586393686613
0.113884076043934,25.103371855345,34.8597217440467,9.87736211497977,3.80834714674155,0.0270515338959364,0.381202770384622,3.78877028094337e-17,5.64818848855022e-15,6.37515865355766e-08,-6.47894667161813,-1.08337027287122,-0.755040388891373,-2.0161269631529,-2.96917717159418,-7.91638401620068,-5.27079628654567,-42.1182775254383,-37.1138139695108,-20.8746442132379,4.3063724468529,0.224616658152294
0.216121513131568,18.7701180367346,51.8088977079982,15.2493876880239,14.7684679221402,0.0317265871720809,0.414682241728239,4.62426729943085e-17,1.31978605564502e-14,4.94393291804358e-08,-6.14960002711166,-1.68541941926665,-0.670123653490717,-1.89314620778765,-1.92519119630279,-8.06828579599827,-5.4979282930486,-42.2303142026591,-36.5764072159414,-21.4402051506759,4.61768555842998,0.360782923700864
0.0646567382943399,5.61542713665995,15.4995876712422,4.56213569212456,4.41825967074768,0.00949159393729122,0.124059843882412,1.38343488461678e-17,3.94838349814863e-15,1.47906875254995e-08,-6.14960002711166,-1.68541941926665,-0.670123653490717,-1.89314620778765,-1.92519119630279,-8.06828579599827,-5.4979282930486,-42.2303142026591,-36.5764072159414,-21.4402051506759,3.41093707520674,0.14351754763587
0.00126334051351209,0.109720916791726,0.302849440976625,0.0891404515607154,0.0863292301548214,0.000185458089521899,0.00242402928157538,2.70312017532641e-19,7.71482287489656e-17,2.88998103934624e-10,-6.14960002711166,-1.68541941926665,-0.670123653490717,-1.89314620778765,-1.92519119630279,-8.06828579599827,-5.4979282930486,-42.2303142026591,-36.5764072159414,-21.4402051506759,-0.5243958379416,0.352419052158888
0.00037430951558189,0.032508720154425,0.0897299076011324,0.0264110260737895,0.0255781018452231,5.49485486353167e-05,0.000718204804198354,8.00895398005759e-20,2.28579039634748e-17,8.56259568428846e-11,-6.14960002711166,-1.68541941926665,-0.670123653490717,-1.89314620778765,-1.92519119630279,-8.06828579599827,-5.4979282930486,-42.2303142026591,-36.5764072159414,-21.4402051506759,-1.7408274939253,0.459361932021418
0.00042682445849414,0.0370696343497427,0.102318850118048,0.0301164449017422,0.0291666629217896,6.26577298732256e-05,0.000818967629405048,9.13259562832214e-20,2.60648262343912e-17,9.76391225472631e-11,-6.14960002711166,-1.68541941926665,-0.670123653490717,-1.89314620778765,-1.92519119630279,-8.06828579599827,-5.4979282930486,-42.2303142026591,-36.5764072159414,-21.4402051506759,-1.60953770637968,0.135256464515793
0.00070431682548231,0.0611698009976136,0.168839639500493,0.0496961184999645,0.048128852576684,0.000103393543921861,0.00135140493811053,1.50699910310829e-19,4.3010411668821e-17,1.61117469879741e-10,-6.14960002711166,-1.68541941926665,-0.670123653490717,-1.89314620778765,-1.92519119630279,-8.06828579599827,-5.4979282930486,-42.2303142026591,-36.5764072159414,-21.4402051506759,-1.10868223973403,0.371885237895103
0.0123772975050439,1.07496626216948,2.96709999411259,0.873333734571452,0.845791418528276,0.00181698435550697,0.0237488873807965,2.64832182963007e-18,7.55842600629134e-16,2.83139460227419e-09,-6.14960002711166,-1.68541941926665,-0.670123653490717,-1.89314620778765,-1.92519119630279,-8.06828579599827,-5.4979282930486,-42.2303142026591,-36.5764072159414,-21.4402051506759,1.7577086963254,0.439156994125856
0.0304884539817463,9.35485184886233,25.4293325223898,5.11287940723647,3.63370111006746,0.00491301548565003,0.105454103677612,6.94816171320713e-18,3.25878683404435e-15,1.78696293216908e-08,-7.26710569921102,-1.54080335116761,-0.540795142750922,-2.14493574389579,-2.48644675579692,-9.09256584802179,-6.02617793114846,-43.2847530251952,-37.1341198797839,-21.6168617252361,3.77669847419556,0.453706550279018
0.0707294426198275,21.70209934086,58.9929065140436,11.8612478964247,8.42973718234431,0.0113975883162412,0.244640478640097,1.6118875870249e-17,7.55998242898076e-15,4.145533002437e-08,-7.26710569921102,-1.54080335116761,-0.540795142750922,-2.14493574389579,-2.48644675579692,-9.09256584802179,-6.02617793114846,-43.2847530251952,-37.1341198797839,-21.6168617252361,4.61821235085308,0.419280328771988
0.171529768930686,52.6309263492621,143.066865057788,28.7653491324555,20.4434082537021,0.0276409033895579,0.593290760083902,3.909075133403e-17,1.83341193021022e-14,1.00535546678155e-07,-7.26710569921102,-1.54080335116761,-0.540795142750922,-2.14493574389579,-2.48644675579692,-9.09256584802179,-6.02617793114846,-43.2847530251952,-37.1341198797839,-21.6168617252361,5.50410725154241,0.243734063566975
0.0781742620308829,23.9864126967833,65.2023649695696,13.1097357298901,9.31703204401228,0.0125972724024294,0.270390776064314,1.78155118893993e-17,8.35572889395765e-15,4.58188232773286e-08,-7.26710569921102,-1.54080335116761,-0.540795142750922,-2.14493574389579,-2.48644675579692,-9.09256584802179,-6.02617793114846,-43.2847530251952,-37.1341198797839,-21.6168617252361,4.71829088356511,0.190884327682039
0.0849100677707829,19.7651455121873,52.1097283721256,14.9054676663381,4.32145770755214,0.00691888257654009,0.394385879971871,3.45908520690614e-17,3.02478507423381e-15,4.46174064899334e-08,-6.98346302186633,-1.53338035420782,-0.563948756722379,-1.81557230993223,-3.05370763540129,-9.49080141281361,-5.44772587122647,-42.4202428308978,-37.9492367688357,-21.4424421870601,4.51730041304357,0.155183927184056
0.000280859933876256,0.0653778474961678,0.172365129944471,0.0493033249539211,0.0142942333913643,2.28858244253255e-05,0.00130452365754374,1.14417343901625e-19,1.00051849944644e-17,1.47582520724411e-10,-6.98346302186633,-1.53338035420781,-0.563948756722379,-1.81557230993223,-3.05370763540129,-9.49080141281361,-5.44772587122647,-42.4202428308978,-37.9492367688357,-21.4424421870601,-1.19419144699105,0.174928931166169
0.0181658280711731,4.2285943775876,11.1484584960995,3.18890527420233,0.924541221002895,0.00148023944191587,0.0843756962791229,7.40043540205694e-18,6.47128509649937e-16,9.54553631338249e-09,-6.98346302186633,-1.53338035420781,-0.563948756722379,-1.81557230993223,-3.05370763540129,-9.49080141281361,-5.44772587122647,-42.4202428308978,-37.9492367688357,-21.4424421870601,2.97524999359999,0.504616622158763
0.0201030844937561,4.67954390680169,12.3373623401109,3.52897935170945,1.02313696964222,0.00163809645534664,0.0933737644589064,8.18963922785419e-18,7.16140164755565e-16,1.05634999018106e-08,-6.98346302186633,-1.53338035420781,-0.563948756722379,-1.81557230993223,-3.05370763540129,-9.49080141281361,-5.44772587122647,-42.4202428308978,-37.9492367688357,-21.4424421870601,3.07658100357664,1.10675926912134
0.000641346367548557,0.338161067794401,0.478511848719389,0.0800583219977455,0.0853879509106876,0.000312320371442471,0.00554374169490003,4.64557256240597e-19,2.6246895793277e-17,5.46942959571908e-10,-7.34049220354947,-1.07278427662494,-0.725625617738357,-2.51355119650269,-2.44910158973716,-8.06003237699594,-5.1836369215656,-42.2017534495317,-38.1675352588988,-21.3152279091626,-0.0114486884433705,1.68762680485189
0.000868579058028202,0.457973470481118,0.648051336760011,0.108423443908966,0.115641390864115,0.000422977267443526,0.00750792112180065,6.29152552259639e-19,3.55463212669757e-17,7.4072798203563e-10,-7.34049220354947,-1.07278427662494,-0.725625617738357,-2.51355119650269,-2.44910158973716,-8.06003237699594,-5.1836369215656,-42.2017534495317,-38.1675352588988,-21.3152279091626,0.291840255365566,2.4766900324181
0.000599279171939012,0.31598040457366,0.447125296054397,0.0748071359584074,0.0797871838128897,0.000291834651364979,0.00518011654928712,4.3408601330707e-19,2.45253092133147e-17,5.11067872985668e-10,-7.34049220354947,-1.07278427662494,-0.725625617738357,-2.51355119650269,-2.44910158973716,-8.06003237699594,-5.1836369215656,-42.2017534495317,-38.1675352588988,-21.3152279091626,-0.0792908015358884,1.60140949448731
0.00523584346926383,1.14065858037867,1.51363837729647,0.52892257527057,0.294363625957878,0.00131642664294983,0.0145065764274603,2.67578626001009e-18,6.35567760715891e-17,1.85191105950817e-09,-6.50460222176897,-1.12076909760169,-0.837858621315822,-1.88928811367175,-2.47531434818197,-7.88520919713808,-5.48552808094447,-41.7146633030468,-38.5469729513991,-21.3594226211883,1.25237489528903,0.76149713307875
0.00391972556039556,0.853934732663698,1.13315974236312,0.395968930302991,0.220370344432784,0.000985520516617291,0.0108601028182652,2.00318207736479e-18,4.75807042679165e-17,1.38640185829582e-09,-6.50460222176897,-1.12076909760169,-0.837858621315822,-1.88928811367175,-2.47531434818197,-7.88520919713808,-5.48552808094447,-41.7146633030468,-38.5469729513991,-21.3594226211883,0.962868584035207,0.582915235600441
0.00163835968406512,0.35692606976238,0.473636026014537,0.16550636557457,0.0921099914571018,0.000411926053843897,0.00453928581174755,8.37286362228152e-19,1.98876953018397e-17,5.79485700094683e-10,-6.50460222176897,-1.12076909760169,-0.837858621315822,-1.88928811367175,-2.47531434818197,-7.88520919713808,-5.48552808094447,-41.7146633030468,-38.5469729513991,-21.3594226211883,0.0905424914532812,1.4783274179046
0.018524998559852,4.0357773647822,5.35542151406149,1.87138710365958,1.04149136217574,0.00465766438740102,0.0513258864602516,9.46723042889747e-18,2.24870967229386e-16,6.55226801789522e-09,-6.50460222176897,-1.12076909760169,-0.837858621315822,-1.88928811367175,-2.47531434818197,-7.88520919713808,-5.48552808094447,-41.7146633030468,-38.5469729513991,-21.3594226211883,2.5159680362282,2.29985937816453
0.00724322148700931,1.57797741419148,2.09395450462869,0.731707008556304,0.407220145722168,0.00182113346249948,0.0200682749014834,3.70166003757069e-18,8.79239054393465e-17,2.56191806668846e-09,-6.50460222176897,-1.12076909760169,-0.837858621315822,-1.88928811367175,-2.47531434818197,-7.88520919713808,-5.48552808094447,-41.7146633030468,-38.5469729513991,-21.3594226211883,1.57691300698979,3.61270012219917
0.0091925148703804,2.00264217670208,2.65747885194754,0.928623757947876,0.51681109735264,0.00231123630072591,0.0254690424399735,4.69784956893694e-18,1.11585957941876e-16,3.25138061385636e-09,-6.50460222176897,-1.12076909760169,-0.837858621315822,-1.88928811367175,-2.47531434818197,-7.88520919713808,-5.48552808094447,-41.7146633030468,-38.5469729513991,-21.3594226211883,1.81523649464326,3.42179686472963
0.00457907207380686,1.84292220025891,3.05266094235517,0.509191045920388,0.881798940306044,0.00191659374834777,0.0172428153035334,4.28111585185236e-18,5.70548069550635e-17,3.16640537286458e-09,-7.22844396470375,-1.23083259519317,-0.726171408967349,-2.51711705640448,-1.96797626714704,-8.09939081725343,-5.90254478575815,-41.8345030445777,-39.2447044018488,-21.4128539035932,1.84218505934845,1.91258337315409
0.0107360414901493,4.32089490756756,7.15723491664474,1.19384366686087,2.0674559946869,0.00449362440039424,0.0404273131153872,1.00374566437893e-17,1.33770066251169e-16,7.42391884420456e-09,-7.22844396470375,-1.23083259519317,-0.726171408967349,-2.51711705640448,-1.96797626714704,-8.09939081725343,-5.90254478575815,-41.8345030445777,-39.2447044018488,-21.4128539035932,2.69429513052519,2.68725357976989
0.00233940675198952,0.941532382366021,1.55957702892047,0.260141127214982,0.450503150332412,0.000979170513902418,0.00880919930811632,2.18718359712265e-18,2.91487878925586e-17,1.61768803578953e-09,-7.22844396470375,-1.23083259519317,-0.726171408967349,-2.51711705640448,-1.96797626714704,-8.09939081725343,-5.90254478575815,-41.8345030445777,-39.2447044018488,-21.4128539035932,1.17058605815758,1.61932294611377
0.00732351823807194,1.72153863150124,5.45916520459316,1.30821925904372,0.963120653834437,0.00544105984137304,0.0402038073220092,1.2624729612794e-17,1.19330162151087e-16,4.58646558901163e-09,-7.1684836859126,-1.70860080890323,-0.554523367916883,-1.98315238482761,-2.28939583853711,-7.46560066636089,-5.46561283139183,-41.1626933688219,-38.916456803719,-21.4519753867281,2.25181925305272,3.30093233764176
0.00216861690840218,0.509776539550751,1.61655062274527,0.387385722658688,0.285196222203524,0.00161118932022161,0.0119050234472559,3.73839474584536e-18,3.53356677638794e-17,1.35812959056055e-09,-7.1684836859126,-1.70860080890323,-0.554523367916883,-1.98315238482761,-2.28939583853711,-7.46560066636089,-5.46561283139183,-41.1626933688219,-38.916456803719,-21.4519753867281,1.03481800187668,3.35330321457961
0.00341597890826543,0.802993788477351,2.54637082743667,0.610205266240519,0.449237611304073,0.0025379257690814,0.0187526477547364,5.88867381467901e-18,5.56603129502582e-17,2.13930916893212e-09,-7.1684836859126,-1.70860080890323,-0.554523367916883,-1.98315238482761,-2.28939583853711,-7.46560066636089,-5.46561283139183,-41.1626933688219,-38.916456803719,-21.4519753867281,1.48919250844236,3.05101004751434
0.00722277986371476,1.6978580728554,5.38407186691305,1.29022409918002,0.94987248460442,0.00536621555132259,0.0396507853917115,1.24510706286079e-17,1.17688720680458e-16,4.52337663743638e-09,-7.1684836859126,-1.70860080890323,-0.554523367916883,-1.98315238482761,-2.28939583853711,-7.46560066636089,-5.46561283139183,-41.1626933688219,-38.916456803719,-21.4519753867281,2.23796830840816,1.64268111762105
0.00128194100879381,0.301345732775183,0.955596411731016,0.228996482584512,0.168588897088856,0.000952427168911313,0.00703745216988725,2.20988848384912e-18,2.08880791273576e-17,8.02835212918587e-10,-7.1684836859126,-1.70860080890323,-0.554523367916883,-1.98315238482761,-2.28939583853711,-7.46560066636089,-5.46561283139183,-41.1626933688219,-38.916456803719,-21.4519753867281,0.509103749388785,0.857219102170098
0.00542077516433999,1.2742610251969,4.04080473306482,0.968327276372355,0.712889672811562,0.00402740337321366,0.0297583474442788,9.34466447912588e-18,8.83266700945058e-17,3.39484356409e-09,-7.1684836859126,-1.70860080890323,-0.554523367916883,-1.98315238482761,-2.28939583853711,-7.46560066636089,-5.46561283139183,-41.1626933688219,-38.916456803719,-21.4519753867281,1.95096723140666,0.492502063193455
0.00364926227344091,0.857831683622939,2.72026708720916,0.651877285236874,0.479916858612898,0.00271124530057625,0.0200332999167243,6.29082197800199e-18,5.94614561834139e-17,2.28540645333621e-09,-7.1684836859126,-1.70860080890323,-0.554523367916883,-1.98315238482761,-2.28939583853711,-7.46560066636089,-5.46561283139183,-41.1626933688219,-38.916456803719,-21.4519753867281,1.55525343723099,1.03385919100532
0.00148317312831455,0.34864934510906,1.10560073331831,0.264943103557839,0.195053064204296,0.00110193400001698,0.00814215309329772,2.55678474542349e-18,2.41669760552826e-17,9.28859913285655e-10,-7.1684836859126,-1.70860080890323,-0.554523367916883,-1.98315238482761,-2.28939583853711,-7.46560066636089,-5.46561283139183,-41.1626933688219,-38.916456803719,-21.4519753867281,0.654912205224263,0.816632140031409
0.00872253937257246,2.05040637662525,6.50203657456552,1.55813007136999,1.14710683451787,0.00648047252045815,0.0478839924874503,1.50364479934262e-17,1.42125956932462e-16,5.46262402585822e-09,-7.1684836859126,-1.70860080890323,-0.554523367916883,-1.98315238482761,-2.28939583853711,-7.46560066636089,-5.46561283139183,-41.1626933688219,-38.916456803719,-21.4519753867281,2.4266388149082,0.437896886249039
0.00807735478709112,1.89874290665789,6.0210970691118,1.4428790577278,1.06225818942509,0.00600112805455842,0.0443421324253046,1.39242392602383e-17,1.3161325269659e-16,5.05856728650476e-09,-7.1684836859126,-1.70860080890323,-0.554523367916883,-1.98315238482761,-2.28939583853711,-7.46560066636089,-5.46561283139183,-41.1626933688219,-38.916456803719,-21.4519753867281,2.34979284802838,1.64496553224675
0.00719431425776383,1.69116666597682,5.36285276968637,1.28513921337585,0.946128954224071,0.00534506682739441,0.0394945181851924,1.24019998723522e-17,1.17224899158694e-16,4.50554961524291e-09,-7.1684836859126,-1.70860080890323,-0.554523367916883,-1.98315238482761,-2.28939583853711,-7.46560066636089,-5.46561283139183,-41.1626933688219,-38.916456803719,-21.4519753867281,2.23401943456421,0.908928209047979
0.00142910219405348,0.335938896504197,1.06529467367565,0.255284270841744,0.18794216041925,0.00106176161572988,0.00784532070316973,2.46357395482172e-18,2.32859386708884e-17,8.94997161628281e-10,-7.1684836859126,-1.70860080890323,-0.554523367916883,-1.98315238482761,-2.28939583853711,-7.46560066636089,-5.46561283139183,-41.1626933688219,-38.916456803719,-21.4519753867281,0.617774817704282,0.758720865574441
0.00551676375553735,1.29682505283468,4.11235744312409,0.985473970020232,0.72551319496435,0.0040987187781619,0.0302852945617923,9.51013549597674e-18,8.98907181080259e-17,3.45495789113239e-09,-7.1684836859126,-1.70860080890323,-0.554523367916883,-1.98315238482761,-2.28939583853711,-7.46560066636089,-5.46561283139183,-41.1626933688219,-38.916456803719,-21.4519753867281,1.96851981912162,0.577330354834347
0.00590132145169895,1.38722298842548,4.39901802425437,1.05416851927618,0.776086628077248,0.00438442864727894,0.0323963951309564,1.0173059622979e-17,9.61567409057644e-17,3.69579304482473e-09,-7.1684836859126,-1.70860080890323,-0.554523367916883,-1.98315238482761,-2.28939583853711,-7.46560066636089,-5.46561283139183,-41.1626933688219,-38.916456803719,-21.4519753867281,2.03590470762774,0.591356727867527
0.00204460575187544,0.505602108412309,1.47162480787871,0.247860298797478,0.330897344845747,0.00183135702892569,0.00824791969238151,1.85943695705195e-18,2.88112677973508e-17,1.68225526378508e-09,-7.13571990838501,-1.62517487998188,-0.556802512077204,-2.33805961678005,-2.04911670206798,-7.24586765502004,-5.74096388287504,-41.7694275571994,-39.0289347342459,-21.1463001387932,0.943169613942981,1.14428202557648
0.00184291698869896,0.455727327510631,1.32645736565244,0.223410285850405,0.298256198180136,0.00165070404300908,0.00743430918580368,1.67601404545715e-18,2.5969199607792e-17,1.51631032149550e-09,-7.13571990838501,-1.62517487998188,-0.556802512077204,-2.33805961678005,-2.04911670206798,-7.24586765502004,-5.74096388287504,-41.7694275571994,-39.0289347342459,-21.1463001387932,0.839314265675713,2.01705939785956
0.00345811459678769,0.855142870288548,2.48901149987095,0.419214959387405,0.55965847557641,0.00309743942950792,0.0139500006077919,3.14493201297594e-18,4.87295243254542e-17,2.84525829876103e-09,-7.13571990838501,-1.62517487998188,-0.556802512077204,-2.33805961678005,-2.04911670206798,-7.24586765502004,-5.74096388287504,-41.7694275571994,-39.0289347342459,-21.1463001387932,1.46868815572959,4.68793245229231
0.00179009658850538,0.442665588991819,1.28843937063523,0.217007056199615,0.289707787239927,0.00160339271608141,0.00722123220579592,1.62797730090818e-18,2.52248885376776e-17,1.47285089359387e-09,-7.13571990838501,-1.62517487998188,-0.556802512077204,-2.33805961678005,-2.04911670206798,-7.24586765502004,-5.74096388287504,-41.7694275571994,-39.0289347342459,-21.1463001387932,0.81023420785862,2.23558118979856
0.00147199792751843,0.359661436311792,0.892188233179204,0.0708929145527469,0.122096435300756,0.00133012081776788,0.00489261144707262,5.18242428339861e-19,1.14723296480804e-17,1.44381822459595e-09,-6.89444411256177,-1.39590159067589,-0.487387590870479,-3.01989423217381,-2.47625353915714,-6.99579494639671,-5.69333852573635,-42.4771532576686,-39.3799031013839,-20.729284133593,0.373309445949475,0.793845974166002
0.00611315323165923,1.4936607114653,3.70522490483567,0.29441566567317,0.507062003335288,0.00552394281515258,0.0203188353188428,2.15224173646064e-18,4.76441629106469e-17,5.99612396227826e-09,-6.89444411256177,-1.39590159067589,-0.487387590870479,-3.01989423217381,-2.47625353915714,-6.99579494639671,-5.69333852573635,-42.4771532576686,-39.3799031013839,-20.729284133593,1.79713155083573,0.925776705330065
0.000111685840990546,0.0609563497400857,0.269388859058607,0.0157735557331859,0.0258529998110804,0.000316408370217495,0.000362028710363746,4.55420513898567e-20,4.04785097663443e-18,3.36607321687374e-10,-8.11300518495836,-1.81078181476197,-0.324783936279714,-3.16260499467601,-2.66851320368391,-7.07166143365101,-6.93697160465992,-43.5488354131369,-39.0615301224314,-20.8252886482884,-0.986815434226398,1.3259468128127
0.000513041615339654,0.280009926580663,1.23746836823867,0.0724576225708749,0.118758695523233,0.00145345784142067,0.00166302006339434,2.0920259366549e-19,1.85942639218029e-17,1.54624402271603e-09,-8.11300518495836,-1.81078181476197,-0.324783936279714,-3.16260499467601,-2.66851320368391,-7.07166143365101,-6.93697160465992,-43.5488354131369,-39.0615301224314,-20.8252886482884,0.537851590394473,0.794047765358998
0.00162211345478558,0.885323638082097,3.91257556886995,0.229093471094307,0.375486260999481,0.00459548202336608,0.00525806706464623,6.61447983583494e-19,5.87905635479927e-17,4.88884947855339e-09,-8.11300518495836,-1.81078181476197,-0.324783936279714,-3.16260499467601,-2.66851320368391,-7.07166143365101,-6.93697160465992,-43.5488354131369,-39.0615301224314,-20.8252886482884,1.6889798066866,2.45558884512467
0.000159285586591283,0.107516854555932,0.399661910618289,0.0319793305759753,0.0376914828934601,0.000404305128233328,0.000365431189485275,1.27696961349998e-19,8.62749642111765e-18,1.60369459621019e-09,-8.19624729984586,-1.68154313218843,-0.368571787782278,-2.89410097943015,-2.72975660304793,-7.26477617222122,-7.36586803561162,-42.9560624603939,-38.7430127877766,-19.702391222047,-0.548564524948904,1.4892828177134
0.000897418815591065,0.337098030676951,1.07113810070595,0.0855742025624933,0.176936891997861,0.000611279769842533,0.00097136351025153,1.12555722561245e-18,2.23432605605986e-17,4.93001846763681e-09,-7.53074217015102,-1.60213577100608,-0.446032543568542,-2.97312568548141,-2.24671642466146,-7.91471008743412,-7.4515640651312,-41.8430077214991,-38.8547612115105,-19.6426773752197,0.514754272291836,0.968459947846304
0.00312287853633992,2.75996543817058,7.37619789503336,0.876405646186947,1.05491053734794,0.00470612731631416,0.00469156763280475,1.90565104431568e-17,8.94817964394015e-17,4.12047356104311e-08,-8.26055129808702,-1.47633304613787,-0.493292887905216,-2.62347743219101,-2.43809523877647,-7.85044113838907,-7.85353970569463,-40.9906740785455,-39.444047664424,-19.4962638485821,2.49155120338655,2.85690865881357
0.00180173181813352,1.59235061147427,4.25566677976119,0.505638602318989,0.608626258852747,0.00271518063457194,0.00270678048556339,1.09945746555581e-17,5.16261512935981e-17,2.37729012970526e-08,-8.26055129808702,-1.47633304613787,-0.493292887905216,-2.62347743219101,-2.43809523877647,-7.85044113838907,-7.85353970569463,-40.9906740785455,-39.444047664424,-19.4962638485821,1.94154434265036,2.34788217226634
0.00190205000976502,0.694591745809828,3.15773089572677,0.259553921219911,0.420762472096542,0.00337279904431774,0.00380030852436498,6.16838712325783e-18,3.79831569172642e-17,2.47302685603055e-08,-7.77812754361292,-1.87773554377492,-0.36345082297034,-2.8620953307201,-2.37899132547587,-7.20531682406732,-7.08597754658339,-41.1403987980874,-39.3226933731054,-19.0285424174353,1.51330452166017,1.4933099495617
0.00254108963854331,0.687032957336772,2.68925593513096,0.156264807026818,0.259897190928036,0.00511674995792481,0.00570160586393044,4.98708402510924e-18,1.80316929997946e-17,1.18710934468058e-08,-7.31169123621506,-1.711901952902,-0.347264386514027,-3.19273216770919,-2.68399808349836,-6.61176475315303,-6.50353635113139,-41.1762092364673,-39.8909296798654,-19.585688451875,1.33652893782528,0.881596256086081
0.00342850686913262,0.926963448207957,3.62841684394007,0.210836704132268,0.350660319435187,0.00690365743588475,0.00769276084285569,6.72870865225761e-18,2.43288478982291e-17,1.60168003557011e-08,-7.31169123621506,-1.711901952902,-0.347264386514027,-3.19273216770919,-2.68399808349836,-6.61176475315303,-6.50353635113139,-41.1762092364673,-39.8909296798654,-19.585688451875,1.63606080851195,0.955056634689593
0.0279255462915437,7.55021403531537,29.5538339014907,1.71728696074968,2.85616490115774,0.0562310103685261,0.0626583399791437,5.48060342660093e-17,1.9816100539819e-16,1.30458510613602e-07,-7.31169123621506,-1.711901952902,-0.347264386514027,-3.19273216770919,-2.68399808349836,-6.61176475315303,-6.50353635113139,-41.1762092364673,-39.8909296798654,-19.585688451875,3.7334778648095,1.74292201491169
0.00217414071677802,0.587821186493272,2.30091089181603,0.133699210922454,0.222366443277771,0.00437785989614822,0.00487825902391132,4.26691851893851e-18,1.54278059886813e-17,1.01568347782381e-08,-7.31169123621506,-1.711901952902,-0.347264386514027,-3.19273216770919,-2.68399808349836,-6.61176475315303,-6.50353635113139,-41.1762092364673,-39.8909296798654,-19.585688451875,1.18056947096603,1.58107551662682
0.00238960626782424,0.771958078922342,2.38245642080156,0.262721874103169,0.297274837671849,0.0203580115023571,0.00384961960647564,4.56844961202623e-18,1.61353171717287e-17,2.68250490543926e-08,-7.355981889094,-1.5781802533336,-0.451223155982796,-2.65601454026917,-2.53245340970024,-5.21363597993565,-6.87913616006443,-41.2467130009199,-39.9848764121959,-18.7532849407372,1.31935522098777,1.66541373036495
0.0017440013139666,0.563396540298464,1.73878315615956,0.191741752527658,0.216959469218737,0.0148578446951368,0.0028095597765895,3.33418196689716e-18,1.17760045776849e-17,1.95776691030676e-08,-7.355981889094,-1.5781802533336,-0.451223155982796,-2.65601454026917,-2.53245340970024,-5.21363597993565,-6.87913616006443,-41.2467130009199,-39.9848764121959,-18.7532849407372,1.00440868901958,3.49645137764616
0.00267322017189944,0.863579049076939,2.66522173485801,0.293903402794169,0.332557335224136,0.0227742317806243,0.00430651732242913,5.11066271528253e-18,1.80503608164428e-17,3.00088191138227e-08,-7.355981889094,-1.5781802533336,-0.451223155982796,-2.65601454026917,-2.53245340970024,-5.21363597993565,-6.87913616006443,-41.2467130009199,-39.9848764121959,-18.7532849407372,1.43151041271282,3.68169051230763
0.000591735947752022,0.382918785307015,1.09188093314656,0.104187547894467,0.0340418570086342,0.0150095357172016,0.00141700473468247,2.97499847705986e-18,1.87166739628365e-17,1.69032294272913e-08,-7.92105916115652,-1.44854146546451,-0.400707268572915,-2.75017176314703,-3.86877352741555,-4.68767866975142,-7.04781908130732,-40.8448972511788,-39.0057259959252,-18.3843702472713,0.488609104370746,7.40639456436005
0.000561258029083474,0.363196191742127,1.03564257480007,0.0988212698728823,0.0322884990232405,0.0142364554090348,0.00134402056797658,2.82176837169388e-18,1.77526539992833e-17,1.60326126366807e-08,-7.92105916115652,-1.44854146546451,-0.400707268572915,-2.75017176314703,-3.86877352741555,-4.68767866975142,-7.04781908130732,-40.8448972511788,-39.0057259959252,-18.3843702472713,0.435729347863044,7.32067712649719
0.00089291105104235,0.577812479284479,1.64761420247122,0.157215753495104,0.051368098281822,0.0226489202892244,0.00213821585756953,4.48917972128023e-18,2.82428760389879e-17,2.5506444912246e-08,-7.92105916115652,-1.44854146546451,-0.400707268572915,-2.75017176314703,-3.86877352741555,-4.68767866975142,-7.04781908130732,-40.8448972511788,-39.0057259959252,-18.3843702472713,0.900035572212188,4.42258386727463
0.00155650127959987,0.977864666690762,2.13912487524874,0.405860210746902,0.0592980151572075,0.0448229231123901,0.00271256182492387,3.91263878700625e-18,2.19324001841013e-17,6.43962610968754e-08,-7.754888883729,-1.31195813388602,-0.529177329150182,-2.19132062492019,-4.11475358249613,-4.39460973155402,-7.19943590552347,-41.3718937836853,-39.6481408076794,-17.8477844007703,1.28957413774683,8.24885094104136
0.00608898940424654,0.832520307981281,2.93219293982696,0.660305485490309,0.212867692703159,0.0817182546473823,0.00851796597006706,1.34501604589824e-17,7.53524188314505e-17,5.43635299107636e-08,-6.65608838161898,-1.73811289056859,-0.479064640403361,-1.96986792135836,-3.1018996944062,-4.05929309409263,-6.32039292966551,-40.4023558649953,-38.6791708751705,-18.2823875410743,1.55481522711503,7.96285315266301
0.00561737831410546,0.554706338225016,1.81513774797922,0.222292231061502,0.125609387997034,0.0207576169782924,0.00241874971737283,5.33399950620975e-18,3.68777424380121e-17,3.01546774580029e-08,-6.19223196458133,-1.59965817409597,-0.414180389471007,-2.51410415512555,-3.08492003105343,-4.88518376488424,-7.03484626654606,-40.7827720892185,-38.8492652393093,-18.3272675347486,1.01034174851143,2.51696941842263
0.00783422961545995,0.773616548469514,2.53146665690124,0.310017998163973,0.175180080884916,0.0289494366561297,0.0033732890342539,7.43901773456601e-18,5.14312346088061e-17,4.20549683458072e-08,-6.19223196458133,-1.59965817409597,-0.414180389471007,-2.51410415512555,-3.08492003105343,-4.88518376488424,-7.03484626654606,-40.7827720892185,-38.8492652393093,-18.3272675347486,1.34297923053073,3.12167665190226
0.00740908390212492,0.509168585504593,2.79796770984604,0.21700261705969,0.199212007270272,0.0283057252194873,0.00085447297299518,7.46057582410718e-18,2.15786217343707e-17,3.53114256249077e-08,-6.22944622089561,-1.99937385166248,-0.295504407900319,-2.8522436089675,-2.93778340182305,-4.88908893385424,-8.3894234285733,-40.7612968180739,-39.6992263274692,-18.48345699692,1.324397743636,2.81293107866463
0.00757772600255811,0.680679722639151,2.00003588625151,0.269116885923025,0.238211032765942,0.0335862619605468,0.000439812633960289,1.9523902476621e-17,2.63957906682189e-17,3.87443145483889e-08,-6.05491508094603,-1.55703634490186,-0.479207833422029,-2.48498243054365,-2.60697126284293,-4.56601112279177,-8.90153471059931,-39.6472651478783,-39.3457000777856,-18.2386547701903,1.17237295694675,1.51712622029628
0.020436022487856,1.05029382004257,2.50631658879804,0.859882843456905,0.159254765793644,0.0455293381231459,0.00228516995564743,1.65044931377305e-17,4.36072057316947e-17,3.95299172421353e-08,-5.42603188693798,-1.48650580619111,-0.616761579011522,-1.6865348873808,-3.37282581831474,-4.62497412672801,-7.61689063839059,-40.1784747785065,-39.2068850279455,-18.5817838130136,1.53557575982779,1.18536871728033
0.0139960898408745,0.719318383671111,1.71650976442881,0.588910955485648,0.109069365673276,0.0311818362475269,0.00156505230016823,1.13034896526974e-17,2.98654187473606e-17,2.70729919901015e-08,-5.42603188693798,-1.48650580619111,-0.616761579011522,-1.6865348873808,-3.37282581831474,-4.62497412672801,-7.61689063839059,-40.1784747785065,-39.2068850279455,-18.5817838130136,1.15705460148002,1.19821355451222
0.0167002134625902,0.722159377242954,2.81454777961267,0.33548501506434,0.109392481531521,0.0324707831419496,0.00229839695740541,1.96905705623494e-17,1.66193808739811e-17,1.16552966988784e-08,-5.48685769733498,-1.72003334023078,-0.359722317872303,-2.48670190794059,-3.60733703581555,-4.82193849410412,-7.47006729397307,-39.8609157242814,-40.0304860569106,-19.6620290278784,1.39452391988489,0.742095608438484
0.074113614739576,3.20485974538288,12.4906373365595,1.48884367335045,0.485471173754439,0.14410157795082,0.010200019718391,8.73844734936732e-17,7.37548890655599e-17,5.17248579577226e-08,-5.48685769733498,-1.72003334023078,-0.359722317872303,-2.48670190794059,-3.60733703581555,-4.82193849410412,-7.47006729397307,-39.8609157242814,-40.0304860569106,-19.6620290278784,2.88470166845488,0.826046292848222
0.0121084104524971,0.523598226535555,2.04067449976349,0.243241816768442,0.0793144991690085,0.0235427870953556,0.00166644179760795,1.42765546648171e-17,1.20498031680448e-17,8.45061751406893e-09,-5.48685769733498,-1.72003334023078,-0.359722317872303,-2.48670190794059,-3.60733703581555,-4.82193849410412,-7.47006729397307,-39.8609157242814,-40.0304860569106,-19.6620290278784,1.07300270821898,0.945127571880751
0.071430131780566,3.0888191698021,12.038380183031,1.43493607971729,0.467893382866243,0.138883992353946,0.00983070054279756,8.42204833641093e-17,7.10843947353812e-17,4.98520202156357e-08,-5.48685769733498,-1.72003334023078,-0.359722317872303,-2.48670190794059,-3.60733703581555,-4.82193849410412,-7.47006729397307,-39.8609157242814,-40.0304860569106,-19.6620290278784,2.84782221240905,1.50500455728961
0.105756574072634,4.57318116578111,17.8235404836202,2.12450852352206,0.692744083900064,0.205626041262315,0.0145549389903703,1.24693453103117e-16,1.05244689738708e-16,7.38088918105526e-08,-5.48685769733498,-1.72003334023078,-0.359722317872303,-2.48670190794059,-3.60733703581555,-4.82193849410412,-7.47006729397307,-39.8609157242814,-40.0304860569106,-19.6620290278784,3.24024240051847,0.949923040019918
0.0177447258521507,0.767326729052995,2.99058325565021,0.356467875884148,0.116234418165469,0.0345016634876695,0.00244214985634385,2.09221143959634e-17,1.76588376012011e-17,1.23842755130267e-08,-5.48685769733498,-1.72003334023078,-0.359722317872303,-2.48670190794059,-3.60733703581555,-4.82193849410412,-7.47006729397307,-39.8609157242814,-40.0304860569106,-19.6620290278784,1.45519075503079,1.54765774841875
0.045547561717267,1.51544578344279,4.8574858632089,0.700361243935037,0.252235826627838,0.115035746938755,0.00461850619668187,7.39070384122957e-17,4.07205228753265e-17,1.38974656875978e-08,-5.10266451546612,-1.59795668677344,-0.433145336986251,-2.36982534323864,-3.39105713807513,-4.1761786849245,-7.39135028917341,-39.157389937038,-39.753465789933,-20.1052256670158,2.01366632894965,2.28860876386005
0.0482880580611124,1.14378417934152,4.22870460355385,0.650490209154488,0.156577610660838,0.0802997814638307,0.00700740421527193,2.20299913728263e-16,1.72933355629355e-17,9.32754820500337e-09,-4.87352279635604,-1.7086095816124,-0.401056096488324,-2.27298083475498,-3.69715527951206,-4.36494018188041,-6.80373974625687,-37.8944936140456,-40.4391622765351,-20.3332454451455,1.84295180235078,1.5051529132098
0.044106513038667,0.972981188850732,4.06563896823039,0.782330154438122,0.143426424477778,0.102732462093353,0.00472699869621731,3.28700244515229e-16,8.72720145403238e-18,6.63850036575713e-09,-4.93204674132882,-1.83828945197351,-0.408328003442702,-2.05637735700516,-3.75283201852457,-4.08652604724334,-7.1653637248335,-37.4622843711836,-41.0909858438285,-20.6412786693426,1.81089892184633,2.23659797837891
0.0327607089959541,0.722694935292932,3.01980832182403,0.581086301377719,0.106531916284731,0.0763059254339083,0.00351104220311563,2.4414655150866e-16,6.48224689478344e-18,4.93083591671469e-09,-4.93204674132882,-1.83828945197351,-0.408328003442702,-2.05637735700516,-3.75283201852457,-4.08652604724334,-7.1653637248335,-37.4622843711836,-41.0909858438285,-20.6412786693426,1.51352136322051,1.49282151762623
0.0280852655688969,0.619555553132424,2.58883648385225,0.498156590403974,0.0913282176154876,0.0654159279811808,0.00300996393912858,2.0930318503479e-16,5.55713325818537e-18,4.22713184304679e-09,-4.93204674132882,-1.83828945197351,-0.408328003442702,-2.05637735700516,-3.75283201852457,-4.08652604724334,-7.1653637248335,-37.4622843711836,-41.0909858438285,-20.6412786693426,1.35953654418443,5.57952336812421
0.058288897426605,1.28584185889319,5.37293919800537,1.03388726480841,0.189544980291703,0.13576593416243,0.00624695817368185,4.34393324628757e-16,1.1533420244068e-17,8.77310039328811e-09,-4.93204674132882,-1.83828945197351,-0.408328003442702,-2.05637735700516,-3.75283201852457,-4.08652604724334,-7.1653637248335,-37.4622843711836,-41.0909858438285,-20.6412786693426,2.08970309891567,3.46623561386557
0.0391468383493657,0.863571719748545,3.60846733308226,0.694358950225213,0.127298457013295,0.0911804359432168,0.00419545869963141,2.91738667397126e-16,7.74584797179157e-18,5.89201645735796e-09,-4.93204674132882,-1.83828945197351,-0.408328003442702,-2.05637735700516,-3.75283201852457,-4.08652604724334,-7.1653637248335,-37.4622843711836,-41.0909858438285,-20.6412786693426,1.69161112416269,1.76438687790876
0.0658869681513783,1.45345383674964,6.07331223350078,1.16865647311858,0.214252535750194,0.153463286751403,0.00706126127622555,4.91017336209257e-16,1.3036823920957e-17,9.91669102901207e-09,-4.93204674132882,-1.83828945197351,-0.408328003442702,-2.05637735700516,-3.75283201852457,-4.08652604724334,-7.1653637248335,-37.4622843711836,-41.0909858438285,-20.6412786693426,2.21223213242377,0.563007757786961
0.0497936242648773,1.09843776795399,4.58986406391344,0.883204113801161,0.161919884345432,0.115978826365113,0.00533649977665799,3.71082983975992e-16,9.8524902593187e-18,7.49447122707188e-09,-4.93204674132882,-1.83828945197351,-0.408328003442702,-2.05637735700516,-3.75283201852457,-4.08652604724334,-7.1653637248335,-37.4622843711836,-41.0909858438285,-20.6412786693426,1.93217841137147,0.455372693879109
0.0322809343039111,0.712111197924366,2.97558377198871,0.572576396988033,0.10497177552787,0.075188438877661,0.00345962362142505,2.40571069165532e-16,6.38731555468099e-18,4.85862471140322e-09,-4.93204674132882,-1.83828945197351,-0.408328003442702,-2.05637735700516,-3.75283201852457,-4.08652604724334,-7.1653637248335,-37.4622843711836,-41.0909858438285,-20.6412786693426,1.49876824906907,0.418638099350288
0.599427807120491,16.6888949275217,28.4022993547055,6.275669473181,1.34915619381609,0.842382719236046,0.0597585084920834,5.89425249827689e-15,1.02970820067351e-16,4.89161378670739e-08,-4.50478511028716,-1.17826185287467,-0.646535271620265,-2.1563252084238,-3.69352602129126,-4.16452620880411,-6.81044907347145,-36.7578040483326,-40.8050914028212,-20.8261638538818,3.99300537670394,0.407394194006397
0.92389474767994,25.7225010000584,43.7763061441877,9.67265448077852,2.07944694333473,1.29835980345518,0.0921054570194889,9.08477861715676e-15,1.58708352689749e-16,7.53941714337137e-08,-4.50478511028716,-1.17826185287467,-0.646535271620265,-2.1563252084238,-3.69352602129126,-4.16452620880411,-6.81044907347145,-36.7578040483326,-40.8050914028212,-20.8261638538818,4.42562798702124,0.163191814542281
0.233592671812905,6.50354139300215,11.0681702001222,2.4455829079687,0.52575639011535,0.328270440139615,0.0232874576327654,2.29694747733922e-15,4.0126982253033e-17,1.90622643851445e-08,-4.50478511028716,-1.17826185287467,-0.646535271620265,-2.1563252084238,-3.69352602129126,-4.16452620880411,-6.81044907347145,-36.7578040483326,-40.8050914028212,-20.8261638538818,3.05060871110309,0.115648373126247
0.0660510451580919,1.62583659985733,3.42252816343212,0.483131656552101,0.0755323192893818,0.103129807386945,0.00510770346694033,4.99597586699025e-16,1.39064732465795e-17,1.22548551184362e-08,-4.47195898896954,-1.26860905058823,-0.524252057518522,-2.48209764619129,-4.33782620883649,-4.02639838289983,-7.03163695974266,-36.9873602906909,-40.5688088055401,-19.9719752068488,1.75463156457152,0.264570151675376
0.830350875810875,20.4389626445074,43.0258030163068,6.0736176572196,0.949543301303556,1.29648101223823,0.0642107333351796,6.28061664543869e-15,1.74823157031045e-16,1.54060085743885e-07,-4.47195898896954,-1.26860905058823,-0.524252057518522,-2.48209764619129,-4.33782620883649,-4.02639838289983,-7.03163695974266,-36.9873602906909,-40.5688088055401,-19.9719752068488,4.28605206338866,0.328936446830863
0.0720002323136203,1.77227495210003,3.73079369565179,0.526647101897583,0.0823354804304074,0.112418661544968,0.00556775196105634,5.44596110773986e-16,1.51590228742081e-17,1.33586442634673e-08,-4.47195898896954,-1.26860905058823,-0.524252057518522,-2.48209764619129,-4.33782620883649,-4.02639838289983,-7.03163695974266,-36.9873602906909,-40.5688088055401,-19.9719752068488,1.84087305557631,0.111806179578591
0.179039221166068,4.40702365700694,9.2771700331641,1.30958587108993,0.204739343428556,0.279545620351218,0.0138450383105889,1.35421873499426e-15,3.76951512769411e-17,3.32182437182678e-08,-4.47195898896954,-1.26860905058823,-0.524252057518522,-2.48209764619129,-4.33782620883649,-4.02639838289983,-7.03163695974266,-36.9873602906909,-40.5688088055401,-19.9719752068488,2.75180860448608,0.271075202681731
0.267683262732796,6.58898348509916,13.8703862049359,1.95797444000813,0.306107762878904,0.417951347480837,0.0206998500300748,2.0247054644016e-15,5.63583834720694e-17,4.96649158929896e-08,-4.47195898896954,-1.26860905058823,-0.524252057518522,-2.48209764619129,-4.33782620883649,-4.02639838289983,-7.03163695974266,-36.9873602906909,-40.5688088055401,-19.9719752068488,3.15400813608168,0.575019523637051
0.994653929835634,24.4832577508516,51.5393977428053,7.27541554667852,1.13743117964242,1.55301809312929,0.0769162291628763,7.52337380517142e-15,2.09415736446826e-16,1.84544238080471e-07,-4.47195898896954,-1.26860905058823,-0.524252057518522,-2.48209764619129,-4.33782620883649,-4.02639838289983,-7.03163695974266,-36.9873602906909,-40.5688088055401,-19.9719752068488,4.46659857743592,0.178265804811375
0.990811483460158,24.3886765078859,51.3402959586463,7.24730989781025,1.13303717064847,1.54701863083995,0.0766190941724068,7.49431026905907e-15,2.08606742772402e-16,1.83831325460858e-07,-4.47195898896954,-1.26860905058823,-0.524252057518522,-2.48209764619129,-4.33782620883649,-4.02639838289983,-7.03163695974266,-36.9873602906909,-40.5688088055401,-19.9719752068488,4.46272799762442,0.163523339756898
0.0645138193999466,1.5879980176842,3.34287464033929,0.471887588797387,0.0737744329984657,0.100729636489295,0.00498883035425065,4.8797030241998e-16,1.35828237293245e-17,1.19696442045845e-08,-4.47195898896954,-1.26860905058823,-0.524252057518522,-2.48209764619129,-4.33782620883649,-4.02639838289983,-7.03163695974266,-36.9873602906909,-40.5688088055401,-19.9719752068488,1.7310831651027,0.254332000897737
0.0607936162194099,1.49642577268269,3.15010705992324,0.444676090159913,0.0695202145560305,0.0949210404779715,0.00470114838589618,4.59831390665024e-16,1.2799567296695e-17,1.12794121139415e-08,-4.47195898896954,-1.26860905058823,-0.524252057518522,-2.48209764619129,-4.33782620883649,-4.02639838289983,-7.03163695974266,-36.9873602906909,-40.5688088055401,-19.9719752068488,1.67168849705573,1.87997499149605
0.0765443604823078,2.94573091184415,9.13518393553521,0.470661615145655,0.232939764540706,0.135504662460513,0.00657750558672687,9.90898234187459e-16,2.9260396702801e-17,7.16317616254477e-08,-5.13507591481062,-1.48483411049025,-0.353057759303664,-3.31880696653184,-4.02216646430717,-4.56394031413551,-7.58929077986466,-37.1131109190424,-40.6354878047228,-19.0169183474034,2.56519108418382,2.63731767918357
0.0399199369835694,1.03810845214569,3.58315648691308,0.18819329860409,0.126802788168772,0.0509903955745937,0.00284572587479557,1.55303207324783e-16,8.56110329692181e-18,4.3246071652217e-08,-4.83630279528557,-1.57802312805578,-0.339179276979237,-3.28570904948463,-3.6805456376856,-4.59154137523698,-7.47736049259852,-38.0165756806835,-40.914725991395,-18.5717828257217,1.61542338917755,2.75987350697816
0.450891129479238,9.31103252965013,18.2343964895076,1.65425003114835,0.651971472893242,0.331563863179337,0.040143684187527,1.81258862377682e-15,6.87430433129233e-17,3.1867522914958e-07,-4.21995289140144,-1.19222353415049,-0.52011379728785,-2.92007577199099,-3.85117799597422,-4.52735836353288,-6.63871368110999,-37.3674439172128,-40.639579655372,-18.3825168679382,3.42342352473031,1.003239873181
0.582367532389379,12.2557862097014,40.9712591817015,3.56992746332979,0.565432057822587,0.283957384151484,0.0330027857535188,7.22491084559675e-15,1.28211920571079e-16,2.87162404975832e-07,-4.60559902698482,-1.5589473262527,-0.35207467004961,-2.79240021818328,-4.63511063133552,-5.32387660325845,-7.47610879967864,-36.6261869960715,-40.6577926449286,-19.1281634056089,4.06494549537339,0.275718679876699
0.617346240784401,12.9919048085903,43.4321136211887,3.7843478160903,0.599393571759717,0.301012700570132,0.0349850302209592,7.65886026000054e-15,1.35912705956591e-16,3.04410224380275e-07,-4.60559902698482,-1.5589473262527,-0.35207467004961,-2.79240021818328,-4.63511063133552,-5.32387660325845,-7.47610879967864,-36.6261869960715,-40.6577926449286,-19.1281634056089,4.12327378272018,0.913610447724429
0.429216665221319,9.03276263532544,30.19664774878,2.63110883707013,0.416734877495834,0.209282342699316,0.0243237214582009,5.3249056089119e-15,9.44947819521382e-17,2.11644507953528e-07,-4.60559902698482,-1.5589473262527,-0.35207467004961,-2.79240021818328,-4.63511063133552,-5.32387660325845,-7.47610879967864,-36.6261869960715,-40.6577926449286,-19.1281634056089,3.75980558657326,0.523610280901068
0.0190455752575492,0.400809601523655,1.33991192287127,0.116749850198344,0.0184917225143154,0.00928645817119136,0.00107931332847236,2.36281343972475e-16,4.19300466860286e-18,9.39127422276909e-09,-4.60559902698482,-1.5589473262527,-0.35207467004961,-2.79240021818328,-4.63511063133552,-5.32387660325845,-7.47610879967864,-36.6261869960715,-40.6577926449286,-19.1281634056089,0.644678552651627,1.24596044461679
0.0339656081969465,0.77845260122442,1.04728145846609,0.191583158238663,0.0529394083763918,0.0112212793141219,0.00272743614746737,3.4878703964732e-16,6.428346900751e-18,1.22578228805291e-08,-4.13295975254933,-1.00100013693756,-0.704355243117255,-2.40298628057101,-3.68916022023544,-5.24049632714986,-6.65494621380436,-36.3426231021516,-40.3363672229665,-18.9676544639122,0.750552962628869,1.40086246584699
0.458518018819104,10.5087046399507,14.1377541864545,2.58627284532464,0.714654438261491,0.151481425855625,0.0368189673372248,4.70844336075359e-15,8.67793347942839e-17,1.65474224092386e-07,-4.13295975254933,-1.00100013693756,-0.704355243117255,-2.40298628057101,-3.68916022023544,-5.24049632714986,-6.65494621380436,-36.3426231021516,-40.3363672229665,-18.9676544639122,3.35320406398792,1.47628005103676
0.0478821304250047,1.50488438615842,4.23980548356802,0.241425173702768,0.141596046516127,0.0202762970636011,0.00369723889121908,4.61083445588546e-16,6.90054061803225e-18,1.33453670911244e-08,-4.86349231794027,-1.41576333832827,-0.379962022075492,-3.24567510738987,-3.77925643194616,-5.72278212123307,-7.42464839727831,-37.1374320510731,-41.3394113286694,-19.9565759604532,1.82447941375002,0.813203783220473
0.00783960962205434,0.246390584735678,0.694171699746697,0.0395278801917714,0.0231831315536662,0.00331978239373471,0.000605338762694199,7.54919253701018e-17,1.12980655092681e-18,2.18500027732248e-09,-4.86349231794027,-1.41576333832827,-0.379962022075492,-3.24567510738987,-3.77925643194616,-5.72278212123307,-7.42464839727831,-37.1374320510731,-41.3394113286694,-19.9565759604532,0.0149260789754165,1.61549020199029
0.0219604052882324,0.690192160178272,1.94452180669475,0.110725955888672,0.0649408566641751,0.00929941289806831,0.0016956819543724,2.1146885585382e-16,3.1648271982644e-18,6.12064808812866e-09,-4.86349231794027,-1.41576333832827,-0.379962022075492,-3.24567510738987,-3.77925643194616,-5.72278212123307,-7.42464839727831,-37.1374320510731,-41.3394113286694,-19.9565759604532,1.04497811117745,1.32160894725255
0.173334486890076,5.44771839908439,15.3481998709108,0.873965051986564,0.512581162339412,0.0734006928337234,0.01338409549515,1.6691333853613e-15,2.49801263367791e-17,4.83105562882758e-08,-4.86349231794027,-1.41576333832827,-0.379962022075492,-3.24567510738987,-3.77925643194616,-5.72278212123307,-7.42464839727831,-37.1374320510731,-41.3394113286694,-19.9565759604532,3.1109602169784,1.13868132816631
0.28619985335707,8.99495671589768,25.3420576087399,1.44304041397362,0.846344291474842,0.121194967615656,0.0220990423588249,2.75597625547384e-15,4.12457360488288e-17,7.97675890895933e-08,-4.86349231794027,-1.41576333832827,-0.379962022075492,-3.24567510738987,-3.77925643194616,-5.72278212123307,-7.42464839727831,-37.1374320510731,-41.3394113286694,-19.9565759604532,3.61242739370114,2.22571752327346
0.0813242844710952,0.966392175994312,1.59987103556432,0.273825145197851,0.100114819784876,0.00973910355203277,0.0037530105997085,4.2551024732322e-16,4.59939070083529e-18,6.16129788494709e-09,-3.61952848137715,-1.14440342419445,-0.640294853102855,-2.40548340884235,-3.41165543014801,-5.74182407967012,-6.69541481083149,-36.5034605194813,-41.0308257118388,-20.0151962623136,1.11021787632772,2.03277405688687
0.11667421329864,1.38646220628197,2.2953007907508,0.392851085074107,0.143632592821485,0.0139724837735435,0.00538436411792937,6.10470460082458e-16,6.59864756466155e-18,8.83948242889586e-09,-3.61952848137715,-1.14440342419445,-0.640294853102855,-2.40548340884235,-3.41165543014801,-5.74182407967012,-6.69541481083149,-36.5034605194813,-41.0308257118388,-20.0151962623136,1.47115875153527,3.06527419547872
0.0971727060842566,1.1547220303352,1.91165282206526,0.327188004491413,0.119625128224667,0.0116370534722895,0.00448439476975902,5.08433396837013e-16,5.49571685315944e-18,7.36200745405035e-09,-3.61952848137715,-1.14440342419445,-0.640294853102855,-2.40548340884235,-3.41165543014801,-5.74182407967012,-6.69541481083149,-36.5034605194813,-41.0308257118388,-20.0151962623136,1.28826307282696,1.99795222659759
0.0426110130123814,0.506354895762942,0.838275134640671,0.143474570984882,0.0524565806675103,0.00510294152458357,0.00196644316688238,2.22952132976169e-16,2.4099160327931e-18,3.22829946867779e-09,-3.61952848137715,-1.14440342419445,-0.640294853102855,-2.40548340884235,-3.41165543014801,-5.74182407967012,-6.69541481083149,-36.5034605194813,-41.0308257118388,-20.0151962623136,0.463885943676841,1.70695189335549
0.033577815990637,0.399011671253765,0.660567450304741,0.113059099122241,0.0413362013393079,0.00402115836752485,0.00154957280162376,1.75688047914245e-16,1.89903293494805e-18,2.54392556897055e-09,-3.61952848137715,-1.14440342419445,-0.640294853102855,-2.40548340884235,-3.41165543014801,-5.74182407967012,-6.69541481083149,-36.5034605194813,-41.0308257118388,-20.0151962623136,0.225638812936937,0.556883041300644
0.00863547956538328,0.102617071176461,0.169883494514787,0.029076326477666,0.010630766517861,0.00103415394621299,0.000398516218780488,4.51831217393232e-17,4.8838971862573e-19,6.5424199336928e-10,-3.61952848137715,-1.14440342419445,-0.640294853102855,-2.40548340884235,-3.41165543014801,-5.74182407967012,-6.69541481083149,-36.5034605194813,-41.0308257118388,-20.0151962623136,-1.1323475501561,0.451779237966075
0.0144801946190968,0.172070948767385,0.284865020468287,0.0487559333580931,0.0178259431874382,0.00173409598087635,0.000668242262993751,7.57642226271316e-17,8.18944463028513e-19,1.09704983032434e-09,-3.61952848137715,-1.14440342419445,-0.640294853102855,-2.40548340884235,-3.41165543014801,-5.74182407967012,-6.69541481083149,-36.5034605194813,-41.0308257118388,-20.0151962623136,-0.615444970192379,2.09063576198044
0.0181244103825296,0.215375868378062,0.356556708691321,0.061026289218512,0.0223121800696446,0.00217051414203013,0.000836418109565745,9.48317270125973e-17,1.02504737808247e-18,1.373143238604e-09,-3.61952848137715,-1.14440342419445,-0.640294853102855,-2.40548340884235,-3.41165543014801,-5.74182407967012,-6.69541481083149,-36.5034605194813,-41.0308257118388,-20.0151962623136,-0.390967128012436,2.05553864068143
0.0187657245874502,0.222996728912157,0.369173112608322,0.0631856436649965,0.0231016743328733,0.0022473156225686,0.000866013931090202,9.81872531967182e-17,1.06131765835126e-18,1.42173054410643e-09,-3.61952848137715,-1.14440342419445,-0.640294853102855,-2.40548340884235,-3.41165543014801,-5.74182407967012,-6.69541481083149,-36.5034605194813,-41.0308257118388,-20.0151962623136,-0.356194751990502,3.5370898619937
0.00989791732438962,0.11761886284199,0.194719097040806,0.0333270518902705,0.0121848992047273,0.0011853389476295,0.000456776089394007,5.17885312619351e-17,5.59788373122604e-19,7.49886918437236e-10,-3.61952848137715,-1.14440342419445,-0.640294853102855,-2.40548340884235,-3.41165543014801,-5.74182407967012,-6.69541481083149,-36.5034605194813,-41.0308257118388,-20.0151962623136,-0.995902433869357,5.98183351154845
0.0488192871103128,0.580129015679134,0.9604088610512,0.164378309239085,0.0600993191992022,0.00584642208161998,0.00225294699101026,2.55435471305447e-16,2.76103228718093e-18,3.69865129922298e-09,-3.61952848137715,-1.14440342419445,-0.640294853102855,-2.40548340884235,-3.41165543014801,-5.74182407967012,-6.69541481083149,-36.5034605194813,-41.0308257118388,-20.0151962623136,0.599898664842579,3.28069297845965
0.037238305885621,0.44250997951218,0.732579295192749,0.125384251240186,0.0458424726031015,0.00445952546008856,0.00171849967832912,1.94840702876644e-16,2.10605625268134e-18,2.82125193949461e-09,-3.61952848137715,-1.14440342419445,-0.640294853102855,-2.40548340884235,-3.41165543014801,-5.74182407967012,-6.69541481083149,-36.5034605194813,-41.0308257118388,-20.0151962623136,0.329111161975892,2.07779903521089
0.0344562140780012,0.409449845343558,0.67784794243337,0.116016733307139,0.0424175593467934,0.00412635216035543,0.00159010973784252,1.80284059915255e-16,1.94871177345159e-18,2.61047484527857e-09,-3.61952848137715,-1.14440342419445,-0.640294853102855,-2.40548340884235,-3.41165543014801,-5.74182407967012,-6.69541481083149,-36.5034605194813,-41.0308257118388,-20.0151962623136,0.251462563210912,1.94430355722062
0.0383943127460855,0.423413350182937,0.613437303267203,0.0951619122551312,0.0436701245534888,0.00153422494953635,0.00191959877309949,3.04728254596726e-16,1.95672861306625e-18,2.37649336942527e-09,-3.45667083322785,-1.05623128717875,-0.685502112516931,-2.54900039589237,-3.32791595663648,-6.67655484162625,-6.45246398442422,-35.9239361602691,-40.9720825673741,-20.0544647072372,0.196824897299995,1.43523636268029
0.0438606980774754,0.483696771372463,0.700775360298816,0.108710577253999,0.0498876529113444,0.00175266002909258,0.00219290140114288,3.48113900590804e-16,2.23531759729196e-18,2.71484630676483e-09,-3.45667083322785,-1.05623128717875,-0.685502112516931,-2.54900039589237,-3.32791595663648,-6.67655484162625,-6.45246398442422,-35.9239361602691,-40.9720825673741,-20.0544647072372,0.329934213147912,2.27428245857085
0.0658565732491912,0.72626778073664,1.05220997087705,0.163228275146092,0.0749060095300536,0.00263160844779488,0.00329262820891547,5.22690919164675e-16,3.35631587124382e-18,4.07632533221289e-09,-3.45667083322785,-1.05623128717875,-0.685502112516931,-2.54900039589237,-3.32791595663648,-6.67655484162625,-6.45246398442422,-35.9239361602691,-40.9720825673741,-20.0544647072372,0.736394799005045,1.05479724455869
0.0883406706320039,0.974222915697787,1.41144505228415,0.218956052237171,0.100479675600696,0.00353006607615895,0.00441676464119728,7.0114286325751e-16,4.50219591287584e-18,5.46802385540665e-09,-3.45667083322785,-1.05623128717875,-0.685502112516931,-2.54900039589237,-3.32791595663648,-6.67655484162625,-6.45246398442422,-35.9239361602691,-40.9720825673741,-20.0544647072372,1.03011615187276,0.926488547598884
0.031260558719338,0.57224618531089,0.951673057472528,0.154142871357195,0.0543543661289433,0.00330262075725773,0.00197459151718152,2.09021074855963e-16,2.52205315440089e-18,3.92217602323077e-09,-4.03578663655482,-1.12857454200072,-0.619922285905645,-2.44026392626962,-3.48261889078792,-6.28342751253461,-6.79778228446984,-36.6744851460859,-41.0918469159888,-19.9270077848981,0.570388555705653,2.06697216572242
0.0178852758999619,0.327402366633156,0.544485956002034,0.0881906112743385,0.0310980633235554,0.0018895466318059,0.00112973393699036,1.19588380561889e-16,1.44295618340708e-18,2.24401620372521e-09,-4.03578663655482,-1.12857454200072,-0.619922285905645,-2.44026392626962,-3.48261889078792,-6.28342751253461,-6.79778228446984,-36.6744851460859,-41.0918469159888,-19.9270077848981,0.0120091564974718,1.06699619369935
0.0351902893610542,0.644182627305138,1.0713068365237,0.173520003103717,0.0611871940385685,0.00371778960002493,0.00222281525686603,2.35296885534861e-16,2.83909769765004e-18,4.41522848077242e-09,-4.03578663655482,-1.12857454200072,-0.619922285905645,-2.44026392626962,-3.48261889078792,-6.28342751253461,-6.79778228446984,-36.6744851460859,-41.0918469159888,-19.9270077848981,0.688801531692897,1.07596604991885
0.0206228231392165,0.377515065476338,0.627825795655803,0.101689198926696,0.0358579796856924,0.00217876348226298,0.00130265271317243,1.37892758022168e-16,1.66381722789675e-18,2.58748870019162e-09,-4.03578663655482,-1.12857454200072,-0.619922285905645,-2.44026392626962,-3.48261889078792,-6.28342751253461,-6.79778228446984,-36.6744851460859,-41.0918469159888,-19.9270077848981,0.154429739457929,2.08336295117438
0.0116680780028226,0.213592251724366,0.355214235531403,0.0575341938934127,0.0202878966265617,0.00123271106429669,0.000737020987149964,7.80176140660117e-17,9.4136234726382e-19,1.46396154306568e-09,-4.03578663655482,-1.12857454200072,-0.619922285905645,-2.44026392626962,-3.48261889078792,-6.28342751253461,-6.79778228446984,-36.6744851460859,-41.0918469159888,-19.9270077848981,-0.415111905251979,0.74296726134111
0.0197836029198675,0.319005899350419,0.833580792530386,0.176495950371477,0.0570428520152533,0.0024406141725225,0.00154911960286181,4.344443681585e-16,1.64149234639476e-18,6.13363532863334e-09,-4.26641977481142,-1.48606363818282,-0.525542604914755,-2.07797530201899,-3.20747045893469,-6.35902351637651,-6.81358646265275,-35.7159817289199,-41.2944438335881,-19.2529961789236,0.343517955076031,0.340087743117868
0.00612264042578553,0.0987261230089441,0.257977046909869,0.0546220648033043,0.0176536535415375,0.000755322630410508,0.000479422395570505,1.34452084487141e-16,5.08009963572468e-19,1.89824087008962e-09,-4.26641977481142,-1.48606363818282,-0.525542604914755,-2.07797530201899,-3.20747045893469,-6.35902351637651,-6.81358646265275,-35.7159817289199,-41.2944438335881,-19.2529961789236,-0.829342058569051,0.955883452072966
0.00750399237705915,0.121000095213116,0.31618021945483,0.0669455544338354,0.0216365607630706,0.000925733811992319,0.000587586686717918,1.64786325328223e-16,6.22624003536647e-19,2.32651013751915e-09,-4.26641977481142,-1.48606363818282,-0.525542604914755,-2.07797530201899,-3.20747045893469,-6.35902351637651,-6.81358646265275,-35.7159817289199,-41.2944438335881,-19.2529961789236,-0.625900308317633,0.344689703769676
0.00579136799714042,0.093384433759621,0.244018905173403,0.0516666758196895,0.0166984825243837,0.000714455039830974,0.000453482701209452,1.27177401430976e-16,4.80523506308082e-19,1.79553438735389e-09,-4.26641977481142,-1.48606363818282,-0.525542604914755,-2.07797530201899,-3.20747045893469,-6.35902351637651,-6.81358646265275,-35.7159817289199,-41.2944438335881,-19.2529961789236,-0.88496697155675,0.567653577094568
0.0545406095499146,0.87945437800503,2.29806495398527,0.486574500880466,0.157259116652263,0.00672842986106744,0.00427070477243335,1.19770199345726e-15,4.52536342882126e-18,1.6909569552905e-08,-4.26641977481142,-1.48606363818282,-0.525542604914755,-2.07797530201899,-3.20747045893469,-6.35902351637651,-6.81358646265275,-35.7159817289199,-41.2944438335881,-19.2529961789236,1.35761004938366,1.03193369718346
0.131280555432099,2.11686778300542,5.53149746707772,1.1711964949021,0.378526465898339,0.016195492067951,0.0102796888270649,2.88289742708693e-15,1.08926583213937e-17,4.0701739517441e-08,-4.26641977481142,-1.48606363818282,-0.525542604914755,-2.07797530201899,-3.20747045893469,-6.35902351637651,-6.81358646265275,-35.7159817289199,-41.2944438335881,-19.2529961789236,2.23600117349872,0.975699501094049
0.014324242107914,0.230975002614885,0.603550988011441,0.127791218537273,0.0413016590608901,0.00176711736688317,0.00112163412980878,3.14557784905428e-16,1.18851626183992e-18,4.44103522522514e-09,-4.26641977481142,-1.48606363818282,-0.525542604914755,-2.07797530201899,-3.20747045893469,-6.35902351637651,-6.81358646265275,-35.7159817289199,-41.2944438335881,-19.2529961789236,0.0206178500785654,0.964810513695764
0.0534334973913135,0.861602457337856,2.2514168568553,0.476697593555163,0.154066935971971,0.00659185041010502,0.00418401433720765,1.17339000922606e-15,4.43350371336369e-18,1.65663245799715e-08,-4.26641977481142,-1.48606363818282,-0.525542604914755,-2.07797530201899,-3.20747045893469,-6.35902351637651,-6.81358646265275,-35.7159817289199,-41.2944438335881,-19.2529961789236,1.33710233710223,0.647802577465079
0.030367013663934,0.489660884505592,1.27951209995943,0.270913996720854,0.0875584226792883,0.00374624198764893,0.00237783463091704,6.66854167945297e-16,2.51962297838855e-18,9.41487698619076e-09,-4.26641977481142,-1.48606363818282,-0.525542604914755,-2.07797530201899,-3.20747045893469,-6.35902351637651,-6.81358646265275,-35.7159817289199,-41.2944438335881,-19.2529961789236,0.772021438275107,1.6855649101458
0.0311613415856965,0.502469233626192,1.31298105408441,0.278000454229425,0.0898487400838689,0.00384423465315765,0.00244003305653683,6.84297466493015e-16,2.58553024560282e-18,9.66114748723026e-09,-4.26641977481142,-1.48606363818282,-0.525542604914755,-2.07797530201899,-3.20747045893469,-6.35902351637651,-6.81358646265275,-35.7159817289199,-41.2944438335881,-19.2529961789236,0.797842770644946,1.64493107541571
0.0190814985657688,0.366683764337799,0.867113229740355,0.142544565082045,0.0245796120070838,0.00233675062011565,0.00056925112917017,4.62960259638567e-16,1.03932163252665e-18,4.97684314313211e-09,-4.31173921514367,-1.35595862021908,-0.495288851539449,-2.30080373102805,-4.05854110015218,-6.41169707880668,-7.82389200969241,-35.6615935960848,-41.7606665902614,-19.4711731941958,0.35270314028033,0.783110859326455
0.0218540548211326,0.419963194202858,0.993105441564754,0.163256398810625,0.0281510483274422,0.00267628226259626,0.000651963751222035,5.30228737500594e-16,1.19033585626094e-18,5.69998223731254e-09,-4.31173921514367,-1.35595862021908,-0.495288851539449,-2.30080373102805,-4.05854110015218,-6.41169707880668,-7.82389200969241,-35.6615935960848,-41.7606665902614,-19.4711731941958,0.488370415824037,2.82632758236047
0.0966765893574965,1.85780669095568,4.39323721609825,0.722203360290669,0.124532832072128,0.0118391686770904,0.00288411612255667,2.34559244682229e-15,5.26573268508344e-18,2.52152219170251e-08,-4.31173921514367,-1.35595862021908,-0.495288851539449,-2.30080373102805,-4.05854110015218,-6.41169707880668,-7.82389200969241,-35.6615935960848,-41.7606665902614,-19.4711731941958,1.97535521373177,4.09840437434564
0.0585018500050293,1.12421351533955,2.65847715936995,0.437026512185048,0.0753584824516794,0.00716422946583478,0.00174526356298081,1.41938703474014e-15,3.18644985054434e-18,1.52584730205828e-08,-4.31173921514367,-1.35595862021908,-0.495288851539449,-2.30080373102805,-4.05854110015218,-6.41169707880668,-7.82389200969241,-35.6615935960848,-41.7606665902614,-19.4711731941958,1.47304231391691,2.18622383909342
0.0185489166888478,0.356449288949278,0.842911315524531,0.138566017393319,0.0238935728130655,0.00227152979760698,0.000553362815484121,4.50038620220767e-16,1.01031322609212e-18,4.83793495134755e-09,-4.31173921514367,-1.35595862021908,-0.495288851539449,-2.30080373102805,-4.05854110015218,-6.41169707880668,-7.82389200969241,-35.6615935960848,-41.7606665902614,-19.4711731941958,0.324395323986634,1.54445973380507
0.04003525118517,0.769346105610546,1.81930658323221,0.299075434168373,0.0515709464508702,0.00490278044520359,0.00119435650534564,9.71345631974198e-16,2.18062027345328e-18,1.04420082446736e-08,-4.31173921514367,-1.35595862021908,-0.495288851539449,-2.30080373102805,-4.05854110015218,-6.41169707880668,-7.82389200969241,-35.6615935960848,-41.7606665902614,-19.4711731941958,1.09374428180583,1.45175898271115
0.0188343191645538,0.361933787652694,0.855880750898399,0.140698060200786,0.0242612107160601,0.00230648063806586,0.000561877119588886,4.5696312899553e-16,1.02585838707387e-18,4.91237372508194e-09,-4.31173921514367,-1.35595862021908,-0.495288851539449,-2.30080373102805,-4.05854110015218,-6.41169707880668,-7.82389200969241,-35.6615935960848,-41.7606665902614,-19.4711731941958,0.339664629296425,1.16336689258804
0.0547174633635557,1.05149002694987,2.48650472691324,0.408755999465524,0.0704836685049864,0.00670078746725481,0.00163236538774315,1.32756926602189e-15,2.98032374945371e-18,1.42714279704961e-08,-4.31173921514367,-1.35595862021908,-0.495288851539449,-2.30080373102805,-4.05854110015218,-6.41169707880668,-7.82389200969241,-35.6615935960848,-41.7606665902614,-19.4711731941958,1.40616685174116,0.682483045147391
0.143559578672496,2.75874384461681,6.52372293998897,1.07243346924247,0.184924613311061,0.0175805340094357,0.00428275860938491,3.48307967462534e-15,7.81933217438178e-18,3.74432596205454e-08,-4.31173921514367,-1.35595862021908,-0.495288851539449,-2.30080373102805,-4.05854110015218,-6.41169707880668,-7.82389200969241,-35.6615935960848,-41.7606665902614,-19.4711731941958,2.37073406758358,0.726500314862948
0.0670821764696389,1.40954704494012,2.46415534161549,0.685376997263027,0.136177663622704,0.00924132186664561,0.00223348607536749,1.416004903684e-15,1.96045309866617e-18,1.17031688707785e-08,-4.26498247191601,-1.21987716718603,-0.661296487071793,-1.94093180638769,-3.55694047085479,-6.2472159196424,-7.66733722687901,-35.7540825118341,-42.3365016298205,-19.8265517634006,1.56314557524265,1.16585033312553
0.0400762494965452,0.842091924010622,1.47213625833268,0.409458085396762,0.0813552915306813,0.00552095266278653,0.00133432977154519,8.45949979486063e-16,1.17121434698798e-18,6.99170987360254e-09,-4.26498247191601,-1.21987716718603,-0.661296487071793,-1.94093180638769,-3.55694047085479,-6.2472159196424,-7.66733722687901,-35.7540825118341,-42.3365016298205,-19.8265517634006,1.04801106989653,1.73929602241829
0.114419011493371,0.650462576828938,0.962271343776511,0.110260960696296,0.0572665111845174,0.00514003159445669,0.00106553073719215,6.33097248152123e-16,8.48425954044384e-19,5.62004562714031e-09,-2.81020810796527,-1.07239159104442,-0.680778884455081,-2.8472254313546,-3.50235935166312,-5.91301613125685,-7.48660233767626,-35.6382277114809,-42.2532242174024,-19.6392461328699,0.642320078504349,2.87612512000552
0.149410907522559,0.849388599368427,1.25655546993544,0.143981231675798,0.074779892738588,0.00671196836259066,0.00139139389826213,8.2671256430077e-16,1.10789361055448e-18,7.33878143596685e-09,-2.81020810796527,-1.07239159104442,-0.680778884455081,-2.8472254313546,-3.50235935166312,-5.91301613125685,-7.48660233767626,-35.6382277114809,-42.2532242174024,-19.6392461328699,0.909153107869308,3.80253799943027
0.0989680923293815,0.562625384717151,0.832328106612855,0.0953715365662772,0.0495333536998722,0.0044459317973185,0.000921643553827909,5.47605036005988e-16,7.33856175285813e-19,4.8611256753812e-09,-2.81020810796527,-1.07239159104442,-0.680778884455081,-2.8472254313546,-3.50235935166312,-5.91301613125685,-7.48660233767626,-35.6382277114809,-42.2532242174024,-19.6392461328699,0.497250327464796,2.09164899781447
0.129927785881137,0.738628671082511,1.09270114714277,0.125206137558939,0.0650286251054774,0.00583673041490611,0.00120995669919498,7.18909581775334e-16,9.63424733829878e-19,6.38180731816246e-09,-2.81020810796527,-1.07239159104442,-0.680778884455081,-2.8472254313546,-3.50235935166312,-5.91301613125685,-7.48660233767626,-35.6382277114809,-42.2532242174024,-19.6392461328699,0.769431631873175,5.72761417660066
0.160005642673682,0.909618788716103,1.34565788305512,0.154190948232852,0.0800825387858661,0.00718791438502967,0.00149005771128228,8.85334794833369e-16,1.18645440356535e-18,7.85917480573677e-09,-2.81020810796527,-1.07239159104442,-0.680778884455081,-2.8472254313546,-3.50235935166312,-5.91301613125685,-7.48660233767626,-35.6382277114809,-42.2532242174024,-19.6392461328699,0.977661910305621,7.35903746669178
0.120970311698589,0.687706174352183,1.01736820547527,0.116574182992217,0.0605454252528934,0.00543433487150909,0.00112653993178424,6.69346557402475e-16,8.97004359453579e-19,5.94183311323965e-09,-2.81020810796527,-1.07239159104442,-0.680778884455081,-2.8472254313546,-3.50235935166312,-5.91301613125685,-7.48660233767626,-35.6382277114809,-42.2532242174024,-19.6392461328699,0.697997986611815,6.12216391744608
0.106999247289892,0.608281833609205,0.899870643251322,0.103110834868973,0.0535529324339302,0.00480671441288406,0.00099643394358821,5.92042599647036e-16,7.93407819899034e-19,5.25560083058143e-09,-2.81020810796527,-1.07239159104442,-0.680778884455081,-2.8472254313546,-3.50235935166312,-5.91301613125685,-7.48660233767626,-35.6382277114809,-42.2532242174024,-19.6392461328699,0.575274628746395,5.83198725644938
0.300862151187619,0.828697221659968,1.72765313858377,0.249741627847312,0.0400686700708698,0.00597096648630952,0.0018819485569512,1.08538484948162e-15,1.11600766387321e-18,7.98432314630452e-09,-2.35005219630799,-1.33684953147986,-0.60218518745167,-2.53627749184657,-4.36610965272872,-6.26979558187471,-7.42439668013571,-35.6057908785247,-42.4857230503857,-19.7947349322181,1.14894910769833,9.62180828038505
0.155999264132758,0.429685675840291,0.895801007976071,0.129492892388456,0.0207759035862772,0.00309599055364321,0.00097580433052549,5.6278012090124e-16,5.78658278030362e-19,4.13993096341627e-09,-2.35005219630799,-1.33684953147986,-0.60218518745167,-2.53627749184657,-4.36610965272872,-6.26979558187471,-7.42439668013571,-35.6057908785247,-42.4857230503857,-19.7947349322181,0.492148207466559,4.45014104088705
0.125457300045142,0.345560634908632,0.72041862801836,0.104140418510349,0.0167083401605944,0.00248984902579281,0.000784758680501871,4.5259748422443e-16,4.65366972171609e-19,3.32940391694083e-09,-2.35005219630799,-1.33684953147986,-0.60218518745167,-2.53627749184657,-4.36610965272872,-6.26979558187471,-7.42439668013571,-35.6057908785247,-42.4857230503857,-19.7947349322181,0.274262379319257,4.19374699837604
0.185031595171145,0.509652570894567,1.06251455981661,0.153592240163203,0.0246424148412605,0.00367217162183464,0.00115740694583269,6.67516632721735e-16,6.86349803238996e-19,4.91039515037350e-09,-2.35005219630799,-1.33684953147986,-0.60218518745167,-2.53627749184657,-4.36610965272872,-6.26979558187471,-7.42439668013571,-35.6057908785247,-42.4857230503857,-19.7947349322181,0.662823512531024,2.31938580646503
0.0691290706085406,0.190409689364711,0.396962713098953,0.0573831123562716,0.00920657487685165,0.00137194845614169,0.00043241515811004,2.49388783537829e-16,2.56424984967462e-19,1.83455724278888e-09,-2.35005219630799,-1.33684953147986,-0.60218518745167,-2.53627749184657,-4.36610965272872,-6.26979558187471,-7.42439668013571,-35.6057908785247,-42.4857230503857,-19.7947349322181,-0.321727736919298,2.18384547694503
0.0673757540436366,0.185580339576807,0.386894571079991,0.0559277078418709,0.00897306905801863,0.00133715180788398,0.000421447837806789,2.43063550442274e-16,2.4992129310757e-19,1.78802747499755e-09,-2.35005219630799,-1.33684953147986,-0.60218518745167,-2.53627749184657,-4.36610965272872,-6.26979558187471,-7.42439668013571,-35.6057908785247,-42.4857230503857,-19.7947349322181,-0.347417861765323,0.484857678160334
0.122864635303809,0.338419377494373,0.705530662350433,0.101988282356277,0.0163630503735116,0.00243839451674397,0.000768541081680118,4.43244233844084e-16,4.55749831199376e-19,3.2605994062268e-09,-2.35005219630799,-1.33684953147986,-0.60218518745167,-2.53627749184657,-4.36610965272872,-6.26979558187471,-7.42439668013571,-35.6057908785247,-42.4857230503857,-19.7947349322181,0.25338014068959,2.1468439697096
0.422504232234544,1.16374918549992,2.42616347720569,0.35071508434716,0.0562689012829499,0.00838509796276498,0.00264284233500587,1.52421861872304e-15,1.56722259457148e-18,1.12124782313951e-08,-2.35005219630799,-1.33684953147986,-0.60218518745167,-2.53627749184657,-4.36610965272872,-6.26979558187471,-7.42439668013571,-35.6057908785247,-42.4857230503857,-19.7947349322181,1.48849638119609,0.862377804897463
0.293285312903207,0.807827515016996,1.68414434762774,0.243452196226833,0.0390595905565472,0.0058205951375379,0.00183455402819671,1.05805078486627e-15,1.08790240184555e-18,7.78324791948972e-09,-2.35005219630799,-1.33684953147986,-0.60218518745167,-2.53627749184657,-4.36610965272872,-6.26979558187471,-7.42439668013571,-35.6057908785247,-42.4857230503857,-19.7947349322181,1.12344281671691,1.50902790597682
0.208045791821189,0.656341531993738,1.80684140655075,0.258748948786689,0.0534323031249598,0.0100624920890834,0.00214155258058651,6.36159740728503e-16,1.24192879021207e-18,1.36699666374373e-08,-2.66714630298658,-1.5182232299407,-0.505568990862676,-2.44904622953308,-4.02648902093926,-5.69608965487795,-7.24337344051503,-36.0882312098839,-42.3270152592603,-19.2052138592435,1.09714923246213,0.400146051412147
0.343603907602294,1.08399940772922,2.98413999280534,0.427344139541674,0.0882476304144912,0.0166189932118304,0.00353694169242196,1.05066759995534e-15,2.0511425948352e-18,2.25770197623295e-08,-2.66714630298658,-1.5182232299407,-0.505568990862676,-2.44904622953308,-4.02648902093926,-5.69608965487795,-7.24337344051503,-36.0882312098839,-42.3270152592603,-19.2052138592435,1.59888058658274,1.03734759242492
0.486225695675897,1.53394171158686,4.22278534060057,0.604724500927884,0.124877117345533,0.023517140978525,0.00500504184298592,1.48677466527449e-15,2.902522972057e-18,3.19482022682149e-08,-2.66714630298658,-1.5182232299407,-0.505568990862676,-2.44904622953308,-4.02648902093926,-5.69608965487795,-7.24337344051503,-36.0882312098839,-42.3270152592603,-19.2052138592435,1.94606393450208,0.992629050269553
0.0368192854632915,0.191977356947723,0.580334025960941,0.144975372145184,0.0485888627423351,0.00117755199082234,0.00020326704312119,1.03828310058436e-15,3.05910705728307e-19,5.42146504543344e-09,-3.30580095401302,-1.65444529090887,-0.548218878819139,-1.93525884269782,-3.02842838045357,-6.7483850239198,-8.50505740449302,-34.505275355195,-42.6350611492892,-19.0369671988708,0.00406744443597939,1.14822698519769
0.0120221393260542,0.0626839577040192,0.189489188287162,0.0473369893208175,0.0158651117269851,0.000384491277307724,6.63702372832402e-05,3.39017553927209e-16,9.98851846069612e-20,1.77020296041636e-09,-3.30580095401302,-1.65444529090887,-0.548218878819139,-1.93525884269782,-3.02842838045357,-6.7483850239198,-8.50505740449302,-34.505275355195,-42.6350611492892,-19.0369671988708,-1.11520443116176,2.05722244376702
0.0303875447791143,0.0962428260112612,0.268995388861694,0.0723160482605009,0.0349242328324135,0.000420330767071184,0.000162109685648826,1.48026072932512e-15,1.20976974585655e-19,2.31163935359174e-09,-2.80744857691568,-1.65460695471785,-0.626787152483108,-1.94043531798461,-2.66830045140238,-7.0881947271664,-8.04096349111313,-33.4602842653654,-42.8724128292445,-19.1990349984125,-0.686273888822199,0.586124409401397
0.0758935801450201,0.236410901272804,0.577355938918412,0.0621986266303411,0.0593069788430993,0.000767397468082915,0.000154454198406003,2.36956119695152e-15,1.96136407211717e-19,1.25174801266617e-08,-2.5904385961415,-1.45419929575228,-0.561311739037981,-2.78943777429285,-2.83704370774963,-7.18452109441555,-8.7876283709372,-33.6880870207855,-43.0874919954611,-18.2081551742841,0.0120154149140306,0.299563089191648
0.0413425277926049,0.160870637821775,0.637458567930105,0.0426956501707663,0.039583823152854,0.000260690238087393,8.42774263690156e-05,1.72092742667003e-15,7.34605197205356e-20,6.51007403096452e-09,-3.10497471074958,-1.74626585932251,-0.369377126105857,-3.07276936403577,-3.14844588098624,-8.17128881329222,-9.3005076367318,-33.915024178412,-43.9766499681926,-18.7690261394687,-0.0808888694379259,0.380322526483884
0.0239499293389355,0.216068435142844,0.504357711144455,0.0762900540675402,0.017519192171268,0.000228494089123404,6.08486279509667e-05,1.09939546997415e-15,1.18001202804362e-19,4.66691896090658e-09,-3.55561899771034,-1.35598918433596,-0.508298610549113,-2.39704179439272,-3.86828739570602,-8.20782930835669,-9.53095037906127,-34.2678450311508,-43.4074212274271,-19.0065958266324,-0.176170907776818,0.465346378115049
0.0257324705523529,0.232149939397413,0.541895959950821,0.0819681570642013,0.0188231075870139,0.000245500407811059,6.5377459145728e-05,1.18122108654861e-15,1.26783775990899e-19,5.01426760105354e-09,-3.55561899771034,-1.35598918433596,-0.508298610549113,-2.39704179439272,-3.86828739570602,-8.20782930835669,-9.53095037906127,-34.2678450311508,-43.4074212274271,-19.0065958266324,-0.104382641229546,1.91155534405417
0.0195552461523377,0.17642103971053,0.411810784519743,0.0622912395754153,0.0143045146585171,0.000186566653033848,4.9683232078632e-05,8.97662315819799e-16,9.63486169188751e-20,3.81056443891773e-09,-3.55561899771034,-1.35598918433596,-0.508298610549113,-2.39704179439272,-3.86828739570602,-8.20782930835669,-9.53095037906127,-34.2678450311508,-43.4074212274271,-19.0065958266324,-0.378892685450483,0.461411899425442
0.0202647915486449,0.182822326381287,0.426752986935881,0.0645514239743583,0.0148235417494211,0.000193336064614422,5.14859456993368e-05,9.30233225879769e-16,9.98445441520477e-20,3.94882751338396e-09,-3.55561899771034,-1.35598918433596,-0.508298610549113,-2.39704179439272,-3.86828739570602,-8.20782930835669,-9.53095037906127,-34.2678450311508,-43.4074212274271,-19.0065958266324,-0.343251307519041,1.92249952831088
0.0704812487997867,0.635858791880687,1.48425328610357,0.224510820286306,0.0515565004272072,0.000672425731069112,0.000179068890978546,3.23536510492478e-15,3.47260821350632e-19,1.37340812892234e-08,-3.55561899771034,-1.35598918433596,-0.508298610549113,-2.39704179439272,-3.86828739570602,-8.20782930835669,-9.53095037906127,-34.2678450311508,-43.4074212274271,-19.0065958266324,0.903210418697837,0.816098862087084
0.103680384787464,0.935370546568424,2.18338855292446,0.330263277575521,0.0758414173076353,0.000989161794455155,0.000263416608477804,4.75933535115725e-15,5.10832827061844e-19,2.02033144562175e-08,-3.55561899771034,-1.35598918433596,-0.508298610549113,-2.39704179439272,-3.86828739570602,-8.20782930835669,-9.53095037906127,-34.2678450311508,-43.4074212274271,-19.0065958266324,1.28917666262413,2.84187979676226
0.0453946429498206,0.409535632745705,0.955958487074554,0.144599999273836,0.0332058379851299,0.000433087189741264,0.00011533235446044,2.08379173540996e-15,2.23659218077319e-19,8.84566784761621e-09,-3.55561899771034,-1.35598918433596,-0.508298610549113,-2.39704179439272,-3.86828739570602,-8.20782930835669,-9.53095037906127,-34.2678450311508,-43.4074212274271,-19.0065958266324,0.463257820113365,1.39125870016538
0.0129026285644355,0.116403298051269,0.27171438038134,0.0411000056352534,0.00943817520861559,0.000123097413750421,3.27811925453365e-05,5.92281137608141e-16,6.35711975761918e-20,2.51422545097059e-09,-3.55561899771034,-1.35598918433596,-0.508298610549113,-2.39704179439272,-3.86828739570602,-8.20782930835669,-9.53095037906127,-34.2678450311508,-43.4074212274271,-19.0065958266324,-0.794705225976449,0.477251663334855
0.0187201983672689,0.17723914674948,0.251047438445546,0.0159998332068838,0.00504168516949112,0.00014877948958992,1.91305710776077e-05,6.08764130064354e-16,8.65056019198217e-20,3.8910043490795e-09,-3.21932712145886,-0.971430256771422,-0.62328826992933,-3.37635189137862,-4.53118980377053,-8.05422019385551,-10.1053978325073,-34.2762756981729,-43.1352526889674,-18.6057734352288,-0.758825089987835,0.352252492293117
0.294808722280967,1.44524378578581,2.03140910183414,0.171766788755569,0.0650495925373877,0.000736438859789506,0.000190258241025343,7.02912877633064e-15,1.54323603739491e-18,4.93912630829485e-08,-2.61002143386291,-1.02031488465059,-0.679863210786134,-3.15021050340433,-4.12119823975193,-8.60227724192136,-9.9557211472103,-33.9773065280376,-42.4012430410462,-18.2120851909347,1.38859290187145,1.80824052309412
0.109275172314077,0.499693737277364,0.897884633109809,0.0869017542769923,0.0337342200542515,0.000157772855331006,7.3542487005682e-05,2.02273367908416e-15,1.50482596854032e-18,3.06665491449008e-08,-2.7010668541804,-1.18094068650667,-0.594894482688624,-2.93015785243849,-3.87642331778023,-9.24153497662928,-10.0048280570867,-34.3215072847453,-41.5250352107308,-17.7872741736354,0.487180792831102,1.16140257787168
0.0433215820150853,0.198101021151144,0.35596176102612,0.0344517551008295,0.0133737586484403,6.25482398904979e-05,2.91555420590226e-05,8.0190240031158e-16,5.96580542807818e-19,1.21575962386227e-08,-2.7010668541804,-1.18094068650667,-0.594894482688624,-2.93015785243849,-3.87642331778023,-9.24153497662928,-10.0048280570867,-34.3215072847453,-41.5250352107308,-17.7872741736354,-0.438037484058633,0.988841685600861
0.0427190684434849,0.195345845826524,0.351011069430547,0.0339726024695504,0.0131877573365264,6.16783232886383e-05,2.87500487930608e-05,7.90749597094045e-16,5.88283341808344e-19,1.19885092295366e-08,-2.7010668541804,-1.18094068650667,-0.594894482688624,-2.93015785243849,-3.87642331778023,-9.24153497662928,-10.0048280570867,-34.3215072847453,-41.5250352107308,-17.7872741736354,-0.452043036485758,4.01482544402861
0.0745026326782157,0.340685795058541,0.612168048710341,0.0592486778184407,0.0229996270165043,0.000107567829346767,5.01404736281617e-05,1.37907798365695e-15,1.02597409827518e-18,2.09081221110706e-08,-2.7010668541804,-1.18094068650667,-0.594894482688624,-2.93015785243849,-3.87642331778023,-9.24153497662928,-10.0048280570867,-34.3215072847453,-41.5250352107308,-17.7872741736354,0.104146037922028,0.625306828509081
0.533450637192486,2.43936419322733,4.38322008114618,0.424229907036575,0.164680968256994,0.000770202676652847,0.000359013724006249,9.87441654977969e-15,7.34613686514613e-18,1.49705462232748e-07,-2.7010668541804,-1.18094068650667,-0.594894482688624,-2.93015785243849,-3.87642331778023,-9.24153497662928,-10.0048280570867,-34.3215072847453,-41.5250352107308,-17.7872741736354,2.07267811530964,1.24925110691295
0.0558100491306178,0.184572422147172,0.301745128751614,0.0325425543809681,0.00899892030635628,9.43146834696611e-05,1.65450846788687e-05,3.08487236794894e-15,1.40855030426981e-18,2.14857878425784e-08,-2.34757017898522,-1.15148220568138,-0.659941407582324,-2.88697552567205,-4.17241951992512,-8.73064251539205,-10.4711903436319,-32.874034955347,-40.565739496537,-17.1176429960899,-0.538231154877699,0.419020236649955
0.520256498478689,1.72056831265783,2.81284224907075,0.303358905027492,0.0838871644372957,0.000879193402288779,0.000154231862471868,2.8756916028628e-14,1.31303853095603e-17,2.0028867424708e-07,-2.34757017898522,-1.15148220568138,-0.659941407582324,-2.88697552567205,-4.17241951992512,-8.73064251539205,-10.4711903436319,-32.874034955347,-40.565739496537,-17.1176429960899,1.6941368562679,1.19960852509858
0.194096136996995,0.415633986574306,3.17166287066492,0.109259183808205,0.0668096492332327,0.00101607094859,0.000237665846362952,9.73794039219057e-15,9.14649483644376e-18,1.26975639975098e-07,-3.0153213433538,-2.25386989819363,-0.22166363698913,-3.58995203844259,-4.08182741149287,-8.26773175319535,-9.72056452993311,-33.6386664105449,-40.6090805982036,-17.2551902323264,1.37591965222078,0.893755630613575
0.262835012628589,1.66488570005897,2.01540446269199,0.442867930186621,0.0522016211140164,0.000855293803445382,0.000475435966149022,9.7984672394688e-15,3.58061077536143e-18,2.58495596056482e-07,-2.8267763218457,-0.98079107731737,-0.789727648622493,-2.30503122915508,-4.44318927853182,-8.55461306807414,-9.14182590118054,-33.7470979753825,-41.6615458301693,-16.6589347294552,1.49054754978012,1.19453288639407
0.509288635603194,3.22600614788136,3.90519732788959,0.85813378385731,0.101149736968265,0.00165728077793082,0.000921240028469423,1.89862376457559e-14,6.93805729370913e-18,5.00880259857437e-07,-2.8267763218457,-0.98079107731737,-0.789727648622493,-2.30503122915508,-4.44318927853182,-8.55461306807414,-9.14182590118054,-33.7470979753825,-41.6615458301693,-16.6589347294552,2.15203596274745,1.11282955782077
0.00549681801052373,0.0348187009410334,0.0421492990535092,0.00926194874338594,0.0010917221729646,1.78872454474376e-05,9.94306259064375e-06,2.04920914678702e-16,7.48833483098178e-20,5.40606532529292e-09,-2.8267763218457,-0.98079107731737,-0.789727648622493,-2.30503122915508,-4.44318927853182,-8.55461306807414,-9.14182590118054,-33.7470979753825,-41.6615458301693,-16.6589347294552,-2.37680957586004,0.221402891359494
0.762130219097453,3.52988262792242,5.02274742815842,0.361968343605071,0.0732011874017007,0.00140277964735792,0.000896455553511203,4.09416341399911e-15,4.0025356035339e-18,1.95276885771658e-07,-2.54913374522514,-1.01623127802134,-0.663518818095958,-3.29369441811841,-4.89203953534514,-8.84679544692124,-9.29455774247159,-35.4067098915157,-42.3370995112532,-17.7263432570251,2.27749589853342,0.710835294949159
0.0966458549678428,0.447624980565265,0.636935404630416,0.0459012635405457,0.00928265428114985,0.000177886711421765,0.000113679672106904,5.19181517290566e-16,5.07562179991844e-19,2.47630931144674e-08,-2.54913374522514,-1.01623127802134,-0.663518818095958,-3.29369441811841,-4.89203953534514,-8.84679544692124,-9.29455774247159,-35.4067098915157,-42.3370995112532,-17.7263432570251,0.212431783940346,1.05321934111974
0.0172945365868042,0.23280817531529,0.429953680373812,0.112246858110053,0.0075097736223185,0.000113113329536196,5.89858298183335e-05,1.85595289439418e-16,1.07819565978072e-19,6.59927313733747e-09,-3.8342024923077,-1.2343783071294,-0.62091565687932,-1.96389260358406,-4.66838781788162,-8.86395818630857,-9.51505117619689,-35.99980109476,-43.4506656690118,-18.613144185407,-0.223162139278333,0.692165488097692
0.012560939237896,0.16908746467668,0.312273302448932,0.0815243563936194,0.00545431267769678,8.21536704478314e-05,4.28411261860745e-05,1.34796971389624e-16,7.83088352850241e-20,4.79302052855369e-09,-3.8342024923077,-1.2343783071294,-0.62091565687932,-1.96389260358406,-4.66838781788162,-8.86395818630857,-9.51505117619689,-35.99980109476,-43.4506656690118,-18.613144185407,-0.542960848343014,0.615945936001369
0.0282618159841984,0.380442793442524,0.70260753940785,0.183427872310336,0.0122720744283424,0.000184843814037269,9.63915199250234e-05,3.03289995157952e-16,1.76193025923193e-19,1.07841827446941e-08,-3.8342024923077,-1.2343783071294,-0.62091565687932,-1.96389260358406,-4.66838781788162,-8.86395818630857,-9.51505117619689,-35.99980109476,-43.4506656690118,-18.613144185407,0.267958848396998,0.482710307421554
0.0198728335079212,0.26751558702381,0.494051856394126,0.128980797595372,0.00862934257471721,0.000129976443954827,6.77795308028503e-05,2.13264129303018e-16,1.23893477736397e-19,7.58310323455961e-09,-3.8342024923077,-1.2343783071294,-0.62091565687932,-1.96389260358406,-4.66838781788162,-8.86395818630857,-9.51505117619689,-35.99980109476,-43.4506656690118,-18.613144185407,-0.0841991379663724,0.590788430235951
0.200726361136131,2.70205204049447,4.99019082039885,1.3027757791779,0.0871610247894269,0.00131283234562738,0.000684609900855229,2.15408299067152e-15,1.25139109853734e-18,7.65934418856809e-08,-3.8342024923077,-1.2343783071294,-0.62091565687932,-1.96389260358406,-4.66838781788162,-8.86395818630857,-9.51505117619689,-35.99980109476,-43.4506656690118,-18.613144185407,2.22838980647249,0.872524931079657
0.265014466825802,3.56745808968046,6.58843587928205,1.72002534474409,0.11507672625468,0.00173330280157947,0.000903874941148205,2.84398696832942e-15,1.65218331509789e-18,1.01124585972644e-07,-3.8342024923077,-1.2343783071294,-0.62091565687932,-1.96389260358406,-4.66838781788162,-8.86395818630857,-9.51505117619689,-35.99980109476,-43.4506656690118,-18.613144185407,2.50623162961718,0.963790208111873
0.150015733586387,2.01941746340167,3.72949089706504,0.973648219923675,0.0651410457496386,0.000981164139530546,0.000511653058003923,1.60988491109243e-15,9.35245139641819e-19,5.72432106443367e-08,-3.8342024923077,-1.2343783071294,-0.62091565687932,-1.96389260358406,-4.66838781788162,-8.86395818630857,-9.51505117619689,-35.99980109476,-43.4506656690118,-18.613144185407,1.9371873924971,1.50509641857782
0.159936608056811,2.15296603646685,3.97613043375779,1.03803774452412,0.0694489681408732,0.0010460507086287,0.000545489813919543,1.71635018465376e-15,9.97094983039195e-19,6.10288316156161e-08,-3.8342024923077,-1.2343783071294,-0.62091565687932,-1.96389260358406,-4.66838781788162,-8.86395818630857,-9.51505117619689,-35.99980109476,-43.4506656690118,-18.613144185407,2.00122475040664,0.625280233521364
0.123146070307883,1.65771495418394,3.06149319969899,0.799255846566389,0.0534734831343179,0.000805425572515856,0.000420009701301836,1.32153471978874e-15,7.67731230372016e-19,4.69902474502588e-08,-3.8342024923077,-1.2343783071294,-0.62091565687932,-1.96389260358406,-4.66838781788162,-8.86395818630857,-9.51505117619689,-35.99980109476,-43.4506656690118,-18.613144185407,1.73981842758097,0.320088523509838
0.895369040450227,4.12103163513382,9.70250721194581,1.00847676138108,0.091701386030071,0.00298149950295492,0.00132760752864704,4.62993870363133e-15,2.62489705659362e-18,2.74706683078221e-07,-2.87200887741458,-1.34538603852436,-0.489105239850227,-2.75304853202773,-5.15070735242107,-8.57681848352973,-9.38586637468338,-35.7677223332756,-43.2429795625729,-17.869051482917,2.76148956741887,0.443447947095081
0.158967799588433,0.417292282279206,1.51445680869772,0.160598259652349,0.00903813497627955,0.00043163058075933,0.000201816022910216,3.42117482884204e-16,4.95905236247999e-19,2.49495595384281e-08,-2.65485495160727,-1.68976972199807,-0.400744503467995,-2.64465065008802,-5.52210376982016,-8.5637418087137,-9.32395538926928,-36.4271788146375,-42.9637034363792,-18.3222110046992,0.815801336024022,0.232639545966754
0.130704750759483,0.381358072013145,0.732870369933516,0.167487466274554,0.00365906492626677,0.000267937912432838,0.000195786640215105,1.65840178515121e-16,4.38155913974411e-19,4.27181010989201e-09,-2.38303402637515,-1.31223623959758,-0.659006157336471,-2.13506647467159,-5.95876736478037,-8.57297499026297,-8.88670477793106,-36.6837268452792,-42.6199318538052,-19.6194479021513,0.348219715943185,0.36245859424357
0.086209953748833,0.79638007022083,0.803223553676665,0.161401236574189,0.00830704621387237,0.000245535705897259,0.000368997999411012,3.08410987610877e-16,8.44436746690039e-19,8.14442010656692e-09,-3.06946675952821,-0.846175856214482,-0.837619329951528,-2.44235898589906,-5.40914830716968,-8.93056530404213,-8.52321645986235,-36.3335955293204,-42.2341142440136,-19.2444299179477,0.618497124273536,0.569631878258062
0.0313176672466382,0.289302626396177,0.291788672709368,0.0586325592396549,0.00301771776709742,8.91962609893276e-05,0.000134046662336664,1.12037093922408e-16,3.0676027411777e-19,2.95864024654746e-09,-3.06946675952821,-0.846175856214482,-0.837619329951528,-2.44235898589906,-5.40914830716968,-8.93056530404213,-8.52321645986235,-36.3335955293204,-42.2341142440136,-19.2444299179477,-0.39410613237473,1.16599632163841
0.0602901280855437,0.302566901494596,0.885179940404546,0.108379975237485,0.00470972062195135,0.000223383419653305,0.000215012616773235,2.90051239114726e-16,7.6981448085738e-19,5.3836118884849e-09,-3.11722172484819,-1.50408768685414,-0.430599155006216,-2.53074676017864,-5.66676151150277,-8.71525571514293,-8.75344867174797,-36.0851089027728,-42.0167722238637,-19.3485411561493,0.308634822855804,0.864942036307959
0.0933219437499915,0.468337558046394,1.37015321131589,0.167759304448438,0.00729008706593388,0.000345770950991976,0.000332813944259335,4.48964802046424e-16,1.19158120842883e-18,8.33319055345382e-09,-3.11722172484819,-1.50408768685414,-0.430599155006216,-2.53074676017864,-5.66676151150277,-8.71525571514293,-8.75344867174797,-36.0851089027728,-42.0167722238637,-19.3485411561493,0.745521721670687,0.337666903075016
0.0789160735644613,0.3960414849781,1.15864615838327,0.141862728946609,0.00616473493873854,0.000292395172115551,0.00028143830543018,3.79659251858999e-16,1.00763985964885e-18,7.0468172041594e-09,-3.11722172484819,-1.50408768685414,-0.430599155006216,-2.53074676017864,-5.66676151150277,-8.71525571514293,-8.75344867174797,-36.0851089027728,-42.0167722238637,-19.3485411561493,0.577851373685244,0.90572796241385
0.0875963544185098,0.439603603114354,1.28609008217423,0.157466753251905,0.00684281772012916,0.000324556835762661,0.000312394781391012,4.21419425498179e-16,1.11847402291145e-18,7.82192358865632e-09,-3.11722172484819,-1.50408768685414,-0.430599155006216,-2.53074676017864,-5.66676151150277,-8.71525571514293,-8.75344867174797,-36.0851089027728,-42.0167722238637,-19.3485411561493,0.682205826715366,0.434702028665854
0.133483101586129,0.669886923967032,1.9597995170847,0.239954627795793,0.0104273806705174,0.000494573699626766,0.000476040636807386,6.42177090103363e-16,1.70437893920146e-18,1.19193844072e-08,-3.11722172484819,-1.50408768685414,-0.430599155006216,-2.53074676017864,-5.66676151150277,-8.71525571514293,-8.75344867174797,-36.0851089027728,-42.0167722238637,-19.3485411561493,1.10344133581527,0.51633843177668
0.216622232810119,1.08712188640903,3.18044862762762,0.389408896171823,0.0169220107741585,0.000802615895414918,0.000772539628074412,1.0421531524568e-15,2.76594090920292e-18,1.93432998883665e-08,-3.11722172484819,-1.50408768685414,-0.430599155006216,-2.53074676017864,-5.66676151150277,-8.71525571514293,-8.75344867174797,-36.0851089027728,-42.0167722238637,-19.3485411561493,1.58762141971807,0.228069040212529
0.059770971836863,0.299961508164994,0.877557685951615,0.107446718945567,0.00466916537736874,0.000221459872600957,0.000213161150420657,2.87553617729509e-16,7.63185634464901e-19,5.33725378905587e-09,-3.11722172484819,-1.50408768685414,-0.430599155006216,-2.53074676017864,-5.66676151150277,-8.71525571514293,-8.75344867174797,-36.0851089027728,-42.0167722238637,-19.3485411561493,0.299986568179587,0.990203991819679
0.0721963605090902,0.36231850540155,1.05998730011299,0.129783100694522,0.00563980702507459,0.00026749768841361,0.000257473800230414,3.47331221382098e-16,9.21839205686213e-19,6.4467798806232e-09,-3.11722172484819,-1.50408768685414,-0.430599155006216,-2.53074676017864,-5.66676151150277,-8.71525571514293,-8.75344867174797,-36.0851089027728,-42.0167722238637,-19.3485411561493,0.488856082032933,0.568358968679863
0.0418476934548593,0.219213961116116,0.441660531281433,0.073792776709832,0.004773293909722,0.000160512535538457,8.55727811036183e-05,2.48367388421933e-16,4.67522759888868e-19,2.99961830993022e-09,-2.92722241532429,-1.27121085189286,-0.570717537944218,-2.35999824590602,-5.09822248246785,-8.49064233258028,-9.11964712032324,-35.685126436178,-41.9603427382565,-19.3782846035755,-0.246496182820458,2.66246648923199
0.0435604503463893,0.228186026040703,0.459736966473376,0.0768129930328949,0.00496865693607358,0.000167082048185958,8.90751335264753e-05,2.58532654916486e-16,4.86657693330555e-19,3.12238772702687e-09,-2.92722241532429,-1.27121085189286,-0.570717537944218,-2.35999824590602,-5.09822248246785,-8.49064233258028,-9.11964712032324,-35.685126436178,-41.9603427382565,-19.3782846035755,-0.206383227116016,2.39937137183397
0.0474756646083422,0.248695391220096,0.501058135413786,0.0837169465832879,0.00541523993381981,0.000182099386454321,9.70812085416552e-05,2.81769575785313e-16,5.30398497809514e-19,3.40302800652333e-09,-2.92722241532429,-1.27121085189286,-0.570717537944218,-2.35999824590602,-5.09822248246785,-8.49064233258028,-9.11964712032324,-35.685126436178,-41.9603427382565,-19.3782846035755,-0.120315607934957,3.30250251892919
0.0942396691651188,0.493662839368727,0.994605411076,0.166178976421042,0.010749305439386,0.000361469103722897,0.000192707170096317,5.59315426584631e-16,1.05284632393459e-18,6.75504463476306e-09,-2.92722241532429,-1.27121085189286,-0.570717537944218,-2.35999824590602,-5.09822248246785,-8.49064233258028,-9.11964712032324,-35.685126436178,-41.9603427382565,-19.3782846035755,0.565308345682374,3.57746125001791
0.49258235571656,1.09349310321675,2.01935661911698,0.349041008094095,0.0507826550071322,0.00187984107363431,0.00026099161495887,1.68232342761712e-15,2.17111584781773e-18,3.21995003437713e-08,-2.09623541767446,-1.29876455101108,-0.685362849761995,-2.44070766703408,-4.36834222462188,-7.66470984606835,-9.63916408280588,-35.4067423693736,-42.0594322279736,-18.6394567068445,1.38814180505386,3.7137760381129
0.21074842726359,0.467844511789861,0.863969702983248,0.149335116559993,0.0217270565029757,0.000804278807749044,0.000111663708095172,7.19772059239195e-16,9.28898985163673e-19,1.37763644543289e-08,-2.09623541767446,-1.29876455101108,-0.685362849761995,-2.44070766703408,-4.36834222462188,-7.66470984606835,-9.63916408280588,-35.4067423693736,-42.0594322279736,-18.6394567068445,0.539145272977476,2.02130905662218
0.187024349025034,0.415178971433066,0.766712109674235,0.132524371943608,0.0192812285788346,0.000713740654708472,9.90936567706908e-05,6.38746882116709e-16,8.24332263191527e-19,1.22255507547867e-08,-2.09623541767446,-1.29876455101108,-0.685362849761995,-2.44070766703408,-4.36834222462188,-7.66470984606835,-9.63916408280588,-35.4067423693736,-42.0594322279736,-18.6394567068445,0.419718955760518,8.71339663366407
0.301572803270432,0.669467301593146,1.23630704462388,0.213692744057286,0.0310905728763626,0.00115089169496158,0.000159786423609768,1.02996582436653e-15,1.32921832228194e-18,1.97134417623475e-08,-2.09623541767446,-1.29876455101108,-0.685362849761995,-2.44070766703408,-4.36834222462188,-7.66470984606835,-9.63916408280588,-35.4067423693736,-42.0594322279736,-18.6394567068445,0.897491595927345,5.38412136556781
0.231486160444305,0.513880606965202,0.948984682261263,0.164029754341839,0.0238650079288124,0.000883420178029081,0.000122651463565113,7.90597930204138e-16,1.02030303290097e-18,1.51319644650319e-08,-2.09623541767446,-1.29876455101108,-0.685362849761995,-2.44070766703408,-4.36834222462188,-7.66470984606835,-9.63916408280588,-35.4067423693736,-42.0594322279736,-18.6394567068445,0.633000228333559,3.97281694431853
0.284359890992859,0.63125602454807,1.16574217777754,0.201495773979339,0.0293160119816906,0.00108520209174959,0.000150666271981653,9.71178323665353e-16,1.25335034569036e-18,1.85882549415716e-08,-2.09623541767446,-1.29876455101108,-0.685362849761995,-2.44070766703408,-4.36834222462188,-7.66470984606835,-9.63916408280588,-35.4067423693736,-42.0594322279736,-18.6394567068445,0.838720796411498,2.73926544753294
0.355608965980388,0.789423224824866,1.45782996677829,0.251982456400682,0.0366614175827613,0.00135710979624942,0.00018841713928235,1.21451628869092e-15,1.56738919432664e-18,2.32457189938863e-08,-2.09623541767446,-1.29876455101108,-0.685362849761995,-2.44070766703408,-4.36834222462188,-7.66470984606835,-9.63916408280588,-35.4067423693736,-42.0594322279736,-18.6394567068445,1.06231185568235,5.92107531965009
0.144912172816016,0.391158335218993,0.577438683409943,0.221514838799589,0.027666210130907,0.00153372261497237,0.000116327203586274,9.6866508556036e-16,1.41982371031497e-18,6.63366789347504e-09,-2.24229843757486,-1.24931386434043,-0.85982403091973,-1.81793671220059,-3.89821447406528,-6.79072842983026,-9.36977462983662,-34.8812837634651,-41.4066699704351,-19.1417789717366,0.310671012782961,3.25616833023111
0.351752273155102,0.949477403472067,1.40164463447123,0.537693601380668,0.0671555198850602,0.00372287852512478,0.000282366605207135,2.35128726007329e-15,3.44640624647098e-18,1.61022205073718e-08,-2.24229843757486,-1.24931386434043,-0.85982403091973,-1.81793671220059,-3.89821447406528,-6.79072842983026,-9.36977462983662,-34.8812837634651,-41.4066699704351,-19.1417789717366,1.19747031698312,4.23918839458669
0.178839911875302,0.48273875714134,0.712632218864991,0.27337727038492,0.0341435952935222,0.00189280729128989,0.000143562451889275,1.19545497919103e-15,1.75224166677549e-18,8.18678347322369e-09,-2.24229843757486,-1.24931386434043,-0.85982403091973,-1.81793671220059,-3.89821447406528,-6.79072842983026,-9.36977462983662,-34.8812837634651,-41.4066699704351,-19.1417789717366,0.521034217201183,7.19089508893663
0.200729827927353,0.541825740343744,0.799858047167895,0.3068385119865,0.038322754334998,0.00212448596007572,0.000161134424426781,1.34177807264426e-15,1.96671517320042e-18,9.18884168878655e-09,-2.24229843757486,-1.24931386434043,-0.85982403091973,-1.81793671220059,-3.89821447406528,-6.79072842983026,-9.36977462983662,-34.8812837634651,-41.4066699704351,-19.1417789717366,0.636503022820865,5.50350337681683
0.231420707504423,0.624668976550097,0.922153508972727,0.353753033451606,0.0441821677091912,0.0024493123370876,0.000185771307080776,1.5469311865182e-15,2.26741895582377e-18,1.05937830302666e-08,-2.24229843757486,-1.24931386434043,-0.85982403091973,-1.81793671220059,-3.89821447406528,-6.79072842983026,-9.36977462983662,-34.8812837634651,-41.4066699704351,-19.1417789717366,0.778780457267352,6.77935085994793
0.161478362194795,0.435875096636633,0.643450795423106,0.246838154974157,0.0308289787756336,0.00170905598276616,0.000129625592859345,1.07940174032281e-15,1.58213628911689e-18,7.39202101498095e-09,-2.24229843757486,-1.24931386434043,-0.85982403091973,-1.81793671220059,-3.89821447406528,-6.79072842983026,-9.36977462983662,-34.8812837634651,-41.4066699704351,-19.1417789717366,0.418914312061298,6.94539865195873
0.140795957112327,0.380047522022496,0.561036595646155,0.215222732067985,0.0268803542128746,0.00149015737824883,0.000113022941060475,9.41150251165731e-16,1.37949376053022e-18,6.44523922371208e-09,-2.24229843757486,-1.24931386434043,-0.85982403091973,-1.81793671220059,-3.89821447406528,-6.79072842983026,-9.36977462983662,-34.8812837634651,-41.4066699704351,-19.1417789717366,0.281854888213564,6.76447017418992
0.131413169170459,0.354720762788034,0.523648537689521,0.20088006700373,0.0250890196564392,0.00139085175210102,0.00010549097558159,8.78431026770111e-16,1.287562872118e-18,6.01572182768023e-09,-2.24229843757486,-1.24931386434043,-0.85982403091973,-1.81793671220059,-3.89821447406528,-6.79072842983026,-9.36977462983662,-34.8812837634651,-41.4066699704351,-19.1417789717366,0.212889481618753,3.7344044664059
0.293590250330781,0.792481896615541,1.16988355304175,0.448786293872795,0.0560513958226926,0.00310730284224921,0.000235677460060824,1.96250335240933e-15,2.87654508545797e-18,1.3439728213373e-08,-2.24229843757486,-1.24931386434043,-0.85982403091973,-1.81793671220059,-3.89821447406528,-6.79072842983026,-9.36977462983662,-34.8812837634651,-41.4066699704351,-19.1417789717366,1.01672824746148,2.94761706723944
0.297870284935497,0.804034902675193,1.18693841806151,0.455328816540812,0.0568685275683603,0.00315260190676916,0.000239113227030182,1.99111323387074e-15,2.91848010371529e-18,1.36356560473743e-08,-2.24229843757486,-1.24931386434043,-0.85982403091973,-1.81793671220059,-3.89821447406528,-6.79072842983026,-9.36977462983662,-34.8812837634651,-41.4066699704351,-19.1417789717366,1.03120126488257,2.488907875425
0.506594985070874,1.36744103093534,2.01865402689673,0.774388405569834,0.0967176396287218,0.00536170405933568,0.000406665477571335,3.3863330113831e-15,4.96352761367739e-18,2.31904802899256e-08,-2.24229843757486,-1.24931386434043,-0.85982403091973,-1.81793671220059,-3.89821447406528,-6.79072842983026,-9.36977462983662,-34.8812837634651,-41.4066699704351,-19.1417789717366,1.56225499692235,3.09531817521002
0.308566278421337,0.832906369606727,1.22955927092848,0.471678866552315,0.0589105755039314,0.00326580624826818,0.000247699358806457,2.06261057770167e-15,3.02327754661783e-18,1.4125288265269e-08,-2.24229843757486,-1.24931386434043,-0.85982403091973,-1.81793671220059,-3.89821447406528,-6.79072842983026,-9.36977462983662,-34.8812837634651,-41.4066699704351,-19.1417789717366,1.06647981977512,1.38188762450028
0.387131535346602,1.04497589080531,1.54262212575357,0.591774852174889,0.0739100256180549,0.00409732584359148,0.000310767053255817,2.58777985673943e-15,3.79304596856471e-18,1.77217826955157e-08,-2.24229843757486,-1.24931386434043,-0.85982403091973,-1.81793671220059,-3.89821447406528,-6.79072842983026,-9.36977462983662,-34.8812837634651,-41.4066699704351,-19.1417789717366,1.29330767849136,1.32403108410107
0.824874657164665,2.22656655676898,3.28691873674499,1.26091530587762,0.157482667972633,0.00873031500133022,0.000662162193227059,5.51387274672533e-15,8.08197526488871e-18,3.77604201430461e-08,-2.24229843757486,-1.24931386434043,-0.85982403091973,-1.81793671220059,-3.89821447406528,-6.79072842983026,-9.36977462983662,-34.8812837634651,-41.4066699704351,-19.1417789717366,2.04977460267527,0.532589517534826
0.0302208502087802,0.0815744959643757,0.120422512594873,0.0461960277890788,0.00576967673566185,0.000319851676420214,2.42595699620792e-05,2.02011203643753e-16,2.96098518423159e-19,1.38342473132351e-09,-2.24229843757486,-1.24931386434043,-0.85982403091973,-1.81793671220059,-3.89821447406528,-6.79072842983026,-9.36977462983662,-34.8812837634651,-41.4066699704351,-19.1417789717366,-1.25692475098159,0.608237028740646
0.043615530784834,0.117730471360394,0.17379695703408,0.0666713298352614,0.00832695015343042,0.000461618403953225,3.50120533736833e-05,2.91547915116088e-16,4.27337217729133e-19,1.99659518314977e-09,-2.24229843757486,-1.24931386434043,-0.85982403091973,-1.81793671220059,-3.89821447406528,-6.79072842983026,-9.36977462983662,-34.8812837634651,-41.4066699704351,-19.1417789717366,-0.890043543818911,0.250478233949941
0.140352208525095,0.312622702259198,0.774609040388033,0.196548256965309,0.0488325808880006,0.0013133354317473,0.000129411147486775,8.15892403258973e-16,9.63860955484265e-19,7.87442045143672e-09,-2.35185648412324,-1.55101448330684,-0.643653084593857,-2.01510353896746,-3.40761379141353,-7.02344149022939,-9.34077227577068,-35.130505430039,-41.8715961493819,-19.047902492076,0.388256243664846,0.26983223244938
0.0622011100617779,0.138547724438251,0.343290231641843,0.0871060020531407,0.0216415599749689,0.000582042296281643,5.73522647960795e-05,3.61586138949894e-16,4.27162650351933e-19,3.48977546074705e-09,-2.35185648412324,-1.55101448330684,-0.643653084593857,-2.01510353896746,-3.40761379141353,-7.02344149022939,-9.34077227577068,-35.130505430039,-41.8715961493819,-19.047902492076,-0.425525948620631,0.220921424303567
0.062220055282055,0.138589923317913,0.343394791014674,0.0871325328078928,0.0216481515634544,0.000582219574782022,5.73697331545843e-05,3.61696270891991e-16,4.27292755594382e-19,3.4908383769033e-09,-2.35185648412324,-1.55101448330684,-0.643653084593857,-2.01510353896746,-3.40761379141353,-7.02344149022939,-9.34077227577068,-35.130505430039,-41.8715961493819,-19.047902492076,-0.425221414896466,1.23825927281157
0.117773965289091,0.26233157049234,0.649998879205127,0.164929842121613,0.0409769589443388,0.0011020611871874,0.000108592975859041,6.84641051187119e-16,8.08806130716612e-19,6.6076745828577e-09,-2.35185648412324,-1.55101448330684,-0.643653084593857,-2.01510353896746,-3.40761379141353,-7.02344149022939,-9.34077227577068,-35.130505430039,-41.8715961493819,-19.047902492076,0.212868444200111,1.06227330402191
0.155825734424866,0.347088675620773,0.860008003287131,0.218217275049651,0.0542162667812514,0.00145812780823916,0.000143678445190164,9.05842767175023e-16,1.07012453063703e-18,8.74255818921379e-09,-2.35185648412324,-1.55101448330684,-0.643653084593857,-2.01510353896746,-3.40761379141353,-7.02344149022939,-9.34077227577068,-35.130505430039,-41.8715961493819,-19.047902492076,0.492839500963798,0.415261157450512
0.0934364470902605,0.208121802184772,0.515679214302586,0.130847750852017,0.032509234506322,0.000874324657016563,8.61526723526825e-05,5.4316272019917e-16,6.41669583370823e-19,5.24222509648344e-09,-2.35185648412324,-1.55101448330684,-0.643653084593857,-2.01510353896746,-3.40761379141353,-7.02344149022939,-9.34077227577068,-35.130505430039,-41.8715961493819,-19.047902492076,-0.0186172999365974,0.571816114812437
0.293749802131935,0.913975692182094,1.46597816786094,0.325770588194657,0.257489972760401,0.0027973395693212,0.000324957576759121,2.46413409343695e-15,2.78246649174579e-18,2.36393071114617e-08,-2.40678062935697,-1.27170504510797,-0.799231031204589,-2.30331560477447,-2.53852824261243,-7.06084020953667,-9.21356965944314,-34.818689671922,-41.6049476545366,-18.7421086970835,1.18175374223956,1.45842203133304
0.347983624931541,0.661003040094822,1.19618210182136,0.283125404640864,0.232109274680771,0.00175025336720912,0.000299228851193053,2.21966635059254e-15,3.19424781754352e-18,4.63102667204578e-08,-2.05713315794681,-1.4155301427429,-0.822398399851446,-2.26339865638836,-2.46208030948951,-7.34952802310177,-9.11583519156616,-34.742952805685,-41.2867133414867,-17.8894354598509,1.00153330283761,1.09708160411057
0.389832074046094,0.740495148648537,1.34003474957068,0.317174015668126,0.260022694952788,0.00196073852722099,0.000335214059851139,2.48660303286411e-15,3.57838749445517e-18,5.18795311958011e-08,-2.05713315794681,-1.4155301427429,-0.822398399851446,-2.26339865638836,-2.46208030948951,-7.34952802310177,-9.11583519156616,-34.742952805685,-41.2867133414867,-17.8894354598509,1.11509394599346,1.79658520576167
0.481926780668645,0.915431199349552,1.65660723126736,0.392103837676047,0.321450974976896,0.00242394730723173,0.000414405697874475,3.07404309243008e-15,4.423752892595e-18,6.4135655109884e-08,-2.05713315794681,-1.4155301427429,-0.822398399851446,-2.26339865638836,-2.46208030948951,-7.34952802310177,-9.11583519156616,-34.742952805685,-41.2867133414867,-17.8894354598509,1.32717007414972,1.71909265566075
1.05755359268201,2.00884780128242,3.63530519440956,0.860443616898353,0.705401000928583,0.00531917769682392,0.00090938344203863,6.74576605173972e-15,9.7076069485293e-18,1.40741073543094e-07,-2.05713315794681,-1.4155301427429,-0.822398399851446,-2.26339865638836,-2.46208030948951,-7.34952802310177,-9.11583519156616,-34.742952805685,-41.2867133414867,-17.8894354598509,2.1130914672601,1.43712070822578
0.292011797873981,0.554683244581493,1.00378081355481,0.237585772747905,0.194775390985975,0.0014687318479261,0.000251099041886926,1.86264155919527e-15,2.68046534729739e-18,3.8861438516611e-08,-2.05713315794681,-1.4155301427429,-0.822398399851446,-2.26339865638836,-2.46208030948951,-7.34952802310177,-9.11583519156616,-34.742952805685,-41.2867133414867,-17.8894354598509,0.826172084094765,0.866789680995622
0.134241684594986,0.484671557933776,0.94895012927259,0.0630691575789809,0.0452444665740185,0.00167528191110308,0.000206785748488101,1.39780450093014e-15,2.57422499987989e-18,3.22589378267857e-08,-2.52575131267958,-1.24192164305071,-0.570036858038164,-3.28116124078289,-3.61331272743668,-6.90941164819658,-9.00146515763823,-34.7215114283108,-41.0186209814643,-17.7671085156514,0.517637825465924,0.543412669893101
0.171590618943056,0.619517647300578,1.21296853893964,0.0806163586060858,0.057832453806038,0.00214138150081752,0.00026431800732186,1.78670388560476e-15,3.29042996116107e-18,4.1234070660273e-08,-2.52575131267958,-1.24192164305071,-0.570036858038164,-3.28116124078289,-3.61331272743668,-6.90941164819658,-9.00146515763823,-34.7215114283108,-41.0186209814643,-17.7671085156514,0.763107551092939,1.92074573700829
0.355175221064513,1.28233885213953,2.51072215728273,0.16686770620505,0.119707328359713,0.00443244305907378,0.000547111533603291,3.69829627898885e-15,6.81085712057791e-18,8.53503545378108e-08,-2.52575131267958,-1.24192164305071,-0.570036858038164,-3.28116124078289,-3.61331272743668,-6.90941164819658,-9.00146515763823,-34.7215114283108,-41.0186209814643,-17.7671085156514,1.49060728186551,2.17369821887806
0.165895329717765,1.5231633165201,2.94135309488144,0.168914566073671,0.126823675863909,0.00637270588047388,0.000494645584560789,2.73104233199036e-15,1.28537587760455e-17,1.34417310223549e-07,-3.39234909685667,-1.17516156188779,-0.517081151657244,-3.37431308155761,-3.66090839972485,-6.65168197807572,-9.20761990611149,-35.1300439154793,-40.4888462570561,-17.4182674843305,1.5959508634858,1.15234978186936
0.142795378099916,0.985351477746499,2.74771739159025,0.212434796085122,0.254052612922102,0.00720188084304947,0.00044318422050795,5.2588617730664e-15,1.17244724575188e-17,8.9268458495454e-08,-3.4165177077929,-1.48493198320467,-0.459404584362071,-3.01929529160101,-2.84038900787038,-6.40358817081832,-9.19170013865743,-34.3490368964759,-40.4550284654802,-17.7017927317397,1.47017511194536,1.27129853680581
0.291800323915434,2.01355172837453,5.61492140406032,0.434107483963336,0.519152900665735,0.0147169410576562,0.000905640650413354,1.07464092271497e-14,2.39587926889882e-17,1.82418825111961e-07,-3.4165177077929,-1.48493198320467,-0.459404584362071,-3.01929529160101,-2.84038900787038,-6.40358817081832,-9.19170013865743,-34.3490368964759,-40.4550284654802,-17.7017927317397,2.18483217495858,2.10619256132771
0.0511882767295408,0.427712025491528,0.655282709250928,0.076000253948711,0.103624471898964,0.00272560355221851,0.000141586393324074,1.17410662583813e-15,2.13249607995205e-18,4.40199540586076e-08,-3.24735434081072,-1.12441474502401,-0.697798116820017,-2.8521281948012,-2.54209135934044,-6.18017498586912,-9.13771007119615,-34.6533784524691,-40.9643481092816,-17.213732402027,0.275109597530222,2.69321798230187
0.0752228446266822,0.628536791900738,0.962959344870607,0.111684855588682,0.152279546161773,0.00400536344690315,0.000208065829653584,1.72538803674182e-15,3.13377264362305e-18,6.46887603214307e-08,-3.24735434081072,-1.12441474502401,-0.697798116820017,-2.8521281948012,-2.54209135934044,-6.18017498586912,-9.13771007119615,-34.6533784524691,-40.9643481092816,-17.213732402027,0.660054031580358,5.14005051103171
0.120015060011242,1.0028054798194,1.53636337653254,0.178188749871713,0.242955965861032,0.00639039824713577,0.000331960764792804,2.75278806325277e-15,4.9998097486545e-18,1.03208347019564e-07,-3.24735434081072,-1.12441474502401,-0.697798116820017,-2.8521281948012,-2.54209135934044,-6.18017498586912,-9.13771007119615,-34.6533784524691,-40.9643481092816,-17.213732402027,1.12721629682983,2.08387508208096
0.0418689847860553,0.233451777186399,0.558464058498545,0.121655068506775,0.0703847543056732,0.00116600123309412,9.4562201953473e-05,1.10326265704312e-15,1.04411498599787e-18,2.97355562559379e-08,-3.19993486913133,-1.48150466796343,-0.609289939248099,-2.13329046902931,-2.68050352050434,-6.78090005658832,-9.29297764134366,-34.4672294763782,-41.4300869737287,-17.3576472499281,0.0267249230760451,2.37936222382926
0.110312937349276,0.615079429377937,1.47139490034854,0.320526710140806,0.185443927808154,0.00307208358723637,0.000249144666702722,2.90678517733555e-15,2.75094778687313e-18,7.83447836404107e-08,-3.19993486913133,-1.48150466796343,-0.609289939248099,-2.13329046902931,-2.68050352050434,-6.78090005658832,-9.29297764134366,-34.4672294763782,-41.4300869737287,-17.3576472499281,0.995500801908277,1.12636233437424
0.0590933905338885,0.329491080583852,0.788209575097848,0.171702526594152,0.0993402107806113,0.00164568036656037,0.000133463974785511,1.55713188144505e-15,1.47365155723593e-18,4.19684128371746e-08,-3.19993486913133,-1.48150466796343,-0.609289939248099,-2.13329046902931,-2.68050352050434,-6.78090005658832,-9.29297764134366,-34.4672294763782,-41.4300869737287,-17.3576472499281,0.371298673009216,2.26651383936033
0.0455654853109119,0.25406260931686,0.607769354433042,0.132395668664258,0.0765988357447693,0.00126894435894586,0.000102910845488509,1.20066676205435e-15,1.13629710155366e-18,3.23608288740498e-08,-3.19993486913133,-1.48150466796343,-0.609289939248099,-2.13329046902931,-2.68050352050434,-6.78090005658832,-9.29297764134366,-34.4672294763782,-41.4300869737287,-17.3576472499281,0.111330118998793,2.42709158055068
0.0390964974995402,0.21799302919977,0.521483594079009,0.113599293271272,0.0657240051264393,0.00108879077262241,8.83004665892042e-05,1.03020662986766e-15,9.74975608983337e-19,2.77665223254926e-08,-3.19993486913133,-1.48150466796343,-0.609289939248099,-2.13329046902931,-2.68050352050434,-6.78090005658832,-9.29297764134366,-34.4672294763782,-41.4300869737287,-17.3576472499281,-0.0417875248887131,2.16720304969342
0.497397310169892,3.42957771509133,5.29827358000554,0.896317155408213,0.260947074054307,0.00709918773807741,0.00118129207189563,7.71711834555621e-15,1.62096652447343e-17,3.13769373760621e-07,-3.03928634146248,-1.10848304758951,-0.673539158182544,-2.45038114660396,-3.68435785967784,-7.28869509062144,-9.08206664942534,-34.8362555579124,-41.0018441755705,-17.3155277854233,2.34092018605435,3.47345807353862
0.389293483082707,2.20048645138043,5.70104491015578,0.97859499665418,0.150155214140728,0.00698675410781578,0.000645382644608459,1.81611863419218e-14,1.97910436797022e-17,3.75349258877908e-07,-3.18702169517434,-1.4549214803919,-0.502950454966759,-2.26523734347689,-4.1396856895216,-7.20733912342192,-9.58926710019307,-33.8830896272508,-40.7049021085155,-17.0390088179899,2.24359993057784,2.29355602544394
0.216376492687974,1.96323810304544,5.16947384904366,0.665353898710624,0.367780492539657,0.00895866603259427,0.000281927230591013,1.78248723809027e-14,9.4958121189742e-18,4.10298481456632e-07,-3.65795034647936,-1.45261977615762,-0.484444066254991,-2.53465118095634,-3.12748398603224,-6.8423489229554,-10.3010765474613,-33.7853965677781,-41.3228957816474,-16.8335959181469,2.12721497958551,1.13159677303016
0.163235350775685,4.19387522054205,6.82817885000525,1.65211083177467,0.323311565553156,0.0140578057682652,0.000381464256296384,2.64768779406861e-14,1.65757579363439e-17,6.92018044230376e-07,-4.3908948644809,-1.14470743457763,-0.657274616512861,-2.07627885241694,-3.7074714361679,-6.84291008149692,-10.4498260188855,-33.8408371880523,-41.2169230259008,-16.7619864209086,2.57833261471731,1.11362316805384
0.00246079060394258,0.0632231234703529,0.102935536183105,0.0249057498402389,0.0048739568903336,0.000211922945502989,5.75061500571672e-06,3.9914180444718e-16,2.49881347325519e-19,1.04322470157885e-08,-4.3908948644809,-1.14470743457763,-0.657274616512861,-2.07627885241694,-3.7074714361679,-6.84291008149692,-10.4498260188855,-33.8408371880523,-41.2169230259008,-16.7619864209086,-1.61637773247316,0.913046034291833
0.000465175241700622,0.0119513751776646,0.0194584061101512,0.00470805528235782,0.000921347826534632,4.00608272960395e-05,1.08706678289719e-06,7.54517207027142e-17,4.72362890009382e-20,1.97205849992885e-09,-4.3908948644809,-1.14470743457763,-0.657274616512861,-2.07627885241694,-3.7074714361679,-6.84291008149692,-10.4498260188855,-33.8408371880523,-41.2169230259008,-16.7619864209086,-3.28220149501907,0.163826203556084
0.000878774833916032,0.0225776584721585,0.0367593888600026,0.00889411156899918,0.00174054251099406,7.56799668118901e-05,2.05360656793278e-06,1.42537838185032e-16,8.92353210154813e-20,3.72546779233576e-09,-4.3908948644809,-1.14470743457763,-0.657274616512861,-2.07627885241694,-3.7074714361679,-6.84291008149692,-10.4498260188855,-33.8408371880523,-41.2169230259008,-16.7619864209086,-2.64608699025594,0.923273442804897
0.00272818346596234,0.070093034263852,0.114120651885124,0.0276120425739075,0.00540356769109787,0.000234950781693078,6.37548467251762e-06,4.42513097100795e-16,2.77033795209411e-19,1.15658291996523e-08,-4.3908948644809,-1.14470743457763,-0.657274616512861,-2.07627885241694,-3.7074714361679,-6.84291008149692,-10.4498260188855,-33.8408371880523,-41.2169230259008,-16.7619864209086,-1.51322442386265,0.183041482213729
0.00201088583975974,0.0516640804496834,0.0841158982755579,0.0203522476077788,0.00398285448533025,0.000173177209612785,4.69923376104352e-06,3.26166964931125e-16,2.04195701231918e-19,8.52492600033289e-09,-4.3908948644809,-1.14470743457763,-0.657274616512861,-2.07627885241694,-3.7074714361679,-6.84291008149692,-10.4498260188855,-33.8408371880523,-41.2169230259008,-16.7619864209086,-1.81828507321878,0.398202391840297
0.000690795076743004,0.0177480450224663,0.0288961448012948,0.00699156171381063,0.00136822101754849,5.94911761967035e-05,1.61431717425651e-06,1.12047401754816e-16,7.01468886567663e-20,2.92854859992051e-09,-4.3908948644809,-1.14470743457763,-0.657274616512861,-2.07627885241694,-3.7074714361679,-6.84291008149692,-10.4498260188855,-33.8408371880523,-41.2169230259008,-16.7619864209086,-2.88677247412825,0.58033043884164
0.00425180320990372,0.0913392223169469,0.118033222570031,0.0330497395340807,0.00722425177611484,0.000592880969957794,2.02736806329593e-05,6.71111322019389e-16,4.08173486599058e-19,2.3576334740431e-08,-4.09200252034998,-1.02476540442212,-0.7683795659439,-2.04133201268539,-3.56190202974982,-6.0621073233163,-9.43777745267445,-33.569187065037,-40.9741850755994,-16.1946128122603,-1.3684095809959,0.525914356579305
0.00132251502289953,0.0284108853892271,0.0367140016467613,0.0102800564557945,0.00224708930104431,0.000184414459195581,6.3060884718517e-06,2.08747856283948e-16,1.26961559913955e-19,7.33337253391702e-09,-4.09200252034998,-1.02476540442212,-0.7683795659439,-2.04133201268539,-3.56190202974982,-6.0621073233163,-9.43777745267445,-33.569187065037,-40.9741850755994,-16.1946128122603,-2.53621751447601,0.475149383286117
0.00298939161846359,0.0642195069130321,0.0829877369275256,0.0232368737399356,0.0050792843984135,0.000416847467966075,1.42541806305632e-05,4.71850286115712e-16,2.86981861454945e-19,1.65762369488244e-08,-4.09200252034998,-1.02476540442212,-0.7683795659439,-2.04133201268539,-3.56190202974982,-6.0621073233163,-9.43777745267445,-33.569187065037,-40.9741850755994,-16.1946128122603,-1.72068286401857,1.19617675984689
0.00323217371530606,0.069435065306331,0.0897275486868932,0.02512404599793,0.00549179619816889,0.000450701547743114,1.54118275045576e-05,5.10171395050168e-16,3.10288964361588e-19,1.792246858316e-08,-4.09200252034998,-1.02476540442212,-0.7683795659439,-2.04133201268539,-3.56190202974982,-6.0621073233163,-9.43777745267445,-33.569187065037,-40.9741850755994,-16.1946128122603,-1.64259787087004,0.659040363461084
0.00414743370946127,0.0890971079637201,0.115135847534763,0.032238463791852,0.00704691724022021,0.000578327452873045,1.97760202720886e-05,6.54637475521207e-16,3.98154005266769e-19,2.29976037508614e-08,-4.09200252034998,-1.02476540442212,-0.7683795659439,-2.04133201268539,-3.56190202974982,-6.0621073233163,-9.43777745267445,-33.569187065037,-40.9741850755994,-16.1946128122603,-1.39326299892968,1.64287858101321
0.00722663752087152,0.155246002351511,0.200616837803573,0.0561734577027678,0.0122788018090509,0.00100769853433662,3.44584483136574e-05,1.14066385976901e-15,6.93757845238681e-19,4.00718511249451e-08,-4.09200252034998,-1.02476540442212,-0.7683795659439,-2.04133201268539,-3.56190202974982,-6.0621073233163,-9.43777745267445,-33.569187065037,-40.9741850755994,-16.1946128122603,-0.837978903826684,1.53879002200872
0.010929949528142,0.234802280486209,0.303423536237372,0.0849597140771535,0.0185711105132059,0.00152409666156241,5.21167831925442e-05,1.72520046561673e-15,1.04927612756436e-18,6.06067910601459e-08,-4.09200252034998,-1.02476540442212,-0.7683795659439,-2.04133201268539,-3.56190202974982,-6.0621073233163,-9.43777745267445,-33.569187065037,-40.9741850755994,-16.1946128122603,-0.424246074190686,0.439353736223588
0.179386459433576,3.85366370218825,4.97990166691009,1.39439091310976,0.304796079262406,0.0250140499961384,0.000855360328051492,2.83146415766433e-14,1.72211160726137e-17,9.94701543489948e-07,-4.09200252034998,-1.02476540442212,-0.7683795659439,-2.04133201268539,-3.56190202974982,-6.0621073233163,-9.43777745267445,-33.569187065037,-40.9741850755994,-16.1946128122603,2.37378971118513,0.951243579685726
0.0975178461298497,2.09492391528767,2.70716801050048,0.758017070735755,0.165692869196177,0.0135981070494957,0.000464989928001726,1.53923705792039e-14,9.3617219084212e-18,5.40738427914034e-07,-4.09200252034998,-1.02476540442212,-0.7683795659439,-2.04133201268539,-3.56190202974982,-6.0621073233163,-9.43777745267445,-33.569187065037,-40.9741850755994,-16.1946128122603,1.76428263985161,1.68696909099093
0.0915789099558884,1.96734091467841,2.54229872077946,0.7118530589109,0.155602004665326,0.0127699684773403,0.000436671567685809,1.44549595302137e-14,8.79158350710274e-18,5.07806906785958e-07,-4.09200252034998,-1.02476540442212,-0.7683795659439,-2.04133201268539,-3.56190202974982,-6.0621073233163,-9.43777745267445,-33.569187065037,-40.9741850755994,-16.1946128122603,1.70144824588224,1.20361356764286
0.0462023014347407,0.992539417739878,1.28261028539416,0.359135630909843,0.0785024710040795,0.00644255247399651,0.000220304340900307,7.29264410073893e-15,4.43542505015086e-18,2.56192695340763e-07,-4.09200252034998,-1.02476540442212,-0.7683795659439,-2.04133201268539,-3.56190202974982,-6.0621073233163,-9.43777745267445,-33.569187065037,-40.9741850755994,-16.1946128122603,1.01727685281961,1.93967345459312
0.0736617575248458,1.33964884948315,1.58787260414318,0.180893746100831,0.101567825157717,0.0160941269658908,0.000725894130238897,1.00891890013798e-14,1.01567147134301e-17,2.27312438261003e-07,-3.80233488526141,-0.901655849977635,-0.731668241458532,-2.90390883518176,-3.48109185248463,-5.32336423524329,-8.42216975686452,-33.4213753172234,-40.3224600159845,-16.4910037627775,1.19406337697415,1.46905567367973
0.0336005650410938,0.611076355110079,0.724302792999313,0.0825140790231345,0.0463298247281597,0.00734128234334671,0.000331114186731337,4.60214991664305e-15,4.63295154500396e-18,1.0368781065076e-07,-3.80233488526141,-0.901655849977635,-0.731668241458532,-2.90390883518176,-3.48109185248463,-5.32336423524329,-8.42216975686452,-33.4213753172234,-40.3224600159845,-16.4910037627775,0.409122489806251,3.96437404068763
0.0323515957867035,0.588361987697389,0.697379676729725,0.0794469416810038,0.044607695157541,0.00706839895809932,0.000318806315169829,4.4310830389595e-15,4.46073973756222e-18,9.9833622859589e-08,-3.80233488526141,-0.901655849977635,-0.731668241458532,-2.90390883518176,-3.48109185248463,-5.32336423524329,-8.42216975686452,-33.4213753172234,-40.3224600159845,-16.4910037627775,0.371242954810281,2.03369704057179
0.0782424138171444,1.46395433658142,1.7647339113467,0.213311297597654,0.189633176545787,0.047113201280775,0.00092252890979677,1.19110218964273e-14,9.90429494871939e-18,2.42484163264755e-07,-3.87180664907549,-0.942722022597145,-0.755863326213868,-2.8688659359327,-2.9865269694773,-4.37906528205181,-8.31225509079768,-33.3851754604671,-40.4774264244168,-16.5561926816163,1.32386324679014,5.03948669174821
0.0296712316910455,0.555163448910624,0.669225630985575,0.0808923015607513,0.0719130410617019,0.0178663546113966,0.000349843105406211,4.51691957244515e-15,3.7559248983128e-18,9.19552891920283e-08,-3.87180664907549,-0.942722022597145,-0.755863326213868,-2.8688659359327,-2.9865269694773,-4.37906528205181,-8.31225509079768,-33.3851754604671,-40.4774264244168,-16.5561926816163,0.354229316545747,10.3820796307028
0.0444809768915965,0.832261120777975,1.00325494192804,0.121267921530798,0.107806859889654,0.026783954063034,0.000524459626391387,6.77144101111807e-15,5.63061251882044e-18,1.37852757047665e-07,-3.87180664907549,-0.942722022597145,-0.755863326213868,-2.8688659359327,-2.9865269694773,-4.37906528205181,-8.31225509079768,-33.3851754604671,-40.4774264244168,-16.5561926816163,0.759112982285433,10.1990529228216
0.0715132150151803,1.33804769225324,1.61295887345264,0.194965568494841,0.173323872139525,0.0430612544894068,0.000843187282516588,1.088662054727e-14,9.05248112483893e-18,2.21629436763732e-07,-3.87180664907549,-0.942722022597145,-0.755863326213868,-2.8688659359327,-2.9865269694773,-4.37906528205181,-8.31225509079768,-33.3851754604671,-40.4774264244168,-16.5561926816163,1.23393362810234,11.5702313123372
0.0298357775770214,0.675096713604365,0.714077935417599,0.112442794813876,0.0434034518910497,0.0190612862093111,0.000176396501617442,2.89467098811549e-15,5.2923257214653e-18,6.09426597094052e-08,-3.97835282710447,-0.859205130294227,-0.803068980688376,-2.65161648854112,-3.6035221157135,-4.42640171224242,-9.10908205802389,-33.9422107499985,-40.2465796910836,-17.0796382309535,0.466305811334978,3.51461052893228
0.0133082468218451,0.513713146991565,0.853091210938923,0.0784302379348897,0.0354938256176151,0.0317958345299123,0.000329799739789531,3.85030083449033e-15,3.30153787859584e-18,9.86856435135939e-08,-4.74212772416437,-1.08884659913832,-0.581645157662514,-2.96830208808315,-3.76115287393597,-3.87117633744521,-8.43978128687775,-33.6133814608789,-40.6748996402028,-16.5540827069199,0.422756350043916,2.69085376258309
0.00553435337072319,0.213632203001433,0.354765603764147,0.0326159153412365,0.0147604245755547,0.0132225819344385,0.000137150169064476,1.60118201044196e-15,1.37297403118376e-18,4.10393067646551e-08,-4.74212772416437,-1.08884659913832,-0.581645157662514,-2.96830208808315,-3.76115287393597,-3.87117633744521,-8.43978128687775,-33.6133814608789,-40.6748996402028,-16.5540827069199,-0.454652821006069,3.58321826021572
0.0084942174474704,0.32788625238059,0.544500139293059,0.0500594484302953,0.0226545447251345,0.020294238304743,0.000210500356763224,2.45752073613879e-15,2.10726334033869e-18,6.29878094515078e-08,-4.74212772416437,-1.08884659913832,-0.581645157662514,-2.96830208808315,-3.76115287393597,-3.87117633744521,-8.43978128687775,-33.6133814608789,-40.6748996402028,-16.5540827069199,-0.0262419231283517,2.35094307206678
0.0153296051406433,0.591739829021758,0.982665229140518,0.0903428223659798,0.0408848993359333,0.0366252290768088,0.000379892246825604,4.43511397523381e-15,3.80300070424561e-18,1.13674773872577e-07,-4.74212772416437,-1.08884659913832,-0.581645157662514,-2.96830208808315,-3.76115287393597,-3.87117633744521,-8.43978128687775,-33.6133814608789,-40.6748996402028,-16.5540827069199,0.56415838043764,2.8445635973187
0.00877019656566942,0.338539353665221,0.56219107659607,0.0516858916572034,0.0233905961995766,0.0209536028696956,0.000217339562752399,2.53736616156022e-15,2.17572882077598e-18,6.50342981618825e-08,-4.74212772416437,-1.08884659913832,-0.581645157662514,-2.96830208808315,-3.76115287393597,-3.87117633744521,-8.43978128687775,-33.6133814608789,-40.6748996402028,-16.5540827069199,0.00573166473240971,3.03707929160782
0.00811779774431237,0.31335603266889,0.520370714532072,0.0478410730667122,0.0216506126909769,0.019394902820841,0.000201172071691941,2.34861615114049e-15,2.01388034820887e-18,6.01965161177858e-08,-4.74212772416437,-1.08884659913832,-0.581645157662514,-2.96830208808315,-3.76115287393597,-3.87117633744521,-8.43978128687775,-33.6133814608789,-40.6748996402028,-16.5540827069199,-0.0715686511839204,1.0549281218105
0.0600313129615515,2.3172755294028,3.84815416742649,0.353785905998515,0.160106810639869,0.143425780953035,0.0014876723928388,1.7368073908278e-14,1.48926944546198e-17,4.45154709698668e-07,-4.74212772416437,-1.08884659913832,-0.581645157662514,-2.96830208808315,-3.76115287393597,-3.87117633744521,-8.43978128687775,-33.6133814608789,-40.6748996402028,-16.5540827069199,1.92923875396344,0.869610725743061
0.083804340580953,1.40692337398857,2.57464470551068,0.351964945382488,0.233038120577169,0.127841486676928,0.000809455987515044,5.14849506742444e-14,1.24530346718531e-17,3.17351052739587e-07,-4.04350739208704,-1.22283160007355,-0.61852537000693,-2.608460611485,-3.02079014733164,-3.62120108399206,-8.68338507244784,-32.1617237660234,-40.4888042481011,-16.5274941700773,1.56423691616027,1.04856428724018
0.0535299623388559,0.898671294364687,1.64455245595292,0.224817356002252,0.148852932097993,0.0816586577702237,0.000517039430490904,3.28859752550398e-14,7.95436695006068e-18,2.02707756944123e-07,-4.04350739208704,-1.22283160007355,-0.618525370006929,-2.608460611485,-3.02079014733164,-3.62120108399206,-8.68338507244784,-32.1617237660234,-40.4888042481011,-16.5274941700773,1.11599365395784,0.856584665760128
0.0859785140816501,5.09271165746897,4.85102377421327,1.44363120355124,0.623265988713564,0.149314491347755,0.0022509009552755,1.80686114816628e-13,8.47582499841697e-18,6.77156890369289e-07,-4.95903497673313,-0.877566695689262,-0.926187356390117,-2.13821551788238,-2.9781590296656,-4.40707764373678,-8.60180184487778,-31.8473921678765,-41.8146908069484,-16.7107399738836,2.50537712653034,0.660401954007721
0.0739349872050918,4.37934494746695,4.17151173765867,1.24141311004829,0.535961378178099,0.128399113723311,0.0019356037389781,1.55376325466833e-13,7.28856528289664e-18,5.82303457556246e-07,-4.95903497673313,-0.877566695689262,-0.926187356390117,-2.13821551788238,-2.9781590296656,-4.40707764373678,-8.60180184487778,-31.8473921678765,-41.8146908069484,-16.7107399738836,2.35446585352025,0.866870919100546
0.00869721287085417,0.5151565812457,0.49070848521342,0.14603145935238,0.0630468790593133,0.0151040051090147,0.000227691359502317,1.82774222159209e-14,8.5737762573257e-19,6.84982484916463e-08,-4.95903497673313,-0.877566695689262,-0.926187356390117,-2.13821551788238,-2.9781590296656,-4.40707764373678,-8.60180184487778,-31.8473921678765,-41.8146908069484,-16.7107399738836,0.214282312413472,2.54907714929596
0.00845785320439682,0.500978739528901,0.477203489866913,0.142012465920587,0.0613117392890329,0.0146883214091045,0.000221424969490371,1.77744015643322e-14,8.3378137420111e-19,6.66130792822302e-08,-4.95903497673313,-0.877566695689262,-0.926187356390117,-2.13821551788238,-2.9781590296656,-4.40707764373678,-8.60180184487778,-31.8473921678765,-41.8146908069484,-16.7107399738836,0.186375080821497,1.20022554954993
0.0524626079549003,3.10748491023488,2.96001112795188,0.880878887851509,0.380306167962509,0.0911091300568831,0.00137346098177256,1.10251554190816e-13,5.17180238267452e-18,4.13189467657774e-07,-4.95903497673313,-0.877566695689262,-0.926187356390117,-2.13821551788238,-2.9781590296656,-4.40707764373678,-8.60180184487778,-31.8473921678765,-41.8146908069484,-16.7107399738836,2.01138038416222,1.26279701752721
0.10757846328755,6.37212796625931,6.06972205294965,1.80630740238791,0.779845965022449,0.186826019236611,0.00281638346937537,2.26078977718913e-13,1.06051638384676e-17,8.47275606569845e-07,-4.95903497673313,-0.877566695689262,-0.926187356390117,-2.13821551788238,-2.9781590296656,-4.40707764373678,-8.60180184487778,-31.8473921678765,-41.8146908069484,-16.7107399738836,2.72950017012476,1.26858674775803
0.0433658775035653,4.40590044634765,6.58321172930899,1.19361816714283,0.276106416035257,0.0481804795608414,0.00257574766126848,1.76864410020742e-13,7.97381152972328e-18,8.05673109780708e-07,-5.66803884774755,-1.04701181488585,-0.64543373698099,-2.35296729717902,-3.81692539022311,-5.56275779631185,-8.49157190111234,-31.8933494689719,-41.9003255288053,-16.5615442156897,2.52995646799204,0.529115131836735
0.227469991246519,23.1105697303447,34.5313689159589,6.2609666784523,1.44827979172067,0.252724351376417,0.0135107446612562,9.2771893745102e-13,4.18255767733149e-17,4.22605204320623e-06,-5.66803884774755,-1.04701181488585,-0.64543373698099,-2.35296729717902,-3.81692539022311,-5.56275779631185,-8.49157190111234,-31.8933494689719,-41.9003255288053,-16.5615442156897,4.18730189184726,0.654558090670037
0.0275783099120257,2.8019100487686,4.18656011912683,0.759075421162244,0.175588475282046,0.0306401316779457,0.0016380336648739,1.12476024762985e-13,5.0709050111741e-18,5.12363729005394e-07,-5.66803884774755,-1.04701181488585,-0.64543373698099,-2.35296729717902,-3.81692539022311,-5.56275779631185,-8.49157190111234,-31.8933494689719,-41.9003255288053,-16.5615442156897,2.07731315977595,1.40526306576495
0.0125126801794174,1.03930849216866,0.767153867720911,0.118023402270737,0.0273692158467054,0.00471180632496205,0.000364467485632695,2.82899709344371e-14,1.92636463843447e-18,2.99336381246283e-07,-5.05876412136431,-0.639195806247887,-0.942819274801988,-2.81462373672513,-4.27608779331535,-6.03543532286315,-8.59482460002141,-31.8740204238857,-41.4686484410966,-15.6994492619002,0.677751386873272,1.78778278887179
0.155504749891614,12.9162901007226,9.5340141854308,1.46676806154274,0.340138403918646,0.058557259803236,0.00452951920645801,3.51581339211172e-13,2.39404225956767e-17,3.72008462069805e-06,-5.05876412136431,-0.639195806247887,-0.942819274801988,-2.81462373672513,-4.27608779331535,-6.03543532286315,-8.59482460002141,-31.8740204238857,-41.4686484410966,-15.6994492619002,3.19768511946172,1.03557668310815
0.00977613913047923,0.812010238673139,0.599376219785559,0.0922115154153145,0.0213835292018122,0.00368132754359632,0.000284757925319807,2.21029138351355e-14,1.50506593722015e-18,2.33871086603133e-07,-5.05876412136431,-0.639195806247887,-0.942819274801988,-2.81462373672513,-4.27608779331535,-6.03543532286315,-8.59482460002141,-31.8740204238857,-41.4686484410966,-15.6994492619002,0.430953476551306,1.55900532384219
0.00792505791326735,0.658258652189948,0.485886216453934,0.0747515547991888,0.0173346251574979,0.00298427974390713,0.000230839907176188,1.79177965715817e-14,1.22008643254353e-18,1.89588331429336e-07,-5.05876412136431,-0.639195806247887,-0.942819274801988,-2.81462373672513,-4.27608779331535,-6.03543532286315,-8.59482460002141,-31.8740204238857,-41.4686484410966,-15.6994492619002,0.22103846978662,2.40842372909858
0.0287545171508474,1.73884008607976,2.09347508333946,0.429716166694164,0.0905500235015941,0.0103443447796371,0.00136512316171189,9.17628863690406e-14,3.26180278087151e-18,4.86599649071807e-07,-5.0289832035332,-0.926804524000117,-0.74119739325246,-2.32465316343998,-3.881875632853,-6.05133810444628,-8.07653342379817,-31.4995912646926,-41.7442744288382,-16.0158469255244,1.48002279774298,1.59798839996264
0.0489493863132945,2.96006205439107,3.56376426194378,0.731514375227853,0.154145105543072,0.0176093838098563,0.00232387630288871,1.56209786119422e-13,5.55263173299199e-18,8.2834825837538e-07,-5.0289832035332,-0.926804524000117,-0.74119739325246,-2.32465316343998,-3.881875632853,-6.05133810444628,-8.07653342379817,-31.4995912646926,-41.7442744288382,-16.0158469255244,2.01201475643765,3.47466086282895
0.0363912207354311,2.20064600856217,2.64946594172547,0.543841365643999,0.114598547266786,0.0130916242573068,0.00172767631771702,1.16133525583393e-13,4.12808131576085e-18,6.15832119393929e-07,-5.0289832035332,-0.926804524000117,-0.74119739325246,-2.32465316343998,-3.881875632853,-6.05133810444628,-8.07653342379817,-31.4995912646926,-41.7442744288382,-16.0158469255244,1.71555548151606,1.23245955060566
0.00772823172604934,0.467340802464909,0.562654572562732,0.115493023069048,0.0243367524047925,0.00278020643128165,0.00036689846235153,2.4662728502474e-14,8.76661138248473e-19,1.30781359537814e-07,-5.0289832035332,-0.926804524000117,-0.74119739325246,-2.32465316343998,-3.881875632853,-6.05133810444628,-8.07653342379817,-31.4995912646926,-41.7442744288382,-16.0158469255244,0.166108006266564,3.31744035737979
0.0183298785495268,1.10844245541266,1.33450837733653,0.273927226979714,0.0577220937056182,0.0065941146738954,0.000870212552276768,5.84952462833819e-14,2.07927152844302e-18,3.10188219226131e-07,-5.0289832035332,-0.926804524000117,-0.74119739325246,-2.32465316343998,-3.881875632853,-6.05133810444628,-8.07653342379817,-31.4995912646926,-41.7442744288382,-16.0158469255244,1.02976036060477,1.26998393836808
0.0107131363591292,0.64784363622477,0.779970809963473,0.160100337118031,0.0337364297931306,0.0038540162433864,0.000508607065168336,3.41883088914899e-14,1.21525733799475e-18,1.81293546522205e-07,-5.0289832035332,-0.926804524000117,-0.74119739325246,-2.32465316343998,-3.881875632853,-6.05133810444628,-8.07653342379817,-31.4995912646926,-41.7442744288382,-16.0158469255244,0.492698610129945,6.27101047744941
0.0360506966934003,2.18005387510881,2.62467405968726,0.538752471775914,0.113526212793319,0.012969121831756,0.00171150990968947,1.15046827837405e-13,4.08945356689543e-18,6.10069585511567e-07,-5.0289832035332,-0.926804524000117,-0.74119739325246,-2.32465316343998,-3.881875632853,-6.05133810444628,-8.07653342379817,-31.4995912646926,-41.7442744288382,-16.0158469255244,1.70615411384841,2.01185672486217
0.0385647625700424,2.33208419794182,2.80771084110889,0.576323429606984,0.121443185386538,0.0138735489202122,0.0018308654022637,1.23069843496209e-13,4.37463961348092e-18,6.52613981819797e-07,-5.0289832035332,-0.926804524000117,-0.74119739325246,-2.32465316343998,-3.881875632853,-6.05133810444628,-8.07653342379817,-31.4995912646926,-41.7442744288382,-16.0158469255244,1.77356689730048,3.54398069403987
0.053062841180673,3.20881045722999,3.86324469578735,0.792987083957626,0.167098668037613,0.0190891859279171,0.00251916292462735,1.69336853758891e-13,6.01924636800802e-18,8.9795838900072e-07,-5.0289832035332,-0.926804524000117,-0.74119739325246,-2.32465316343998,-3.881875632853,-6.05133810444628,-8.07653342379817,-31.4995912646926,-41.7442744288382,-16.0158469255244,2.09270481839085,5.21823610133645
0.0224024108753744,1.35471619469646,1.63100944203986,0.334788376920801,0.0705467882008145,0.00805919503966127,0.00106355637285527,7.14917198144974e-14,2.54124406639076e-18,3.79105836245918e-07,-5.0289832035332,-0.926804524000117,-0.74119739325246,-2.32465316343998,-3.881875632853,-6.05133810444628,-8.07653342379817,-31.4995912646926,-41.7442744288382,-16.0158469255244,1.23039650598547,3.47257531879341
0.0213553802572498,1.29140027112881,1.55478028823288,0.319141235942165,0.0672496141748797,0.00768252915263218,0.00101384850468537,6.81503821341656e-14,2.42247290553487e-18,3.61387412087583e-07,-5.0289832035332,-0.926804524000117,-0.74119739325246,-2.32465316343998,-3.881875632853,-6.05133810444628,-8.07653342379817,-31.4995912646926,-41.7442744288382,-16.0158469255244,1.18253163515984,3.43386145362868
0.0340979554739861,2.0619679169185,2.48250456799983,0.50957011872334,0.107376891544665,0.0122666294778395,0.00161880335323897,1.08815140145165e-13,3.86794204902179e-18,5.77024231729058e-07,-5.0289832035332,-0.926804524000117,-0.74119739325246,-2.32465316343998,-3.881875632853,-6.05133810444628,-8.07653342379817,-31.4995912646926,-41.7442744288382,-16.0158469255244,1.65046535026846,0.800268284558856
0.0476981606926526,3.04380088971499,3.06814892058343,0.498105620145524,0.262058340896096,0.0369008059580307,0.00425229898441814,1.07047412100591e-13,9.61495629580145e-18,5.18613530278802e-07,-4.98318063570933,-0.827211166853032,-0.819243771693107,-2.63726132977505,-3.27950631880912,-5.23984008046871,-7.40061369876519,-31.805822748822,-41.1235300342565,-16.4124250681485,1.94031819397558,1.1374997584739
0.00844499119885505,0.986122204147166,1.0702790990319,0.103250368196706,0.124863833651812,0.00929619483982946,0.00170332789410015,5.57368018768972e-14,4.10423870299248e-18,1.45801342140581e-07,-5.60881122397945,-0.848604445846262,-0.766709998406602,-3.10522793416181,-2.9151609193016,-5.51277957264233,-7.20980080981157,-31.3527652033156,-40.8691408573028,-16.5756502651447,0.834629453084249,0.451163157881632
0.00975009362931713,0.665540420165118,0.874172551849349,0.0985659853936134,0.0406882160477329,0.00431779732042592,0.000574171202949401,4.38577149683922e-14,8.58622575293868e-19,9.9980799624209e-08,-5.15734034411017,-0.934017859553311,-0.661339448166211,-2.84389100571393,-3.72867871355137,-5.97187183938849,-7.98944489623678,-31.2846877046805,-42.1258194573842,-16.6451496262499,0.526861953098567,0.486536223922561
0.00445448661917332,0.304062813020611,0.399379747836765,0.0450314509515366,0.0185890639447483,0.00197265494254405,0.000262319321012704,2.00371003501741e-14,3.92275491700538e-19,4.56778315196016e-08,-5.15734034411017,-0.934017859553311,-0.661339448166211,-2.84389100571393,-3.72867871355137,-5.97187183938849,-7.98944489623678,-31.2846877046805,-42.1258194573842,-16.6451496262499,-0.256503117587618,0.499047984908407
0.00258148318983849,0.17621178545899,0.231450264316627,0.0260968195852392,0.0107728140615913,0.00114320145257824,0.000152020417942083,1.16119863295674e-14,2.27333175331998e-19,2.64714128242257e-08,-5.15734034411017,-0.934017859553311,-0.661339448166211,-2.84389100571393,-3.72867871355137,-5.97187183938849,-7.98944489623678,-31.2846877046805,-42.1258194573842,-16.6451496262499,-0.802050821336157,0.194361346817074
0.00201123675864515,0.13728682085425,0.18032318832216,0.0203320645434254,0.00839311281204868,0.000890669671223285,0.000118439296383272,9.04691296803372e-15,1.77115559182023e-19,2.06239106010541e-08,-5.15734034411017,-0.934017859553311,-0.661339448166211,-2.84389100571393,-3.72867871355137,-5.97187183938849,-7.98944489623678,-31.2846877046805,-42.1258194573842,-16.6451496262499,-1.05166509921361,0.179763119618101
0.000802547036279883,0.0509543679416098,0.0832819659944197,0.0173907317875866,0.00702504766450082,0.00201376030933091,9.07412928302967e-05,1.07909029384853e-14,6.9541069907769e-20,1.43243192057569e-08,-5.30483630609057,-1.15394100662472,-0.662639461512131,-2.22893408415863,-3.13538949240263,-4.3848677176167,-7.4846142497957,-30.337189149842,-42.2894856545118,-16.2384233139781,-1.82288378640039,0.13065433286082
0.000115887281093781,0.0073577782904502,0.0120258628677711,0.00251121059824306,0.00101441241022701,0.000290785706598192,1.31029849138592e-05,1.55819951424236e-15,1.00416862210596e-20,2.06842257367165e-09,-5.30483630609057,-1.15394100662472,-0.662639461512131,-2.22893408415863,-3.13538949240263,-4.3848677176167,-7.4846142497957,-30.337189149842,-42.2894856545118,-16.2384233139781,-3.75805624789693,0.133533141109498
0.000681830889983944,0.0432900010487123,0.0707550017962867,0.0147748824631719,0.00596836607044148,0.00171085795829491,7.70923243771072e-05,9.16777537224863e-15,5.90809602954087e-20,1.21697082799633e-08,-5.30483630609057,-1.15394100662472,-0.662639461512131,-2.22893408415863,-3.13538949240263,-4.3848677176167,-7.4846142497957,-30.337189149842,-42.2894856545118,-16.2384233139781,-1.98589258667825,0.300289123963558
0.000466190690685099,0.0295988283680329,0.0483775722710555,0.0101020836126381,0.00408077243421187,0.00116977107514209,5.27106126692643e-05,6.26831608191743e-15,4.03956378202579e-20,8.32083848328708e-09,-5.30483630609057,-1.15394100662472,-0.662639461512131,-2.22893408415863,-3.13538949240263,-4.3848677176167,-7.4846142497957,-30.337189149842,-42.2894856545118,-16.2384233139781,-2.36607949397185,0.476713768059464
0.000794755618700414,0.0504596844648988,0.0824734344759313,0.0172218962586464,0.00695684595494929,0.00199420999418965,8.98603434626197e-05,1.06861409406802e-14,6.88659399900434e-20,1.41852535218426e-08,-5.30483630609057,-1.15394100662472,-0.662639461512131,-2.22893408415863,-3.13538949240263,-4.3848677176167,-7.4846142497957,-30.337189149842,-42.2894856545118,-16.2384233139781,-1.8326395823369,0.623771809179085
0.000438417216578088,0.0278354677739607,0.0454954614145396,0.00950024843392584,0.00383765898342282,0.00110008155255886,4.95703594094166e-05,5.89487895012946e-15,3.79890535116172e-20,7.8251216086653e-09,-5.30483630609057,-1.15394100662472,-0.662639461512131,-2.22893408415863,-3.13538949240263,-4.3848677176167,-7.4846142497957,-30.337189149842,-42.2894856545118,-16.2384233139781,-2.42750324561938,0.45835694528121
0.000456745887206525,0.0289991700678612,0.0473974654778479,0.00989742016407101,0.00399809790970501,0.00114607206497224,5.16427205216007e-05,6.1413229550313e-15,3.957724125373e-20,8.15226222077931e-09,-5.30483630609057,-1.15394100662472,-0.662639461512131,-2.22893408415863,-3.13538949240263,-4.3848677176167,-7.4846142497957,-30.337189149842,-42.2894856545118,-16.2384233139781,-2.38654706113008,1.28835445534582
0.00643027996076482,0.408263735677299,0.6672834523312,0.139340461133738,0.0562870725058705,0.0161349328793212,0.000727050117342978,8.64603864784588e-14,5.57186716869422e-19,1.14771320030462e-07,-5.30483630609057,-1.15394100662472,-0.662639461512131,-2.22893408415863,-3.13538949240263,-4.3848677176167,-7.4846142497957,-30.337189149842,-42.2894856545118,-16.2384233139781,0.258099104186929,0.903939540746488
0.00686746014204067,0.436020663067834,0.712650544033664,0.148813903725538,0.0601139031744806,0.0172319104485866,0.000776480609333381,9.23386324746623e-14,5.95068580702997e-19,1.22574362324474e-07,-5.30483630609057,-1.15394100662472,-0.662639461512131,-2.22893408415863,-3.13538949240263,-4.3848677176167,-7.4846142497957,-30.337189149842,-42.2894856545118,-16.2384233139781,0.323875362226048,1.78119559242406
0.00345622250781407,0.219438394748261,0.358659358707714,0.0748943500062378,0.0302538377925638,0.00867239350694564,0.000390783448808159,4.64717454923395e-14,2.99483270347387e-19,6.16886390578917e-08,-5.30483630609057,-1.15394100662472,-0.662639461512131,-2.22893408415863,-3.13538949240263,-4.3848677176167,-7.4846142497957,-30.337189149842,-42.2894856545118,-16.2384233139781,-0.362742740974205,1.55867562340046
0.00617261241547379,0.210297529255633,0.401818909283385,0.0380174291309475,0.0198373289493756,0.00942964797383238,0.000654380684686979,5.7413904217544e-14,5.96881833289863e-19,6.86645312915916e-08,-4.71108764318314,-1.18268646358884,-0.535208284857428,-2.89316508164878,-3.54364433433734,-4.28735103206692,-6.95527580775726,-30.1119444057447,-41.5860223118425,-16.1174875735845,-0.376545481419211,2.17588717523351
0.0756796638696163,2.57836475959191,4.92652347890666,0.466114841522287,0.243216694311839,0.115612732670445,0.00802307142041392,7.03926422098633e-13,7.31810349861245e-18,8.41865372088737e-07,-4.71108764318314,-1.18268646358884,-0.535208284857428,-2.89316508164878,-3.54364433433734,-4.28735103206692,-6.95527580775726,-30.1119444057447,-41.5860223118425,-16.1174875735845,2.12984184746563,2.54106564053297
0.0540690164648507,1.84210182115695,3.51973390836399,0.333013781406315,0.173765140816819,0.0825990289422301,0.00573204951697987,5.02917261525721e-13,5.22838816038683e-18,6.01467162209851e-07,-4.71108764318314,-1.18268646358884,-0.535208284857428,-2.89316508164878,-3.54364433433734,-4.28735103206692,-6.95527580775726,-30.1119444057447,-41.5860223118425,-16.1174875735845,1.79359367739527,3.80746793329135
0.153561219233437,1.47869949928955,6.21126059388038,0.742228160343472,0.192905134596973,0.183477164591333,0.0331406438040257,2.20957685669483e-12,1.18756076407209e-17,2.19895965577714e-06,-4.0703553657377,-1.80553641186004,-0.370335527113489,-2.49479798599889,-3.84225613814562,-3.89236445951721,-5.60369423701821,-29.034919482932,-41.1687445521783,-15.2242255898244,2.19669939664198,2.11529769120682
0.186159524266536,4.69033185380645,5.65645022490021,0.61214794666158,0.185230173923401,0.0983672884575375,0.03768216736533,5.97656302954834e-12,2.0011429859688e-17,6.61542452535461e-06,-4.12057022415782,-0.893915570961726,-0.706622381940992,-2.93020019143179,-4.12557495254676,-4.75846587322506,-5.71798721927485,-28.2825943660754,-40.8896469792523,-14.365525494946,2.43941890865795,1.73679573321718
0.114950383848818,2.89620125050086,3.49276314030037,0.377991089729397,0.114376525599586,0.0607401507438956,0.0232681063188488,3.69042742803532e-12,1.23567222939467e-17,4.08491368630496e-06,-4.12057022415782,-0.893915570961726,-0.706622381940992,-2.93020019143179,-4.12557495254676,-4.75846587322506,-5.71798721927485,-28.2825943660754,-40.8896469792523,-14.365525494946,1.95731553564696,0.66180424667908
0.0701431657687614,1.28163803955433,3.06440160196101,0.345771950931874,0.211270068039141,0.0442848783470088,0.017410907674892,4.66335601404685e-12,5.25291914464698e-18,1.45971879772599e-06,-4.27361494908229,-1.36825907059999,-0.496545734366288,-2.67837387137183,-3.17101606941342,-4.73351005556336,-5.66705644009181,-27.7076838010958,-41.4041457730552,-15.0536647938835,1.61639804879166,1.65008389194868
0.366760602512272,6.70135621108415,16.0229691026481,1.80795274444393,1.104676936058,0.231554257449341,0.0910371654763949,2.43834911455158e-11,2.74661653679877e-17,7.63249476816317e-06,-4.27361494908229,-1.36825907059999,-0.496545734366288,-2.67837387137183,-3.17101606941342,-4.73351005556336,-5.66705644009181,-27.7076838010958,-41.4041457730552,-15.0536647938835,3.27056899607763,2.08108893750563
0.0185720934177337,0.260116186677395,0.382902428453204,0.0330136238798775,0.0178597127096356,0.00396131782300925,0.00227294617117323,3.44455336391448e-13,5.54970187764612e-19,2.33499058254515e-07,-3.65578189651214,-1.01631359365387,-0.629661795960082,-3.08052167557378,-3.69489450705577,-5.20086524319364,-5.75636513394002,-28.3664986781979,-41.7050592740166,-14.9397745107227,-0.330313282294086,4.77366737080038
0.13126105355438,1.83841013190364,2.70622029713177,0.233328734389359,0.12622619613828,0.0279972073808031,0.0160643877020192,2.43448971207507e-12,3.92233497316449e-18,1.65028958777353e-06,-3.65578189651214,-1.01631359365387,-0.629661795960082,-3.08052167557378,-3.69489450705577,-5.20086524319364,-5.75636513394002,-28.3664986781979,-41.7050592740166,-14.9397745107227,1.62521473301281,3.21565401251244
0.0462987006672166,0.648448249467405,0.954544246626374,0.0823002477736319,0.0445227941808837,0.00987523937178192,0.0056662677730967,8.58698809773654e-13,1.38349501182286e-18,5.82093938526074e-07,-3.65578189651214,-1.01631359365387,-0.629661795960082,-3.08052167557378,-3.69489450705577,-5.20086524319364,-5.75636513394002,-28.3664986781979,-41.7050592740166,-14.9397745107227,0.583140514885351,3.80425976624838
0.0991891898465206,1.38921947258036,2.0449919572488,0.176318012885722,0.0953845317657535,0.0211564682963358,0.0121392717671854,1.83965506669025e-12,2.96396545479259e-18,1.24706363990587e-06,-3.65578189651214,-1.01631359365387,-0.629661795960082,-3.08052167557378,-3.69489450705577,-5.20086524319364,-5.75636513394002,-28.3664986781979,-41.7050592740166,-14.9397745107227,1.34505565256144,1.15196358168499
0.147701833379668,1.3460680664278,3.07611769820342,0.285048508383029,0.0736324314720963,0.0137788401266659,0.0167723260697857,1.33496222917353e-12,2.3095051418021e-18,8.08453695969025e-07,-3.51378808564997,-1.30404060963441,-0.47756009468329,-2.85632431733375,-4.20989811429129,-5.88584959670794,-5.68925341753438,-28.9433465262203,-42.2107268056263,-15.6293708400878,1.60122840898979,1.69226058531695
0.0442328997250843,0.403112760641163,0.921218122847752,0.0853646958848584,0.022051019159981,0.0041264081812994,0.00502288021905741,3.99786848061807e-13,6.91637381976882e-19,2.42111085881039e-07,-3.51378808564997,-1.30404060963441,-0.47756009468329,-2.85632431733375,-4.20989811429129,-5.88584959670794,-5.68925341753438,-28.9433465262203,-42.2107268056263,-15.6293708400878,0.395501656541179,1.52058983551094
0.0261222383480746,0.238062792176547,0.54403576354159,0.050413084972374,0.0130224783338887,0.00243689694103912,0.00296631862463312,2.36098636951301e-13,4.08454264918847e-19,1.42981435343455e-07,-3.51378808564997,-1.30404060963441,-0.47756009468329,-2.85632431733375,-4.20989811429129,-5.88584959670794,-5.68925341753438,-28.9433465262203,-42.2107268056263,-15.6293708400878,-0.131180197799408,0.94111420512321
0.102268191662669,0.932012446010613,2.12989227783073,0.197366510769976,0.050982817491643,0.00954041687039155,0.0116130952330463,9.24322806234951e-13,1.59909263875292e-18,5.5977028610895e-07,-3.51378808564997,-1.30404060963441,-0.47756009468329,-2.85632431733375,-4.20989811429129,-5.88584959670794,-5.68925341753438,-28.9433465262203,-42.2107268056263,-15.6293708400878,1.23363149933734,1.16894224667648
0.0275933298024765,0.251469458730748,0.574673504150601,0.053252131822215,0.0137558479761395,0.00257413243431701,0.00313336885676044,2.49394690780494e-13,4.31456642074649e-19,1.51033531219357e-07,-3.51378808564997,-1.30404060963441,-0.47756009468329,-2.85632431733375,-4.20989811429129,-5.88584959670794,-5.68925341753438,-28.9433465262203,-42.2107268056263,-15.6293708400878,-0.0763931236402016,0.861086741997092
0.017921106802807,0.163322479012784,0.373234593952556,0.0345857911565795,0.00893404393410499,0.00167182803272349,0.00203503666779474,1.61974974442161e-13,2.8021919133175e-19,9.80921136797439e-08,-3.51378808564997,-1.30404060963441,-0.47756009468329,-2.85632431733375,-4.20989811429129,-5.88584959670794,-5.68925341753438,-28.9433465262203,-42.2107268056263,-15.6293708400878,-0.507988024143173,1.14511952639397
0.0236674883686842,0.215691637515061,0.492911822264186,0.045675683925497,0.011798734487907,0.00220789770153738,0.00268756875313828,2.13912057207724e-13,3.70071141503801e-19,1.29545233177861e-07,-3.51378808564997,-1.30404060963441,-0.47756009468329,-2.85632431733375,-4.20989811429129,-5.88584959670794,-5.68925341753438,-28.9433465262203,-42.2107268056263,-15.6293708400878,-0.22986488575812,0.598309112943746
1.06921350477176,9.7441861216919,22.2680146205908,2.06346602275916,0.533025137993879,0.0997450174206859,0.121414860803745,9.66379097085079e-12,1.67185066728802e-17,5.85239593804334e-06,-3.51378808564997,-1.30404060963441,-0.47756009468329,-2.85632431733375,-4.20989811429129,-5.88584959670794,-5.68925341753438,-28.9433465262203,-42.2107268056263,-15.6293708400878,3.58071142157838,0.712356014544073
1.00124756482523,9.1247843223141,20.8525194573918,1.93229913498731,0.499142705385983,0.0934045963226315,0.113696968071212,9.04949959326401e-12,1.56557731631991e-17,5.48038081749615e-06,-3.51378808564997,-1.30404060963441,-0.47756009468329,-2.85632431733375,-4.20989811429129,-5.88584959670794,-5.68925341753438,-28.9433465262203,-42.2107268056263,-15.6293708400878,3.51503487291284,0.495430845605638
0.0914221181635686,0.833167679840789,1.90400612677101,0.176434766038114,0.045575824596633,0.00852860605310793,0.0103814660979078,8.26293566347859e-13,1.42950054946486e-18,5.00403736578318e-07,-3.51378808564997,-1.30404060963441,-0.47756009468329,-2.85632431733375,-4.20989811429129,-5.88584959670794,-5.68925341753438,-28.9433465262203,-42.2107268056263,-15.6293708400878,1.1215202488892,0.248797996585684
0.0198631100553391,0.18102076009243,0.41367979655019,0.0383336466688827,0.00990217288781333,0.00185299404623751,0.00225556143065484,1.79527234503812e-13,3.10584870582261e-19,1.08721769867272e-07,-3.51378808564997,-1.30404060963441,-0.47756009468329,-2.85632431733375,-4.20989811429129,-5.88584959670794,-5.68925341753438,-28.9433465262203,-42.2107268056263,-15.6293708400878,-0.405102948015802,0.420235036566724
0.0487996983885763,0.44473189092596,1.01632872419546,0.0941781216719834,0.0243276631388818,0.00455243666879406,0.00554146441348822,4.41062596537663e-13,7.63045060226876e-19,2.67107696781298e-07,-3.51378808564997,-1.30404060963441,-0.47756009468329,-2.85632431733375,-4.20989811429129,-5.88584959670794,-5.68925341753438,-28.9433465262203,-42.2107268056263,-15.6293708400878,0.493756938945874,0.877541081776597
0.0485616381023556,0.442562348802928,1.01137075283569,0.0937186911561956,0.0242089851420671,0.0045302284500517,0.00551443140615583,4.389109543874e-13,7.59322686289433e-19,2.65804661376424e-07,-3.51378808564997,-1.30404060963441,-0.47756009468329,-2.85632431733375,-4.20989811429129,-5.88584959670794,-5.68925341753438,-28.9433465262203,-42.2107268056263,-15.6293708400878,0.488866686424158,2.61022174397294
0.0985345124466083,0.89798587878375,2.05213266948236,0.190160915098168,0.0491215008598536,0.00919210860755427,0.0111891161677981,8.90576977796392e-13,1.54071183771597e-18,5.39333797998286e-07,-3.51378808564997,-1.30404060963441,-0.47756009468329,-2.85632431733375,-4.20989811429129,-5.88584959670794,-5.68925341753438,-28.9433465262203,-42.2107268056263,-15.6293708400878,1.19643967364569,1.30104419050023
0.257237704702561,2.34431389142774,5.35737057539937,0.496440852137944,0.128238338212517,0.023997245846882,0.0292107048503875,2.32497195085246e-12,4.02223715225538e-18,1.40800400611684e-06,-3.51378808564997,-1.30404060963441,-0.47756009468329,-2.85632431733375,-4.20989811429129,-5.88584959670794,-5.68925341753438,-28.9433465262203,-42.2107268056263,-15.6293708400878,2.15603338510881,2.12757214581663
0.103530241078228,0.943514025765353,2.15617639668271,0.199802129172126,0.0516119753360596,0.00965815120537598,0.0117564076336414,9.35729491328635e-13,1.61882637900344e-18,5.66678179471935e-07,-3.51378808564997,-1.30404060963441,-0.47756009468329,-2.85632431733375,-4.20989811429129,-5.88584959670794,-5.68925341753438,-28.9433465262203,-42.2107268056263,-15.6293708400878,1.24589656102643,2.04051784534305
0.0477593518726591,0.435250781646186,0.9946619089864,0.0921703658047872,0.0238090287943535,0.00445538460118493,0.0054233275522776,4.3165971187318e-13,7.46777925467687e-19,2.61413305813789e-07,-3.51378808564997,-1.30404060963441,-0.47756009468329,-2.85632431733375,-4.20989811429129,-5.88584959670794,-5.68925341753438,-28.9433465262203,-42.2107268056263,-15.6293708400878,0.472207705154638,2.56056444066138
0.0396820372031714,0.361638863024038,0.826439416142316,0.0765820251214361,0.0197823196786257,0.00370186634797843,0.00450610565797199,3.58655134000421e-13,6.20478885474164e-19,2.1720170228368e-07,-3.51378808564997,-1.30404060963441,-0.47756009468329,-2.85632431733375,-4.20989811429129,-5.88584959670794,-5.68925341753438,-28.9433465262203,-42.2107268056263,-15.6293708400878,0.286931428572344,1.27102036836222
0.0677373271318962,0.617318355981696,1.41073394995586,0.130725689850904,0.0337684643718777,0.00631909421705628,0.00769193253567492,6.12225123799313e-13,1.05915885892165e-18,3.70763796371284e-07,-3.51378808564997,-1.30404060963441,-0.47756009468329,-2.85632431733375,-4.20989811429129,-5.88584959670794,-5.68925341753438,-28.9433465262203,-42.2107268056263,-15.6293708400878,0.821670195527229,5.19598765424549
0.109578314739396,0.998632629457801,2.28213682658026,0.211474254942394,0.0546270656650296,0.010222365190705,0.0124431984555159,9.90393334777111e-13,1.71339566699977e-18,5.99782626403855e-07,-3.51378808564997,-1.30404060963441,-0.47756009468329,-2.85632431733375,-4.20989811429129,-5.88584959670794,-5.68925341753438,-28.9433465262203,-42.2107268056263,-15.6293708400878,1.30267230338804,5.18599951857932
0.155525935152362,1.41737235090227,3.23906664328295,0.300148175656695,0.0775329086999431,0.014508736601164,0.0176607942975123,1.40567821221016e-12,2.43184487761006e-18,8.51279325489228e-07,-3.51378808564997,-1.30404060963441,-0.47756009468329,-2.85632431733375,-4.20989811429129,-5.88584959670794,-5.68925341753438,-28.9433465262203,-42.2107268056263,-15.6293708400878,1.6528453099257,0.860987262417362
0.351721096743748,3.20538022976832,7.32513243585707,0.678783544520644,0.175340271414936,0.0328114326702382,0.0399397948232973,3.17893399569018e-12,5.49960459408747e-18,1.92516378508207e-06,-3.51378808564997,-1.30404060963441,-0.47756009468329,-2.85632431733375,-4.20989811429129,-5.88584959670794,-5.68925341753438,-28.9433465262203,-42.2107268056263,-15.6293708400878,2.46887132940347,1.20886622041743
0.0584502886629198,0.532681722645928,1.21731709963904,0.112802713525534,0.0291386828180641,0.00545272299209464,0.00663734009182948,5.28286791462595e-13,9.13944255924265e-19,3.19930706469476e-07,-3.51378808564997,-1.30404060963441,-0.47756009468329,-2.85632431733375,-4.20989811429129,-5.88584959670794,-5.68925341753438,-28.9433465262203,-42.2107268056263,-15.6293708400878,0.674209433203653,1.82110496484916
0.103392806152218,0.942261524283955,2.15331410311075,0.199536894680702,0.0515434611711389,0.00964533014669326,0.0117408011693229,9.34487323706245e-13,1.61667740995533e-18,5.65925922229453e-07,-3.51378808564997,-1.30404060963441,-0.47756009468329,-2.85632431733375,-4.20989811429129,-5.88584959670794,-5.68925341753438,-28.9433465262203,-42.2107268056263,-15.6293708400878,1.24456819332589,1.47048596445717
0.0341911628631752,0.311598247841978,0.712083518524877,0.0659852335683393,0.0170450047834044,0.00318963249173413,0.0038825877724363,3.090273827308e-13,5.34622114227368e-19,1.87147114925508e-07,-3.51378808564997,-1.30404060963441,-0.47756009468329,-2.85632431733375,-4.20989811429129,-5.88584959670794,-5.68925341753438,-28.9433465262203,-42.2107268056263,-15.6293708400878,0.138000021532854,1.00521971692045
0.020177777541662,0.183888455402572,0.420233230597544,0.0389409207667092,0.0100590411648888,0.00188234881379789,0.0022912935916132,1.82371269675063e-13,3.15505095070961e-19,1.10444118781284e-07,-3.51378808564997,-1.30404060963441,-0.47756009468329,-2.85632431733375,-4.20989811429129,-5.88584959670794,-5.68925341753438,-28.9433465262203,-42.2107268056263,-15.6293708400878,-0.389385316202967,0.761253771301854
0.0166984501010835,0.15217990139722,0.347770888912883,0.0322261964168518,0.00832452417565932,0.001557768573627,0.00189619751865566,1.50924329513122e-13,2.61101406029581e-19,9.13998383924842e-08,-3.51378808564997,-1.30404060963441,-0.47756009468329,-2.85632431733375,-4.20989811429129,-5.88584959670794,-5.68925341753438,-28.9433465262203,-42.2107268056263,-15.6293708400878,-0.57865128653477,0.730159077748964
0.0497067561834658,0.452998284809959,1.03521959692404,0.0959286447733848,0.024779850287783,0.00463705446977492,0.00564446563393293,4.49260787908398e-13,7.77228057101564e-19,2.72072524975752e-07,-3.51378808564997,-1.30404060963441,-0.47756009468329,-2.85632431733375,-4.20989811429129,-5.88584959670794,-5.68925341753438,-28.9433465262203,-42.2107268056263,-15.6293708400878,0.512173669836653,0.778726772987283
0.0689950899988567,0.628780870641228,1.43692879484485,0.133153035679476,0.0343954852827932,0.00643642866758106,0.00783475817595593,6.23593066107336e-13,1.07882557355847e-18,3.7764822708673e-07,-3.51378808564997,-1.30404060963441,-0.47756009468329,-2.85632431733375,-4.20989811429129,-5.88584959670794,-5.68925341753438,-28.9433465262203,-42.2107268056263,-15.6293708400878,0.840068149296281,1.60163585215876
0.235893602688518,2.14979623737922,4.912846845021,0.455249051720419,0.117597860075441,0.0220060927070103,0.0267869689328646,2.13205917954562e-12,3.68849509759945e-18,1.2911759494465e-06,-3.51378808564997,-1.30404060963441,-0.47756009468329,-2.85632431733375,-4.20989811429129,-5.88584959670794,-5.68925341753438,-28.9433465262203,-42.2107268056263,-15.6293708400878,2.06941367397071,1.33564709747028
0.0456643509676736,0.416158169504471,0.951030295118665,0.0881272414280425,0.022764627333379,0.00425994571004527,0.00518542909502155,4.1272462478424e-13,7.14019934240137e-19,2.49946208988117e-07,-3.51378808564997,-1.30404060963441,-0.47756009468329,-2.85632431733375,-4.20989811429129,-5.88584959670794,-5.68925341753438,-28.9433465262203,-42.2107268056263,-15.6293708400878,0.427350733805043,0.749529870841464
0.121101101512868,1.10364456436153,2.52211657168869,0.233711982850286,0.060371414181573,0.0112973053802232,0.0137516719698595,1.09453886070206e-12,1.89356902498927e-18,6.62853201370451e-07,-3.51378808564997,-1.30404060963441,-0.47756009468329,-2.85632431733375,-4.20989811429129,-5.88584959670794,-5.68925341753438,-28.9433465262203,-42.2107268056263,-15.6293708400878,1.40265855308037,0.252494321643103
0.0197938996535141,0.180390016995817,0.412238383555631,0.0382000781047464,0.00986767006511349,0.00184653753151437,0.00224770222267977,1.78901695401228e-13,3.09502678335735e-19,1.08342943119664e-07,-3.51378808564997,-1.30404060963441,-0.47756009468329,-2.85632431733375,-4.20989811429129,-5.88584959670794,-5.68925341753438,-28.9433465262203,-42.2107268056263,-15.6293708400878,-0.408593401411079,0.188821425519887
0.26038698829464,2.37301461895714,5.42295924666084,0.502518627679767,0.129808321488783,0.0242910368861391,0.0295683226949595,2.35343588084022e-12,4.07148018792039e-18,1.42524177427051e-06,-3.51378808564997,-1.30404060963441,-0.47756009468329,-2.85632431733375,-4.20989811429129,-5.88584959670794,-5.68925341753438,-28.9433465262203,-42.2107268056263,-15.6293708400878,2.16820174760725,0.196884373706148
0.0255684358989925,0.233015760770358,0.532501976343765,0.0493443063496745,0.0127463963114246,0.0023852337000823,0.00290343142112513,2.31093246462695e-13,3.9979486256458e-19,1.3995016872643e-07,-3.51378808564997,-1.30404060963441,-0.47756009468329,-2.85632431733375,-4.20989811429129,-5.88584959670794,-5.68925341753438,-28.9433465262203,-42.2107268056263,-15.6293708400878,-0.152608575278465,0.206981798221172
0.389155184265657,3.54653259501744,8.10475484478305,0.751027270726609,0.19400194149111,0.0363035918090225,0.0441906338797661,3.51727165732819e-12,6.08493394059791e-18,2.13006121742823e-06,-3.51378808564997,-1.30404060963441,-0.47756009468329,-2.85632431733375,-4.20989811429129,-5.88584959670794,-5.68925341753438,-28.9433465262203,-42.2107268056263,-15.6293708400878,2.57001100200854,0.0819005754565693
0.245688662544824,2.99820332795905,5.55170905932968,1.4594495409438,0.216856269583384,0.0392316600354117,0.0418863175646066,1.90488420192816e-12,4.89290080038159e-18,2.66899760285988e-06,-3.76010293024752,-1.25839956765803,-0.642306967266229,-1.9783534483622,-3.88493328328324,-5.59468399043726,-5.52920884139292,-29.343012681826,-42.2151591218132,-15.1902203719231,2.35641278623917,0.593083243917613
0.0164909225629521,0.201243062651852,0.3726374804647,0.0979600324856226,0.0145556571961793,0.00263327685111234,0.00281146070091503,1.27858149985479e-13,3.28417466933696e-19,1.79146373029879e-07,-3.76010293024752,-1.25839956765803,-0.642306967266229,-1.9783534483622,-3.88493328328324,-5.59468399043726,-5.52920884139292,-29.343012681826,-42.2151591218132,-15.1902203719231,-0.344842266914724,0.386793543904279
0.0701323494282827,0.855843494264216,1.5847471171041,0.416602964574092,0.0619020817509682,0.0111987605034608,0.0119565381213676,5.43753232592357e-13,1.39668890332975e-18,7.61871022326347e-07,-3.76010293024752,-1.25839956765803,-0.642306967266229,-1.9783534483622,-3.88493328328324,-5.59468399043726,-5.52920884139292,-29.343012681826,-42.2151591218132,-15.1902203719231,1.10273181429801,0.250796198970852
0.52308103798181,4.54661148235855,11.2440730841257,2.27005113085744,0.250408203691794,0.133846957580881,0.0360206233286947,5.28620550099785e-12,7.9052301540086e-18,1.48141037863231e-05,-3.59267400985985,-1.43027290491698,-0.524813978422892,-2.12485277543292,-4.32931800922481,-4.95571337061786,-6.26831876559138,-28.9105755553158,-42.323662219943,-14.0645860037149,2.94465513127936,0.340451467275083
0.0737254920347235,0.502111165767878,1.12301737327485,0.120044265125844,0.0171075539932261,0.00921011892459032,0.00385857163128067,6.0794246034402e-13,1.02604912942035e-18,1.86676085767624e-06,-3.22209292563062,-1.30362001330032,-0.498667129196585,-2.7345810034166,-4.68292143427543,-5.30213879149493,-6.1721444829453,-28.7433824302622,-42.0355023191125,-13.8059920659421,0.614686275247164,0.463941109060125
0.0945781086254226,0.644128958212521,1.44065310636111,0.153997745333239,0.02194627740327,0.0118151212567385,0.00494993518266867,7.79893717431452e-13,1.3162582349621e-18,2.39475799078881e-06,-3.22209292563062,-1.30362001330032,-0.498667129196585,-2.7345810034166,-4.68292143427543,-5.30213879149493,-6.1721444829453,-28.7433824302622,-42.0355023191125,-13.8059920659421,0.863763686047663,0.52324493980712
0.359530019537279,2.44859725254037,5.47651086498071,0.585408327498248,0.0834267639546272,0.0449141015612218,0.0188167253373765,2.96469455289743e-12,5.0036351520443e-18,9.10345321690986e-06,-3.22209292563062,-1.30362001330032,-0.498667129196585,-2.7345810034166,-4.68292143427543,-5.30213879149493,-6.1721444829453,-28.7433824302622,-42.0355023191125,-13.8059920659421,2.1991353239041,1.28484537455214
0.315708879759756,2.15015117952391,4.80900902906638,0.514056121139394,0.0732583338214569,0.039439768360814,0.0165232580151604,2.6033442140095e-12,4.39376954005544e-18,7.99388329451569e-06,-3.22209292563062,-1.30362001330032,-0.498667129196585,-2.7345810034166,-4.68292143427543,-5.30213879149493,-6.1721444829453,-28.7433824302622,-42.0355023191125,-13.8059920659421,2.06915816902547,1.00102824345568
0.142686104271794,0.971770878396366,2.17345411471329,0.232330067365433,0.033109446482407,0.0178249877072475,0.00746776371274392,1.17659358918951e-12,1.98578468624532e-18,3.61287292953494e-06,-3.22209292563062,-1.30362001330032,-0.498667129196585,-2.7345810034166,-4.68292143427543,-5.30213879149493,-6.1721444829453,-28.7433824302622,-42.0355023191125,-13.8059920659421,1.27498478917743,0.594350522442302
0.351876017447099,2.39646928694497,5.35992192016491,0.572945622525665,0.081650699117239,0.0439579293125996,0.0184161377723993,2.90157943852165e-12,4.89711321554082e-18,8.90965062418128e-06,-3.22209292563062,-1.30362001330032,-0.498667129196585,-2.7345810034166,-4.68292143427543,-5.30213879149493,-6.1721444829453,-28.7433824302622,-42.0355023191125,-13.8059920659421,2.17761653703978,0.612100486925924
0.115505574979373,0.78665651872851,1.75942898218765,0.188073100411542,0.0268023692476352,0.0144294741568109,0.00604521614667908,9.5246218775099e-13,1.60750903629051e-18,2.92465035178507e-06,-3.22209292563062,-1.30362001330032,-0.498667129196585,-2.7345810034166,-4.68292143427543,-5.30213879149493,-6.1721444829453,-28.7433824302622,-42.0355023191125,-13.8059920659421,1.06365644366514,1.35018471896643
0.0856457136970515,0.583294433995699,1.30459114987002,0.139453484516572,0.0198735692488917,0.010699246444632,0.00448244036210138,7.06236940112683e-13,1.19194470667018e-18,2.16858594693543e-06,-3.22209292563062,-1.30362001330032,-0.498667129196585,-2.7345810034166,-4.68292143427543,-5.30213879149493,-6.1721444829453,-28.7433824302622,-42.0355023191125,-13.8059920659421,0.764556825765314,0.0863684634177695
0.0409338810144044,0.404449164326942,1.16525901644575,0.101090313010787,0.0139226338520618,0.0177477996554313,0.00377460922373647,7.05483219605768e-13,1.88783950639399e-18,1.06349956647467e-05,-3.75380484067185,-1.46323689419239,-0.405064274457142,-2.84974864193926,-4.83224709694016,-4.58950140229492,-6.13746608700625,-28.5379010774853,-41.3691062854653,-12.0093681854282,0.558007668475862,0.0845657306762534
0.0121386050400629,0.119936066233755,0.345547957327323,0.0299774991426409,0.00412864231925914,0.00526296371144568,0.00111932925518087,2.09205234220838e-13,5.59823246153477e-19,3.15372031134098e-06,-3.75380484067185,-1.46323689419239,-0.405064274457142,-2.84974864193926,-4.83224709694016,-4.58950140229492,-6.13746608700625,-28.5379010774853,-41.3691062854653,-12.0093681854282,-0.657559565371515,0.0819067140614873
0.00193327739869473,0.0191018395748768,0.0550343349883457,0.00477442188542926,0.000657555860560145,0.00083821565656903,0.000178272045560168,3.33194588400322e-14,8.9161285459109e-20,5.02283102514423e-07,-3.75380484067185,-1.46323689419239,-0.405064274457142,-2.84974864193926,-4.83224709694016,-4.58950140229492,-6.13746608700625,-28.5379010774853,-41.3691062854653,-12.0093681854282,-2.49473374155418,0.0840757760119066
0.00458990613487702,0.0457192399051216,0.171723062893378,0.0194199391817687,0.00175499092859705,0.00163340032819435,0.00111729066595315,3.66462353023334e-13,1.78514515626102e-19,1.03998141690644e-06,-3.98130475296624,-1.68264511312066,-0.359281247158551,-2.53886399578525,-4.94270063889784,-5.0145003940426,-5.39425762048525,-27.2322896470534,-41.767026082857,-12.3737167612594,-1.4025909520704,0.310264830583495
0.0273330949496064,0.272260104810183,1.02261846869504,0.115646600599837,0.0104510489490274,0.00972697152170643,0.00665351555378256,2.18229959312911e-12,1.06306187144325e-18,6.19313554108043e-06,-3.98130475296624,-1.68264511312066,-0.359281247158551,-2.53886399578525,-4.94270063889784,-5.0145003940426,-5.39425762048525,-27.2322896470534,-41.767026082857,-12.3737167612594,0.381647711186354,1.67999130693538
0.0646070574526679,0.643539425958575,2.41715657450974,0.273353112149746,0.0247030759281134,0.022991578857132,0.0157268711222781,5.158287250389e-12,2.51275238061046e-18,1.46386739025507e-05,-3.98130475296624,-1.68264511312066,-0.359281247158551,-2.53886399578525,-4.94270063889784,-5.0145003940426,-5.39425762048525,-27.2322896470534,-41.767026082857,-12.3737167612594,1.24187312729879,0.764873675617357
0.0229931659544493,0.360595915937547,1.2816597226491,0.137777186032411,0.0123373244780504,0.00882171385988432,0.00741930455936759,2.42019690679122e-12,4.9020393066942e-19,1.07450277662503e-05,-4.37775637380802,-1.62519542820595,-0.357042237871472,-2.58731562684175,-5.00032423521405,-5.33573724684776,-5.50886808553514,-27.3523703468146,-42.7646635974988,-12.0462655779514,0.605198134187204,0.514174162134511
0.057931787022109,0.728700107457557,2.93309231525351,0.260157570671768,0.078855703109872,0.0299136457232147,0.0192646702824462,4.76062791384708e-12,8.07299081796109e-19,1.13909936129935e-05,-4.26140761447537,-1.72941157492345,-0.336861303896467,-2.75938635857234,-3.95305420767398,-4.92235909207403,-5.36240098398113,-27.4835601097937,-43.0735113119332,-12.7956061168353,1.41291856808228,0.761303316930652
0.121755509497497,1.53151244618978,6.16449392646204,0.546774390969218,0.16573140243821,0.0628696500345766,0.0404886482208007,1.00054340971261e-11,1.69670428056075e-18,2.39405048993819e-05,-4.26140761447537,-1.72941157492345,-0.336861303896467,-2.75938635857234,-3.95305420767398,-4.92235909207403,-5.36240098398113,-27.4835601097937,-43.0735113119332,-12.7956061168353,2.15566734897824,1.31067352900538
0.126533935727073,1.5916183031978,6.40642613628023,0.568233141396619,0.172235709994752,0.0653370372272332,0.0420776688692859,1.03981081446934e-11,1.76329326919485e-18,2.48800758233807e-05,-4.26140761447537,-1.72941157492345,-0.336861303896467,-2.75938635857234,-3.95305420767398,-4.92235909207403,-5.36240098398113,-27.4835601097937,-43.0735113119332,-12.7956061168353,2.19416287430093,0.903886621863224
0.0947081577672715,1.19129493995722,4.79508373585967,0.425311310319646,0.128915035335069,0.0489034850153557,0.0314943060836026,7.78277907021645e-12,1.31979026945846e-18,1.86222465364938e-05,-4.26140761447537,-1.72941157492345,-0.336861303896467,-2.75938635857234,-3.95305420767398,-4.92235909207403,-5.36240098398113,-27.4835601097937,-43.0735113119332,-12.7956061168353,1.90445247524095,0.816150763300011
0.0443191888467697,0.557472837196402,2.24388507427052,0.199026701871265,0.0603264801142327,0.0228846473076441,0.014737928936883,3.64199308166467e-12,6.17602913721461e-19,8.71437984286482e-06,-4.26140761447537,-1.72941157492345,-0.336861303896467,-2.75938635857234,-3.95305420767398,-4.92235909207403,-5.36240098398113,-27.4835601097937,-43.0735113119332,-12.7956061168353,1.14507007557095,1.42364986775268
0.0375874369205382,0.4727969001301,1.90305578420414,0.168796040648524,0.051163340867352,0.0194086412569243,0.0124993482206938,3.08880168577555e-12,5.23793669638381e-19,7.39073099414736e-06,-4.26140761447537,-1.72941157492345,-0.336861303896467,-2.75938635857234,-3.95305420767398,-4.92235909207403,-5.36240098398113,-27.4835601097937,-43.0735113119332,-12.7956061168353,0.980322205603294,0.119456864885679
0.00340429387519715,0.0428212116385523,0.172359747859921,0.0152878561140548,0.00463386339211065,0.00175784049060135,0.00113206587301019,2.79752745121036e-13,4.74399886639425e-20,6.69378449767555e-07,-4.26140761447537,-1.72941157492345,-0.336861303896467,-2.75938635857234,-3.95305420767398,-4.92235909207403,-5.36240098398113,-27.4835601097937,-43.0735113119332,-12.7956061168353,-1.42131012520798,0.289272608728287
0.000951688927264948,0.0119709033539647,0.0481841079407299,0.00427380359003909,0.00129542179447558,0.00049141390024867,0.000316475191559638,7.8206406281022e-14,1.32621076723096e-20,1.8712839788447e-07,-4.26140761447537,-1.72941157492345,-0.336861303896467,-2.75938635857234,-3.95305420767398,-4.92235909207403,-5.36240098398113,-27.4835601097937,-43.0735113119332,-12.7956061168353,-2.6958647191689,0.113379416777749
0.00634065473854586,0.049025405650858,0.274164861633834,0.0480117904154213,0.00813919431000314,0.00649191606118169,0.00169596299742675,2.93388268339784e-13,3.92254973515887e-20,6.48554359132691e-07,-4.12903997423776,-2.08368336200332,-0.362292398175456,-2.10457539401932,-3.87933081241822,-4.10546428842774,-5.4477712888421,-27.9255462446466,-43.7532267043188,-13.3167867432672,-0.931733270563318,0.0618132308484002
0.256640552905095,1.98432302836888,11.0969331367493,1.94329654369465,0.329437166042613,0.262762915827401,0.0686447850125338,1.18750082613485e-11,1.58766779510815e-18,2.62504987544859e-05,-4.12903997423776,-2.08368336200332,-0.362292398175456,-2.10457539401932,-3.87933081241822,-4.10546428842774,-5.4477712888421,-27.9255462446466,-43.7532267043188,-13.3167867432672,2.76896117433098,0.0957671407259667
0.056098003362762,0.415347241433979,1.65880597210689,0.351165653273378,0.052117280531254,0.0334915399101566,0.00811982755833379,3.33310310109944e-12,2.40755754171429e-19,2.01518269225947e-06,-3.8265618847527,-1.8245472092491,-0.439808777343291,-1.99240404718451,-3.90016553213828,-4.34236923902429,-5.7593531886767,-27.3730242106424,-43.816410828443,-14.0607075275261,0.945906826984251,0.41341810363677
0.0122493657820324,0.0906937855520933,0.36221112866283,0.0766793161819974,0.011380148927295,0.00731309669454957,0.0017730174317591,7.27804852707035e-13,5.25705928944439e-20,4.40028315365908e-07,-3.8265618847527,-1.8245472092491,-0.439808777343291,-1.99240404718451,-3.90016553213828,-4.34236923902429,-5.7593531886767,-27.3730242106424,-43.816410828443,-14.0607075275261,-0.575719231474271,0.196324112547001
0.00739503779170798,0.054752546667727,0.218669687288446,0.046291902054223,0.00687028478780949,0.00441497359070909,0.00107038447104321,4.39381473827127e-13,3.1737277513351e-20,2.65648530663159e-07,-3.8265618847527,-1.8245472092491,-0.439808777343291,-1.99240404718451,-3.90016553213828,-4.34236923902429,-5.7593531886767,-27.3730242106424,-43.816410828443,-14.0607075275261,-1.08038418763916,0.231397540668144
0.697757761188224,5.16616891736036,20.6325478976187,4.36786597287138,0.648244764569388,0.416574218432332,0.100995977730258,4.14577777856614e-11,2.99456640083112e-18,2.50652301231385e-05,-3.8265618847527,-1.8245472092491,-0.439808777343291,-1.99240404718451,-3.90016553213828,-4.34236923902429,-5.7593531886767,-27.3730242106424,-43.816410828443,-14.0607075275261,3.46667860128992,0.256394710703444
0.730702631923114,5.41009134523449,21.6067206854082,4.57409625488003,0.678851862277537,0.436242912270105,0.105764537273617,4.34152209071519e-11,3.13595587504411e-18,2.62486935144176e-05,-3.8265618847527,-1.8245472092491,-0.439808777343291,-1.99240404718451,-3.90016553213828,-4.34236923902429,-5.7593531886767,-27.3730242106424,-43.816410828443,-14.0607075275261,3.51281318648149,0.497060390705845
0.116120697881935,0.859752729999401,3.43366422305926,0.726899324144904,0.107880755538887,0.0693261926339721,0.0168077290854272,6.89939454189253e-12,4.98355102100401e-19,4.17135025415359e-06,-3.8265618847527,-1.8245472092491,-0.439808777343291,-1.99240404718451,-3.90016553213828,-4.34236923902429,-5.7593531886767,-27.3730242106424,-43.816410828443,-14.0607075275261,1.67343675491527,0.387677863775424
0.0999970760952576,0.74037411704387,2.95689217221142,0.625967707359236,0.0929012684009561,0.0597000938391043,0.01447393785088,5.94139799020416e-12,4.29157367947118e-19,3.59214882784012e-06,-3.8265618847527,-1.8245472092491,-0.439808777343291,-1.99240404718451,-3.90016553213828,-4.34236923902429,-5.7593531886767,-27.3730242106424,-43.816410828443,-14.0607075275261,1.52394755228377,0.307924733589129
0.0146486429668791,0.108457932231564,0.433157242327997,0.0916984557145083,0.013609173039014,0.00874550930774356,0.00212029747450179,8.70359627312757e-13,6.28675687844539e-20,5.26216442696754e-07,-3.8265618847527,-1.8245472092491,-0.439808777343291,-1.99240404718451,-3.90016553213828,-4.34236923902429,-5.7593531886767,-27.3730242106424,-43.816410828443,-14.0607075275261,-0.396845693303964,0.416490624561127
0.0188082991635542,0.139255850571553,0.55615738720546,0.117737321594496,0.0174736594007442,0.0112289005725377,0.00272238113157143,1.11750858338146e-12,8.0719561809025e-20,6.7564185306446e-07,-3.8265618847527,-1.8245472092491,-0.439808777343291,-1.99240404718451,-3.90016553213828,-4.34236923902429,-5.7593531886767,-27.3730242106424,-43.816410828443,-14.0607075275261,-0.146895176931744,0.641420648983115
0.119407018337638,0.884084507494537,3.53084001669535,0.747471230460887,0.110933878196353,0.0712881863967089,0.0172834029740177,7.09465362858901e-12,5.12459000854968e-19,4.28940322763868e-06,-3.8265618847527,-1.8245472092491,-0.439808777343291,-1.99240404718451,-3.90016553213828,-4.34236923902429,-5.7593531886767,-27.3730242106424,-43.816410828443,-14.0607075275261,1.70134458504881,1.95473789573652
0.204533412740234,1.82530872786711,5.66927868300892,1.17107325226133,0.443552974709205,0.102415493588688,0.0136294672276425,1.25920880518506e-11,6.21091147393362e-19,1.43056703573837e-05,-3.83089948678193,-1.64212641873709,-0.508813664172752,-2.0859549194558,-3.05681359486448,-4.52259283066426,-6.53939667967088,-27.3418279890152,-44.1666846639405,-13.3987301282259,2.24387555741918,1.87797083138223
0.101087828282246,2.19841000960892,3.33550927544524,0.776523107997365,0.142642887718143,0.056750451130059,0.00163232685052675,5.70746758822089e-12,2.33562219861179e-19,8.15895007205189e-06,-4.18073703579084,-1.10123710656207,-0.684346108741603,-2.141900360395,-3.83638254356428,-4.75806315595507,-8.30672024916594,-27.778217178059,-44.7898099277781,-13.6053665476386,1.8889714827312,2.02301596883072
0.139412502332551,3.03187679269131,4.60007601849848,1.07092051975534,0.196722021381282,0.0782658262125526,0.00225117874944508,7.87129718757195e-12,3.22110921507562e-19,1.12521919332881e-05,-4.18073703579084,-1.10123710656207,-0.684346108741603,-2.141900360395,-3.83638254356428,-4.75806315595507,-8.30672024916594,-27.778217178059,-44.7898099277781,-13.6053665476386,2.21041893786064,1.07028358654457
0.0303668367134641,0.660403521625203,1.00198873835614,0.233267949519587,0.0428499983952528,0.0170478653282592,0.000490351843295605,1.71452626141076e-12,7.01622135273857e-20,2.45095288722134e-06,-4.18073703579084,-1.10123710656207,-0.684346108741603,-2.141900360395,-3.83638254356428,-4.75806315595507,-8.30672024916594,-27.778217178059,-44.7898099277781,-13.6053665476386,0.686332872175591,1.97555491981748
0.0339334604013802,0.73796875721549,1.11967359315242,0.260665567593493,0.0478827853379873,0.0190501588460826,0.000547944292460254,1.91589955673297e-12,7.84028549588472e-20,2.73882042864536e-06,-4.18073703579084,-1.10123710656207,-0.684346108741603,-2.141900360395,-3.83638254356428,-4.75806315595507,-8.30672024916594,-27.778217178059,-44.7898099277781,-13.6053665476386,0.797383316887923,0.69725645339804
0.00572034224757946,0.124403282463989,0.188749278224167,0.0439417684243511,0.00807185346442081,0.0032113856701132,9.23698570203275e-05,3.22973284977815e-13,1.32167824397212e-20,4.61697393109856e-07,-4.18073703579084,-1.10123710656207,-0.684346108741603,-2.141900360395,-3.83638254356428,-4.75806315595507,-8.30672024916594,-27.778217178059,-44.7898099277781,-13.6053665476386,-0.982989606096635,0.378280979211746
0.0312633700075895,0.344536372201727,0.819526339809407,0.151026543953343,0.0854044542205386,0.013155135804898,0.000210751701198281,9.55558499269708e-13,3.11911578695035e-20,1.44601732607269e-05,-3.83351257689093,-1.43376003725239,-0.567233162834153,-2.25850409268212,-2.82856144523512,-4.69914746393629,-8.83303431183621,-28.0446848322155,-45.2823567226804,-11.5123167820723,0.368204422836532,0.854140666084846
0.0332022547299787,0.365903752244478,0.87035154193785,0.160392874540074,0.0907010486526806,0.0139709880891169,0.000223822053293135,1.01482011358491e-12,3.31255641555862e-20,1.53569610674003e-05,-3.83351257689093,-1.43376003725239,-0.567233162834153,-2.25850409268212,-2.82856144523512,-4.69914746393629,-8.83303431183621,-28.0446848322155,-45.2823567226804,-11.5123167820723,0.428375085078796,0.465184151838878
0.0252506679087898,0.278273695857261,0.661911605946824,0.121980487255607,0.068979112326366,0.010625085057173,0.000170219052420721,7.71781491458645e-13,2.51923439111736e-20,1.16791322503472e-05,-3.83351257689093,-1.43376003725239,-0.567233162834153,-2.25850409268212,-2.82856144523512,-4.69914746393629,-8.83303431183621,-28.0446848322155,-45.2823567226804,-11.5123167820723,0.154609905113582,0.424158890717052
0.182651044945412,2.01289651080706,4.78794647826319,0.88234749039773,0.498961334065621,0.0768566952500683,0.00123128179842879,5.58269176853654e-12,1.82229157526495e-19,8.4481159757323e-05,-3.83351257689093,-1.43376003725239,-0.567233162834153,-2.25850409268212,-2.82856144523512,-4.69914746393629,-8.83303431183621,-28.0446848322155,-45.2823567226804,-11.5123167820723,2.1333347721598,0.320935695211199
0.0157206678891237,0.173248817443288,0.412095734126078,0.0759431289511102,0.0429453082225947,0.00661501050510284,0.000105975699382431,4.80498993294765e-13,1.5684356287395e-20,7.27124367577419e-06,-3.83351257689093,-1.43376003725239,-0.567233162834153,-2.25850409268212,-2.82856144523512,-4.69914746393629,-8.83303431183621,-28.0446848322155,-45.2823567226804,-11.5123167820723,-0.319266429407195,0.102986590275926
0.0225478392082945,0.24848731022688,0.591060660846823,0.108923709389541,0.061595595771325,0.00948777712767723,0.000151998823874066,6.89170085963927e-13,2.24957582049331e-20,1.04289992258607e-05,-3.83351257689093,-1.43376003725239,-0.567233162834153,-2.25850409268212,-2.82856144523512,-4.69914746393629,-8.83303431183621,-28.0446848322155,-45.2823567226804,-11.5123167820723,0.0413965370176572,0.336444840189194
0.318343144697129,3.36880105496471,7.00107181505713,1.28126340585291,0.286923947717403,0.0952634622390656,0.00472076454137751,5.06399729868919e-12,3.48160320146486e-19,9.79973190559138e-05,-3.65880648101947,-1.29962416339015,-0.568117820642178,-2.26633444745855,-3.76271916328351,-4.86529001353219,-7.86996558780957,-28.5230460389341,-45.0158049635226,-11.7447515106533,2.5141810744131,0.248281635341624
0.0815797467488167,2.22466938013447,2.72931396635527,0.622056033478444,0.0818146227588529,0.0414184658466791,0.00155724962302175,1.44421826955794e-12,1.12944218077903e-19,6.33023684278744e-05,-4.26100565503906,-0.955223094233076,-0.750781122370437,-2.22955650993448,-4.25813069462858,-4.93885986826317,-8.21966548152174,-29.0182843362895,-45.3822243069861,-11.4224192192041,1.75483140561223,0.93354997710096
0.0626550278163956,1.70859468740176,2.09617275484061,0.477752624079014,0.0628354177235564,0.0318102866600742,0.00119600173248778,1.10919118357538e-12,8.6743627032339e-20,4.86176019509368e-05,-4.26100565503906,-0.955223094233076,-0.750781122370437,-2.22955650993448,-4.25813069462858,-4.93885986826317,-8.21966548152174,-29.0182843362895,-45.3822243069861,-11.4224192192041,1.49089430663538,0.736528950194581
0.0949604563261004,2.58955963865304,3.17697602690897,0.724085660395529,0.0952338566979079,0.0482119223688899,0.00181266969694213,1.68109894155442e-12,1.31469328056326e-19,7.36852225214964e-05,-4.26100565503906,-0.955223094233076,-0.750781122370437,-2.22955650993448,-4.25813069462858,-4.93885986826317,-8.21966548152174,-29.0182843362895,-45.3822243069861,-11.4224192192041,1.90671093180277,1.52615793165038
0.107208633893484,2.92356589244181,3.58674834699214,0.817479585463298,0.107517297957469,0.0544303864420958,0.00204647123052913,1.89793023261089e-12,1.48426488299626e-19,8.31892805731575e-05,-4.26100565503906,-0.955223094233076,-0.750781122370437,-2.22955650993448,-4.25813069462858,-4.93885986826317,-8.21966548152174,-29.0182843362895,-45.3822243069861,-11.4224192192041,2.0280271615016,2.144065314435
0.0281297314182121,0.767094219478081,0.94110207360582,0.21449281036265,0.0282107196455872,0.014281612366471,0.000536959421823031,4.9798477748436e-13,3.89445989524043e-20,2.18274595469818e-05,-4.26100565503906,-0.955223094233076,-0.750781122370437,-2.22955650993448,-4.25813069462858,-4.93885986826317,-8.21966548152174,-29.0182843362895,-45.3822243069861,-11.4224192192041,0.690077450635823,1.68715502852959
0.146539128907154,3.99610351911336,4.9025806904657,1.11737965500233,0.146961029284191,0.0743986853076508,0.00279723843653524,2.59420377737184e-12,2.02878140614913e-19,0.000113708050059802,-4.26100565503906,-0.955223094233076,-0.750781122370437,-2.22955650993448,-4.25813069462858,-4.93885986826317,-8.21966548152174,-29.0182843362895,-45.3822243069861,-11.4224192192041,2.34054286036786,2.02929961709476
0.024372762021378,1.79298870290159,1.90687353219492,0.506745056366676,0.0429870577156942,0.0305716959707488,0.00126038885279803,9.01301245342684e-13,5.2567411409472e-20,2.1723608872767e-05,-5.17425689033206,-0.876083915576297,-0.814502802766289,-2.13971505877517,-4.60682400146016,-4.94764847585817,-8.13630280180934,-29.1949046571421,-45.8521583895988,-12.1970787318486,1.45996780951106,1.04011306808036
0.0669649983383487,4.92629786501703,5.23920033367045,1.39229939667061,0.118108413235112,0.0839967816567531,0.00346296153711517,2.47635603809634e-12,1.44430763103458e-19,5.96863593380103e-05,-5.17425689033206,-0.876083915576297,-0.814502802766289,-2.13971505877517,-4.60682400146016,-4.94764847585817,-8.13630280180934,-29.1949046571421,-45.8521583895988,-12.1970787318486,2.47067168137528,0.631249478648831
0.00322891145153759,0.103387521121045,0.318227546472752,0.0347346873197058,0.00495098525135685,0.00152661274190217,6.70598248229512e-05,1.01977764226485e-13,5.71761729206309e-21,2.23603186375852e-06,-4.97230997182875,-1.50597077104605,-0.38168835851562,-2.59671621812963,-4.54486844290139,-5.72140365341816,-8.84662519054514,-29.150721364543,-45.847434552971,-12.2475075138058,-0.763300238627961,0.30463452946764
0.00868083201875217,0.277954263273341,0.85554525608131,0.0933831696445754,0.0133105760066235,0.00410425277033496,0.0001802883365593,2.74164173959145e-13,1.53716433556197e-20,6.0115048954414e-06,-4.97230997182875,-1.50597077104605,-0.38168835851562,-2.59671621812963,-4.54486844290139,-5.72140365341816,-8.84662519054514,-29.150721364543,-45.847434552971,-12.2475075138058,0.225672071620057,0.127854092227578
0.00218878315087444,0.0525851277399478,0.179758733232198,0.0200329147988265,0.00405082285559017,0.00174609935072525,2.68317958340975e-05,6.75586587471699e-14,3.74237318378516e-21,1.24918091796126e-06,-4.7788369153073,-1.59974932866321,-0.370567084983765,-2.5648060050918,-4.16326263113996,-5.00479830813806,-9.18035034881661,-28.9802075427925,-45.6889943884246,-12.2474498739204,-1.34557261314102,0.208827918054512
2.59283605134293,62.2924271479972,212.942485363145,23.7310231866173,4.79861128928282,2.06843210757456,0.0317849886285569,8.00300961335775e-11,4.43322131048963e-18,0.00147978173052257,-4.7788369153073,-1.59974932866321,-0.370567084983765,-2.5648060050918,-4.16326263113996,-5.00479830813806,-9.18035034881661,-28.9802075427925,-45.6889943884246,-12.2474498739204,5.73158919246147,0.0735371795489481
0.311202952365205,10.3787753030247,33.2753837749535,2.74271492598928,1.24235339994301,0.288549080342193,0.00592818714136088,1.00297929962866e-11,1.01865398720721e-18,0.000541070733579757,-5.04361149544898,-1.5365386112051,-0.371483598114022,-2.86735321702637,-3.65929401170672,-5.11919158076071,-9.00433831819196,-29.2017626483845,-45.3043510342083,-11.3982620374366,3.8763014957608,0.0966555648690491
0.0474941421714168,1.58395357775584,5.07831238683582,0.418578588797366,0.189601379278667,0.0440368285102939,0.000904728444157391,1.53069375112e-12,1.5546156270113e-19,8.25753423935156e-05,-5.04361149544898,-1.5365386112051,-0.371483598114022,-2.86735321702637,-3.65929401170672,-5.11919158076071,-9.00433831819196,-29.2017626483845,-45.3043510342083,-11.3982620374366,1.99646259719555,0.100637775119317
0.00403973678904966,0.134727257881879,0.431948961228606,0.0356032817304124,0.0161270344532625,0.00374566605633249,7.69540118604745e-05,1.30197105926241e-13,1.32231842794471e-20,7.02365877736003e-06,-5.04361149544898,-1.5365386112051,-0.371483598114022,-2.86735321702637,-3.65929401170672,-5.11919158076071,-9.00433831819196,-29.2017626483845,-45.3043510342083,-11.3982620374366,-0.467964244907862,0.0799646439301995
0.151186416959907,5.04214320131148,16.1656115652697,1.33244636418538,0.603551340717749,0.140180873100515,0.00287998994276365,4.87260308565017e-12,4.94875274406301e-19,0.000262859156412482,-5.04361149544898,-1.5365386112051,-0.371483598114022,-2.86735321702637,-3.65929401170672,-5.11919158076071,-9.00433831819196,-29.2017626483845,-45.3043510342083,-11.3982620374366,3.15436984125563,0.115065532881442
0.0863854311184376,2.88099766476839,9.23676446892287,0.761337929206124,0.344859305607065,0.080097044435932,0.00164557886763318,2.78412523219294e-12,2.82763589408831e-19,0.000150193397044014,-5.04361149544898,-1.5365386112051,-0.371483598114022,-2.86735321702637,-3.65929401170672,-5.11919158076071,-9.00433831819196,-29.2017626483845,-45.3043510342083,-11.3982620374366,2.5946752567443,0.456530521475953
0.0658669775542298,5.21401322309646,12.1164833997526,0.933227083033678,1.16631241800492,0.0859649870862626,0.00174874437516721,4.15701876092374e-12,3.11339094582005e-19,0.000306988788371169,-5.69482707889355,-1.32335916491545,-0.480142226494139,-3.04381573407276,-2.8208620244901,-5.42852420903003,-9.32356626497623,-29.180931959075,-45.5881133149029,-11.0634083475064,2.97470901649881,0.316310506963299
0.178022684009974,14.0922304758087,32.747956194139,2.52228956423074,3.15226346732629,0.232342796044942,0.00472643772151678,1.12354272926849e-11,8.41475095909643e-19,0.000829717258876953,-5.69482707889355,-1.32335916491545,-0.480142226494139,-3.04381573407276,-2.8208620244901,-5.42852420903003,-9.32356626497623,-29.180931959075,-45.5881133149029,-11.0634083475064,3.96898278034221,0.368745972376373
0.0347973197358072,2.10477941894175,3.03694185547853,0.309726759991484,0.260193352659228,0.014141395745184,0.000231618017443397,1.60800514831005e-12,1.04459363022059e-19,8.80660732364395e-05,-5.10930858972073,-1.00688300292462,-0.640242634967358,-2.92315846503063,-3.09742393574067,-6.0097425898574,-10.1215146952341,-28.9071204189584,-45.4565825031691,-11.0885168684542,1.7510936754669,0.496905982838411
0.00775040735696543,0.46879754007517,0.676418088464338,0.0689854442098564,0.0579528679218489,0.00314971320933236,5.1588283236419e-05,3.58151002034681e-13,2.3266234923174e-20,1.96149573327166e-05,-5.10930858972073,-1.00688300292462,-0.640242634967358,-2.92315846503063,-3.09742393574067,-6.0097425898574,-10.1215146952341,-28.9071204189584,-45.4565825031691,-11.0885168684542,0.249298714911596,0.197481938110693
0.00558927746048323,0.338077652385236,0.487805118052163,0.0497494867901424,0.0417932430551336,0.00227144461408033,3.72033643443533e-05,2.58283885081584e-13,1.67786590377773e-20,1.41455066628935e-05,-5.10930858972073,-1.00688300292462,-0.640242634967358,-2.92315846503063,-3.09742393574067,-6.0097425898574,-10.1215146952341,-28.9071204189584,-45.4565825031691,-11.0885168684542,-0.0775966661761462,0.239597386542241
0.155837196737936,6.85651281517564,16.5773186839054,1.80396937360464,1.66803944463039,0.0610506177419697,0.000802723833472128,5.66235328335248e-12,4.19313055928213e-19,0.000530408958106268,-5.15936463083245,-1.3752222269938,-0.492385786784959,-2.71043175894607,-2.78877225198793,-6.09647316335786,-10.4279210251415,-29.1976027391846,-45.6160903652487,-10.8422834333994,3.30042120350483,1.31108688821487
0.00954983320386385,0.420172815705832,1.01587189523702,0.110548745635959,0.102218846380263,0.00374123270074668,4.91915850572976e-05,3.46993725049492e-13,2.56958532888063e-20,3.25039026996114e-05,-5.15936463083245,-1.3752222269938,-0.492385786784959,-2.71043175894607,-2.78877225198793,-6.09647316335786,-10.4279210251415,-29.1976027391846,-45.6160903652487,-10.8422834333994,0.508133040626435,1.14548374244467
0.0552447803609953,2.08300165329599,3.18526116845245,0.361325298936124,0.267375411338612,0.00451929635038252,0.000227641558640187,1.91848483004918e-12,2.76795790389933e-19,0.000117661951707841,-4.68056065448235,-1.05076928234347,-0.626044953154594,-2.80255585964555,-3.10368081147848,-7.18397821028175,-10.1723175156317,-28.7640646307795,-44.515586175707,-10.8322740993046,1.78457923833106,1.07854079613366
0.043156975865707,1.62723159531271,2.48831180927152,0.282265710967789,0.208872478066199,0.00353045413972069,0.000177832569666668,1.49871178721554e-12,2.16231636138818e-19,9.19169915598485e-05,-4.68056065448235,-1.05076928234347,-0.626044953154594,-2.80255585964555,-3.10368081147848,-7.18397821028175,-10.1723175156317,-28.7640646307795,-44.515586175707,-10.8322740993046,1.53764944544888,0.822956948587859
0.00718180164733773,0.561100188236845,0.633268930570123,0.114786789999483,0.0373858330154534,0.00101204027934768,2.66921713690868e-05,2.51909299286679e-13,2.88272400084582e-20,1.41937713590867e-05,-5.23984147529138,-0.881492274452836,-0.760496569945657,-2.46831534511443,-3.59009991640719,-7.19942338088779,-10.8347767164078,-29.3133437693586,-45.2966026528306,-11.4663437999761,0.303636473705817,0.379533818251135
0.0227558198708283,1.77786792785327,2.00653741518853,0.363706440952336,0.118458476521124,0.00320668927237718,8.45751906642231e-05,7.98184483482528e-13,9.1340239290622e-20,4.49735206004792e-05,-5.23984147529138,-0.881492274452836,-0.760496569945657,-2.46831534511443,-3.59009991640719,-7.19942338088779,-10.8347767164078,-29.3133437693586,-45.2966026528306,-11.4663437999761,1.45690712748818,0.210602921822379
0.0106971110759274,0.835744473744728,0.943237981760955,0.170972007160458,0.0556852483639154,0.00150740828180738,3.9757311050028e-05,3.75212500686028e-13,4.29374415397851e-20,2.11412617989458e-05,-5.23984147529138,-0.881492274452836,-0.760496569945657,-2.46831534511443,-3.59009991640719,-7.19942338088779,-10.8347767164078,-29.3133437693586,-45.2966026528306,-11.4663437999761,0.702059908418478,0.294591832751067
0.253635794895492,19.8160711264169,22.3648154704067,4.05386282644178,1.32033519447307,0.0357416778300693,0.000942672944078687,8.89654414081849e-12,1.01807600560771e-18,0.000501273727402559,-5.23984147529138,-0.881492274452836,-0.760496569945657,-2.46831534511443,-3.59009991640719,-7.19942338088779,-10.8347767164078,-29.3133437693586,-45.2966026528306,-11.4663437999761,3.86798555597625,0.294164290724617
0.294169119697736,22.9828609227955,25.9389179742657,4.70170726305063,1.53133686049368,0.0414535255488044,0.00109332072090519,1.031829343857e-11,1.18077388279682e-18,0.000581381863622099,-5.23984147529138,-0.881492274452836,-0.760496569945657,-2.46831534511443,-3.59009991640719,-7.19942338088779,-10.8347767164078,-29.3133437693586,-45.2966026528306,-11.4663437999761,4.01624103532964,0.176529157209681
0.00846022763676601,0.660981123208224,0.74599655782761,0.135219882249083,0.044040851200354,0.00119219265043774,3.14436205552619e-05,2.96751444893155e-13,3.3958750824266e-20,1.67203917093139e-05,-5.23984147529138,-0.881492274452836,-0.760496569945657,-2.46831534511443,-3.59009991640719,-7.19942338088779,-10.8347767164078,-29.3133437693586,-45.2966026528306,-11.4663437999761,0.46746227698453,0.128749096979931
0.00532626174673604,0.41613046634338,0.469653193713924,0.0851296817465721,0.0277265708575907,0.000750562559471944,1.97957975284923e-05,1.86824272003542e-13,2.13792350806496e-20,1.05265705103183e-05,-5.23984147529138,-0.881492274452836,-0.760496569945657,-2.46831534511443,-3.59009991640719,-7.19942338088779,-10.8347767164078,-29.3133437693586,-45.2966026528306,-11.4663437999761,0.00473582758091062,0.285588322665518
0.0126123590401107,0.985379070464881,1.11211858994436,0.201583429844785,0.0656553288657472,0.00177729990230496,4.68755982688386e-05,4.42391851538265e-13,5.06251103797746e-20,2.49264668261066e-05,-5.23984147529138,-0.881492274452836,-0.760496569945657,-2.46831534511443,-3.59009991640719,-7.19942338088779,-10.8347767164078,-29.3133437693586,-45.2966026528306,-11.4663437999761,0.866763405721225,0.68690818485889
0.0398862942075399,3.11623855501733,3.51704935857946,0.637502941724333,0.207633461361483,0.00562066989790875,0.000148242997028487,1.39905401434866e-12,1.60100742491957e-19,7.88293757114483e-05,-5.23984147529138,-0.881492274452836,-0.760496569945657,-2.46831534511443,-3.59009991640719,-7.19942338088779,-10.8347767164078,-29.3133437693586,-45.2966026528306,-11.4663437999761,2.01811895762377,0.42557814565476
0.0124527494937003,0.972909087174755,1.09804471660067,0.1990323892584,0.064824459935806,0.00175480815192424,4.62823870421668e-05,4.36793377649664e-13,4.99844490348988e-20,2.46110221062824e-05,-5.23984147529138,-0.881492274452836,-0.760496569945657,-2.46831534511443,-3.59009991640719,-7.19942338088779,-10.8347767164078,-29.3133437693586,-45.2966026528306,-11.4663437999761,0.854027637705259,1.04650369930864
0.0235816978747958,1.84239216929602,2.07936076871957,0.376906455330586,0.122757695388984,0.0033230697917629,8.76446818997586e-05,8.27153029189001e-13,9.46552547431727e-20,4.6605746625986e-05,-5.23984147529138,-0.881492274452836,-0.760496569945657,-2.46831534511443,-3.59009991640719,-7.19942338088779,-10.8347767164078,-29.3133437693586,-45.2966026528306,-11.4663437999761,1.4925570936946,0.505217602312749
0.0156914082888033,1.11094846202744,1.82499560735031,0.470487177614356,0.073941801985578,0.00335009430231267,6.90728112846194e-05,1.41714367323991e-12,5.96530636936152e-20,0.000138301666248731,-5.40729690070267,-1.14744082076414,-0.651077361431231,-2.00664151453888,-3.85713189638541,-6.95142172512873,-10.8330043152596,-28.5350327093438,-45.5183963860144,-10.1387282128229,1.25265494153145,0.311403335007639
0.00858111708133577,0.69216541376163,1.39784646550777,0.28992503750767,0.0880056328218414,0.00700788119126032,4.2469724885098e-05,2.24441921841701e-13,4.40326472463177e-20,0.000436415322919746,-5.66806554210768,-1.27780467881206,-0.574941550716487,-2.14800724487966,-3.34022882132387,-5.87059424290418,-10.976593455635,-30.0350337853445,-45.4792299753296,-8.6467905566339,0.909874364110534,0.245513410131606
0.000206347057594267,0.0166442544886007,0.0336135146965241,0.00697172382634623,0.00211624002007925,0.00016851601604784,1.02125430568229e-06,5.39707473209633e-15,1.05883734148393e-21,1.04943233986878e-05,-5.66806554210768,-1.27780467881206,-0.574941550716487,-2.14800724487966,-3.34022882132387,-5.87059424290418,-10.976593455635,-30.0350337853445,-45.4792299753296,-8.6467905566339,-2.81788551905569,0.273126098142594
7.5217604331128e-05,0.00606716162132931,0.0122527942879276,0.00254133192103524,0.000771411554668285,6.14274376689567e-05,3.722674952667e-07,1.96734102476307e-15,3.85967258904953e-22,3.82538948860363e-06,-5.66806554210768,-1.27780467881206,-0.574941550716487,-2.14800724487966,-3.34022882132387,-5.87059424290418,-10.976593455635,-30.0350337853445,-45.4792299753296,-8.6467905566339,-3.82705971214999,0.206982109438712
0.000332260092995339,0.0268005834863632,0.0541244912778324,0.0112258717613232,0.00340757030446518,0.000271344538739936,1.64442398420376e-06,8.69037132535756e-15,1.70494019953577e-21,1.68979626316127e-05,-5.66806554210768,-1.27780467881206,-0.574941550716487,-2.14800724487966,-3.34022882132387,-5.87059424290418,-10.976593455635,-30.0350337853445,-45.4792299753296,-8.6467905566339,-2.34152694101105,0.423708309962447
0.00259661255652859,0.209446554281076,0.42298288789594,0.0877301854419228,0.0266301612091355,0.00212055751289837,1.28511730889697e-05,6.79152500707812e-14,1.3324107298998e-20,0.000132057574394323,-5.66806554210768,-1.27780467881206,-0.574941550716487,-2.14800724487966,-3.34022882132387,-5.87059424290418,-10.976593455635,-30.0350337853445,-45.4792299753296,-8.6467905566339,-0.285482004184378,0.606780887385821
0.0082610414723463,0.66634764851833,1.34570680181593,0.279110835573122,0.0847230233138997,0.00674648727031066,4.08856044346523e-05,2.16070239677791e-13,4.23902298023887e-20,0.000420137034331924,-5.66806554210768,-1.27780467881206,-0.574941550716487,-2.14800724487966,-3.34022882132387,-5.87059424290418,-10.976593455635,-30.0350337853445,-45.4792299753296,-8.6467905566339,0.8718609289507,0.371152215976383
0.00805342799221154,0.649601242541359,1.31188698947129,0.272096323890711,0.0825937952042699,0.00657693701377669,3.98580823416443e-05,2.10640041250241e-13,4.13248940136208e-20,0.000409578303677547,-5.66806554210768,-1.27780467881206,-0.574941550716487,-2.14800724487966,-3.34022882132387,-5.87059424290418,-10.976593455635,-30.0350337853445,-45.4792299753296,-8.6467905566339,0.846408101454746,1.18742512573705
0.0191803526140115,1.54711520392222,3.12444030940958,0.648035028344116,0.196708546631248,0.0156638851388971,9.49275357736333e-05,5.01668391362878e-13,9.84209506416947e-20,0.000975467378013611,-5.66806554210768,-1.27780467881206,-0.574941550716487,-2.14800724487966,-3.34022882132387,-5.87059424290418,-10.976593455635,-30.0350337853445,-45.4792299753296,-8.6467905566339,1.71419671687542,0.993925929093558
0.00313970028922347,0.251609290691301,0.390870848007028,0.0330334677425852,0.0220110887214499,0.00056147089491096,7.39270779505178e-06,1.0792712532283e-14,9.93038739231167e-21,0.000184690341039694,-5.40897658211767,-1.02522647760983,-0.584726734772509,-3.05558270663317,-3.46155756902073,-7.13029926886825,-11.4603651259219,-31.8052539032748,-45.7040361124697,-8.24217861673436,-0.354651350791773,0.569234732443054
0.0147006403400677,1.21272181530079,0.862967022606101,0.158730226999169,0.0929676001443924,0.00329078005105633,4.19335302599692e-05,5.04345883648155e-14,1.76111526294436e-20,0.000776363204733538,-5.0726596816929,-0.659928188543351,-1.00017425723179,-2.69334465939837,-3.22829968816894,-6.56942610081808,-10.9322202622889,-31.4708946342297,-46.3385500354843,-8.01368555603956,0.852795456095549,0.564303941014694
0.0105340092274042,1.10205742496057,1.41706139871515,0.251139319385095,0.136682841578122,0.00684794946044164,0.00013117081191949,7.30002568141739e-14,1.60486809084258e-20,0.00109605344718022,-5.62662883643659,-0.976303735341573,-0.724897264635185,-2.45522999100576,-3.06357461642362,-6.05728857484166,-10.0124927308095,-31.3217959902453,-46.6521428475465,-7.88952188044915,1.07348255447921,0.565836020528063
0.0105232668277698,1.10093356594133,1.41561630411509,0.250883211869476,0.136543454790462,0.00684096604053076,0.000131037046203931,7.29258124202891e-14,1.60323147424009e-20,0.00109493571091323,-5.62662883643659,-0.976303735341573,-0.724897264635185,-2.45522999100576,-3.06357461642362,-6.05728857484166,-10.0124927308095,-31.3217959902453,-46.6521428475465,-7.88952188044915,1.07246225151712,1.22702427551779
0.0308464779315601,3.22712742171531,4.14954574459813,0.735405039612665,0.400244974666823,0.0200526805462088,0.000384104234939655,2.13764841306441e-13,4.69949542273562e-20,0.00320954612250575,-5.62662883643659,-0.976303735341573,-0.724897264635185,-2.45522999100576,-3.06357461642362,-6.05728857484166,-10.0124927308095,-31.3217959902453,-46.6521428475465,-7.88952188044915,2.14789613375372,0.687187968320975
0.00888568890329707,0.239842430110238,0.535917996773052,0.181518703505421,0.0504200442155426,0.0046305778948321,4.06978300063389e-05,3.19339360530024e-14,6.73822516273028e-21,0.000590297932078292,-4.74492450815271,-1.44938433577923,-0.645385344024898,-1.72800780428401,-3.00897770359241,-5.39668482668845,-10.1309470070489,-31.0967183477831,-46.4681016149139,-7.45649440220872,0.0216112233141788,1.55513697804163
0.0303166547521745,0.818306855856344,1.82847284667112,0.619314937212608,0.172025724702651,0.0157988460848079,0.000138854969478737,1.08953861060527e-13,2.29898264641146e-20,0.00201400913339424,-4.74492450815271,-1.44938433577923,-0.645385344024898,-1.72800780428401,-3.00897770359241,-5.39668482668845,-10.1309470070489,-31.0967183477831,-46.4681016149139,-7.45649440220872,1.24886645246512,3.41120069425548
0.030709405554421,1.06345363841226,1.67968137424852,0.765335381258781,0.23396382902155,0.0140825574375498,0.000354326859835002,9.36981818014557e-14,1.54141432566511e-20,0.0011518816827418,-4.81521780404924,-1.27050974128794,-0.813427385347065,-1.59947263694303,-2.78462025499309,-5.59484981114592,-9.27732224056228,-31.3307291129109,-46.9510329742209,-8.09838993052579,1.33203150258944,1.22821425619886
0.0031774890216165,0.110035091856951,0.173795911387156,0.0791889236506032,0.0242081370430275,0.00145711617812988,3.66620482182367e-05,9.6949106843487e-15,1.59489479172226e-21,0.000119184703677415,-4.81521780404924,-1.27050974128794,-0.813427385347065,-1.59947263694303,-2.78462025499309,-5.59484981114592,-9.27732224056228,-31.3307291129109,-46.9510329742209,-8.09838993052579,-0.936446205895477,1.25142944130925
0.00361129982338063,0.125057775207205,0.197523623158709,0.090000293957787,0.0275131842889529,0.00165605085050726,4.1667381808273e-05,1.10185209150677e-14,1.81263986766732e-21,0.000135456549625136,-4.81521780404924,-1.27050974128794,-0.813427385347065,-1.59947263694303,-2.78462025499309,-5.59484981114592,-9.27732224056228,-31.3307291129109,-46.9510329742209,-8.09838993052579,-0.808469705516541,0.721785911182506
0.0077978327595072,0.0975501465701399,0.214437714195667,0.0874156601352728,0.0175903569231797,0.000475914555280933,4.49977585681129e-05,7.66093339571422e-15,1.61394816044639e-21,5.85824124783485e-05,-3.99911636822799,-1.47259564238951,-0.684942892480056,-1.58228776761028,-3.18561136217163,-6.79547915854659,-9.15410481202031,-31.6478494983436,-47.0208104352139,-8.89028296777299,-0.854793067011669,0.716839790592205
0.238460238211107,2.98311491231752,6.55757439093571,2.67319905185498,0.537918782241863,0.0145536204379429,0.00137604595508101,2.3427381155798e-13,4.9355054753027e-20,0.0017914690485682,-3.99911636822799,-1.47259564238951,-0.684942892480056,-1.58228776761028,-3.18561136217163,-6.79547915854659,-9.15410481202031,-31.6478494983436,-47.0208104352139,-8.89028296777299,2.56556366957959,1.06533814891396
0.0988835462921245,1.23702376438009,2.71926345337324,1.10850934384352,0.223061577075699,0.00603502542431956,0.000570612127707781,9.71475389943937e-14,2.04663170599565e-20,0.000742877780899369,-3.99911636822799,-1.47259564238951,-0.684942892480056,-1.58228776761028,-3.18561136217163,-6.79547915854659,-9.15410481202031,-31.6478494983436,-47.0208104352139,-8.89028296777299,1.68530394691693,1.07117866601047
0.0460101190977719,0.575582216254262,1.26526242271194,0.515784969731568,0.103789660790181,0.00280807322292748,0.000265503543702892,4.52023618366475e-14,9.52289557495732e-21,0.00034565806401495,-3.99911636822799,-1.47259564238951,-0.684942892480056,-1.58228776761028,-3.18561136217163,-6.79547915854659,-9.15410481202031,-31.6478494983436,-47.0208104352139,-8.89028296777299,0.920222441929156,1.59396935133303
0.0518870607582276,0.649102197772543,1.42687629351378,0.581666959082887,0.11704687014724,0.00316675263591408,0.000299416710362391,5.09761274481704e-14,1.07392693386007e-20,0.000389809488017247,-3.99911636822799,-1.47259564238951,-0.684942892480056,-1.58228776761028,-3.18561136217163,-6.79547915854659,-9.15410481202031,-31.6478494983436,-47.0208104352139,-8.89028296777299,1.04043053731773,0.632196276928787
0.050925083310614,0.637067951347154,1.40042224514726,0.570882950729302,0.114876840707337,0.00310804157050772,0.000293865574518536,5.00310385521099e-14,1.05401650772181e-20,0.000382582485160299,-3.99911636822799,-1.47259564238951,-0.684942892480056,-1.58228776761028,-3.18561136217163,-6.79547915854659,-9.15410481202031,-31.6478494983436,-47.0208104352139,-8.89028296777299,1.02171668730464,0.804680175854489
0.0572225635352966,0.715848830328093,1.57360078157162,0.641479282813787,0.129082701269526,0.0034923871435602,0.000330205478627436,5.62179597198279e-14,1.18435793639225e-20,0.000429893269512118,-3.99911636822799,-1.47259564238951,-0.684942892480056,-1.58228776761028,-3.18561136217163,-6.79547915854659,-9.15410481202031,-31.6478494983436,-47.0208104352139,-8.89028296777299,1.13830937725008,3.4310766475665
0.0535414393733853,0.669798316985201,1.4723711354256,0.60021295810824,0.120778818654499,0.00326772208309017,0.000308963379520479,5.26014616625473e-14,1.10816825968692e-20,0.000402238260654152,-3.99911636822799,-1.47259564238951,-0.684942892480056,-1.58228776761028,-3.18561136217163,-6.79547915854659,-9.15410481202031,-31.6478494983436,-47.0208104352139,-8.89028296777299,1.07181701105187,1.26430234277017
0.20509381909177,2.56570418090068,5.64000936132903,2.29915312863216,0.462650789241891,0.0125172130147218,0.0011835034733275,2.01493175910842e-13,4.2449075563786e-20,0.0015407987164312,-3.99911636822799,-1.47259564238951,-0.684942892480056,-1.58228776761028,-3.18561136217163,-6.79547915854659,-9.15410481202031,-31.6478494983436,-47.0208104352139,-8.89028296777299,2.41482861779876,2.09944441817019
0.0612809360078111,0.766618684175925,1.68520462628085,0.6869746556566,0.138237580903448,0.00374007628873536,0.000353624506750992,6.02050830867695e-14,1.26835566997323e-20,0.000460382414061385,-3.99911636822799,-1.47259564238951,-0.684942892480056,-1.58228776761028,-3.18561136217163,-6.79547915854659,-9.15410481202031,-31.6478494983436,-47.0208104352139,-8.89028296777299,1.20682988884044,2.09137103130759
0.0406815973907958,0.508922916221962,1.11872991167638,0.45605090554655,0.0917695775709887,0.00248286478146809,0.000234755060029255,3.99673880748685e-14,8.42003044920971e-21,0.000305626728877976,-3.99911636822799,-1.47259564238951,-0.684942892480056,-1.58228776761028,-3.18561136217163,-6.79547915854659,-9.15410481202031,-31.6478494983436,-47.0208104352139,-8.89028296777299,0.79713692688231,4.13864399296287
0.0203918361588347,0.724308391577709,1.21313392408772,0.269871028889306,0.0514278731026677,0.00470470398338274,0.000169539268348823,2.91129764487105e-14,5.91762426333566e-21,0.000195681963902432,-4.71863780434509,-1.14855517989576,-0.632810126629472,-2.13582826270914,-3.79359213306272,-6.18520958107584,-9.50844314412504,-31.9936095518802,-47.4023690492172,-9.36503700760362,0.826017157824002,0.442585825502869
0.0838202977022793,2.97725739543075,4.98656648070961,1.10930030069518,0.21139340273647,0.0193386061665364,0.000696888295616682,1.19668397388194e-13,2.43242944666425e-20,0.000804347403613401,-4.71863780434509,-1.14855517989576,-0.632810126629472,-2.13582826270914,-3.79359213306272,-6.18520958107584,-9.50844314412504,-31.9936095518802,-47.4023690492172,-9.36503700760362,2.23955771953908,1.84886013756573
0.0397491803809855,1.41187211803928,2.36472472607446,0.526051314034105,0.100246774672261,0.00917073508329465,0.000330477692482734,5.67490314885557e-14,1.1535043359414e-20,0.000381436846583008,-4.71863780434509,-1.14855517989576,-0.632810126629472,-2.13582826270914,-3.79359213306272,-6.18520958107584,-9.50844314412504,-31.9936095518802,-47.4023690492172,-9.36503700760362,1.49347174690444,1.80078918561379
0.0523175978482651,1.85829637181882,3.11243442140995,0.692385121690537,0.131944115391065,0.0120704584462401,0.000434972466033666,7.46926849620535e-14,1.51823447390832e-20,0.000502044554196302,-4.71863780434509,-1.14855517989576,-0.632810126629472,-2.13582826270914,-3.79359213306272,-6.18520958107584,-9.50844314412504,-31.9936095518802,-47.4023690492172,-9.36503700760362,1.76821531877181,1.65402860848295
0.0434306266093535,1.11636880507454,3.33328268024229,0.304390592242789,0.0860071289545673,0.0427597025138286,0.000296355793859732,9.61948537682888e-14,2.73050414689541e-20,0.00115900502161062,-4.73146171657807,-1.48479003220616,-0.39091370378566,-2.78431487144514,-4.04819640341249,-4.74703046203177,-9.71882113125734,-31.5672718458709,-46.6420869106097,-8.35506469399297,1.59487131206882,1.83446751446173
0.0361663944311608,0.929644301431147,2.77575585654195,0.253478042562169,0.0716215259255016,0.0356076894948868,0.000246787149287469,8.01052458884512e-14,2.27379841559255e-20,0.000965149159285632,-4.73146171657807,-1.48479003220616,-0.39091370378566,-2.78431487144514,-4.04819640341249,-4.74703046203177,-9.71882113125734,-31.5672718458709,-46.6420869106097,-8.35506469399297,1.411836794631,0.818969119701899
0.0607216565541297,1.33345574998652,2.57227372634936,0.235543255624248,0.0418031098581811,0.0286295424471899,0.000425985046813331,1.0554023788697e-13,4.49293762894714e-20,0.0014623183292268,-4.25407880057195,-1.16485005543113,-0.507833709959965,-2.89848464286345,-4.62740847985608,-5.00594007774422,-9.21373024984643,-31.3323080490958,-46.0018190478755,-7.98035614206452,1.4526239361583,1.26267332850064
0.0391576480020661,0.85990722005018,1.65878526471954,0.151895063745057,0.0269576219443082,0.0184623676168635,0.000274705491645973,6.8059860678344e-14,2.8973661153779e-20,0.000943006987165904,-4.25407880057195,-1.16485005543113,-0.507833709959965,-2.89848464286345,-4.62740847985608,-5.00594007774422,-9.21373024984643,-31.3323080490958,-46.0018190478755,-7.98035614206452,1.01391927621411,0.656314161548357
0.0597517917671941,2.05493803058836,2.77405502365548,0.740610261235937,0.0342909808906556,0.0291985346472908,0.000488681734046455,2.60020063203167e-13,5.22158675732389e-20,0.00102170553604149,-4.55703143589237,-1.01922964294563,-0.719165177819534,-2.03975609030528,-5.11234824218907,-5.27311208928678,-9.36327446601305,-30.717492935714,-46.1383758626867,-8.62575728892838,1.73947533500769,1.12568786346525
0.0364379147402578,1.25314496085459,1.69167781328759,0.451639904955814,0.0209113702049607,0.0178058880671522,0.000298008525496343,1.58565770390091e-13,3.18423477263302e-20,0.000623057788074053,-4.55703143589237,-1.01922964294563,-0.719165177819534,-2.03975609030528,-5.11234824218907,-5.27311208928678,-9.36327446601305,-30.717492935714,-46.1383758626867,-8.62575728892838,1.24488600319309,0.435275898043911
0.0152147122793628,1.02853786944082,1.71825983122991,0.484454267506922,0.0449346723712219,0.010263645801871,0.000290194391263408,1.1459056164e-13,1.69472274061231e-20,0.000428332935576934,-5.38013689448618,-1.1665062388445,-0.653332435690389,-1.91937673156341,-4.29719005741598,-5.77379164939172,-9.33960403318929,-30.9920554415304,-46.7188271956347,-8.95025426626405,1.19464448834639,0.55086994636957
0.00346816650376043,0.234453371259753,0.39167426120254,0.110430485461778,0.0102427783525492,0.00233957973853983,6.61492934522356e-05,2.61207139661789e-14,3.8630902341315e-21,9.7637728032509e-05,-5.38013689448618,-1.1665062388445,-0.653332435690389,-1.91937673156341,-4.29719005741598,-5.77379164939172,-9.33960403318929,-30.9920554415304,-46.7188271956347,-8.95025426626405,-0.28399231526523,0.582404948115888
0.00427921416286848,0.289281436095752,0.483269198278588,0.136255193309809,0.0126381020478187,0.00288670187589452,8.1618628487885e-05,3.22291703778101e-14,4.76649273453578e-21,0.000120470787136082,-5.38013689448618,-1.1665062388445,-0.653332435690389,-1.91937673156341,-4.29719005741598,-5.77379164939172,-9.33960403318929,-30.9920554415304,-46.7188271956347,-8.95025426626405,-0.073848998566475,0.858284490774565
0.0176197439547161,1.19112169684982,1.98986991788271,0.561033294255566,0.0520376203856248,0.0118860486974938,0.000336066221777419,1.32704208837558e-13,1.9626122542144e-20,0.000496040708076641,-5.38013689448618,-1.1665062388445,-0.653332435690389,-1.91937673156341,-4.29719005741598,-5.77379164939172,-9.33960403318929,-30.9920554415304,-46.7188271956347,-8.95025426626405,1.34140170439208,0.785941905477255
0.00652741677177785,0.441263378243643,0.737167935528784,0.207840598811276,0.0192778758273397,0.00440330993558071,0.000124499215090511,4.91616496061474e-14,7.27070051504744e-21,0.000183763421631186,-5.38013689448618,-1.1665062388445,-0.653332435690389,-1.91937673156341,-4.29719005741598,-5.77379164939172,-9.33960403318929,-30.9920554415304,-46.7188271956347,-8.95025426626405,0.348392886616023,2.39570097424448
0.00790649547918792,0.534491212557324,0.892912947563047,0.251752080853494,0.0233508052888882,0.00533361838478865,0.000150802762515725,5.95482675537137e-14,8.80681635058133e-21,0.000222588002753093,-5.38013689448618,-1.1665062388445,-0.653332435690389,-1.91937673156341,-4.29719005741598,-5.77379164939172,-9.33960403318929,-30.9920554415304,-46.7188271956347,-8.95025426626405,0.540066249700875,2.05321830956653
0.0148962843209537,0.950735160627636,2.83971586802072,1.16618869452337,0.0746776962705874,0.00910701255456852,0.000387721932213452,2.28658177394589e-13,2.36774846644773e-20,0.000745422199091336,-5.82730889108091,-1.67118515988395,-0.576961418822016,-1.46692451404589,-4.21523922831334,-6.31937597135349,-9.47588756434292,-30.7272136011572,-46.810427789959,-8.82222520943315,1.62066541951857,1.12782229174719
0.00759577159507902,0.484789828922649,1.44800090167895,0.594651845353326,0.0380789404858614,0.00464376120833809,0.00019770347934038,1.16595202630045e-13,1.20733977401582e-20,0.000380098596683929,-5.82730889108091,-1.67118515988395,-0.576961418822016,-1.46692451404589,-4.21523922831334,-6.31937597135349,-9.47588756434292,-30.7272136011572,-46.810427789959,-8.82222520943315,0.947145335491802,1.10103637012674
0.00622604153434787,0.397368663936296,1.18688584073104,0.4874194861316,0.0312122425064136,0.00380636118356132,0.000162052012550739,9.55698266059847e-14,9.89622645310002e-21,0.000311556188924196,-5.82730889108091,-1.67118515988395,-0.576961418822016,-1.46692451404589,-4.21523922831334,-6.31937597135349,-9.47588756434292,-30.7272136011572,-46.810427789959,-8.82222520943315,0.748294355208665,0.777358635294444
0.0265547141188098,1.69481864397921,5.06219144514221,2.07889475821133,0.133123457688528,0.0162345259832887,0.000691168673052127,4.07615241547206e-13,4.22084341820248e-20,0.0013288195209084,-5.82730889108091,-1.67118515988395,-0.576961418822016,-1.46692451404589,-4.21523922831334,-6.31937597135349,-9.47588756434292,-30.7272136011572,-46.810427789959,-8.82222520943315,2.19876090028949,0.338663936262759
0.0303970637091702,0.907211137925007,2.02904128825747,1.37167580500332,0.0913538052643551,0.0123384160188745,0.000428121329825272,1.37248712264899e-13,1.85321391164136e-20,0.00104698996238461,-4.98484995877239,-1.58882076385313,-0.783877285319415,-1.17540748737074,-3.88445603617212,-5.88647832528472,-9.24754461667874,-31.1084223919935,-46.9262211735507,-8.35327662918822,1.49144069502332,0.318825438198322
0.0472699006898095,1.41078693668254,3.15532385328781,2.13306718377409,0.142062580247826,0.0191872381313529,0.000665763408520429,2.13432884854888e-13,2.88189801483467e-20,0.00162815435131049,-4.98484995877239,-1.58882076385313,-0.783877285319415,-1.17540748737074,-3.88445603617212,-5.88647832528472,-9.24754461667874,-31.1084223919935,-46.9262211735507,-8.35327662918822,1.93296842367949,0.582947401770902
0.00667662813983749,0.199266332768082,0.44567311802505,0.301284669007571,0.0200656021497636,0.00271009780355157,9.40356261158783e-05,3.01462872608921e-14,4.07053137434136e-21,0.00022996835193906,-4.98484995877239,-1.58882076385313,-0.783877285319415,-1.17540748737074,-3.88445603617212,-5.88647832528472,-9.24754461667874,-31.1084223919935,-46.9262211735507,-8.35327662918822,-0.0242922295856052,0.473751364472663
0.00699468272548251,0.208758784582704,0.466903651749222,0.315636969084108,0.0210214673924872,0.00283919875329939,9.85152019547212e-05,3.15823661771775e-14,4.264439308482e-21,0.000240923356075208,-4.98484995877239,-1.58882076385313,-0.783877285319415,-1.17540748737074,-3.88445603617212,-5.88647832528472,-9.24754461667874,-31.1084223919935,-46.9262211735507,-8.35327662918822,0.0222449295498558,0.322247128564282
0.00313526039213149,0.171682505694393,0.374250372366174,0.201764420671683,0.0110765644178048,0.00163643088812683,0.00011717755366969,1.06893730868897e-14,5.29019538670815e-21,0.000191749357448303,-5.49566507124985,-1.49273042765625,-0.713452283310897,-1.33127651905434,-4.23354573893446,-6.14585971902352,-8.78244224334804,-31.9001483390064,-46.4190537951757,-8.28994349130361,-0.269377977405599,1.00840900419131
0.0151837400935193,0.652178631487163,1.44410531809575,0.469019892499787,0.0130923159730286,0.00969468879066666,0.000827287782367818,2.28896887856193e-14,1.55695760902902e-20,0.000146529634797891,-5.14467426756463,-1.3845808930811,-0.589654140394603,-1.7142542098986,-5.29287390099207,-5.59332120396051,-8.05450205313167,-32.3652339702984,-46.5661123066318,-9.7854269778292,0.957144113174968,0.959087004515891
0.00788321132797062,0.338603133610958,0.74976174066981,0.243509366389641,0.00679736961725269,0.00503336332320077,0.000429517653574513,1.18840452231879e-14,8.08353263759186e-21,7.60763863058453e-05,-5.14467426756463,-1.3845808930811,-0.589654140394603,-1.7142542098986,-5.29287390099207,-5.59332120396051,-8.05450205313167,-32.3652339702984,-46.5661123066318,-9.7854269778292,0.301654338365204,1.18164160067218
0.00723888712303546,0.310927839143291,0.688480922821655,0.223606439477537,0.00624179529708358,0.00462196780347594,0.000394411576985766,1.09127179719857e-14,7.42283542638001e-21,6.98583800795081e-05,-5.14467426756463,-1.3845808930811,-0.589654140394603,-1.7142542098986,-5.29287390099207,-5.59332120396051,-8.05450205313167,-32.3652339702984,-46.5661123066318,-9.7854269778292,0.216386470877256,0.520506092100143
0.0264790616867836,1.13734021443909,2.51838832623264,0.817928032838969,0.0228318082460231,0.0169066554709928,0.00144271464653097,3.99175353116314e-14,2.71519245714583e-20,0.000255534355491981,-5.14467426756463,-1.3845808930811,-0.589654140394603,-1.7142542098986,-5.29287390099207,-5.59332120396051,-8.05450205313167,-32.3652339702984,-46.5661123066318,-9.7854269778292,1.51327328423434,1.13348321799552
0.0248411956611441,1.06698987805413,2.36261306773992,0.767334981157168,0.0214195435867833,0.0158608919567611,0.00135347533238167,3.74484306398893e-14,2.54724385189554e-20,0.000239728242564162,-5.14467426756463,-1.3845808930811,-0.589654140394603,-1.7142542098986,-5.29287390099207,-5.59332120396051,-8.05450205313167,-32.3652339702984,-46.5661123066318,-9.7854269778292,1.44942237899595,2.36624792574865
0.0208974419797615,0.897596048667893,1.98752790232832,0.645513946530975,0.0180190066309055,0.0133428388043385,0.00113859947062555,3.1503169863691e-14,2.14284695992123e-20,0.000201669320117743,-5.14467426756463,-1.3845808930811,-0.589654140394603,-1.7142542098986,-5.29287390099207,-5.59332120396051,-8.05450205313167,-32.3652339702984,-46.5661123066318,-9.7854269778292,1.27654574674974,0.83613065164792
0.0320475800906516,1.37652164731911,3.04800270262546,0.989937424930711,0.0276333131450817,0.0204621070671145,0.00174611599646428,4.83121503719837e-14,3.28619453216296e-20,0.00030927295764524,-5.14467426756463,-1.3845808930811,-0.589654140394603,-1.7142542098986,-5.29287390099207,-5.59332120396051,-8.05450205313167,-32.3652339702984,-46.5661123066318,-9.7854269778292,1.70414066490675,0.601585675747158
0.0254815555928044,1.09449489732588,2.42351684883143,0.787115453192294,0.0219716996767932,0.0162697563217477,0.00138836541509631,3.84137816967571e-14,2.6129070720228e-20,0.000245907991845134,-5.14467426756463,-1.3845808930811,-0.589654140394603,-1.7142542098986,-5.29287390099207,-5.59332120396051,-8.05450205313167,-32.3652339702984,-46.5661123066318,-9.7854269778292,1.47487386894583,0.654570693911436
0.0406157734731528,1.7445464290988,3.86291217512255,1.25460562357126,0.0350213146776947,0.0259328256008869,0.00221295497412391,6.12288150917758e-14,4.16478661819393e-20,0.00039195971594608,-5.14467426756463,-1.3845808930811,-0.589654140394603,-1.7142542098986,-5.29287390099207,-5.59332120396051,-8.05450205313167,-32.3652339702984,-46.5661123066318,-9.7854269778292,1.94107548893098,0.961919976058151
0.040154011580304,1.72471263073975,3.81899461587498,1.24034197627419,0.0346231563472541,0.0256379945632778,0.00218779582558975,6.05327029379016e-14,4.11743703974998e-20,0.000387503514700143,-5.14467426756463,-1.3845808930811,-0.589654140394603,-1.7142542098986,-5.29287390099207,-5.59332120396051,-8.05450205313167,-32.3652339702984,-46.5661123066318,-9.7854269778292,1.92964133881111,0.754338968061104
0.0647476806678141,2.78107063936941,6.15806576053446,2.00003095675947,0.0558292679275766,0.0413408429099651,0.00352778464483846,9.76079839979272e-14,6.63929924128252e-20,0.000624843019165919,-5.14467426756463,-1.3845808930811,-0.589654140394603,-1.7142542098986,-5.29287390099207,-5.59332120396051,-8.05450205313167,-32.3652339702984,-46.5661123066318,-9.7854269778292,2.4074168687185,0.804442319477583
0.0971324833141795,4.17207681708337,9.23814125175407,3.00038505675543,0.0837533542435269,0.0620182637081302,0.00529227425008177,1.46428501827746e-13,9.96007294964453e-20,0.000937370319787923,-5.14467426756463,-1.3845808930811,-0.589654140394603,-1.7142542098986,-5.29287390099207,-5.59332120396051,-8.05450205313167,-32.3652339702984,-46.5661123066318,-9.7854269778292,2.81299484258208,1.11095750141902
0.0497353333311467,2.13625374437945,4.73026137950221,1.53630532060884,0.0428847368951735,0.0317555869354834,0.00270983521605524,7.49766720575573e-14,5.09991643630504e-20,0.000479967398327293,-5.14467426756463,-1.3845808930811,-0.589654140394603,-1.7142542098986,-5.29287390099207,-5.59332120396051,-8.05450205313167,-32.3652339702984,-46.5661123066318,-9.7854269778292,2.14363460130871,0.991507822897783
0.0381378623427064,1.63811410873189,3.62724134440452,1.17806390164584,0.0328847135983114,0.0243507004385324,0.0020779457081996,5.74933313265769e-14,3.9106988529079e-20,0.000368046805769165,-5.14467426756463,-1.3845808930811,-0.589654140394603,-1.7142542098986,-5.29287390099207,-5.59332120396051,-8.05450205313167,-32.3652339702984,-46.5661123066318,-9.7854269778292,1.87812653953607,3.62614861002111
0.0233933354918773,0.804112052124375,1.95451039121988,0.528446690687467,0.0375928008614855,0.0819446249165533,0.00180924629818202,6.69799851866541e-14,4.07147724786126e-20,0.000158221691247032,-4.98843777727337,-1.45115032325008,-0.562993949251485,-1.87094701989652,-4.51407638541813,-3.73484523778525,-7.54797860232119,-31.5675162207553,-45.880829638168,-9.98464707126667,1.23313367204995,5.08513589383422
0.0144562978753248,0.496914317955427,1.20782196389664,0.326562356807144,0.0232310919240269,0.0506390338174214,0.00111805361939214,4.13913876402673e-14,2.51603658264667e-20,9.77757062390257e-05,-4.98843777727337,-1.45115032325008,-0.562993949251485,-1.87094701989652,-4.51407638541813,-3.73484523778525,-7.54797860232119,-31.5675162207553,-45.880829638168,-9.98464707126667,0.751812657022217,2.01115269558274
0.061132152071613,2.10132925551179,5.10758401695598,1.38095242844116,0.0982386124398617,0.214140103004525,0.00472797561826402,1.75034066501832e-13,1.06397040455727e-19,0.000413469575285655,-4.98843777727337,-1.45115032325008,-0.562993949251485,-1.87094701989652,-4.51407638541813,-3.73484523778525,-7.54797860232119,-31.5675162207553,-45.880829638168,-9.98464707126667,2.193720446548,1.97884015647789
0.0380321188864663,1.30729904570699,3.17757899849377,0.859131327055259,0.0611171447584166,0.13322288811766,0.00294141339234202,1.08893866824468e-13,6.61927439923943e-20,0.000257231645056102,-4.98843777727337,-1.45115032325008,-0.562993949251485,-1.87094701989652,-4.51407638541813,-3.73484523778525,-7.54797860232119,-31.5675162207553,-45.880829638168,-9.98464707126667,1.71911353486302,1.18775017076103
0.060181991383265,2.06866885694568,5.0281982047297,1.35948865421567,0.0967117159630477,0.210811780660576,0.00465448995784298,1.7231355882337e-13,1.04743339714435e-19,0.000407043128269621,-4.98843777727337,-1.45115032325008,-0.562993949251485,-1.87094701989652,-4.51407638541813,-3.73484523778525,-7.54797860232119,-31.5675162207553,-45.880829638168,-9.98464707126667,2.17805565939539,1.16698091631951
0.0263485255450076,0.9056924333772,2.2014161678193,0.595203327613888,0.0423417547339995,0.0922963740523263,0.00203780142089664,7.54413089705643e-14,4.58581130119042e-20,0.00017820922865165,-4.98843777727337,-1.45115032325008,-0.562993949251485,-1.87094701989652,-4.51407638541813,-3.73484523778525,-7.54797860232119,-31.5675162207553,-45.880829638168,-9.98464707126667,1.35209481516678,1.08716538797865
0.0616303278143921,2.32053858961798,3.53883419725153,0.473580039990786,0.0404517732688482,0.1226710402801,0.00430331920801218,7.66095565947055e-14,5.49430064932305e-20,0.000398064401271277,-4.66795870495254,-1.03955820056934,-0.617560159905445,-2.62879185159237,-5.08900230790302,-3.97960648566175,-7.32972615521314,-32.0814120762261,-46.2293480604959,-9.7102542635328,1.88135751000216,1.03341966277341
0.0123977833560974,0.466808075241638,0.711884899311339,0.0952671021848209,0.00813742745077591,0.0246769575206547,0.000865671515065491,1.54110600957414e-14,1.10525372100431e-20,8.00760986311589e-05,-4.66795870495254,-1.03955820056934,-0.617560159905445,-2.62879185159237,-5.08900230790302,-3.97960648566175,-7.32972615521314,-32.0814120762261,-46.2293480604959,-9.7102542635328,0.277721120996586,0.538222141312377
0.0680660508582912,2.56285993050779,3.90837558376467,0.523033451721424,0.0446759339803886,0.135480916014127,0.00475269164483687,8.46094797858377e-14,6.06804086056204e-20,0.000439632121760007,-4.66795870495254,-1.03955820056934,-0.617560159905445,-2.62879185159237,-5.08900230790302,-3.97960648566175,-7.32972615521314,-32.0814120762261,-46.2293480604959,-9.7102542635328,1.98068199585615,0.87488001400059
0.024978990620144,1.14813051634759,2.85591314669053,0.405877609707205,0.0579174738104068,0.0368992210563671,0.00389335025961502,7.42406922859918e-14,3.3756355484031e-20,0.000169584048566661,-5.20127618755136,-1.37342102329661,-0.462164371737716,-2.4132596236799,-4.36029215193765,-4.81112084267201,-7.06004124768575,-31.7430199864333,-46.3466742475767,-10.1937178972224,1.51155600492999,0.532882753816203
0.0829680450572538,3.81353057297341,9.48595298495121,1.34812780556317,0.192373649110904,0.122561246838908,0.0129318139662101,2.46591433430401e-13,1.12122177607496e-19,0.000563275642176013,-5.20127618755136,-1.37342102329661,-0.462164371737716,-2.4132596236799,-4.36029215193765,-4.81112084267201,-7.06004124768575,-31.7430199864333,-46.3466742475767,-10.1937178972224,2.71197644292436,0.430831010437593
0.067488592559305,3.10203537849123,7.71614680804299,1.09660590561991,0.156482255488041,0.0996948408964384,0.0105191091728873,2.00584559608644e-13,9.12034019385729e-20,0.000458184597300865,-5.20127618755136,-1.37342102329661,-0.462164371737716,-2.4132596236799,-4.36029215193765,-4.81112084267201,-7.06004124768575,-31.7430199864333,-46.3466742475767,-10.1937178972224,2.50547949304434,0.931702568217989
0.0410996468439409,1.75401700629338,2.64252315962579,0.456036615505386,0.0627577366526171,0.0260289770945454,0.00529672530203033,2.21933485797947e-14,3.00619410780829e-20,0.000359717042093511,-4.79881475206266,-1.04515041231768,-0.635324798931091,-2.39224117747142,-4.37553241724239,-5.25560385986336,-6.84772551886527,-33.0460427663893,-46.55808599912,-9.53725183169515,1.60705900194096,0.433783263524656
0.00263246166701313,0.112346039125082,0.169255491374979,0.0292094701842753,0.00401967775231322,0.0016671745305533,0.00033925902991911,1.42149979100326e-15,1.92548874749584e-21,2.30401328721422e-05,-4.79881475206266,-1.04515041231768,-0.635324798931091,-2.39224117747142,-4.37553241724239,-5.25560385986336,-6.84772551886527,-33.0460427663893,-46.55808599912,-9.53725183169515,-1.141021123438,0.45033724578255
0.0117846730720011,0.502936608199709,0.757701681467665,0.130761279847472,0.017994787449101,0.00746339710953121,0.00151875212635375,6.36359135588036e-15,8.61978568478127e-21,0.000103143167034882,-4.79881475206266,-1.04515041231768,-0.635324798931091,-2.39224117747142,-4.37553241724239,-5.25560385986336,-6.84772551886527,-33.0460427663893,-46.55808599912,-9.53725183169515,0.357859268057194,0.565558339328746
0.0153432984519969,0.654808702362486,0.986505350238298,0.170247348433584,0.0234286851001223,0.00971712398109516,0.00197737069215902,8.28520916984936e-15,1.12227079653209e-20,0.000134289376161,-4.79881475206266,-1.04515041231768,-0.635324798931091,-2.39224117747142,-4.37553241724239,-5.25560385986336,-6.84772551886527,-33.0460427663893,-46.55808599912,-9.53725183169515,0.621738268851857,0.189506059105799
0.072229664785408,3.08255837023459,4.64404384622071,0.80145145754901,0.110292195412811,0.0457440497575284,0.00930861266226285,3.9003209309099e-14,5.28316930584217e-20,0.000632176754867742,-4.79881475206266,-1.04515041231768,-0.635324798931091,-2.39224117747142,-4.37553241724239,-5.25560385986336,-6.84772551886527,-33.0460427663893,-46.55808599912,-9.53725183169515,2.17091030419949,0.690813155507018
0.0157291213333942,0.671274534732231,1.01131203296911,0.174528391569674,0.0240178232714849,0.00996147096978282,0.00202709369405631,8.49354920083369e-15,1.15049143981689e-20,0.000137666219426716,-4.79881475206266,-1.04515041231768,-0.635324798931091,-2.39224117747142,-4.37553241724239,-5.25560385986336,-6.84772551886527,-33.0460427663893,-46.55808599912,-9.53725183169515,0.646573329302172,0.201420005794151
0.00665294862777064,0.283929082880338,0.427754790581038,0.0738202979422196,0.0101588220339312,0.00421340475505713,0.000857400100385918,3.59251768124007e-15,4.86623523562073e-21,5.82286998880758e-05,-4.79881475206266,-1.04515041231768,-0.635324798931091,-2.39224117747142,-4.37553241724239,-5.25560385986336,-6.84772551886527,-33.0460427663893,-46.55808599912,-9.53725183169515,-0.213880367853349,0.545298148518635
0.082056242223913,3.50192897957932,5.27584875100991,0.910485949598861,0.125297038676401,0.0519673577104124,0.0105750148177004,4.43094509726144e-14,6.00192485397919e-20,0.00071818205276005,-4.79881475206266,-1.04515041231768,-0.635324798931091,-2.39224117747142,-4.37553241724239,-5.25560385986336,-6.84772551886527,-33.0460427663893,-46.55808599912,-9.53725183169515,2.29846436601548,1.01938065797207
0.0427300242350802,1.82359691488951,2.74734912154646,0.474127082079827,0.0652472664372892,0.0270615177373049,0.00550684051816092,2.30737340949199e-14,3.12544649275839e-20,0.000373986618055164,-4.79881475206266,-1.04515041231768,-0.635324798931091,-2.39224117747142,-4.37553241724239,-5.25560385986336,-6.84772551886527,-33.0460427663893,-46.55808599912,-9.53725183169515,1.6459612899041,2.9957154651682
0.0548935929668695,1.86802926252972,2.47107457231488,0.596938053282024,0.0751148208476456,0.00560008788136015,0.00874697115274248,3.20420544484236e-14,5.26228070682423e-20,0.000712386645671063,-4.52788833296589,-1.00064568713907,-0.720876586435351,-2.14147162630884,-4.21426708350042,-6.81050268025297,-6.36457748449884,-32.6972568453935,-46.0166670246418,-8.87241944426205,1.62552969198883,0.766542899418649
0.0170085219854183,0.578800094217143,0.765650851387924,0.184958452424637,0.0232739744798454,0.00173516093049102,0.00271020793350202,9.92808009256937e-15,1.6304929638962e-20,0.000220729656598131,-4.52788833296589,-1.00064568713907,-0.720876586435351,-2.14147162630884,-4.21426708350042,-6.81050268025297,-6.36457748449884,-32.6972568453935,-46.0166670246418,-8.87241944426205,0.453847565694383,1.56032921870825
0.0118637754650072,0.403724342585685,0.534056386160147,0.129012124145903,0.0162340506508392,0.00121030855547865,0.00189042283709981,6.92502929518679e-15,1.13730060951341e-20,0.000153963235993898,-4.52788833296589,-1.00064568713907,-0.720876586435351,-2.14147162630884,-4.21426708350042,-6.81050268025297,-6.36457748449884,-32.6972568453935,-46.0166670246418,-8.87241944426205,0.0936227328991592,2.25838994810729
0.112949084237559,3.84365794126535,5.08448427112679,1.22826003583786,0.154556292799607,0.0115227436147464,0.0179977722017738,6.59297471969771e-14,1.082767140412e-19,0.00146580711705601,-4.52788833296589,-1.00064568713907,-0.720876586435351,-2.14147162630884,-4.21426708350042,-6.81050268025297,-6.36457748449884,-32.6972568453935,-46.0166670246418,-8.87241944426205,2.34707018918504,1.04122915391473
0.0209084673815124,0.711515256924175,0.941209698620255,0.227368243564664,0.028610548092726,0.00213302224308198,0.00333164129271925,1.2204525411114e-14,2.00435458064117e-20,0.000271341556254627,-4.52788833296589,-1.00064568713907,-0.720876586435351,-2.14147162630884,-4.21426708350042,-6.81050268025297,-6.36457748449884,-32.6972568453935,-46.0166670246418,-8.87241944426205,0.660287268779738,0.941531313386201
0.0427214237900109,1.45381028027878,1.92313562138842,0.464572314769721,0.0584587730717459,0.0043583178784687,0.00680740759164451,2.49370120119461e-14,4.09541645987574e-20,0.000554421201950217,-4.52788833296589,-1.00064568713907,-0.720876586435351,-2.14147162630884,-4.21426708350042,-6.81050268025297,-6.36457748449884,-32.6972568453935,-46.0166670246418,-8.87241944426205,1.37483357649817,0.70345038850497
0.110294821927172,3.75333338063354,4.96500074401624,1.19939637268834,0.150924276253564,0.0112519633397638,0.0175748311151012,6.43804221688052e-14,1.05732250727378e-19,0.00143136118408221,-4.52788833296589,-1.00064568713907,-0.720876586435351,-2.14147162630884,-4.21426708350042,-6.81050268025297,-6.36457748449884,-32.6972568453935,-46.0166670246418,-8.87241944426205,2.32329003378469,0.782247340126677
0.0550014295742154,1.87169894285499,2.47592891476132,0.598110717904295,0.0752623813734522,0.00561108906465542,0.00876415428182336,3.21049999809959e-14,5.27261827934693e-20,0.000713786105149585,-4.52788833296589,-1.00064568713907,-0.720876586435351,-2.14147162630884,-4.21426708350042,-6.81050268025297,-6.36457748449884,-32.6972568453935,-46.0166670246418,-8.87241944426205,1.6274922311369,1.12402723922492
0.0616810500002608,2.09900646171197,2.77661683288463,0.670747967504497,0.0844025827068847,0.00629252490039238,0.00982851250689258,3.60039752496639e-14,5.91294870403059e-20,0.000800471492869394,-4.52788833296589,-1.00064568713907,-0.720876586435351,-2.14147162630884,-4.21426708350042,-6.81050268025297,-6.36457748449884,-32.6972568453935,-46.0166670246418,-8.87241944426205,1.74210980644447,2.27040013904348
0.0740166121326938,2.51878570711582,3.33191103523466,0.804890515796393,0.101282212724762,0.00755096378686307,0.0117941117743768,4.32043921314279e-14,7.09547633811189e-20,0.000960557383681727,-4.52788833296589,-1.00064568713907,-0.720876586435351,-2.14147162630884,-4.21426708350042,-6.81050268025297,-6.36457748449884,-32.6972568453935,-46.0166670246418,-8.87241944426205,1.92442261027385,1.41111744012274
0.150544486580738,1.47808748421986,4.63696278775442,0.356978118208411,0.306432590782069,0.00159070246219691,0.00787947900785196,1.63208721875856e-14,8.10664623639527e-20,0.00126879885504159,-3.83076159734062,-1.5465159390459,-0.40320537045934,-2.96734574338221,-3.12002243075736,-8.38084451095842,-6.78075844382025,-33.6835965547033,-45.8962825624031,-8.60694956024614,1.93726495076733,3.20420033434366
0.137074892060689,1.34583927287853,4.22208204403412,0.325038386544983,0.279015294809899,0.00144837830503593,0.00717448216820959,1.48606026315669e-14,7.38132417245397e-20,0.00115527622466783,-3.83076159734062,-1.5465159390459,-0.40320537045934,-2.96734574338221,-3.12002243075736,-8.38084451095842,-6.78075844382025,-33.6835965547033,-45.8962825624031,-8.60694956024614,1.84353375220119,1.1751547263878
0.0372644162299774,0.439250809471037,1.00735438942334,0.0836443853387336,0.0313382682494528,0.000336433821854094,0.00173025112091419,4.94853277649136e-15,2.38356926495285e-20,0.00037551366687221,-3.76052874036541,-1.29349705329248,-0.463484866457209,-2.95199331890185,-3.93372764468266,-8.46792143855446,-6.83030106863282,-33.4104976152815,-45.6539151486786,-8.35802803518245,0.470812344223973,1.56061579927669
0.0695331341270542,0.819615293632234,1.87966201968575,0.156075335484645,0.0584753024453894,0.000627765048444242,0.0032285433514246,9.23366117307095e-15,4.44759527100179e-20,0.000700685662268944,-3.76052874036541,-1.29349705329248,-0.463484866457209,-2.95199331890185,-3.93372764468266,-8.46792143855446,-6.83030106863282,-33.4104976152815,-45.6539151486786,-8.35802803518245,1.09457685037439,3.28603113707569
0.120121335310813,0.37888884014756,0.886009761179002,0.148391714405649,0.0595913491512077,0.000385352140926167,0.00276420186178108,6.68434681558088e-15,2.77941662651631e-20,0.000439560443499777,-2.58712434882776,-1.4383838440562,-0.588898740678287,-2.3757712120262,-3.28811629328816,-8.32922441933184,-6.35887477263375,-33.1068793274664,-45.4973322301487,-8.19760675179566,0.467871429372599,4.90432005091392
0.0845808536385691,0.266786424334088,0.623864709285151,0.104486832791566,0.041959966292761,0.000271337418508128,0.00194635326433737,4.70663898478314e-15,1.95706641355342e-20,0.000309507028378932,-2.58712434882776,-1.4383838440562,-0.588898740678287,-2.3757712120262,-3.28811629328816,-8.32922441933184,-6.35887477263375,-33.1068793274664,-45.4973322301487,-8.19760675179566,0.117076994515421,4.26832698121793
0.089905364574671,0.283581090891138,0.663138071096222,0.111064459523198,0.0446014186994602,0.00028841857801491,0.00206887956663466,5.00293004438687e-15,2.08026712711173e-20,0.000328991030803951,-2.58712434882776,-1.4383838440562,-0.588898740678287,-2.3757712120262,-3.28811629328816,-8.32922441933184,-6.35887477263375,-33.1068793274664,-45.4973322301487,-8.19760675179566,0.178126682231069,3.39030407948844
0.235407241431878,0.713578491486884,1.32301981737122,0.286674424860538,0.0784831941628836,0.00109874062646398,0.00238842882753283,1.24777010308328e-14,3.54390590930789e-20,0.000323559047299475,-2.41758607220513,-1.30861058884265,-0.691230885681285,-2.2205558651204,-3.5160185140292,-7.78473838991056,-7.00826727337334,-32.9859810110301,-45.7576201266014,-9.00727668406967,0.971147749818487,2.83486247441004
0.286776101244917,0.869290411272483,1.61171960041541,0.349230437381954,0.0956092272199396,0.00133849983212144,0.00290961443282127,1.52004943958251e-14,4.3172313377804e-20,0.000394163754448116,-2.41758607220513,-1.30861058884265,-0.691230885681285,-2.2205558651204,-3.5160185140292,-7.78473838991056,-7.00826727337334,-32.9859810110301,-45.7576201266014,-9.00727668406967,1.16853256948378,1.16915985548995
0.0774333049540236,0.411469339776327,0.787733134045732,0.336358946062966,0.0747828661801289,0.000597902449914434,0.00200365724621058,1.21482701846714e-14,2.77162977752953e-20,0.000188890106839558,-3.08340288566324,-1.41308536137177,-0.763660500151205,-1.61464098867192,-3.11823107329272,-7.94714753584311,-6.73784573650209,-32.5666541981813,-45.5573309366521,-9.09940974859222,0.52506459128938,2.02243880371371
0.241046012477383,1.28088351218736,2.45217391884251,1.04706860643122,0.232795328896951,0.00186124047640619,0.00623728497520854,3.78169585845731e-14,8.62794512430734e-20,0.000588005472285299,-3.08340288566324,-1.41308536137177,-0.763660500151205,-1.61464098867192,-3.11823107329272,-7.94714753584311,-6.73784573650209,-32.5666541981813,-45.5573309366521,-9.09940974859222,1.66063544509092,1.52840181548752
0.0821137207128956,0.436340389556848,0.835347252758117,0.35668998724383,0.0793030775487501,0.000634042351866304,0.00212476726413,1.28825660441744e-14,2.93915949482896e-20,0.000200307470895913,-3.08340288566324,-1.41308536137177,-0.763660500151205,-1.61464098867192,-3.11823107329272,-7.94714753584311,-6.73784573650209,-32.5666541981813,-45.5573309366521,-9.09940974859222,0.583752731135918,1.72101012008931
0.0933312507804466,0.678849898496717,1.15593461860632,0.139897586800251,0.0776163634594855,0.00059304823089332,0.00380884805467306,1.83727557951191e-14,1.27610304837871e-19,0.000351760231159597,-3.13724641783547,-1.15300137849715,-0.620736929687216,-2.73249078696047,-3.32162314473839,-8.1958809685973,-6.33607462345358,-32.3935536309085,-44.2709519663465,-8.71820691597937,0.765646140038887,1.54628628733547
0.212471674307052,1.54542421033308,2.63152332954937,0.318481475930171,0.17669621439721,0.00135009388076408,0.00867096836901163,4.182618525714e-14,2.90509072802613e-19,0.000800793781762683,-3.13724641783547,-1.15300137849715,-0.620736929687216,-2.73249078696047,-3.32162314473839,-8.1958809685973,-6.33607462345358,-32.3935536309085,-44.2709519663465,-8.71820691597937,1.58829982095434,1.67269457761186
0.172456654580592,1.25437280094445,2.13592570089613,0.258501515855864,0.143418825645252,0.00109582924314808,0.00703795553817142,3.39490146479022e-14,2.35797185597767e-19,0.000649979424608642,-3.13724641783547,-1.15300137849715,-0.620736929687216,-2.73249078696047,-3.32162314473839,-8.1958809685973,-6.33607462345358,-32.3935536309085,-44.2709519663465,-8.71820691597937,1.37963706595552,1.05169793149
0.211247328270676,1.53651886324334,2.61635944867596,0.31664625938196,0.175678020746478,0.00134231410448548,0.00862100281106719,4.15851661928185e-14,2.88835044332808e-19,0.000796179290462357,-3.13724641783547,-1.15300137849715,-0.620736929687216,-2.73249078696047,-3.32162314473839,-8.1958809685973,-6.33607462345358,-32.3935536309085,-44.2709519663465,-8.71820691597937,1.58252075777123,0.850697735379582
0.044651214133627,0.524330981148103,1.67016897861547,0.142327352951657,0.0463075597510567,0.000396820195144245,0.00226569750969172,8.73911292857585e-15,1.06859373576086e-19,0.000485766962383737,-3.99714947815713,-1.53390784902171,-0.375350892260778,-2.83790127040773,-3.96072575202795,-8.72030298719817,-6.97814831452592,-33.2592434043508,-44.5710489468319,-8.51805724869959,0.888275698370288,1.30430692235746
0.0220894857395596,0.0684279312579855,0.38463054518673,0.0521702705580151,0.00961502937962801,9.09258915022518e-05,0.00126492272937142,2.90031091988867e-15,2.88424878553512e-20,0.000333557165211747,-3.19391352928921,-2.06323417321245,-0.336732015549668,-2.33450246310792,-4.02568783157341,-8.68672574956124,-6.05400422940006,-32.8552184371414,-44.3736973673545,-7.3869562845982,-0.618740012769118,0.87922106587361
0.302830259039662,0.938095544311077,5.27299589527638,0.715215226534646,0.131814831365321,0.00124652568202287,0.0173411405913672,3.9761084414587e-14,3.95408846161684e-19,0.00457281821480841,-3.19391352928921,-2.06323417321245,-0.336732015549668,-2.33450246310792,-4.02568783157341,-8.68672574956124,-6.05400422940006,-32.8552184371414,-44.3736973673545,-7.3869562845982,1.9993306976559,2.23375969001016
0.111088446813838,0.344125376740674,1.93431437769657,0.262365289734588,0.0483541668849006,0.000457268049661263,0.00636132063019199,1.45857191591672e-14,1.45049423779018e-19,0.0016774653717103,-3.19391352928921,-2.06323417321245,-0.336732015549668,-2.33450246310792,-4.02568783157341,-8.68672574956124,-6.05400422940006,-32.8552184371414,-44.3736973673545,-7.3869562845982,0.996484952471055,1.09936386704956
0.144710958843719,0.448279858607184,2.51976237250618,0.341773908392361,0.0629892491496382,0.000595666784557437,0.00828666557423453,1.90002962998072e-14,1.88950712669212e-19,0.00218517433027154,-3.19391352928921,-2.06323417321245,-0.336732015549668,-2.33450246310792,-4.02568783157341,-8.68672574956124,-6.05400422940006,-32.8552184371414,-44.3736973673545,-7.3869562845982,1.26089661600226,2.98801554877049
0.165746974873467,0.513444393254887,2.88604950157178,0.391456126469954,0.072145728143358,0.00068225632918115,0.00949126287111936,2.17622884856537e-14,2.16417673376965e-19,0.00250282382003152,-3.19391352928921,-2.06323417321245,-0.336732015549668,-2.33450246310792,-4.02568783157341,-8.68672574956124,-6.05400422940006,-32.8552184371414,-44.3736973673545,-7.3869562845982,1.39662062806602,2.08550338821742
0.609510876247846,1.05610259591981,3.0406331013425,0.423690692320685,0.129170066417452,0.00110946512011689,0.0288246057859962,3.8995851047648e-14,1.56029339381214e-18,0.00593631619433225,-2.16185725685722,-1.61217343538648,-0.554693020422167,-2.52551036038627,-3.71338416973036,-8.47063602474331,-5.21328466021352,-32.5420799090122,-42.6684165685367,-6.79342527847482,1.66675877117837,0.802087793987984
0.439064020846587,0.76076846248518,2.19033432776973,0.305207579085019,0.0930482636887443,0.000799208407282762,0.020763940085248,2.80908443549295e-14,1.1239646704991e-18,0.00427625323660406,-2.16185725685722,-1.61217343538648,-0.554693020422167,-2.52551036038627,-3.71338416973036,-8.47063602474331,-5.21328466021352,-32.5420799090122,-42.6684165685367,-6.79342527847482,1.33874721368113,1.51690892049792
0.451902844602897,0.783014357720169,2.25438265572748,0.314132260067549,0.0957691203329006,0.000822578338314415,0.0213711056797484,2.89122585057485e-14,1.15683091238572e-18,0.00440129664493492,-2.16185725685722,-1.61217343538648,-0.554693020422167,-2.52551036038627,-3.71338416973036,-8.47063602474331,-5.21328466021352,-32.5420799090122,-42.6684165685367,-6.79342527847482,1.36756918903439,0.410595004520397
0.0140894315617299,0.0483821920956409,0.152150956810938,0.0146914028512054,0.00577980544185555,1.66136249963135e-05,0.00142085556729482,2.58910773409497e-15,8.12589231737924e-20,0.000296406958608179,-2.82190774264928,-1.58820091025201,-0.442459559436641,-2.78007024171781,-3.71296270282366,-9.56486486173007,-5.11607352200777,-32.1470405281455,-42.5162237593985,-6.68335463311296,-1.44042255461934,0.417800681198398
0.0730399714197186,0.25081451387206,0.788754428329068,0.0761606058886213,0.0299626583538926,8.61254543586194e-05,0.00736575138408349,1.34220003179212e-14,4.21248323625217e-19,0.00153658120914915,-2.82190774264928,-1.58820091025201,-0.442459559436641,-2.78007024171781,-3.71296270282366,-9.56486486173007,-5.11607352200777,-32.1470405281455,-42.5162237593985,-6.68335463311296,0.205159308657485,0.586635935099359
0.134980474180622,0.463514173893735,1.4576463363618,0.140747518063161,0.0553720620874796,0.0001591629137085,0.0136121714616628,2.48043356555362e-14,7.78481937567866e-19,0.00283965691930695,-2.82190774264928,-1.58820091025201,-0.442459559436641,-2.78007024171781,-3.71296270282366,-9.56486486173007,-5.11607352200777,-32.1470405281455,-42.5162237593985,-6.68335463311296,0.819282595945726,1.54547067286507
0.817106930260008,2.3038637734686,5.46528968433071,1.76073972845799,0.434029599412484,0.00119577028995079,0.125677563869841,2.05263615686246e-13,3.27933562395279e-18,0.0214650951752148,-2.59343880239624,-1.55686587631412,-0.693036363880547,-1.82571947029218,-3.22609603709714,-9.12041819846019,-4.46548916011821,-31.6059348029966,-42.6503443169875,-6.23278063464423,2.39145349130105,1.23799254544233
0.825448561311731,2.32738331648066,5.52108339804082,1.77871466007218,0.438460494133538,0.00120797759625549,0.126960573266112,2.07359098280982e-13,3.31281350408909e-18,0.0216842267206843,-2.59343880239624,-1.55686587631412,-0.693036363880547,-1.82571947029218,-3.22609603709714,-9.12041819846019,-4.46548916011821,-31.6059348029966,-42.6503443169875,-6.23278063464423,2.40161047267257,0.734165740510811
0.40831086274198,1.15124786016149,2.73102217531532,0.879847093405503,0.216885934543812,0.000597530115887855,0.0628014677524227,1.02570864236484e-13,1.63869416382333e-18,0.010726174513098,-2.59343880239624,-1.55686587631412,-0.693036363880547,-1.82571947029218,-3.22609603709714,-9.12041819846019,-4.46548916011821,-31.6059348029966,-42.6503443169875,-6.23278063464423,1.69771232619097,1.02796201013302
0.335039076267529,0.944655297763201,2.24093755610414,0.721957665910862,0.177965539973638,0.000490302748069684,0.0515316825095415,8.41644216246821e-14,1.34462888213507e-18,0.00880135193224971,-2.59343880239624,-1.55686587631412,-0.693036363880547,-1.82571947029218,-3.22609603709714,-9.12041819846019,-4.46548916011821,-31.6059348029966,-42.6503443169875,-6.23278063464423,1.49993069401131,0.309238605704359
0.456887301249591,1.28821095859733,3.05592984461229,0.984521845240165,0.242688692255872,0.000668617827676739,0.0702729114852119,1.14773643378328e-13,1.83364838509284e-18,0.0120022594870769,-2.59343880239624,-1.55686587631412,-0.693036363880547,-1.82571947029218,-3.22609603709714,-9.12041819846019,-4.46548916011821,-31.6059348029966,-42.6503443169875,-6.23278063464423,1.81012027831539,0.310951854878428
0.723834685650775,2.77057625004728,4.24621998809395,1.25874717114062,0.108639037326096,0.0014939785255783,0.0904572215444393,2.41845667966226e-13,3.19501260377759e-18,0.0193196004999671,-2.54449005127863,-1.20224247280183,-0.775268631266984,-1.99118088618126,-4.44102228022119,-8.72761037002441,-4.6241760340195,-31.271774411744,-42.5062384451002,-6.16793293234045,2.22129780387336,0.54373463245469
0.0157054711429803,0.0601148386601876,0.092132757398601,0.0273117850865122,0.00235720572604523,3.24157395146198e-05,0.00196270406876549,5.24746911773566e-15,6.93240863484911e-20,0.000419188848173728,-2.54449005127863,-1.20224247280183,-0.775268631266984,-1.99118088618126,-4.44102228022119,-8.72761037002441,-4.6241760340195,-31.271774411744,-42.5062384451002,-6.16793293234045,-1.60925609560985,0.209080073830504
0.0408514540688203,0.156364527241759,0.23964624001649,0.0710406025926723,0.00613132077170045,8.43164832072046e-05,0.00510518368955121,1.36491762449639e-14,1.80318673890537e-19,0.00109035086062889,-2.54449005127863,-1.20224247280183,-0.775268631266984,-1.99118088618126,-4.44102228022119,-8.72761037002441,-4.6241760340195,-31.271774411744,-42.5062384451002,-6.16793293234045,-0.65332281171104,0.55124670064204
0.0260373934373771,0.157873234776656,0.189687523007754,0.0497329403496921,0.00802969874878041,3.72258403144556e-05,0.00322993592958514,2.01342260524066e-14,1.77578653108718e-19,0.00100966119268175,-2.81727702162778,-1.01501833608429,-0.831432633000198,-2.17014323829246,-3.99366372401051,-9.36756286228618,-4.90434843455087,-30.7054106958345,-42.3439287825658,-6.06719591376099,-0.83094454343519,0.47052476609966
0.0302703089485652,0.177402047855195,0.279177826946943,0.0334279073154181,0.00477912519983507,3.47409501238532e-05,0.00510755655321079,2.47872444003365e-14,6.12219900548272e-20,0.000596454096145765,-2.86421037668515,-1.09595909256963,-0.642528754738925,-2.7649866066221,-4.71012018892664,-9.63421387507353,-4.64365658586436,-30.6950696398656,-43.6064029403856,-6.79113070182954,-0.633377572887788,0.182509022640196
0.011544064492185,0.0676550967803426,0.106468911319662,0.0127482649266537,0.00182259552146848,1.32490147170616e-05,0.00194784804964939,9.45301048718227e-15,2.33479811102599e-20,0.000227467270460778,-2.86421037668515,-1.09595909256963,-0.642528754738925,-2.7649866066221,-4.71012018892664,-9.63421387507353,-4.64365658586436,-30.6950696398656,-43.6064029403856,-6.79113070182954,-1.59737349419992,0.122781384304771
0.0156255245192764,0.091574884592071,0.14411151163373,0.0172554758616007,0.00246698301353988,1.79332681706559e-05,0.00263651918093716,1.27951682224609e-14,3.16027731446705e-20,0.00030788942788079,-2.86421037668515,-1.09595909256963,-0.642528754738925,-2.7649866066221,-4.71012018892664,-9.63421387507353,-4.64365658586436,-30.6950696398656,-43.6064029403856,-6.79113070182954,-1.29463913800427,0.171719139341136
0.0103256038381946,0.0605141912938425,0.0952312593294103,0.0114027025183453,0.00163022298815912,1.18505988343535e-05,0.00174225527857155,8.45525780239894e-15,2.08836327559847e-20,0.000203458402586325,-2.86421037668515,-1.09595909256963,-0.642528754738925,-2.7649866066221,-4.71012018892664,-9.63421387507353,-4.64365658586436,-30.6950696398656,-43.6064029403856,-6.79113070182954,-1.70891828204184,0.408325617856918
0.00756431185167539,0.0425893520193168,0.0828249820012093,0.0197583488857443,0.00401573198145467,2.32842862889935e-05,0.00140352388182581,4.30754488918161e-15,2.3989243241977e-20,0.000247712557979036,-3.04185410306079,-1.313691211981,-0.64856575053992,-2.081719351,-3.67507583893799,-8.82527203553846,-4.7263093488325,-31.2359484868096,-43.3342216236815,-6.46078172684583,-1.84245979756737,0.994664173026605
0.00441532796767455,0.0248596251428181,0.0483453705535796,0.0115330504797969,0.00234400353608833,1.35911583862534e-05,0.000819244152044327,2.51433624024961e-15,1.4002645407353e-20,0.000144591101825977,-3.04185410306079,-1.313691211981,-0.64856575053992,-2.081719351,-3.67507583893799,-8.82527203553846,-4.7263093488325,-31.2359484868096,-43.3342216236815,-6.46078172684583,-2.38081905976041,0.773863315706188
0.0141980359365406,0.0799392148738959,0.1554605486864,0.037085957457501,0.00753743474650382,4.37040592680755e-05,0.00263438140873874,8.08516073029382e-15,4.50272469351675e-20,0.000464950661617655,-3.04185410306079,-1.313691211981,-0.64856575053992,-2.081719351,-3.67507583893799,-8.82527203553846,-4.7263093488325,-31.2359484868096,-43.3342216236815,-6.46078172684583,-1.21279753520857,1.61623285223352
0.024723691395947,0.139201822548567,0.270710586108267,0.0645794792604166,0.0131252809488982,7.61038835880952e-05,0.00458736921500892,1.40790613346707e-14,7.84080109819348e-20,0.000809639919461786,-3.04185410306079,-1.313691211981,-0.64856575053992,-2.081719351,-3.67507583893799,-8.82527203553846,-4.7263093488325,-31.2359484868096,-43.3342216236815,-6.46078172684583,-0.658139226165218,1.96497998650595
0.0417047755498385,0.234810436376347,0.456643955459715,0.108934893440817,0.0221401766927129,0.00012837465622277,0.00773813264420334,2.37490463503807e-14,1.32261337797111e-19,0.00136572854662304,-3.04185410306079,-1.313691211981,-0.64856575053992,-2.081719351,-3.67507583893799,-8.82527203553846,-4.7263093488325,-31.2359484868096,-43.3342216236815,-6.46078172684583,-0.135285532094829,1.38667653578851
0.0183702886031987,0.103430252924433,0.201144380711903,0.0479840834792421,0.00975239478473884,5.65469889972309e-05,0.00340852403710871,1.04610762138228e-14,5.8259010253503e-20,0.000601581646809497,-3.04185410306079,-1.313691211981,-0.64856575053992,-2.081719351,-3.67507583893799,-8.82527203553846,-4.7263093488325,-31.2359484868096,-43.3342216236815,-6.46078172684583,-0.955166566246214,0.786569000249277
0.0220661360007228,0.124238985947248,0.241611841623281,0.0576378158663564,0.0117144414168494,6.79234592660132e-05,0.00409427182061131,1.25656997249323e-14,6.99799154650983e-20,0.000722611534351493,-3.04185410306079,-1.313691211981,-0.64856575053992,-2.081719351,-3.67507583893799,-8.82527203553846,-4.7263093488325,-31.2359484868096,-43.3342216236815,-6.46078172684583,-0.771857050241277,0.853115279617863
0.0830345736299516,0.467509636757853,0.909182117452705,0.216890327571071,0.0440812858367805,0.000255595065644481,0.015406689913379,4.72845594257001e-14,2.63333482722762e-19,0.00271917750588485,-3.04185410306079,-1.313691211981,-0.64856575053992,-2.081719351,-3.67507583893799,-8.82527203553846,-4.7263093488325,-31.2359484868096,-43.3342216236815,-6.46078172684583,0.553355894900934,2.10349022449193
0.0675813122550972,0.380503124936898,0.739977552605367,0.176525660479861,0.0358774786514598,0.000208027201044734,0.0125394070967801,3.84846026865159e-14,2.143254495702e-19,0.00221312130680893,-3.04185410306079,-1.313691211981,-0.64856575053992,-2.081719351,-3.67507583893799,-8.82527203553846,-4.7263093488325,-31.2359484868096,-43.3342216236815,-6.46078172684583,0.347430322978833,1.68108110736115
0.143819395812114,2.59774891789564,2.89094655265297,1.01301090412539,0.201788623506133,0.000437152012041684,0.0432804206370485,2.05328719931001e-13,1.26023539042943e-18,0.0118673485717553,-3.87113847627555,-0.977296244762417,-0.870357538589818,-1.91901452455897,-3.53247606170374,-9.66717108367192,-5.071996439479,-31.1461057021247,-43.1471746665351,-6.36590598148977,1.93194151395848,2.12767881779199
0.134743713274388,1.03524670616823,1.20602430220043,0.449592405702347,0.0507800590887373,0.000237810252492137,0.0178692497085442,9.64775299691263e-14,5.63543687959963e-19,0.00698704826167827,-3.06960212286092,-1.03058163608315,-0.877892148663729,-1.86463526962075,-4.04547293692804,-9.40925885855272,-5.08989533462777,-31.0346876615844,-43.0852634905905,-6.02891848992627,1.065221397844,4.74150692194863
0.164858736645977,1.26662283492409,1.47556897456307,0.550075652574457,0.0621293282242397,0.000290960497039877,0.0218630009532478,1.18040117189332e-13,6.89494880200496e-19,0.008548643356437,-3.06960212286092,-1.03058163608315,-0.877892148663729,-1.86463526962075,-4.04547293692804,-9.40925885855272,-5.08989533462777,-31.0346876615844,-43.0852634905905,-6.02891848992627,1.26693580954135,2.82514898385585
0.177948256773787,1.36719066305009,1.59272679213141,0.593750779975522,0.0670622975582514,0.000314062295342382,0.0235988882762619,1.27412313781842e-13,7.4423967138367e-19,0.00922739197210695,-3.06960212286092,-1.03058163608315,-0.877892148663729,-1.86463526962075,-4.04547293692804,-9.40925885855272,-5.08989533462777,-31.0346876615844,-43.0852634905905,-6.02891848992627,1.34333965962958,1.48985335427341
0.469681109272176,3.60859745889077,4.20388319648879,1.56716075799852,0.177005916655544,0.000828943929720501,0.0622874998841664,3.36295268955989e-13,1.96436492695855e-18,0.0243550106964958,-3.06960212286092,-1.03058163608315,-0.877892148663729,-1.86463526962075,-4.04547293692804,-9.40925885855272,-5.08989533462777,-31.0346876615844,-43.0852634905905,-6.02891848992627,2.3139008173935,1.13798338170826
0.42122976213854,2.58223823232683,4.5575691340101,1.08976896813754,0.182991418482296,0.000670800388662151,0.0705330480061675,2.84487403734629e-13,1.25630562180674e-18,0.0119125237071164,-3.0525267508273,-1.23929335520173,-0.671160513217321,-2.10198419201845,-3.88626593073619,-9.49498885857102,-4.83962382291203,-31.076037327379,-43.4063062159392,-6.61811492985615,2.18794990995657,0.261347560707125
0.0122260174678051,0.0749483834527307,0.132281535759124,0.0316300879896975,0.0053112492988735,1.94697004018831e-05,0.00204719218462374,8.257127772197e-15,3.64637446298469e-20,0.000345756012560542,-3.0525267508273,-1.23929335520173,-0.671160513217321,-2.10198419201845,-3.88626593073619,-9.49498885857102,-4.83962382291203,-31.076037327379,-43.4063062159392,-6.61811492985615,-1.35166226780689,0.424426459357335
0.0361713445006334,0.221738910873731,0.391362192440508,0.0935793533972514,0.0157136229049402,5.76021785029455e-05,0.00605673057183385,2.44291662448857e-14,1.07879992177543e-19,0.00102293816252317,-3.0525267508273,-1.23929335520173,-0.671160513217321,-2.10198419201845,-3.88626593073619,-9.49498885857102,-4.83962382291203,-31.076037327379,-43.4063062159392,-6.61811492985615,-0.266961311174923,0.467760205073745
0.0434586109671544,0.266411580685734,0.470208047373711,0.112432334766483,0.018879370787514,6.92070118205379e-05,0.00727695089270426,2.93507926438796e-14,1.29614054326939e-19,0.00122902458457887,-3.0525267508273,-1.23929335520173,-0.671160513217321,-2.10198419201845,-3.88626593073619,-9.49498885857102,-4.83962382291203,-31.076037327379,-43.4063062159392,-6.61811492985615,-0.0834195150164679,0.149711046716531
0.364292474453237,2.23319917022555,3.94152618488096,0.942465774425986,0.158256615829293,0.000580128840396507,0.0609991527152463,2.46033470501022e-13,1.08649180274913e-18,0.0103023174720997,-3.0525267508273,-1.23929335520173,-0.671160513217321,-2.10198419201845,-3.88626593073619,-9.49498885857102,-4.83962382291203,-31.076037327379,-43.4063062159392,-6.61811492985615,2.04272851809275,0.553004684381688
0.0578179206640623,0.549608781046185,1.11289281255884,0.147156703221363,0.0313829228298762,0.000110287759123277,0.0210476626592877,3.68304298609418e-14,1.61939481131426e-19,0.000825108704590649,-3.5032202406734,-1.25131229644964,-0.545800972729073,-2.56902098708447,-4.11425512834025,-9.76518135129973,-4.51372949798868,-31.585215728439,-43.9198279961075,-7.75275915257569,0.652763735406276,0.561917387129584
0.0847379200697428,0.805506397030782,1.63105523536094,0.215672801997695,0.04599479842529,0.000161637693122164,0.0308474454908272,5.39786624258632e-14,2.37338435049945e-19,0.0012092789684481,-3.5032202406734,-1.25131229644964,-0.545800972729073,-2.56902098708447,-4.11425512834025,-9.76518135129973,-4.51372949798868,-31.585215728439,-43.9198279961075,-7.75275915257569,1.03502816174236,1.06787805813376
0.0746954781525235,0.710044398441811,1.43775597274737,0.190113033886758,0.0405438728974978,0.000142481722058954,0.0271916597530931,4.75815549474785e-14,2.09211034156093e-19,0.00106596516286543,-3.5032202406734,-1.25131229644964,-0.545800972729073,-2.56902098708447,-4.11425512834025,-9.76518135129973,-4.51372949798868,-31.585215728439,-43.9198279961075,-7.75275915257569,0.908884518564388,0.788709210279492
0.0739271090563815,0.652864061468915,1.79278950547524,0.128294614877249,0.0583776462725725,0.000195373676157024,0.0188928111869639,4.01127074804207e-14,2.21057143787416e-19,0.00123392880004104,-3.60772194540936,-1.42943260820531,-0.41927347165484,-3.05647224257487,-3.84386849316402,-9.54364280658927,-4.97202005118596,-31.8501294774611,-43.9589119770426,-7.70059831510756,1.00304626143593,1.40272898181641
0.0229911765718683,0.431599882846998,0.574939953090107,0.110442903534019,0.0167831413634108,7.39911940181674e-05,0.00487936776716792,2.71057736283329e-14,7.67665244242715e-20,0.000388990047449344,-3.92287296642695,-0.99048451949714,-0.703717875506536,-2.35348480412448,-4.23760858913966,-9.66179267405574,-5.4729678258785,-31.3892578431609,-44.163746490097,-8.00218500209636,0.15022820246011,0.586101389805466
0.0300689136893022,0.573986921158508,1.29808314337858,0.127916392226651,0.0269163467738736,0.000102629661449388,0.00642307979293257,8.27980732622108e-14,8.4832832253743e-20,0.000176623153066955,-4.22875132225326,-1.27963658191686,-0.463599242334883,-2.7808663277671,-4.33950940373663,-9.90887148261767,-5.77234547133964,-30.8468595171268,-44.6380922257621,-9.36598008737502,0.724487913556553,0.757198815891996
0.160769246138187,1.65125820920673,2.81720740851448,0.356496271858283,0.0356064587756746,0.000219127194210046,0.0110606294600094,1.09091727952397e-13,1.05127014455485e-19,0.000318672774662507,-3.44378871228106,-1.11446596804007,-0.580257402763072,-2.64743501319561,-4.95123174768954,-10.0418617176571,-6.12036688769849,-31.4625908421234,-45.3151211886802,-9.66734928280633,1.61600351639262,0.950139031097198
0.156526756262527,1.64470465533985,2.02796994917522,0.830967528224821,0.00762964622302085,0.000501101889968734,0.0194394405564448,1.80141014580768e-13,1.44637599643606e-19,0.000456183516197828,-3.399576019766,-1.04748687541356,-0.83801243502646,-1.73021226311656,-6.42076150402197,-9.14374880705052,-5.48549896100927,-30.8900841390764,-44.9251033544378,-9.2376630842927,1.54504770268467,0.205537688478623
0.0386915425390445,0.406551324870717,0.501289922758093,0.205405236999551,0.00188595731774289,0.000123866395465339,0.004805197265849,4.45287048368166e-14,3.57526851829077e-20,0.000112763110563511,-3.399576019766,-1.04748687541356,-0.83801243502646,-1.73021226311656,-6.42076150402197,-9.14374880705052,-5.48549896100927,-30.8900841390764,-44.9251033544378,-9.2376630842927,0.14744177789368,1.6982854764923
0.0384624718841523,0.404144365309944,0.498322069750394,0.204189149217311,0.00187479163528301,0.000123133052867283,0.00477674842115735,4.42650756582132e-14,3.55410138337818e-20,0.000112095504211079,-3.399576019766,-1.04748687541356,-0.83801243502646,-1.73021226311656,-6.42076150402197,-9.14374880705052,-5.48549896100927,-30.8900841390764,-44.9251033544378,-9.2376630842927,0.141503750437988,2.63871757123213
0.0293740181592194,0.308647451503288,0.38057152358996,0.155940465685362,0.00143178950394622,9.40374436104291e-05,0.00364803113246893,3.38055011159934e-14,2.71428832992069e-20,8.56080021632668e-05,-3.399576019766,-1.04748687541356,-0.83801243502646,-1.73021226311656,-6.42076150402197,-9.14374880705052,-5.48549896100927,-30.8900841390764,-44.9251033544378,-9.2376630842927,-0.128068711677423,2.55975664875703
0.037042257395011,0.389221463707395,0.479921686492395,0.196649530101896,0.00180556555297167,0.000118586404219712,0.00460036851143277,4.26306018781066e-14,3.42286732500164e-20,0.000107956413522169,-3.399576019766,-1.04748687541356,-0.83801243502646,-1.73021226311656,-6.42076150402197,-9.14374880705052,-5.48549896100927,-30.8900841390764,-44.9251033544378,-9.2376630842927,0.103880093494494,2.92641486548409
0.0136801605773793,0.18322001124243,0.534233532296168,0.101672764375174,0.00106206423804067,3.25953811291628e-05,0.00205733090371112,1.86321733082606e-14,2.60106270077147e-20,9.28889175498652e-05,-4.11274338193129,-1.51800235422199,-0.44785696241113,-2.10693056856787,-6.66847562338165,-10.1522747159713,-6.00728056729422,-31.4348213139135,-44.9167165204825,-9.10504096685185,-0.179065246812812,4.80952433139306
0.0171278612618811,0.229395474944183,0.668872106497328,0.127296532265084,0.00132972773363826,4.0810132498122e-05,0.0025758234407578,2.33278898757156e-14,3.25658758318477e-20,0.000116298963273221,-4.11274338193129,-1.51800235422199,-0.44785696241113,-2.10693056856787,-6.66847562338165,-10.1522747159713,-6.00728056729422,-31.4348213139135,-44.9167165204825,-9.10504096685185,0.0456945541267206,2.32414868412924
0.0437706265037587,0.42671324062,1.75027723393969,0.240414027142216,0.00329256846081632,0.000166730499707353,0.0080722349550216,1.03575388594686e-13,7.28639316718434e-20,0.000217584828726825,-4.03419367036322,-1.75704441501476,-0.345627161241522,-2.33079408487009,-6.6214886876284,-9.60453317931521,-5.72472624496747,-30.803878011159,-44.9710945567673,-9.33832312236165,0.905401356024028,3.57819379413679
0.0525272144579214,0.512079896780929,2.10043115604189,0.288510358911753,0.00395126740175481,0.000200085980356083,0.00968713611171954,1.24296293744126e-13,8.74408175273796e-20,0.000261114036381055,-4.03419367036322,-1.75704441501476,-0.345627161241522,-2.33079408487009,-6.6214886876284,-9.60453317931521,-5.72472624496747,-30.803878011159,-44.9710945567673,-9.33832312236165,1.08776979729809,3.95502852968095
0.054093901135635,0.527353289068928,2.16307901474877,0.297115523688795,0.00406911865395423,0.000206053782819171,0.00997606647378142,1.28003578615554e-13,9.00488439632433e-20,0.000268902073237454,-4.03419367036322,-1.75704441501476,-0.345627161241522,-2.33079408487009,-6.6214886876284,-9.60453317931521,-5.72472624496747,-30.803878011159,-44.9710945567673,-9.33832312236165,1.1171598377111,3.33864702111907
0.0363931001622219,0.742878724827093,1.12058640107944,0.200599564402766,0.00273962361955385,0.00015065615850361,0.00626150737753576,1.24201475827654e-13,1.6332160261264e-19,0.000214408927255585,-4.05998060360425,-1.04382699655198,-0.632752404630733,-2.3530491002423,-6.64653925845783,-9.54711493899136,-5.819938853037,-30.4634758681255,-44.0051701990705,-9.19423001662941,0.746604525313887,2.06873562587966
0.0122136436198315,0.249312533346953,0.376072466676555,0.0673218708762849,0.000919426660343645,5.05607002671901e-05,0.00210138238543232,4.16824221089786e-14,5.48112647957699e-20,7.19563382821793e-05,-4.05998060360425,-1.04382699655198,-0.632752404630733,-2.3530491002423,-6.64653925845783,-9.54711493899136,-5.819938853037,-30.4634758681255,-44.0051701990705,-9.19423001662941,-0.345221019008897,2.17783015543181
0.0100401205862911,0.209956050659865,0.350114617541774,0.05187396519365,0.000596139912116783,3.18810972613772e-05,0.00127893533209685,3.17075021571855e-14,4.05905162775626e-20,4.88319643864333e-05,-4.1294659542556,-1.08915685279108,-0.577794499469028,-2.48723804875615,-6.95333496662673,-9.88179708619889,-6.19002711901574,-30.610522880969,-44.1790523028278,-9.45542525166221,-0.471700199948311,0.668793597473619
0.00589932168224433,0.123364881062019,0.205718520687395,0.0304798338805543,0.000350276779942631,1.87325288288454e-05,0.000751470151178178,1.86305287230412e-14,2.38499638238083e-20,2.86924309141078e-05,-4.1294659542556,-1.08915685279108,-0.577794499469028,-2.48723804875615,-6.95333496662673,-9.88179708619889,-6.19002711901574,-30.610522880969,-44.1790523028278,-9.45542525166221,-1.00345194953544,2.54162296170415
0.0135197708090646,0.282721473362933,0.471455431773522,0.0698521610719635,0.000802746830845798,4.2930274035139e-05,0.00172218176275429,4.26965152867181e-14,5.46581559830622e-20,6.57558802194493e-05,-4.1294659542556,-1.08915685279108,-0.577794499469028,-2.48723804875615,-6.95333496662673,-9.88179708619889,-6.19002711901574,-30.610522880969,-44.1790523028278,-9.45542525166221,-0.174136206247661,3.23701778810973
0.00799383638841048,0.263727913811969,0.280263069267994,0.0543614608127297,0.000479263746818496,4.85230633660557e-05,0.000832549895031446,1.49159620955173e-14,3.02488518712065e-20,3.8153465760803e-05,-4.33108421511006,-0.834837066208536,-0.774026313206701,-2.4140995465344,-7.14525922183473,-9.43547106913906,-6.59301713334276,-31.3383442032024,-44.4468284531981,-9.67589368813836,-0.498000270591177,4.34082809379786
0.0112340843736171,0.370628255506591,0.393865825366436,0.076396514485671,0.000673530093358021,6.81915617776399e-05,0.00117001841313506,2.09620473265698e-14,4.25100211731691e-20,5.36187173062721e-05,-4.33108421511006,-0.834837066208536,-0.774026313206701,-2.4140995465344,-7.14525922183473,-9.43547106913906,-6.59301713334276,-31.3383442032024,-44.4468284531981,-9.67589368813836,-0.157718659231275,2.24579996518312
0.00953905952719156,0.314707000068418,0.334438431201417,0.0648696302353057,0.000571906302304938,5.79026599245334e-05,0.000993483306660622,1.77992447457089e-14,3.60960100518162e-20,4.55286002086081e-05,-4.33108421511006,-0.834837066208536,-0.774026313206701,-2.4140995465344,-7.14525922183473,-9.43547106913906,-6.59301713334276,-31.3383442032024,-44.4468284531981,-9.67589368813836,-0.3212761653268,4.76219825060319
0.00559089749024218,0.1844515774148,0.196016282350954,0.0380204622732119,0.000335197563354733,3.39370810222557e-05,0.000582286263124063,1.04322394145169e-14,2.11560784824949e-20,2.66845736642015e-05,-4.33108421511006,-0.834837066208536,-0.774026313206701,-2.4140995465344,-7.14525922183473,-9.43547106913906,-6.59301713334276,-31.3383442032024,-44.4468284531981,-9.67589368813836,-0.855531236776157,2.90081764475025
0.0178108132224022,0.587603797001502,0.624445252232887,0.121121046014427,0.00106783234783596,0.000108112697908676,0.00185497800533345,3.32337818798559e-14,6.73965070952998e-20,8.50085264990147e-05,-4.33108421511006,-0.834837066208536,-0.774026313206701,-2.4140995465344,-7.14525922183473,-9.43547106913906,-6.59301713334276,-31.3383442032024,-44.4468284531981,-9.67589368813836,0.303134693386629,5.39796858366011
0.0211493985526115,0.697748426117989,0.74149570538128,0.143824835131409,0.00126799442730373,0.000128378109866018,0.00220268825747835,3.94633579955557e-14,8.00297870632631e-20,0.000100943128471896,-4.33108421511006,-0.834837066208536,-0.774026313206701,-2.4140995465344,-7.14525922183473,-9.43547106913906,-6.59301713334276,-31.3383442032024,-44.4468284531981,-9.67589368813836,0.4749404039871,1.95336893228451
0.0117197984739497,0.503616140984552,0.554144780765276,0.04946742950725,0.0018638785173397,9.95203484278995e-05,0.000767761450912425,2.55479427560916e-14,3.07739493035097e-20,4.37551582696636e-05,-4.56134164421688,-0.800806880305399,-0.705195243436301,-3.12130676991057,-6.3999616921239,-9.33001438207562,-7.28689743803753,-31.4130855540356,-45.042484376802,-10.1517670029844,0.114865954180286,3.1138663789287
0.0214955215127983,0.923692640004722,1.01636824921705,0.0907292217967271,0.00341857761938255,0.000182532301672944,0.00140816694258595,4.68580030912625e-14,5.64431283317473e-20,8.02522285662201e-05,-4.56134164421688,-0.800806880305399,-0.705195243436301,-3.12130676991057,-6.3999616921239,-9.33001438207562,-7.28689743803753,-31.4130855540356,-45.042484376802,-10.1517670029844,0.72143097694023,0.996496094506798
0.0461951459231719,1.80953392648423,1.94955282864975,0.166709088004771,0.00444215471043981,0.000963000411222584,0.00244154289679908,7.92560660694526e-14,9.70262296920519e-20,0.000132278425653452,-4.45615482592496,-0.78820495997348,-0.713674245275665,-3.17277924649882,-6.79788999802413,-8.32673099205645,-7.39639937767531,-31.5473667145321,-45.1605798746418,-10.3118758444561,1.38127427291262,2.26681453304006
0.062191131048417,0.858961511167692,1.75095539307978,0.125428858921467,0.00443293700091336,0.00102079144301101,0.00436770665157383,4.58449887324995e-14,5.41323243006805e-20,4.5613542828821e-05,-3.80980306961772,-1.18429135712664,-0.472098614700372,-3.10827673488847,-6.45095312727712,-7.91943722060726,-6.46577739388534,-31.7457706917508,-45.3951156463231,-11.0275660862453,1.0322601925681,2.21494955991286
0.15178322485264,1.89644359371149,2.33331916445426,0.204773941965889,0.00307788937417807,0.00099368991411617,0.00931214053297188,8.47346242028253e-14,9.26792419455078e-20,6.91514648602171e-05,-3.41130883850433,-0.886026570764334,-0.678715122168087,-3.11185554056682,-7.30951809518428,-8.44009226776632,-6.20244320666782,-31.6252590006052,-45.3511493427716,-11.1052182264315,1.52600691016011,1.3971961638866
0.076392484065843,0.954479898256394,1.17435933558634,0.103062707449498,0.00154910145835682,0.000500124048650349,0.00468679953252142,4.26469291025012e-14,4.66454545318185e-20,3.48039263402959e-05,-3.41130883850433,-0.886026570764334,-0.678715122168087,-3.11185554056682,-7.30951809518428,-8.44009226776632,-6.20244320666782,-31.6252590006052,-45.3511493427716,-11.1052182264315,0.839437874753887,0.989673639788597
0.0326601561501687,0.108070816094706,0.161729773550701,0.0161676626047092,0.000264957834897816,8.9418975755745e-05,0.000752355929980078,6.30089855634992e-15,1.87895254389272e-20,1.51179602566541e-05,-2.28138438216906,-1.08475353395837,-0.681613372820969,-2.98452713899003,-7.09572483003186,-8.18196261333316,-6.05208600664785,-31.5578691154923,-44.2807723676136,-9.9594120717744,-1.14021502819925,0.315960576684125
0.00470705532762712,0.0155754096312541,0.023308859539051,0.00233011998010246,3.81863204394346e-05,1.28872643562014e-05,0.000108431232606532,9.08099703569591e-16,2.70798876203263e-21,2.17883451143791e-06,-2.28138438216906,-1.08475353395837,-0.681613372820969,-2.98452713899003,-7.09572483003186,-8.18196261333316,-6.05208600664785,-31.5578691154923,-44.2807723676136,-9.9594120717744,-3.07730838013405,0.653471585566373
0.942931448911927,3.12011279850386,4.66930069180251,0.466776627009449,0.00764959830602264,0.00258161546999063,0.021721269913461,1.8191325778935e-13,5.42472435374552e-19,0.000436470667925025,-2.28138438216906,-1.08475353395837,-0.681613372820969,-2.98452713899003,-7.09572483003186,-8.18196261333316,-6.05208600664785,-31.5578691154923,-44.2807723676136,-9.9594120717744,2.22262268849287,0.148350559869596
0.469426796438224,0.908115032347924,0.985740949165488,0.0987425793933764,0.00125801047737244,0.000227608397019368,0.00750754974010724,1.9394526191242e-14,4.71012047194104e-19,0.000113405949210756,-1.66091922831292,-1.00106053849036,-0.919038005633071,-3.21991534110115,-7.58290010983679,-9.29256028032761,-5.79652245043299,-32.4784618414384,-43.104079598972,-9.9892130235639,0.904676317693161,0.175556598815778
0.355369181418375,0.874276145256756,0.91707042515833,0.0483638730432289,0.000962144612806577,8.18984277466728e-05,0.00267214959077963,9.69899311887617e-15,2.15330558264641e-19,4.64739101411887e-05,-1.82252907290278,-0.922289988241232,-0.874502000838746,-3.81693315938236,-7.734276784116,-10.1979617552043,-6.7128030309841,-33.0546853076494,-43.7700436158419,-10.7645504657459,0.787930990682495,0.217721351887036
0.219064704383759,0.538941065587126,0.565321283023362,0.029813551948376,0.000593106932733027,5.04856802500765e-05,0.0016472268580999,5.97887259645429e-15,1.3273893054755e-19,2.86484982912772e-05,-1.82252907290278,-0.922289988241232,-0.874502000838746,-3.81693315938236,-7.734276784116,-10.1979617552043,-6.7128030309841,-33.0546853076494,-43.7700436158419,-10.7645504657459,0.304140933906382,0.817269644687186
0.251584059800417,0.618944898745745,0.649241163128891,0.0342392648662537,0.000681151491074299,5.79800951268243e-05,0.00189175167007772,6.86641440060734e-15,1.52443540070319e-19,3.29012632481346e-05,-1.82252907290278,-0.922289988241232,-0.874502000838746,-3.81693315938236,-7.734276784116,-10.1979617552043,-6.7128030309841,-33.0546853076494,-43.7700436158419,-10.7645504657459,0.442550961415641,0.694349591581915
2.42916514996452,3.72666766254949,6.39295111560276,0.492713862166568,0.00555589228496752,0.000633307896918533,0.00914967244274514,5.85270843991182e-14,1.44442451108745e-18,0.000219803855949646,-1.68178107441499,-1.25381426676158,-0.714132717847046,-3.27715538777424,-7.76222495448476,-9.93388255809652,-7.2633659119945,-33.038615479686,-43.648149406931,-10.9921036862085,2.56932871305192,0.650080112761628
1.37637130069388,2.11153960365024,3.62226275244524,0.279172957569397,0.00314798303890022,0.000358833903834903,0.00518422823624321,3.31615984534486e-14,8.18414689963994e-19,0.000124541437256896,-1.68178107441499,-1.25381426676158,-0.714132717847046,-3.27715538777424,-7.76222495448476,-9.93388255809652,-7.2633659119945,-33.038615479686,-43.648149406931,-10.9921036862085,2.00123161814626,0.655537009496701
0.850321263231272,1.30450774600834,2.23783149057383,0.172472865294957,0.00194482180274959,0.000221687344283683,0.0032028127152166,2.04872132058326e-14,5.05616044643169e-19,7.69416161173471e-05,-1.68178107441499,-1.25381426676158,-0.714132717847046,-3.27715538777424,-7.76222495448476,-9.93388255809652,-7.2633659119945,-33.038615479686,-43.648149406931,-10.9921036862085,1.51964003025223,0.545516830965709
0.627641280983711,0.921864670382307,3.15506853069306,0.110418986721623,0.00197346676567028,0.000395224321774431,0.0030159183957269,1.01369214303653e-14,3.36774447945739e-19,8.61264227150979e-05,-2.03865671579185,-1.65422707597721,-0.423860014396856,-3.77634341020354,-7.80083373475345,-9.40892728248421,-7.37672111777366,-33.7954622807697,-44.1077437719808,-10.93256454103,1.57287023145145,0.709310006258443
0.411723225787348,0.604729337169019,2.06967742944048,0.0724331919818014,0.00129456447076332,0.000259261201582451,0.00197839703700482,6.64966775977759e-15,2.20918964816419e-19,5.64976359270179e-05,-2.03865671579185,-1.65422707597721,-0.423860014396856,-3.77634341020354,-7.80083373475345,-9.40892728248421,-7.37672111777366,-33.7954622807697,-44.1077437719808,-10.93256454103,1.15125277834302,2.63953939658536
0.15555118466839,0.228469901401569,0.781934940432957,0.0273656381675721,0.000489093217104175,9.79502357866251e-05,0.000747448731516252,2.512279203357e-15,8.3464338518171e-20,2.1345101876643e-05,-2.03865671579185,-1.65422707597721,-0.423860014396856,-3.77634341020354,-7.80083373475345,-9.40892728248421,-7.37672111777366,-33.7954622807697,-44.1077437719808,-10.93256454103,0.177876276121727,1.84655569190682
0.226329375703391,0.332427234556063,1.13772741291647,0.039817426112153,0.000711638183430985,0.000142519105610462,0.00108754944640895,3.65540503533014e-15,1.21441901394615e-19,3.10574528401365e-05,-2.03865671579185,-1.65422707597721,-0.423860014396856,-3.77634341020354,-7.80083373475345,-9.40892728248421,-7.37672111777366,-33.7954622807697,-44.1077437719808,-10.93256454103,0.552892789700846,0.44867068711843
0.358121812585301,0.377210661185424,1.6295933021026,0.109636269537554,0.0025489439881472,0.000240746732924593,0.00205760238338803,6.67179040027769e-15,2.65238941610817e-19,3.90686632039916e-05,-1.93491821081653,-1.88298758358841,-0.419705643204542,-3.11862315175318,-6.88011224685776,-9.23980119676321,-7.09424998456607,-33.5489242641526,-43.6816919856683,-11.0582259838695,0.908036118978419,0.357915933299199
0.584143678920478,0.615280096351003,2.65808055578196,0.178831145102422,0.00415766218720309,0.000392689518807683,0.0033562195424819,1.08825657986869e-14,4.32639525716162e-19,6.3726117350221e-05,-1.93491821081653,-1.88298758358841,-0.419705643204542,-3.11862315175318,-6.88011224685776,-9.23980119676321,-7.09424998456607,-33.5489242641526,-43.6816919856683,-11.0582259838695,1.39730990995206,1.35966266448087
0.15463715351242,0.162879726591237,0.703659092421322,0.047340988588819,0.00110063511614723,0.00010395454336646,0.000888473598775025,2.8808819794653e-15,1.14530289666661e-19,1.68698656632698e-05,-1.93491821081653,-1.88298758358841,-0.419705643204542,-3.11862315175318,-6.88011224685776,-9.23980119676321,-7.09424998456607,-33.5489242641526,-43.6816919856683,-11.0582259838695,0.0682443593768804,0.92757577094386
0.0705779927025346,0.0743399881182101,0.321157271470309,0.0216069157460537,0.000502341225450411,4.74459263926119e-05,0.000405508519436772,1.31486426583268e-15,5.22728061446337e-20,7.69958078398901e-06,-1.93491821081653,-1.88298758358841,-0.419705643204542,-3.11862315175318,-6.88011224685776,-9.23980119676321,-7.09424998456607,-33.5489242641526,-43.6816919856683,-11.0582259838695,-0.716118690355002,1.26011116672256
0.0399893447276531,0.042120883551311,0.181967045942317,0.0122424337840267,0.000284625499624428,2.68827637877674e-05,0.000229760288622871,7.44999374210983e-16,2.96176638744853e-20,4.36256655140452e-06,-1.93491821081653,-1.88298758358841,-0.419705643204542,-3.11862315175318,-6.88011224685776,-9.23980119676321,-7.09424998456607,-33.5489242641526,-43.6816919856683,-11.0582259838695,-1.28422403134628,0.532121544624446
0.204033067290489,0.505139934860083,2.0919253338129,0.205602731614475,0.0111109277757456,0.000307915390385498,0.00495214846995859,5.75867432663085e-15,3.27693003825163e-19,7.5362803076194e-05,-2.69577168511448,-1.78921827076058,-0.36821362713018,-2.68810794082864,-5.60612465205117,-9.19198400067192,-6.41423224363401,-33.8943675797203,-43.6685082281281,-10.5994952139804,1.10629848140188,1.68517247288461
0.0432038407702081,0.106962982041027,0.442963536378839,0.0435362159504509,0.00235273017657061,6.5200840596938e-05,0.00104861352528661,1.21939473811381e-15,6.93887346143596e-20,1.59580139990975e-05,-2.69577168511448,-1.78921827076058,-0.36821362713018,-2.68810794082864,-5.60612465205117,-9.19198400067192,-6.41423224363401,-33.8943675797203,-43.6685082281281,-10.5994952139804,-0.446054195851777,1.17213823356118
0.0397548631447114,0.0984240900064492,0.407601603304245,0.0400607046987883,0.00216491090881193,5.9995834829546e-05,0.000964902343085405,1.1220500323324e-15,6.38494078119267e-20,1.46840801948556e-05,-2.69577168511448,-1.78921827076058,-0.36821362713018,-2.68810794082864,-5.60612465205117,-9.19198400067192,-6.41423224363401,-33.8943675797203,-43.6685082281281,-10.5994952139804,-0.529251416987461,1.94319473099886
0.0297245647120639,0.0634663974543572,0.360607444634103,0.0199062370890894,0.00182783985726113,1.69330133259221e-05,0.000854416455166304,1.1996956365843e-15,1.04152560374653e-19,7.56001667480718e-06,-2.77430795382314,-2.01577116057019,-0.27849179677302,-3.1752486482733,-5.56314688870239,-10.2447718637796,-6.32361830409756,-33.6152349799452,-42.9669566754177,-11.0511636355906,-0.741473526522384,2.15507277509996
0.0872241986590393,0.186236727546952,1.05817177453663,0.0584131540775089,0.00536364008593703,4.96884826588209e-05,0.002507212177702,3.5204044718388e-15,3.05626800761164e-19,2.21842238127512e-05,-2.77430795382314,-2.01577116057019,-0.27849179677302,-3.1752486482733,-5.56314688870239,-10.2447718637796,-6.32361830409756,-33.6152349799452,-42.9669566754177,-11.0511636355906,0.335034474815622,1.40425080054985
0.04828152823934,0.33921388785823,0.979661464011758,0.035246834320509,0.00443545230885887,6.47040532955461e-05,0.00145994325989503,1.70560157565107e-15,1.23962567970125e-19,8.20256876492758e-06,-3.37314066876737,-1.42355887211101,-0.362982651070063,-3.68781399945384,-5.76056012139364,-9.98812115007096,-6.87179214628943,-34.347292955298,-43.8767417432376,-12.0534976279222,0.342434439186753,1.10754844827128
0.0879968884627659,0.618244031276543,1.78551018833887,0.0642401320230004,0.00808396122363311,0.000117928234017616,0.0026608615942333,3.1085932257669e-15,2.2593154494097e-19,1.49498277092102e-05,-3.37314066876737,-1.42355887211101,-0.362982651070063,-3.68781399945384,-5.76056012139364,-9.98812115007096,-6.87179214628943,-34.347292955298,-43.8767417432376,-12.0534976279222,0.942686845260657,1.24326966672687
0.0774871870668988,0.544405509574234,1.57226197869723,0.0565677629541953,0.00711847232919224,0.000103843752766992,0.00234306784834471,2.73732570557669e-15,1.9894794228505e-19,1.31643302002847e-05,-3.37314066876737,-1.42355887211101,-0.362982651070063,-3.68781399945384,-5.76056012139364,-9.98812115007096,-6.87179214628943,-34.347292955298,-43.8767417432376,-12.0534976279222,0.815497984307278,0.659391670547874
0.00577010446554981,0.0405393043775376,0.117078915982105,0.00421233385780755,0.00053007897859427,7.73275330078713e-06,0.000174477184765369,2.03835703363137e-16,1.48147126466189e-20,9.80285429758281e-07,-3.37314066876737,-1.42355887211101,-0.362982651070063,-3.68781399945384,-5.76056012139364,-9.98812115007096,-6.87179214628943,-34.347292955298,-43.8767417432376,-12.0534976279222,-1.78192442491068,0.899772845290676
0.0150596127270166,0.254802515868965,0.473044006164257,0.0207298857837502,0.00296748803460371,6.75965959938626e-05,0.000539917067732,1.08074250081868e-15,6.82988622957357e-20,5.48346988423336e-06,-3.93075253085766,-1.10228024001492,-0.48358061710882,-3.61119262083685,-5.55505322221468,-9.33696668988267,-7.25910876705346,-34.196141847816,-43.8654076024723,-11.8487862254105,-0.264986241420922,0.801330674951923
0.0468644984303448,0.792928232713902,1.47208102135311,0.0645100054950915,0.00923462248735419,0.000210356044625764,0.00168018547567627,3.36319772303055e-15,2.12541449961106e-19,1.70641881993075e-05,-3.93075253085766,-1.10228024001492,-0.48358061710882,-3.61119262083685,-5.55505322221468,-9.33696668988267,-7.25910876705346,-34.196141847816,-43.8654076024723,-11.8487862254105,0.870257677580869,0.893805921312827
0.0159661921563426,1.12773454508926,1.74088736215279,0.119646779866436,0.012062511484557,0.00013399580860016,0.00109989707661406,6.54585441899441e-15,1.46830755691823e-19,2.5999004440858e-05,-5.24172943976987,-0.984236864272253,-0.550052695804983,-3.2276590352178,-5.5221005175153,-10.0221496948913,-7.91698632755538,-33.7643921160536,-44.4694540084861,-11.6618999686976,1.10444765728544,1.23416969185308
0.0188936435999651,1.33450821345783,2.06008452398162,0.141584392480327,0.0142742108248503,0.00015856436066848,0.00130156665776656,7.74605737164495e-15,1.73752635593379e-19,3.07660035059984e-05,-5.24172943976987,-0.984236864272253,-0.550052695804983,-3.2276590352178,-5.5221005175153,-10.0221496948913,-7.91698632755538,-33.7643921160536,-44.4694540084861,-11.6618999686976,1.27279970882376,1.19802388047899
0.00590802384547622,0.417299411062635,0.644186412588117,0.0442733008323805,0.00446353174189896,4.95829202512216e-05,0.000406998618867556,2.42218455206753e-15,5.43322789417874e-20,9.62049915791677e-06,-5.24172943976987,-0.984236864272253,-0.550052695804983,-3.2276590352178,-5.5221005175153,-10.0221496948913,-7.91698632755538,-33.7643921160536,-44.4694540084861,-11.6618999686976,0.110285561582134,2.61898030668377
0.00534673848846704,0.377654335984382,0.582986185570272,0.0400671642097761,0.00403947878057047,4.487234903102e-05,0.000368332159308792,2.19206755243994e-15,4.9170500082971e-20,8.70651413590429e-06,-5.24172943976987,-0.984236864272253,-0.550052695804983,-3.2276590352178,-5.5221005175153,-10.0221496948913,-7.91698632755538,-33.7643921160536,-44.4694540084861,-11.6618999686976,0.0104609074728239,3.61307903390682
0.0321157989694832,2.26842415438678,3.50177349764655,0.240668024780725,0.0242635933547386,0.000269530919433822,0.00221242942924414,1.3166905580578e-14,2.95348257503128e-19,5.22966773701017e-05,-5.24172943976987,-0.984236864272253,-0.550052695804983,-3.2276590352178,-5.5221005175153,-10.0221496948913,-7.91698632755538,-33.7643921160536,-44.4694540084861,-11.6618999686976,1.80332224957766,2.53234681209407
0.0189411544028283,1.33786402761372,2.06526490484266,0.141940426938373,0.01431010539505,0.000158963093715443,0.00130483963561032,7.76553595462997e-15,1.74189561757089e-19,3.08433690771086e-05,-5.24172943976987,-0.984236864272253,-0.550052695804983,-3.2276590352178,-5.5221005175153,-10.0221496948913,-7.91698632755538,-33.7643921160536,-44.4694540084861,-11.6618999686976,1.27531119720717,1.95437638939318
0.0282322446466102,2.30090749685506,2.52760878179244,0.277576733997697,0.0114054888590431,0.000181095790956599,0.00261787588462635,6.01637916138574e-15,2.09680750275576e-19,4.23835381476431e-05,-5.2060099414288,-0.805415805395228,-0.711445704089343,-2.92037727946985,-6.11237997495253,-10.2552038492483,-7.58411143544845,-34.3830101991134,-44.6474202300334,-11.7074699367107,1.63871941436051,2.19603858909389
0.0203869048398654,1.66151798310338,1.82522220077877,0.200442102022204,0.0082360654964562,0.000130771842740305,0.00189040535779233,4.34451284263886e-15,1.51413447854668e-19,3.0605754866769e-05,-5.2060099414288,-0.805415805395228,-0.711445704089343,-2.92037727946985,-6.11237997495253,-10.2552038492483,-7.58411143544845,-34.3830101991134,-44.6474202300334,-11.7074699367107,1.31314743756378,1.41954629482181
0.00338702696987871,0.276040245633814,0.303237635561549,0.0333009258041383,0.00136831834853303,2.17260914170764e-05,0.000314066994530991,7.21785983923752e-16,2.51554336234135e-20,5.08475994671527e-06,-5.2060099414288,-0.805415805395228,-0.711445704089343,-2.92037727946985,-6.11237997495253,-10.2552038492483,-7.58411143544845,-34.3830101991134,-44.6474202300334,-11.7074699367107,-0.481792800986281,0.72929920862377
0.00423979878875114,0.347827458120998,0.353822752994597,0.0981012190950747,0.00331142965264694,4.57854591182106e-05,0.000382355363497156,1.24084470875523e-15,4.10753275760035e-20,1.12612033573085e-05,-5.24972696308706,-0.842536228898737,-0.825446685734239,-2.10824298216258,-5.49686276035427,-9.77803150049512,-7.6556476075961,-34.109471527218,-44.4253668106529,-11.180634567604,-0.213512503260478,0.683311388595377
0.0153152053386009,1.25643909273718,1.27809558556374,0.354365947363907,0.0119617056425355,0.000165388440078323,0.00138116245511717,4.48223900585164e-15,1.48374276120327e-19,4.06782610142974e-05,-5.24972696308706,-0.842536228898737,-0.825446685734239,-2.10824298216258,-5.49686276035427,-9.77803150049512,-7.6556476075961,-34.109471527218,-44.4253668106529,-11.180634567604,1.07081783197859,1.13138319038479
0.006627267924716,0.543692253192936,0.553063552963207,0.153342904953239,0.00517612571147622,7.15676662386828e-05,0.000597663135116425,1.9395756137544e-15,6.42052169230024e-20,1.76024890618872e-05,-5.24972696308706,-0.842536228898737,-0.825446685734239,-2.10824298216258,-5.49686276035427,-9.77803150049512,-7.6556476075961,-34.109471527218,-44.4253668106529,-11.180634567604,0.23316432565528,1.28774593629186
0.00707418558711931,0.580356784282372,0.590360048752815,0.163683765381146,0.00552518387987337,7.63939165823224e-05,0.000637967256556077,2.07037319266634e-15,6.85349717763277e-20,1.87895337616615e-05,-5.24972696308706,-0.842536228898737,-0.825446685734239,-2.10824298216258,-5.49686276035427,-9.77803150049512,-7.6556476075961,-34.109471527218,-44.4253668106529,-11.180634567604,0.298424009647176,0.704193046853545
0.0111024345632764,0.910828976918655,0.926528393881149,0.25689010725472,0.00867138580419171,0.000119894855661118,0.00100124454358726,3.24930447612133e-15,1.0756079693868e-19,2.94888459589125e-05,-5.24972696308706,-0.842536228898737,-0.825446685734239,-2.10824298216258,-5.49686276035427,-9.77803150049512,-7.6556476075961,-34.109471527218,-44.4253668106529,-11.180634567604,0.749136098398804,0.529617557726257
0.0146055921129889,1.19822336675308,1.21887642976003,0.337946790232389,0.0114074731437111,0.000157725348278494,0.00131716780906436,4.27455938232808e-15,1.41499516928543e-19,3.87934784487063e-05,-5.24972696308706,-0.842536228898737,-0.825446685734239,-2.10824298216258,-5.49686276035427,-9.77803150049512,-7.6556476075961,-34.109471527218,-44.4253668106529,-11.180634567604,1.02337616092282,0.680080791975136
0.0365506224086803,2.99856448822102,3.05024895960089,0.845714807619791,0.0285473016285419,0.000394709067910914,0.0032962239986947,1.06971223582242e-14,3.5410378259615e-19,9.70810201824661e-05,-5.24972696308706,-0.842536228898737,-0.825446685734239,-2.10824298216258,-5.49686276035427,-9.77803150049512,-7.6556476075961,-34.109471527218,-44.4253668106529,-11.180634567604,1.94066989912098,0.471589700171746
0.0478019512150431,3.9216085509685,3.98920298347505,1.10605005637551,0.0373349789918927,0.000516211828007935,0.00431089618714779,1.39900031083394e-14,4.63107072472272e-19,0.000126965339708326,-5.24972696308706,-0.842536228898737,-0.825446685734239,-2.10824298216258,-5.49686276035427,-9.77803150049512,-7.6556476075961,-34.109471527218,-44.4253668106529,-11.180634567604,2.2090381431676,0.791031170279298
0.0310265053664366,2.54537326738657,2.58924635142599,0.717896804155618,0.0242327749517308,0.000335054294747407,0.00279804569238171,9.08040143726937e-15,3.00585932249016e-19,8.24085773421764e-05,-5.24972696308706,-0.842536228898737,-0.825446685734239,-2.10824298216258,-5.49686276035427,-9.77803150049512,-7.6556476075961,-34.109471527218,-44.4253668106529,-11.180634567604,1.77681353509622,0.605688212886851
0.0387825133186962,3.1816658523928,3.23650633300753,0.897356696791675,0.0302904857061705,0.000418811190466343,0.00349750134762203,1.13503208150848e-14,3.75726424332364e-19,0.000103009079192177,-5.24972696308706,-0.842536228898737,-0.825446685734239,-2.10824298216258,-5.49686276035427,-9.77803150049512,-7.6556476075961,-34.109471527218,-44.4253668106529,-11.180634567604,1.99994114148147,0.630061678305395
0.0104494292177192,0.857257286184834,0.872033319799269,0.241780753328602,0.00816136601967919,0.000112843070648983,0.000942354933795263,3.05819205117007e-15,1.01234456983866e-19,2.7754417898496e-05,-5.24972696308706,-0.842536228898737,-0.825446685734239,-2.10824298216258,-5.49686276035427,-9.77803150049512,-7.6556476075961,-34.109471527218,-44.4253668106529,-11.180634567604,0.688519040710047,0.448991418793402
0.0104435661868678,0.856776290925504,0.871544033910935,0.241645093477093,0.00815678678958295,0.000112779755955827,0.000941826191417605,3.05647614171973e-15,1.01177655723994e-19,2.77388452767758e-05,-5.24972696308706,-0.842536228898737,-0.825446685734239,-2.10824298216258,-5.49686276035427,-9.77803150049512,-7.6556476075961,-34.109471527218,-44.4253668106529,-11.180634567604,0.687957797011698,0.51962243638574
0.0177826207502076,1.45886257401766,1.48400811991142,0.411457444379004,0.0138888425106979,0.000192033984615836,0.00160367997625672,5.20436746296533e-15,1.72278687944473e-19,4.7231889641859e-05,-5.24972696308706,-0.842536228898737,-0.825446685734239,-2.10824298216258,-5.49686276035427,-9.77803150049512,-7.6556476075961,-34.109471527218,-44.4253668106529,-11.180634567604,1.22019330210288,0.544471688344843
0.0069841423596507,0.199111320395474,0.735506421077466,0.0748125008400568,0.00665159040191224,7.19822109357256e-05,0.000522945835065168,1.87365436858399e-15,2.97055508416018e-20,1.88775155163779e-05,-4.98751684045779,-1.63729497518014,-0.330599772247309,-2.61617404792456,-5.03630305821529,-9.56249530330171,-7.57943642859309,-33.9342894267148,-44.9863567909952,-10.9009427628077,0.0234037634894478,0.990517561717018
0.0156705424705988,0.446752405944704,1.6502791631912,0.167859188913276,0.0149243850601302,0.000161508777385847,0.00117335021198241,4.20397793260141e-15,6.66512897510774e-20,4.23560823083772e-05,-4.98751684045779,-1.63729497518014,-0.330599772247309,-2.61617404792456,-5.03630305821529,-9.56249530330171,-7.57943642859309,-33.9342894267148,-44.9863567909952,-10.9009427628077,0.831544235661663,0.783281694754068
0.0295795453300574,0.843284976748392,3.11504897845428,0.316849177164266,0.0281711067270081,0.000304862209515091,0.00221480308345956,7.93538296821918e-15,1.25810248764379e-19,7.99508797474585e-05,-4.98751684045779,-1.63729497518014,-0.330599772247309,-2.61617404792456,-5.03630305821529,-9.56249530330171,-7.57943642859309,-33.9342894267148,-44.9863567909952,-10.9009427628077,1.46684464778343,0.948153559221249
0.0875531353466162,2.49605742350593,9.22030077807882,0.937848725637363,0.0833842674933679,0.000902368241090587,0.00655564350190304,2.34881115071682e-14,3.72388473695234e-19,0.000236648336460304,-4.98751684045779,-1.63729497518014,-0.330599772247309,-2.61617404792456,-5.03630305821529,-9.56249530330171,-7.57943642859309,-33.9342894267148,-44.9863567909952,-10.9009427628077,2.552007431635,0.745868985222837
0.0295463943939929,0.842339874785654,3.11155782305043,0.316494072084149,0.028139534282349,0.000304520538691441,0.00221232086831406,7.92648947879963e-15,1.25669248371489e-19,7.98612757162527e-05,-4.98751684045779,-1.63729497518014,-0.330599772247309,-2.61617404792456,-5.03630305821529,-9.56249530330171,-7.57943642859309,-33.9342894267148,-44.9863567909952,-10.9009427628077,1.46572328075931,0.803991468943542
0.0202398163055434,0.52810711752065,0.830705079619406,0.348001410636329,0.00988356897358182,6.65462997604409e-05,0.000474567229647973,1.2308727036362e-15,1.05041658566698e-20,4.89604134116357e-05,-4.45256638688114,-1.19091901822391,-0.73794332175355,-1.60801162212722,-5.16934447677108,-10.1700754920279,-8.20557014117135,-34.8835158384259,-46.554977902605,-10.4769613523948,0.552462876464008,0.599863239664741
0.0548135434966243,1.43022159984558,2.24971849186763,0.942458675061027,0.0267667171310707,0.00018022092895474,0.00128522468246202,3.33345389409942e-15,2.84474198475127e-20,0.00013259476813613,-4.45256638688114,-1.19091901822391,-0.73794332175355,-1.60801162212722,-5.16934447677108,-10.1700754920279,-8.20557014117135,-34.8835158384259,-46.554977902605,-10.4769613523948,1.54874841541688,1.89761305065959
0.0249697938594687,0.651523989207213,1.02483808563169,0.429328179426881,0.0121933260727562,8.20979480270047e-05,0.000585472008138905,1.5185235484882e-15,1.29589543772133e-20,6.04022987020923e-05,-4.45256638688114,-1.19091901822391,-0.73794332175355,-1.60801162212722,-5.16934447677108,-10.1700754920279,-8.20557014117135,-34.8835158384259,-46.554977902605,-10.4769613523948,0.762477956628722,4.31537173261409
0.0245160904313964,0.639685738998248,1.00621668429826,0.421527247313853,0.0119717722277406,8.06062208358556e-05,0.00057483392844037,1.49093183734171e-15,1.27234889961908e-20,5.93047834346927e-05,-4.45256638688114,-1.19091901822391,-0.73794332175355,-1.60801162212722,-5.16934447677108,-10.1700754920279,-8.20557014117135,-34.8835158384259,-46.554977902605,-10.4769613523948,0.744140762184161,2.07522496498012
0.120233576027567,3.13719286314509,4.93476031793583,2.06728427925425,0.0587128274125386,0.000395314832447806,0.0028191419440128,7.31193527445049e-15,6.23994509173575e-20,0.000290846789289127,-4.45256638688114,-1.19091901822391,-0.73794332175355,-1.60801162212722,-5.16934447677108,-10.1700754920279,-8.20557014117135,-34.8835158384259,-46.554977902605,-10.4769613523948,2.33424742566538,0.829741956399802
0.0362182738722885,0.945024793087132,1.48651072848505,0.622733438292975,0.0176862182204093,0.000119081718604874,0.000849217484720745,2.20259334419011e-15,1.87967494395002e-20,8.76125373409349e-05,-4.45256638688114,-1.19091901822391,-0.73794332175355,-1.60801162212722,-5.16934447677108,-10.1700754920279,-8.20557014117135,-34.8835158384259,-46.554977902605,-10.4769613523948,1.13437490246239,0.80578620499188
0.0595998862218389,1.55510917895798,2.44616490000752,1.02475458106228,0.0291039986430034,0.000195957899732538,0.0013974510669786,3.62453255419086e-15,3.0931461059821e-20,0.000144173001605181,-4.45256638688114,-1.19091901822391,-0.73794332175355,-1.60801162212722,-5.16934447677108,-10.1700754920279,-8.20557014117135,-34.8835158384259,-46.554977902605,-10.4769613523948,1.63246477293893,1.4630812411348
0.0228718180969218,0.596782586624256,0.938730628105563,0.393255790536316,0.0111688361346555,7.52000334472982e-05,0.000536280329199219,1.39093636785247e-15,1.18701359294377e-20,5.53272644670357e-05,-4.45256638688114,-1.19091901822391,-0.73794332175355,-1.60801162212722,-5.16934447677108,-10.1700754920279,-8.20557014117135,-34.8835158384259,-46.554977902605,-10.4769613523948,0.674716609797222,0.724315377841651
0.00733024477293229,0.191264306914378,0.300856068839947,0.126035507574807,0.00357952753685176,2.41010421543873e-05,0.000171873790849537,4.45784589433412e-16,3.80428881875669e-21,1.77319699484106e-05,-4.45256638688114,-1.19091901822391,-0.73794332175355,-1.60801162212722,-5.16934447677108,-10.1700754920279,-8.20557014117135,-34.8835158384259,-46.554977902605,-10.4769613523948,-0.463179983454077,1.22628386282666
0.00773553888340528,0.201839437696141,0.317490601052452,0.13300409464289,0.00377744199590489,2.54336048100716e-05,0.000181376807097126,4.70432315973751e-16,4.0146304786251e-21,1.87123823643387e-05,-4.45256638688114,-1.19091901822391,-0.73794332175355,-1.60801162212722,-5.16934447677108,-10.1700754920279,-8.20557014117135,-34.8835158384259,-46.554977902605,-10.4769613523948,-0.409363742318421,2.05318759909778
0.00763986290409569,0.199343013574183,0.313563760966049,0.131359051265958,0.00373072120919684,2.5119032666585e-05,0.000179133472288185,4.64613836717415e-16,3.96497605785389e-21,1.84809407628021e-05,-4.45256638688114,-1.19091901822391,-0.73794332175355,-1.60801162212722,-5.16934447677108,-10.1700754920279,-8.20557014117135,-34.8835158384259,-46.554977902605,-10.4769613523948,-0.421809233573667,1.86217961365567
0.00834715010929702,0.217797894861609,0.342593030068142,0.143520077898778,0.00407610585949254,2.74445155496071e-05,0.000195717384141471,5.07627098368165e-16,4.3320476754802e-21,2.01918789178057e-05,-4.45256638688114,-1.19091901822391,-0.73794332175355,-1.60801162212722,-5.16934447677108,-10.1700754920279,-8.20557014117135,-34.8835158384259,-46.554977902605,-10.4769613523948,-0.333268715771602,1.05178452608768
0.0264404849561295,0.689897975615779,1.08519982736412,0.454615097476036,0.0129114984451358,8.69334193127096e-05,0.000619955611590339,1.60796277555592e-15,1.3722221344168e-20,6.39599221017474e-05,-4.45256638688114,-1.19091901822391,-0.73794332175355,-1.60801162212722,-5.16934447677108,-10.1700754920279,-8.20557014117135,-34.8835158384259,-46.554977902605,-10.4769613523948,0.819707464474092,2.26959027364268
0.0260904138080079,0.680763749189475,1.07083181746805,0.448596008590529,0.0127405506318805,8.57824237103434e-05,0.000611747419755206,1.58667340148015e-15,1.35405395864884e-20,6.31130948441885e-05,-4.45256638688114,-1.19091901822391,-0.73794332175355,-1.60801162212722,-5.16934447677108,-10.1700754920279,-8.20557014117135,-34.8835158384259,-46.554977902605,-10.4769613523948,0.806379067711734,1.34208901186964
0.045955619628231,1.19909634797888,1.88616171638737,0.790156403391407,0.0224411886680469,0.000151097045214757,0.00107753107856776,2.79476438546456e-15,2.38502881317533e-20,0.000111167319980559,-4.45256638688114,-1.19091901822391,-0.73794332175355,-1.60801162212722,-5.16934447677108,-10.1700754920279,-8.20557014117135,-34.8835158384259,-46.554977902605,-10.4769613523948,1.37248724798736,1.12683977998052
0.0477074744658981,1.24480659527898,1.95806329347862,0.820277623146314,0.023296659777982,0.000156856952093568,0.00111860718738746,2.90130242256261e-15,2.47594749293936e-20,0.000115405082606194,-4.45256638688114,-1.19091901822391,-0.73794332175355,-1.60801162212722,-5.16934447677108,-10.1700754920279,-8.20557014117135,-34.8835158384259,-46.554977902605,-10.4769613523948,1.40989919091583,1.54721203874449
0.0710236518966844,1.8531836214677,2.91503181219767,1.22117368435899,0.0346824868210037,0.000233517990373435,0.00166530650334312,4.31926224588536e-15,3.68602267929094e-20,0.00017180725883927,-4.45256638688114,-1.19091901822391,-0.73794332175355,-1.60801162212722,-5.16934447677108,-10.1700754920279,-8.20557014117135,-34.8835158384259,-46.554977902605,-10.4769613523948,1.80782405477181,2.10912005053282
0.0992684908832836,2.59016167882104,4.0742879469865,1.70681266754682,0.0484750929423995,0.000326383928162249,0.00232756918336814,6.0369557665367e-15,5.15188812407226e-20,0.000240131939886411,-4.45256638688114,-1.19091901822391,-0.73794332175355,-1.60801162212722,-5.16934447677108,-10.1700754920279,-8.20557014117135,-34.8835158384259,-46.554977902605,-10.4769613523948,2.14263931624227,3.53475936925705
0.0876511441705409,2.28703622584822,3.59747586626954,1.5070651509264,0.0428020746801756,0.000288187364265796,0.0020551748116951,5.33045355616451e-15,4.54896498068548e-20,0.000212029407273681,-4.45256638688114,-1.19091901822391,-0.73794332175355,-1.60801162212722,-5.16934447677108,-10.1700754920279,-8.20557014117135,-34.8835158384259,-46.554977902605,-10.4769613523948,2.01817577303776,1.6573741298549
0.0278913808514953,0.727755456017631,1.14474911240132,0.479561658781312,0.013620004364303,9.17038061441238e-05,0.000653975072793788,1.69619816892431e-15,1.44752148938926e-20,6.74696606182427e-05,-4.45256638688114,-1.19091901822391,-0.73794332175355,-1.60801162212722,-5.16934447677108,-10.1700754920279,-8.20557014117135,-34.8835158384259,-46.554977902605,-10.4769613523948,0.87312881894367,2.69537884987234
0.0386092325055536,1.00741084703461,1.58464311525326,0.66384334584295,0.0188537784496187,0.000126942928781989,0.000905278794648779,2.34799810838272e-15,2.00376216717929e-20,9.3396301450628e-05,-4.45256638688114,-1.19091901822391,-0.73794332175355,-1.60801162212722,-5.16934447677108,-10.1700754920279,-8.20557014117135,-34.8835158384259,-46.554977902605,-10.4769613523948,1.19830253985153,1.05869859961796
0.0974754728848931,2.5433773823384,4.00069690561405,1.67598369245551,0.0475995209119799,0.000320488681318329,0.00228552791326175,5.92791441566517e-15,5.05883313703695e-20,0.000235794602969393,-4.45256638688114,-1.19091901822391,-0.73794332175355,-1.60801162212722,-5.16934447677108,-10.1700754920279,-8.20557014117135,-34.8835158384259,-46.554977902605,-10.4769613523948,2.1244118941013,1.60361092669051
0.0299159139968523,2.11435082031596,2.42143289195339,0.602336572911891,0.049164204082044,0.000339440115183716,0.00179983458474193,8.12057954425974e-15,7.83903534690901e-20,0.000179415465556723,-5.16176996943223,-0.903657445320957,-0.768045800897201,-2.15934416864511,-4.66499474954593,-9.64061828769001,-7.97246578562273,-34.0967801407925,-45.6449913455293,-10.2782116748929,1.65240526995429,0.256861108055598
0.0166167637860233,1.17441399736848,1.34498241950857,0.334567232437318,0.0273082067973964,0.000188541664282824,0.000999716276484776,4.51056758977094e-15,4.35418415374439e-20,9.96561365642764e-05,-5.16176996943223,-0.903657445320957,-0.768045800897201,-2.15934416864511,-4.66499474954593,-9.64061828769001,-7.97246578562273,-34.0967801407925,-45.6449913455293,-10.2782116748929,1.06442674286823,1.0098707341363
0.0159857385396015,1.12981536843966,1.29390641736806,0.321861968463415,0.026271171659534,0.000181381753261827,0.000961751831792404,4.33927779703574e-15,4.18883305626452e-20,9.58716729381031e-05,-5.16176996943223,-0.903657445320957,-0.768045800897201,-2.15934416864511,-4.66499474954593,-9.64061828769001,-7.97246578562273,-34.0967801407925,-45.6449913455293,-10.2782116748929,1.02571167393412,0.770201791568784
0.00118231907304873,0.438592985074207,0.779150231843593,0.112654411041979,0.0120205469144165,8.54220181760603e-05,0.000402409692374917,1.03691504262093e-15,2.02015624707004e-20,2.36086813981717e-05,-7.03601097618031,-1.11991696014068,-0.545284922642484,-2.47916397892943,-4.71687137365432,-9.66364018943658,-8.1137733761616,-34.7982599182439,-45.6442605245361,-10.9496295808319,0.295733523111566,0.304834181734825
0.00124625799537011,0.462311762384508,0.821286087794963,0.11874667648958,0.0126706090109702,9.0041576389404e-05,0.000424171704549673,1.09299062481809e-15,2.12940477084239e-20,2.48854210536825e-05,-7.03601097618031,-1.11991696014068,-0.545284922642484,-2.47916397892943,-4.71687137365432,-9.66364018943658,-8.1137733761616,-34.7982599182439,-45.6442605245361,-10.9496295808319,0.348401155014225,0.25820928954447
0.0114869634671978,4.26120301309647,7.56992799377535,1.09450750948392,0.116787072465632,0.000829927914088784,0.00390965987145713,1.00742730830357e-14,1.96270715216389e-19,0.00022937298983955,-7.03601097618031,-1.11991696014068,-0.545284922642484,-2.47916397892943,-4.71687137365432,-9.66364018943658,-8.1137733761616,-34.7982599182439,-45.6442605245361,-10.9496295808319,2.56946847799579,0.729573776544398
0.000664801702967421,0.246614784480332,0.438105425857183,0.0633440210977743,0.0067589876890826,4.80316222996586e-05,0.000226269418196568,5.83043022717542e-16,1.13590598673958e-20,1.32748358341615e-05,-7.03601097618031,-1.11991696014068,-0.545284922642484,-2.47916397892943,-4.71687137365432,-9.66364018943658,-8.1137733761616,-34.7982599182439,-45.6442605245361,-10.9496295808319,-0.280010776622327,1.0795401779062
0.00124611529000054,0.462258824412471,0.821192044719515,0.118733079153862,0.0126691581364736,9.00312659910086e-05,0.000424123133884461,1.09286546964827e-15,2.12916093891039e-20,2.48825714966713e-05,-7.03601097618031,-1.11991696014068,-0.545284922642484,-2.47916397892943,-4.71687137365432,-9.66364018943658,-8.1137733761616,-34.7982599182439,-45.6442605245361,-10.9496295808319,0.348286641373296,0.938222870374217
0.00933869532387921,3.46428164119612,6.15421572110365,0.889814979385635,0.0949457957830864,0.000674716512557032,0.00317848337063106,8.19020337277854e-15,1.59564572102956e-19,0.00018647612780833,-7.03601097618031,-1.11991696014068,-0.545284922642484,-2.47916397892943,-4.71687137365432,-9.66364018943658,-8.1137733761616,-34.7982599182439,-45.6442605245361,-10.9496295808319,2.36242225273096,1.29457302354153
0.0114566472692331,4.24995691881909,7.54994956899031,1.09161890394198,0.11647885001688,0.000827737582500127,0.0038993415638403,1.00476852334262e-14,1.95752720894027e-19,0.000228767632558873,-7.03601097618031,-1.11991696014068,-0.545284922642484,-2.47916397892943,-4.71687137365432,-9.66364018943658,-8.1137733761616,-34.7982599182439,-45.6442605245361,-10.9496295808319,2.56682580627718,0.924317656385635
0.00965277513957213,3.58079266352201,6.36119484103233,0.91974131438573,0.098139021068434,0.000697408637158957,0.00328538240059279,8.46565700699577e-15,1.64931061709814e-19,0.00019274770920401,-7.03601097618031,-1.11991696014068,-0.545284922642484,-2.47916397892943,-4.71687137365432,-9.66364018943658,-8.1137733761616,-34.7982599182439,-45.6442605245361,-10.9496295808319,2.39550115043636,0.159579449279972
0.000123654470036847,0.0458708519277983,0.0814885010264362,0.0117821168686627,0.00125718546891274,8.93397952195883e-06,4.20865723835451e-05,1.08447189080609e-16,2.11280825808666e-21,2.4691464877006e-06,-7.03601097618031,-1.11991696014068,-0.545284922642484,-2.47916397892943,-4.71687137365432,-9.66364018943658,-8.1137733761616,-34.7982599182439,-45.6442605245361,-10.9496295808319,-1.96200843774738,0.324640508921819
0.00236851950794865,0.878625799818148,1.56085828759037,0.225678648253014,0.0240805553357035,0.000171124462990038,0.000806140430535307,2.0772341092326e-15,4.04694433961189e-20,4.72948662701727e-05,-7.03601097618031,-1.11991696014068,-0.545284922642484,-2.47916397892943,-4.71687137365432,-9.66364018943658,-8.1137733761616,-34.7982599182439,-45.6442605245361,-10.9496295808319,0.990520776960808,0.249981890401732
0.00206617699437065,0.766468846109302,1.36161406923987,0.196870673674499,0.0210066622965635,0.000149280353156253,0.000703236264769754,1.81207429958456e-15,3.53035018877536e-20,4.12576566548533e-05,-7.03601097618031,-1.11991696014068,-0.545284922642484,-2.47916397892943,-4.71687137365432,-9.66364018943658,-8.1137733761616,-34.7982599182439,-45.6442605245361,-10.9496295808319,0.853955734299071,0.29544706516985
0.000621657565764493,0.230610038929294,0.409673367819185,0.0592331364158777,0.00632034457052703,4.49144779040805e-05,0.000211585041216297,5.45204840211308e-16,1.06218823974409e-20,1.24133288073008e-05,-7.03601097618031,-1.11991696014068,-0.545284922642484,-2.47916397892943,-4.71687137365432,-9.66364018943658,-8.1137733761616,-34.7982599182439,-45.6442605245361,-10.9496295808319,-0.347110178002237,0.133661476788334
0.00711477044439458,3.11456389835056,9.55778099274978,0.968793041127343,0.857542675963315,0.000417692793585439,0.00214532183324316,1.49632265535388e-14,1.81002439598007e-19,0.000356423711871536,-7.62033180231916,-1.5386603488366,-0.417393904353863,-2.70645376049625,-2.82843382403868,-10.455513829964,-8.81921518979436,-34.5079302576527,-45.8305259340035,-10.6141398237002,2.67474949074551,0.231494181287184
0.00845059984905219,2.95772474480129,5.48859353153846,0.998213117612704,1.14004631409545,0.00048878261783902,0.00392883009963885,2.46402984444278e-14,3.69808143989163e-19,0.000242001637054709,-7.13415370886304,-1.27621555132104,-0.657963821417722,-2.36242433754996,-2.22956696880327,-9.98422856840896,-7.90004943877205,-33.69502900091,-44.8019384682627,-10.6872019239256,2.36063585678397,0.174828516386651
0.0130399572213156,4.56400786140184,8.46934254785218,1.54032335975365,1.75918342267627,0.000754231006199913,0.00606250175658876,3.80219680703288e-14,5.70643796162433e-19,0.000373428046653479,-7.13415370886304,-1.27621555132104,-0.657963821417722,-2.36242433754996,-2.22956696880327,-9.98422856840896,-7.90004943877205,-33.69502900091,-44.8019384682627,-10.6872019239256,2.79441670580007,0.513930298668459
0.0754287018795389,26.4001777391429,48.9903075075568,8.90989054097723,10.1758709548196,0.00436279542558332,0.0350681087277201,2.19935360659169e-13,3.30084831181692e-18,0.00216006788415231,-7.13415370886304,-1.27621555132104,-0.657963821417722,-2.36242433754996,-2.22956696880327,-9.98422856840896,-7.90004943877205,-33.69502900091,-44.8019384682627,-10.6872019239256,4.54958629399394,0.322937181695435
0.0495387976917166,17.3386659382445,32.1750324743449,5.85168846826651,6.68313785079958,0.00286532360458064,0.023031444269955,1.44445457305488e-13,2.16787579072072e-18,0.00141865315519135,-7.13415370886304,-1.27621555132104,-0.657963821417722,-2.36242433754996,-2.22956696880327,-9.98422856840896,-7.90004943877205,-33.69502900091,-44.8019384682627,-10.6872019239256,4.12915458420305,0.439519176910847
0.00184731134461123,0.544772441761413,1.21090520948046,0.0749700798869692,0.133296584086862,0.000108207870811245,0.000508097256202232,2.72565758531388e-15,3.63989348810419e-20,4.29975752192281e-05,-6.97025438347471,-1.2836174688059,-0.484862172316537,-3.26689653912317,-2.69140903712206,-9.8076868102665,-8.26106803873413,-34.2122970394372,-45.4359777994115,-10.7305971933525,0.676230359241264,0.477981940939952
0.0392643384048736,11.5790603296874,25.7376170291809,1.59347832486887,2.83319982907468,0.00229994281689301,0.0107995345063562,5.79334621192929e-14,7.7365415468011e-19,0.000913907311250817,-6.97025438347471,-1.2836174688059,-0.484862172316537,-3.26689653912317,-2.69140903712206,-9.8076868102665,-8.26106803873413,-34.2122970394372,-45.4359777994115,-10.7305971933525,3.73281579168996,0.52801870779932
0.00523554391117528,1.54396282400371,3.43187812655372,0.212475902569174,0.377781537060448,0.000306676544167642,0.0014400201155882,7.72490247318974e-15,1.03159774580288e-19,0.00012186126274329,-6.97025438347471,-1.2836174688059,-0.484862172316537,-3.26689653912317,-2.69140903712206,-9.8076868102665,-8.26106803873413,-34.2122970394372,-45.4359777994115,-10.7305971933525,1.7179698424008,0.479752913868513
0.0160674330687169,2.16097577113257,4.05226328817656,0.170990677239828,0.766031574783872,0.000272036730383279,0.00366331964879952,9.15333817268193e-15,7.07467646832768e-20,0.000132023463264663,-6.10092174689823,-1.19940103495495,-0.570685338925044,-3.73610714357031,-2.23649279028588,-10.1795343631506,-7.57934643532251,-34.2946186550804,-46.0651410467948,-10.9024917997082,1.96996090053928,0.893478481799084
0.000782126596277398,0.105191452628769,0.197255086064254,0.00832344256937574,0.0372886985534256,1.32421377507626e-05,0.000178322182251386,4.4556396774506e-16,3.44379379224562e-21,6.42660601169638e-06,-6.10092174689823,-1.19940103495495,-0.570685338925044,-3.73610714357031,-2.23649279028588,-10.1795343631506,-7.57934643532251,-34.2946186550804,-46.0651410467948,-10.9024917997082,-1.05257219580039,0.304227770640723
0.0973644199231671,13.0949450061188,24.5556500992952,1.0361585469517,4.64194993703609,0.00164847106182333,0.022198753906307,5.54668227172473e-14,4.2870679313669e-19,0.000800027475579708,-6.10092174689823,-1.19940103495495,-0.570685338925044,-3.73610714357031,-2.23649279028588,-10.1795343631506,-7.57934643532251,-34.2946186550804,-46.0651410467948,-10.9024917997082,3.77162731329671,0.529724973102409
0.00624724584899162,1.16679231931761,2.27750693363731,0.315583516236837,0.758768951542118,0.000156267544504759,0.00272103249429604,2.63455778008159e-15,5.00156682992923e-20,9.21103471495925e-05,-6.5858658483039,-1.35599289548773,-0.687169877233244,-2.6635831930835,-1.78630923138735,-10.2741922626085,-7.41699514899817,-35.0803123241853,-45.9522019023376,-10.8027745459001,1.51025127178775,0.374500723541913
0.012229993538793,2.28418456249339,4.45858795319162,0.617805743173859,1.48541286818329,0.000305918977068066,0.00532686092855746,5.15757269792342e-15,9.79137551049781e-20,0.00018032089303438,-6.5858658483039,-1.35599289548773,-0.687169877233244,-2.6635831930835,-1.78630923138735,-10.2741922626085,-7.41699514899817,-35.0803123241853,-45.9522019023376,-10.8027745459001,2.18200199071269,3.00053785815368
0.00534368585957022,0.998035257216429,1.94810351481769,0.269939620432968,0.649025669077998,0.000133666048698023,0.00232748049535265,2.25351290727819e-15,4.27817354892514e-20,7.87881206344439e-05,-6.5858658483039,-1.35599289548773,-0.687169877233244,-2.6635831930835,-1.78630923138735,-10.2741922626085,-7.41699514899817,-35.0803123241853,-45.9522019023376,-10.8027745459001,1.35402622006521,1.0162622638964
0.00670952114550517,1.25313104816231,2.44603482873027,0.338935640848151,0.814915315962212,0.000167830820101323,0.00292237979733626,2.82950624351783e-15,5.37166604568383e-20,9.89262047402485e-05,-6.5858658483039,-1.35599289548773,-0.687169877233244,-2.6635831930835,-1.78630923138735,-10.2741922626085,-7.41699514899817,-35.0803123241853,-45.9522019023376,-10.8027745459001,1.58163815345256,0.402818378281188
0.00271636016147385,0.317435908519002,0.555925600505535,0.13785646162807,0.175303546947394,3.01323707650906e-05,0.00324608355669948,7.00281936985366e-16,1.73952025108287e-20,2.74645422554095e-05,-6.08454926360283,-1.32356613680162,-0.763207598568479,-2.1576290611116,-1.91732304651785,-10.5859973162237,-5.90639286162848,-35.0711354456593,-45.674179295283,-10.6787015506212,0.176086792842889,0.588169194731502
0.00245562958257896,0.286966735334957,0.502564928493745,0.124624271156986,0.158476987669216,2.72401068508698e-05,0.00293450733168952,6.3306518222308e-16,1.57255192026398e-20,2.4828350596108e-05,-6.08454926360283,-1.32356613680162,-0.763207598568479,-2.1576290611116,-1.91732304651785,-10.5859973162237,-5.90639286162848,-35.0711354456593,-45.674179295283,-10.6787015506212,0.0751771621053838,0.507806925062123
0.00323143845504278,0.377628348533567,0.661340638511507,0.163996909430217,0.208544739738726,3.58460939800739e-05,0.00386160840604779,8.33069934039433e-16,2.0693694129371e-20,3.26723897857946e-05,-6.08454926360283,-1.32356613680162,-0.763207598568479,-2.1576290611116,-1.91732304651785,-10.5859973162237,-5.90639286162848,-35.0711354456593,-45.674179295283,-10.6787015506212,0.349721364838393,1.11579697859433
0.00277182973297519,0.323918124711987,0.567277907642131,0.140671566548123,0.178883341987004,3.07476903822624e-05,0.00331237037186539,7.14582080068615e-16,1.7750422132711e-20,2.80253833441557e-05,-6.08454926360283,-1.32356613680162,-0.763207598568479,-2.1576290611116,-1.91732304651785,-10.5859973162237,-5.90639286162848,-35.0711354456593,-45.674179295283,-10.6787015506212,0.196301640171197,1.32166788289706
0.00149097405066918,0.174236358294854,0.305140185831138,0.0756675826422815,0.0962217909082476,1.65392585022732e-05,0.00178173219368555,3.84375463536109e-16,9.54799585033991e-21,1.50749228313319e-05,-6.08454926360283,-1.32356613680162,-0.763207598568479,-2.1576290611116,-1.91732304651785,-10.5859973162237,-5.90639286162848,-35.0711354456593,-45.674179295283,-10.6787015506212,-0.42377638372591,0.689022922381534
0.0100388455434304,1.1731471035239,2.0545328694873,0.509475784940515,0.647868885717101,0.00011136012825486,0.0119965429875448,2.58803022587255e-15,6.42874069792543e-20,0.00010150064101716,-6.08454926360283,-1.32356613680162,-0.763207598568479,-2.1576290611116,-1.91732304651785,-10.5859973162237,-5.90639286162848,-35.0711354456593,-45.674179295283,-10.6787015506212,1.4832561065588,0.707850870233984
0.00347778072753906,1.21546869907517,1.71654808105718,0.531336172679629,0.374332204764499,6.98084518610414e-05,0.00403181866569858,2.06730686826e-15,1.96946890227897e-20,2.31297253740482e-05,-7.00820933394209,-1.15171866038192,-0.806533078718002,-1.97920878784442,-2.32946005113668,-10.9166038920356,-6.86038614635315,-35.1593780878773,-46.7207863695731,-12.0212403782847,1.34684842334366,1.07139418036708
0.00622699237202867,1.3411862662092,3.27290226738711,0.394023001256679,0.358157514349864,0.000102487787488119,0.00783755360132728,4.23246178488083e-15,3.56225665951969e-20,3.51870983592041e-05,-6.76163779507906,-1.38922147137316,-0.497098832184397,-2.61412195956726,-2.70955837213175,-10.8685428799448,-6.5316045009648,-34.7787685559003,-46.464083589722,-11.9376070334359,1.68277596700314,1.16518509727068
0.0049619793577071,1.06872438091686,2.60801242723809,0.313977259307366,0.285397843266143,8.1667401459726e-05,0.00624535519898816,3.37263750365265e-15,2.83858449719488e-20,2.80388420741068e-05,-6.76163779507906,-1.38922147137316,-0.497098832184397,-2.61412195956726,-2.70955837213175,-10.8685428799448,-6.5316045009648,-34.7787685559003,-46.464083589722,-11.9376070334359,1.45568724128273,1.10849584396536
0.00502805355624683,1.08295561846106,2.64274097374922,0.318158210954457,0.289198228636446,8.27548925009559e-05,0.00632851895474384,3.41754787186542e-15,2.87638336375971e-20,2.84122100155013e-05,-6.76163779507906,-1.38922147137316,-0.497098832184397,-2.61412195956726,-2.70955837213175,-10.8685428799448,-6.5316045009648,-34.7787685559003,-46.464083589722,-11.9376070334359,1.4689154583686,0.497570523752023
0.00152641055339543,0.328762386157186,0.802280180013125,0.0965860934887889,0.0877944562991976,2.51226324154059e-05,0.00192120430139066,1.03749514200549e-15,8.73209060511915e-21,8.6253451216858e-06,-6.76163779507906,-1.38922147137316,-0.497098832184397,-2.61412195956726,-2.70955837213175,-10.8685428799448,-6.5316045009648,-34.7787685559003,-46.464083589722,-11.9376070334359,0.276801451697012,0.728609322214741
0.000633178144626787,0.25783588516452,0.71213346692768,0.0856508948468189,0.0915390089375397,1.85604948260133e-05,0.00044182711300097,5.17507956160626e-16,7.83521989756859e-21,5.80083622481779e-06,-7.5030052997221,-1.49367855389251,-0.477736485005779,-2.59572215996975,-2.52923662378456,-11.0327217234958,-7.86283845287968,-35.3357533280666,-46.4339045648208,-12.1957550275301,0.138246553418509,1.14090869268436
0.000927766371073398,0.377794883701462,1.04345591827217,0.125500257021759,0.134127835672052,2.71958264450313e-05,0.000647388638962516,7.58280244767063e-16,1.14805818751277e-20,8.49969446854883e-06,-7.5030052997221,-1.49367855389251,-0.477736485005779,-2.59572215996975,-2.52923662378456,-11.0327217234958,-7.86283845287968,-35.3357533280666,-46.4339045648208,-12.1957550275301,0.520274687539504,1.31453272302073
0.000138119298519259,0.0375175705453941,0.0382538052910235,0.0137488723097484,0.0225684935999341,5.10987619485198e-06,0.000124542130734098,9.79957954967713e-17,7.4154952252993e-22,9.55367872631679e-07,-6.70132295625588,-1.09687609988593,-1.07744243094828,-2.10072866409241,-1.60513062587088,-9.99826557407853,-6.80479669185609,-34.6755372912598,-46.4672304775735,-11.6750995557177,-2.18606980797695,1.67394500259528
0.000572365033043384,0.155472448348177,0.158523397991186,0.0569751934613332,0.0935236185207277,2.11752773759291e-05,0.000516101381466078,4.06093625792643e-16,3.0729740269204e-21,3.95903519529656e-06,-6.70132295625588,-1.09687609988593,-1.07744243094828,-2.10072866409241,-1.60513062587088,-9.99826557407853,-6.80479669185609,-34.6755372912598,-46.4672304775735,-11.6750995557177,-0.764410644215996,1.12642627277094
0.0013503180113119,0.366789085893356,0.373986856575911,0.134415321494643,0.220640009925326,4.99565081451702e-05,0.00121758135249988,9.58052126753865e-16,7.24973039457106e-21,9.34011727306456e-06,-6.70132295625588,-1.09687609988593,-1.07744243094828,-2.10072866409241,-1.60513062587088,-9.99826557407853,-6.80479669185609,-34.6755372912598,-46.4672304775735,-11.6750995557177,0.093907805917993,1.1475906599098
0.000294598567544125,0.0561062922795255,0.10627034385184,0.0121016871230689,0.044333327718145,7.22412372953103e-06,0.000207129998677741,3.6802721994135e-16,8.18279606816099e-22,9.09017047869159e-07,-6.61268038498785,-1.36329077956239,-0.724552486623829,-2.89719387310515,-1.59880203475149,-10.3208680830957,-6.96494741754517,-34.021158239892,-47.0376216047017,-12.3936854570779,-1.51721653133539,3.31375229735796
0.000688345889920533,0.0713210358358152,0.36239610049731,0.0328981770584255,0.0721035114645666,4.51806714002481e-05,0.00107589947110468,2.50672486961176e-15,2.90865616150685e-21,2.0378858017065e-06,-6.66601449435079,-2.02535935727757,-0.399812860050796,-2.79913342626687,-2.01444792814106,-9.38963658143403,-6.21939364491108,-33.0045947215891,-46.671391173486,-12.4883930541876,-0.615204605037545,3.03989547317042
0.00161752196466126,0.16759501828382,0.851582991989191,0.0773063728112939,0.169433732707558,0.000106168612957769,0.00252822171492905,5.89047250129986e-15,6.83495797356736e-21,4.78876258869234e-06,-6.66601449435079,-2.02535935727757,-0.399812860050796,-2.79913342626687,-2.01444792814106,-9.38963658143403,-6.21939364491108,-33.0045947215891,-46.671391173486,-12.4883930541876,0.239154542058096,1.93658400397545
0.00170518144282564,0.176677610153776,0.897733413635588,0.0814958901393245,0.178615971290449,0.000111922281478284,0.00266523536980138,6.20969892102495e-15,7.20536954282465e-21,5.04828328686459e-06,-6.66601449435079,-2.02535935727757,-0.399812860050796,-2.79913342626687,-2.01444792814106,-9.38963658143403,-6.21939364491108,-33.0045947215891,-46.671391173486,-12.4883930541876,0.29193073852168,1.74560276553646
0.00279793951515214,0.289900684159887,1.4730419467392,0.13372217502289,0.293081235556192,0.000183647186222688,0.00437323980373093,1.01891573248314e-14,1.18228991113905e-20,8.28345355940218e-06,-6.66601449435079,-2.02535935727757,-0.399812860050796,-2.79913342626687,-2.01444792814106,-9.38963658143403,-6.21939364491108,-33.0045947215891,-46.671391173486,-12.4883930541876,0.78714247420607,0.674798370102206
0.00353052390661789,0.365805368711021,1.85872846080124,0.168734646766509,0.369818683752347,0.000231731521654089,0.00551828500681704,1.28569839801029e-14,1.49184883133637e-20,1.04523098739103e-05,-6.66601449435079,-2.02535935727757,-0.399812860050796,-2.79913342626687,-2.01444792814106,-9.38963658143403,-6.21939364491108,-33.0045947215891,-46.671391173486,-12.4883930541876,1.01970549077386,0.970637177111175
0.00404638085977865,0.419254445376215,2.13031364926146,0.193389044548796,0.423854159638747,0.000265590608824611,0.00632458054979675,1.47355619923861e-14,1.70982797920932e-20,1.19795327075924e-05,-6.66601449435079,-2.02535935727757,-0.399812860050796,-2.79913342626687,-2.01444792814106,-9.38963658143403,-6.21939364491108,-33.0045947215891,-46.671391173486,-12.4883930541876,1.15608208210584,1.4517947643188
0.0292369778797741,3.82363381367466,8.30141510162216,0.419438816094301,2.01414280387267,0.00251036357761813,0.0248642727764054,8.42962192961155e-14,1.58091406255027e-19,3.39411243680119e-05,-6.2143882944199,-1.34086605871134,-0.565641294851472,-3.55090490260127,-1.98187359191305,-8.66939497398063,-6.37639062341294,-32.7865066684089,-45.973180855818,-12.972950459891,2.68206728929289,1.10906450266362
0.132924879440365,17.3840150578085,37.7420883274985,1.90696365032018,9.15722857818583,0.011413278666439,0.113044531304396,3.83249761083081e-13,7.18756952357406e-19,0.000154312114037256,-6.2143882944199,-1.34086605871134,-0.565641294851472,-3.55090490260127,-1.98187359191305,-8.66939497398063,-6.37639062341294,-32.7865066684089,-45.973180855818,-12.972950459891,4.19641716785288,0.284020028525693
0.024870833682712,2.2886824050268,3.20766326307237,0.187993609546989,0.594539882729616,0.00172538187089766,0.0109960618316621,9.5690129899294e-14,1.04699951290174e-19,1.31038282764993e-05,-5.53722231008636,-1.01518652698464,-0.67762009335406,-3.51451011847986,-2.36313028890748,-8.2054696885437,-6.3533808955686,-31.8208240475978,-45.5463511102095,-13.0857689455808,1.84316280997861,0.525048313347104
0.390486701484035,18.3688190445413,18.2467675168109,2.82977533438224,4.27567378957665,0.00833012981712249,0.126514390360897,5.98132577958837e-13,1.18767028262803e-18,0.000305484991000351,-4.73014153382546,-0.879125558462086,-0.88579222647072,-2.74958284708494,-2.33683846687848,-8.57765640708108,-5.85717938793552,-31.9347441317047,-45.0643181997938,-11.8833900782993,3.78978016844468,0.935044526405884
0.436645833124581,10.251982339124,42.3967068037226,7.07684480364765,7.41490662207237,0.0042254955303759,0.252729201437402,1.17851690087022e-12,1.74495915873666e-18,0.000569098397928112,-5.04570540257618,-1.88960145375705,-0.470001850083294,-2.26024438040903,-2.21358015718292,-9.68369127933554,-5.59250925311933,-31.6838368712171,-45.106873062829,-11.6885297470377,4.21707253958123,0.534610497452506
0.154357544533559,3.62415188791482,14.9875506922899,2.50171719061031,2.62122455386436,0.00149374404844087,0.0893416494705773,4.16614476102705e-13,6.16856020648402e-19,0.000201180509781945,-5.04570540257618,-1.88960145375705,-0.470001850083294,-2.26024438040903,-2.21358015718292,-9.68369127933554,-5.59250925311933,-31.6838368712171,-45.106873062829,-11.6885297470377,3.17722175273579,0.884457250731348
0.06596306428003,1.54874298282935,6.40477129059794,1.06908238501298,1.12015259287412,0.000638335722319009,0.038179209087058,1.78035790541998e-13,2.63606896990435e-19,8.59723633123131e-05,-5.04570540257618,-1.88960145375705,-0.470001850083294,-2.26024438040903,-2.21358015718292,-9.68369127933554,-5.59250925311933,-31.6838368712171,-45.106873062829,-11.6885297470377,2.32704507684721,0.749583351367888
0.0619088463283823,1.45355423330705,6.01112161670914,1.0033745067569,1.05130584052593,0.000599102369944456,0.0358326407984268,1.67093365323743e-13,2.47405105493609e-19,8.06883350081297e-05,-5.04570540257618,-1.88960145375705,-0.470001850083294,-2.26024438040903,-2.21358015718292,-9.68369127933554,-5.59250925311933,-31.6838368712171,-45.106873062829,-11.6885297470377,2.26361320629451,2.74435949490898
0.0174879494267398,0.609229871327906,1.78434192562757,0.291059048312783,0.2820203817583,0.000204272955825823,0.00613090640224266,5.90243111087259e-14,1.50369573872544e-19,2.04558613757337e-05,-5.14168210200033,-1.59099848803135,-0.516389184424375,-2.32966797979554,-2.36121479748174,-9.59149230228004,-6.18985153919447,-31.5562658457497,-44.4366297257689,-11.8926799592674,1.09543886256461,1.18938806495648
0.0126587604702277,0.440994814443797,1.291606950725,0.210684894230669,0.204142199481763,0.000147864243842714,0.00443789455913609,4.27251130485946e-14,1.08845947069828e-19,1.48071019105109e-05,-5.14168210200033,-1.59099848803135,-0.516389184424375,-2.32966797979554,-2.36121479748174,-9.59149230228004,-6.18985153919447,-31.5562658457497,-44.4366297257689,-11.8926799592674,0.772276325796083,2.93631993942626
0.0272349420492583,0.948787066762799,2.77885346959107,0.453282207094575,0.439205796315532,0.000318125469052442,0.00954799653750109,9.19217944492436e-14,2.34178778223621e-19,3.18570339804345e-05,-5.14168210200033,-1.59099848803135,-0.516389184424375,-2.32966797979554,-2.36121479748174,-9.59149230228004,-6.18985153919447,-31.5562658457497,-44.4366297257689,-11.8926799592674,1.53842760604758,0.29611293278424
0.0275490143466144,0.95972844248598,2.81089910022366,0.458509439958716,0.444270700555514,0.000321794079645852,0.0096581036639366,9.29818330242316e-14,2.3687931882825e-19,3.22244080630043e-05,-5.14168210200033,-1.59099848803135,-0.516389184424375,-2.32966797979554,-2.36121479748174,-9.59149230228004,-6.18985153919447,-31.5562658457497,-44.4366297257689,-11.8926799592674,1.54989358108471,0.706116385063055
0.0251964058076742,0.42110051257564,0.881648796363738,0.112888630951908,0.0703772256833767,0.000107227140576899,0.00284516437925884,2.87995370916484e-14,4.45633287306383e-20,7.82212720004034e-06,-4.09592253424748,-1.27975233951577,-0.540830105268827,-2.59622212598834,-3.06875417990182,-9.55542977727913,-6.27700304770556,-31.5932856940356,-44.9722442707634,-12.1734226328634,0.414868612930977,0.858902228025712
0.0158077243491854,0.264190094289914,0.553128936408233,0.0708240839533219,0.0441532729927849,6.72721773862965e-05,0.00178499959790878,1.80682573222511e-14,2.79581469687835e-20,4.9074471790275e-06,-4.09592253424748,-1.27975233951577,-0.540830105268827,-2.59622212598834,-3.06875417990182,-9.55542977727913,-6.27700304770556,-31.5932856940356,-44.9722442707634,-12.1734226328634,-0.0513340413061884,0.931434364561859
0.0802829772566399,1.34174703852296,2.80918599291871,0.359695563741274,0.224242030869461,0.000341656431236226,0.00906550993403466,9.17635871948987e-14,1.4199154967858e-19,2.49235412738159e-05,-4.09592253424748,-1.27975233951577,-0.540830105268827,-2.59622212598834,-3.06875417990182,-9.55542977727913,-6.27700304770556,-31.5932856940356,-44.9722442707634,-12.1734226328634,1.57372486441314,0.866775440564835
0.012661174082248,0.211602676053905,0.443027826086441,0.0567264481806936,0.0353645005007615,5.38815537243131e-05,0.00142969286069505,1.44717447158459e-14,2.23930376042446e-20,3.93061275997679e-06,-4.09592253424748,-1.27975233951577,-0.540830105268827,-2.59622212598834,-3.06875417990182,-9.55542977727913,-6.27700304770556,-31.5932856940356,-44.9722442707634,-12.1734226328634,-0.273292592804609,1.13904628274688
0.0565678045242291,0.715698672267456,1.63007629556579,0.147663389837697,0.0936158544731912,0.0001182032981531,0.0089642811664895,3.86704932315312e-14,9.41111107640611e-20,8.93034546317567e-06,-3.84789833281519,-1.31007910193147,-0.486956231720974,-2.8884030411065,-3.34413857698514,-10.0186876027649,-5.69009040988937,-31.8592825870243,-44.7853938917866,-12.601638530678,0.975583052539806,0.663349615677213
0.214745813265415,2.71697469473512,6.18818535950106,0.560567888517616,0.355389659762586,0.000448729866856854,0.0340306975960699,1.4680305499258e-13,3.57269778954981e-19,3.39018690111857e-05,-3.84789833281519,-1.31007910193147,-0.486956231720974,-2.8884030411065,-3.34413857698514,-10.0186876027649,-5.69009040988937,-31.8592825870243,-44.7853938917866,-12.601638530678,2.30959811865366,0.837889911835172
0.612012271861699,7.74320965904195,17.6359451343002,1.59758377482479,1.01283852644258,0.0012788523375207,0.0969853811448599,4.18379617446616e-13,1.0181967497337e-18,9.66182276543363e-05,-3.84789833281519,-1.31007910193147,-0.486956231720974,-2.8884030411065,-3.34413857698514,-10.0186876027649,-5.69009040988937,-31.8592825870243,-44.7853938917866,-12.601638530678,3.35689538820594,0.865260644381549
0.81181961851544,7.65338202540512,11.2186884147677,1.62205276632634,0.763194081320767,0.00163563984279972,0.231310640129271,6.241724028449e-13,2.49099944130738e-18,0.000262737791094874,-3.31316897950687,-1.06954422635569,-0.68711087514118,-2.62099938451527,-3.37493478528419,-9.5204130813482,-4.56868558070242,-31.2070416494142,-43.6385395332205,-11.3490458864716,3.10469187132321,1.52083002232273
0.058710496120768,0.824486789927091,1.62804994967739,0.235474777413366,0.589506566016873,0.000100695012893899,0.064377319558303,8.85542143456753e-14,1.19436818295118e-19,5.1207409861367e-05,-4.0591350480542,-1.41699244850538,-0.736615340745009,-2.67014976301493,-1.75246771026007,-10.4274125733311,-3.96699217814844,-31.2791597284525,-44.795497727994,-11.1036246020102,1.22399828947471,1.08970854397395
0.0984422357478517,1.38244995882911,2.72981643053647,0.394829972192991,0.988449224264202,0.000168839353316718,0.107944025132015,1.48482391072813e-13,2.00264487620676e-19,8.58615110872209e-05,-4.0591350480542,-1.41699244850538,-0.736615340745009,-2.67014976301493,-1.75246771026007,-10.4274125733311,-3.96699217814844,-31.2791597284525,-44.795497727994,-11.1036246020102,1.74084970611933,2.16275396548113
0.0945205160568517,1.32737622767931,2.62106661632185,0.379100824385821,0.94907160593908,0.000162113169057618,0.103643775288337,1.42567182906183e-13,1.92286395914981e-19,8.24409794813333e-05,-4.0591350480542,-1.41699244850538,-0.736615340745009,-2.67014976301493,-1.75246771026007,-10.4274125733311,-3.96699217814844,-31.2791597284525,-44.795497727994,-11.1036246020102,1.70019668113942,4.34380548053958
0.0507058016454012,0.712074780347635,1.40607869583214,0.203369723387392,0.509132182150638,8.6966074004492e-05,0.0556000001987927,7.64805737331829e-14,1.03152588000152e-19,4.42256996408987e-05,-4.0591350480542,-1.41699244850538,-0.736615340745009,-2.67014976301493,-1.75246771026007,-10.4274125733311,-3.96699217814844,-31.2791597284525,-44.795497727994,-11.1036246020102,1.07742010399825,2.38427364318025
0.0518583481180557,0.728260290678293,1.43803896445167,0.207992331643821,0.52070479281078,8.89428190431652e-05,0.0568637921521642,7.82189826059824e-14,1.05497253651553e-19,4.52309529347576e-05,-4.0591350480542,-1.41699244850538,-0.736615340745009,-2.67014976301493,-1.75246771026007,-10.4274125733311,-3.96699217814844,-31.2791597284525,-44.795497727994,-11.1036246020102,1.09989569595749,1.59001830524438
0.0902125991115611,1.37231411939824,3.04109751291124,0.396883765522786,0.807444319593964,8.27846636897634e-05,0.222639882423883,1.24562335863497e-13,1.01158517502178e-19,0.000111479756767123,-4.18574301067099,-1.46365837563482,-0.667938354483568,-2.70426865195464,-1.99403800905815,-11.1794245635989,-3.28235651859652,-31.4941269433747,-45.5177550148932,-10.8818243659372,1.78015682873218,1.30936344262553
0.031829358368481,0.484188221275351,1.07297853653729,0.140030946096952,0.284887419984078,2.92085889769911e-05,0.0785531585895533,4.39488415859893e-14,3.56913639260003e-20,3.93329663917987e-05,-4.18574301067099,-1.46365837563482,-0.667938354483568,-2.70426865195464,-1.99403800905815,-11.1794245635989,-3.28235651859652,-31.4941269433747,-45.5177550148932,-10.8818243659372,0.738376814704934,1.63210244239293
0.0207076547075367,0.315004857576865,0.698062109389379,0.0911018201050765,0.18534304886878,1.90026254386843e-05,0.0511053872160249,2.85923902650862e-14,2.32202117197727e-20,2.55893781217741e-05,-4.18574301067099,-1.46365837563482,-0.667938354483568,-2.70426865195464,-1.99403800905815,-11.1794245635989,-3.28235651859652,-31.4941269433747,-45.5177550148932,-10.8818243659372,0.308491156238354,1.03666921240344
0.00561941578179995,0.09342207906731,0.250183108899871,0.0249912790060651,0.0272833036550853,1.30830440399657e-05,0.0106961305478614,1.09031061356145e-14,5.77834287731212e-21,7.29095390302863e-06,-4.29531902901188,-1.48441902421547,-0.499353648735885,-2.8030198098455,-2.71527180672853,-10.3579849693588,-3.65166468907497,-31.2635201348161,-45.7139614658392,-10.9426676247238,-0.88620854488457,0.500963889906139
0.00582338731094536,0.0968130800295488,0.259264165235645,0.0258984034460605,0.0282736231798818,1.35579276581794e-05,0.0110843748402401,1.12988631532957e-14,5.98808308490256e-21,7.55559832057574e-06,-4.29531902901188,-1.48441902421547,-0.499353648735885,-2.8030198098455,-2.71527180672853,-10.3579849693588,-3.65166468907497,-31.2635201348161,-45.7139614658392,-10.9426676247238,-0.850554145340396,0.330547495053748
0.0581926901859938,0.967446139383911,2.59080813936776,0.258800881269876,0.282536281083337,0.000135483395084101,0.110765359839821,1.12908726111665e-13,5.98384831990775e-20,7.55025501073362e-05,-4.29531902901188,-1.48441902421547,-0.499353648735885,-2.8030198098455,-2.71527180672853,-10.3579849693588,-3.65166468907497,-31.2635201348161,-45.7139614658392,-10.9426676247238,1.45132349870022,0.868959289942564
0.00809053303080108,0.235202393949926,0.389956447636568,0.0290994087289284,0.0294714781923758,1.43599814909425e-05,0.0167780432135498,5.73557324315002e-15,4.2606021866925e-21,2.00336754869932e-05,-4.47264271994002,-1.1028909421232,-0.597302276293325,-3.19261948107691,-3.17991438173722,-10.8066473407489,-3.74326625642569,-32.4476707515832,-46.5604585016776,-10.4736779834917,-0.344417942527734,0.756050306528027
0.0863378623868605,2.50995476374666,4.16140765815294,0.310533402040689,0.314503929323771,0.000153242079492518,0.179046347203261,6.12069849404982e-14,4.54668788668665e-20,0.000213788722042678,-4.47264271994002,-1.1028909421232,-0.597302276293325,-3.19261948107691,-3.17991438173722,-10.8066473407489,-3.74326625642569,-32.4476707515832,-46.5604585016776,-10.4736779834917,2.0231556726928,1.95833600733123
0.0838272786716705,2.43696880623603,4.04039977111478,0.30150352707468,0.305358597003803,0.000148786015158519,0.173839931024707,5.94271718272322e-14,4.41447659200318e-20,0.000207572046424203,-4.47264271994002,-1.1028909421232,-0.597302276293325,-3.19261948107691,-3.17991438173722,-10.8066473407489,-3.74326625642569,-32.4476707515832,-46.5604585016776,-10.4736779834917,1.99364591661707,1.89469820412374
0.103248864661889,3.00157975360045,4.97650282531167,0.371357598090992,0.376105832790739,0.000183257614777793,0.214116165950021,7.31956007454445e-14,5.43724791527617e-20,0.000255663531829368,-4.47264271994002,-1.1028909421232,-0.597302276293325,-3.19261948107691,-3.17991438173722,-10.8066473407489,-3.74326625642569,-32.4476707515832,-46.5604585016776,-10.4736779834917,2.20202967672781,1.26572721798279
0.0537419319474105,1.56234836461367,2.59031299811198,0.19329485927148,0.19576635672513,9.53871821688729e-05,0.111449326411566,3.80989467244331e-14,2.83013482425081e-20,0.000133075091663261,-4.47264271994002,-1.1028909421232,-0.597302276293325,-3.19261948107691,-3.17991438173722,-10.8066473407489,-3.74326625642569,-32.4476707515832,-46.5604585016776,-10.4736779834917,1.54908099339504,1.73506900247229
0.0269855575960486,0.784505510885454,1.30067971264498,0.0970595839947649,0.0983006025898765,4.78969810921903e-05,0.0559623018365467,1.91307101163957e-14,1.4211019875344e-20,6.68212961564625e-05,-4.47264271994002,-1.1028909421232,-0.597302276293325,-3.19261948107691,-3.17991438173722,-10.8066473407489,-3.74326625642569,-32.4476707515832,-46.5604585016776,-10.4736779834917,0.860189260000063,0.680969771079158
0.000990118599945692,0.0287840447736875,0.047722829942576,0.00356118264646418,0.00360671646912192,1.75737305748942e-06,0.00205329520232902,7.01918863414041e-16,5.21412057271562e-22,2.45171914500966e-06,-4.47264271994002,-1.1028909421232,-0.597302276293325,-3.19261948107691,-3.17991438173722,-10.8066473407489,-3.74326625642569,-32.4476707515832,-46.5604585016776,-10.4736779834917,-2.44504310414587,0.795003076811743
0.00601385970402604,0.174830779860974,0.289862652786734,0.0216301893706698,0.0219067562599966,1.06740697689715e-05,0.0124714648108154,4.26336962906566e-15,3.16699328806748e-21,1.48914432802005e-05,-4.47264271994002,-1.1028909421232,-0.597302276293325,-3.19261948107691,-3.17991438173722,-10.8066473407489,-3.74326625642569,-32.4476707515832,-46.5604585016776,-10.4736779834917,-0.641045802977673,0.555784853729985
0.0117665751884668,0.342069755154955,0.567138388023957,0.0423211152399142,0.04286223945266,2.08846316151109e-05,0.0244013721019359,8.34160784679489e-15,6.19646391492451e-21,2.91362445492309e-05,-4.47264271994002,-1.1028909421232,-0.597302276293325,-3.19261948107691,-3.17991438173722,-10.8066473407489,-3.74326625642569,-32.4476707515832,-46.5604585016776,-10.4736779834917,0.0301503418475486,0.760510526414667
0.00813802549859096,0.236583062204569,0.392245542058199,0.0292702259947998,0.0296444795537747,1.44442764262484e-05,0.0168765324816689,5.76924179458783e-15,4.28561246862902e-21,2.01512757346106e-05,-4.47264271994002,-1.1028909421232,-0.597302276293325,-3.19261948107691,-3.17991438173722,-10.8066473407489,-3.74326625642569,-32.4476707515832,-46.5604585016776,-10.4736779834917,-0.338564976192645,0.774584056825198
0.00309091427202903,0.114258207312371,0.270806192820152,0.0450019217125711,0.0230772672424454,5.05287760249009e-05,0.0476115711564245,8.6476593718741e-15,5.53789447575947e-21,4.68681526582288e-05,-5.09399717388794,-1.48400323832268,-0.62106069256029,-2.41575890836671,-3.08361607102626,-9.20767638466163,-2.35938827873207,-31.6961965263975,-45.9573814058504,-9.28288098393525,-0.685291177033127,1.34786066253788
0.0158403085765616,0.585550132402931,1.3878267985411,0.230625719036021,0.118266312829229,0.000258949726129086,0.243999643004528,4.43174998915643e-14,2.83805856908743e-20,0.000240189774021908,-5.09399717388794,-1.48400323832268,-0.62106069256029,-2.41575890836671,-3.08361607102626,-9.20767638466163,-2.35938827873207,-31.6961965263975,-45.9573814058504,-9.28288098393525,0.948799761945869,0.709229703152026
0.00905246192914028,0.334631756418168,0.793118972229077,0.131798602998387,0.0675871489000233,0.000147985282358286,0.139441568852427,2.53266834180668e-14,1.62190130483626e-20,0.000137264294732198,-5.09399717388794,-1.48400323832268,-0.62106069256029,-2.41575890836671,-3.08361607102626,-9.20767638466163,-2.35938827873207,-31.6961965263975,-45.9573814058504,-9.28288098393525,0.389278651991544,0.298782950181264
0.0179232182603226,0.662546614839786,1.57031805899177,0.260951677724431,0.133817654336502,0.000293000129222849,0.276084195953223,5.01449968268704e-14,3.21124698571839e-20,0.000271773351060985,-5.09399717388794,-1.48400323832268,-0.62106069256029,-2.41575890836671,-3.08361607102626,-9.20767638466163,-2.35938827873207,-31.6961965263975,-45.9573814058504,-9.28288098393525,1.07233887674794,0.832572964007045
0.16769083866917,6.19883080628754,14.692001651992,2.44148149367842,1.252006997767,0.00274132896703733,2.58306235466588,4.69159971765551e-13,3.00446433440504e-19,0.00254272979915868,-5.09399717388794,-1.48400323832268,-0.62106069256029,-2.41575890836671,-3.08361607102626,-9.20767638466163,-2.35938827873207,-31.6961965263975,-45.9573814058504,-9.28288098393525,3.30836393295931,0.630466521857837
0.0400589983086444,1.48081406685873,3.50971391161606,0.583235815397181,0.299086978179566,0.000654865187183155,0.617057504857642,1.12075761947365e-13,7.17724549805359e-20,0.000607422620891001,-5.09399717388794,-1.48400323832268,-0.62106069256029,-2.41575890836671,-3.08361607102626,-9.20767638466163,-2.35938827873207,-31.6961965263975,-45.9573814058504,-9.28288098393525,1.87659522005412,0.346690816421808
0.0887356683489774,3.28018751020347,7.77445325171172,1.29193994032451,0.662514891130285,0.00145060791624028,1.36685919306873,2.48261765446448e-13,1.58984923004689e-19,0.00134551672559968,-5.09399717388794,-1.48400323832268,-0.62106069256029,-2.41575890836671,-3.08361607102626,-9.20767638466163,-2.35938827873207,-31.6961965263975,-45.9573814058504,-9.28288098393525,2.67190382682968,0.203054114277544
0.0269337302373792,0.995627656517888,2.3597616440011,0.392139513715593,0.201091598090785,0.00044029963399349,0.41487957958249,7.53543140340498e-14,4.82563224878008e-20,0.000408401550261174,-5.09399717388794,-1.48400323832268,-0.62106069256029,-2.41575890836671,-3.08361607102626,-9.20767638466163,-2.35938827873207,-31.6961965263975,-45.9573814058504,-9.28288098393525,1.47962130819252,0.800605715412581
0.160327614978345,5.9266431411145,14.046882959235,2.33427722111568,1.19703197551653,0.00262095853681809,2.4696413349149,4.48559384122799e-13,2.87253975736255e-19,0.00243107976242967,-5.09399717388794,-1.48400323832268,-0.62106069256029,-2.41575890836671,-3.08361607102626,-9.20767638466163,-2.35938827873207,-31.6961965263975,-45.9573814058504,-9.28288098393525,3.2634612102917,0.153890862539075
0.144323839289324,5.33505031144458,12.644734214991,2.10127151559346,1.07754519071443,0.00235933652916129,2.22312369064227,4.03784541263219e-13,2.58580511130152e-19,0.00218841130381574,-5.09399717388794,-1.48400323832268,-0.62106069256029,-2.41575890836671,-3.08361607102626,-9.20767638466163,-2.35938827873207,-31.6961965263975,-45.9573814058504,-9.28288098393525,3.15830155348077,0.212291103107601
0.667349195641059,24.669116007299,58.46887977081,9.71621779644888,4.98253732599643,0.0109095028426036,10.279658676392,1.86708786400915e-12,1.19566869174832e-18,0.0101191496188341,-5.09399717388794,-1.48400323832268,-0.62106069256029,-2.41575890836671,-3.08361607102626,-9.20767638466163,-2.35938827873207,-31.6961965263975,-45.9573814058504,-9.28288098393525,4.68955533552226,0.159868375961453
1.0779758159727,39.848269288387,94.4453650227354,15.6947035760405,8.0483422692163,0.0176222288202734,16.6048352526443,3.01592566057504e-12,1.9313755707494e-18,0.0163455633700645,-5.09399717388794,-1.48400323832268,-0.62106069256029,-2.41575890836671,-3.08361607102626,-9.20767638466163,-2.35938827873207,-31.6961965263975,-45.9573814058504,-9.28288098393525,5.16908221196048,0.240813956344197
0.904189553426979,33.4241160876072,79.2193212109295,13.1644762408549,6.75082584822521,0.0147812548030248,13.9278807087795,2.52971211023288e-12,1.62000815689904e-18,0.013710407436882,-5.09399717388794,-1.48400323832268,-0.62106069256029,-2.41575890836671,-3.08361607102626,-9.20767638466163,-2.35938827873207,-31.6961965263975,-45.9573814058504,-9.28288098393525,4.99328091631202,0.267674621883363
0.000248328261942802,0.00917965997677303,0.0217569383256398,0.00361551567576568,0.00185405907778351,4.05955067790469e-06,0.00382517846600757,6.94764730657242e-16,4.44921983903886e-22,3.76545121144614e-06,-5.09399717388794,-1.48400323832268,-0.62106069256029,-2.41575890836671,-3.08361607102626,-9.20767638466163,-2.35938827873207,-31.6961965263975,-45.9573814058504,-9.28288098393525,-3.20676187628025,0.333966314540927
0.020916312090626,0.773188808466104,1.83255384866506,0.304529390457717,0.15616457829641,0.000341929783837189,0.322188968631308,5.85189773499637e-14,3.74751025054799e-20,0.000317158232753927,-5.09399717388794,-1.48400323832268,-0.62106069256029,-2.41575890836671,-3.08361607102626,-9.20767638466163,-2.35938827873207,-31.6961965263975,-45.9573814058504,-9.28288098393525,1.22677123226332,1.22751182875034
0.017266260025557,0.638261609311584,1.51275956893312,0.251386746300453,0.128912697609618,0.000282260492797929,0.265964596705713,4.83069804550764e-14,3.09354183252032e-20,0.000261811761664698,-5.09399717388794,-1.48400323832268,-0.62106069256029,-2.41575890836671,-3.08361607102626,-9.20767638466163,-2.35938827873207,-31.6961965263975,-45.9573814058504,-9.28288098393525,1.03499620458239,0.141844138651276
0.000354395712200269,0.0131005311669846,0.0310498917557297,0.00515979632305947,0.00264597586352779,5.79349020708927e-06,0.00545901153637573,9.91516791550756e-16,6.34959718743143e-22,5.37377322015483e-06,-5.09399717388794,-1.48400323832268,-0.62106069256029,-2.41575890836671,-3.08361607102626,-9.20767638466163,-2.35938827873207,-31.6961965263975,-45.9573814058504,-9.28288098393525,-2.8510992641763,0.212965930308872
0.000546789673459562,0.0202125333697445,0.0479062234378164,0.00796094097495516,0.00408242038092905,8.93865390994172e-06,0.00842259381992772,1.52979035585888e-15,9.79665964681146e-22,8.29108141871014e-06,-5.09399717388794,-1.48400323832268,-0.62106069256029,-2.41575890836671,-3.08361607102626,-9.20767638466163,-2.35938827873207,-31.6961965263975,-45.9573814058504,-9.28288098393525,-2.41744916481167,0.349816176690606
0.00109507255363143,0.0277376132980034,0.0386401340909455,0.00626712518998248,0.00658648942758875,1.61926466738154e-05,0.00631835084033957,2.15505692710356e-15,2.78552455863359e-21,6.95689537611583e-06,-4.3712633560952,-1.13929460329153,-0.807792496591905,-2.62676622908744,-2.57706348167009,-8.58528202500819,-2.61862574506979,-31.3252879526251,-44.8841794430478,-9.43010594699592,-2.44567130278937,0.12278166939145
0.122171515692011,3.0945404001391,4.31087760603504,0.699190369581156,0.734820166745549,0.00180652887394989,0.704905347393065,2.404284266953e-13,3.10766401912876e-19,0.000776144420561265,-4.3712633560952,-1.13929460329153,-0.807792496591905,-2.62676622908744,-2.57706348167009,-8.58528202500819,-2.61862574506979,-31.3252879526251,-44.8841794430478,-9.43010594699592,2.26893400086944,0.465859238046347
0.0495225087304028,1.25437916616184,1.74742428847945,0.283418446482126,0.297861067834097,0.000732280691003646,0.285735026062736,9.74582233232753e-14,1.2596988557172e-19,0.00031461195046639,-4.3712633560952,-1.13929460329153,-0.807792496591905,-2.62676622908744,-2.57706348167009,-8.58528202500819,-2.61862574506979,-31.3252879526251,-44.8841794430478,-9.43010594699592,1.36593536515938,0.554144812439687
0.0187170473114017,0.474092989256702,0.660439543937788,0.107118088475862,0.112576681630282,0.000276765710989248,0.107993640436425,3.6834365293514e-14,4.76103567550137e-20,0.000118907682841129,-4.3712633560952,-1.13929460329153,-0.807792496591905,-2.62676622908744,-2.57706348167009,-8.58528202500819,-2.61862574506979,-31.3252879526251,-44.8841794430478,-9.43010594699592,0.392942806630172,2.35323706179403
0.0796029582237652,2.0163011713387,2.80882665682941,0.455569544709082,0.478784753582715,0.00117707504624552,0.459293237072513,1.56655288244763e-13,2.02485209164334e-19,0.000505710283903658,-4.3712633560952,-1.13929460329153,-0.807792496591905,-2.62676622908744,-2.57706348167009,-8.58528202500819,-2.61862574506979,-31.3252879526251,-44.8841794430478,-9.43010594699592,1.84055933288799,1.91446481448465
0.0482792738423539,1.22288867866041,1.70355617889946,0.276303384874456,0.290383432293887,0.00071389719375684,0.278561808020157,9.50115891266445e-14,1.22807482038433e-19,0.000306713793385006,-4.3712633560952,-1.13929460329153,-0.807792496591905,-2.62676622908744,-2.57706348167009,-8.58528202500819,-2.61862574506979,-31.3252879526251,-44.8841794430478,-9.43010594699592,1.34051043268151,1.02402631923421
0.11783108312124,2.98459952015371,4.15772346479471,0.674349975025116,0.708713939223237,0.00174234765527453,0.679861914709066,2.31886637160674e-13,2.99725689148338e-19,0.000748570051007576,-4.3712633560952,-1.13929460329153,-0.807792496591905,-2.62676622908744,-2.57706348167009,-8.58528202500819,-2.61862574506979,-31.3252879526251,-44.8841794430478,-9.43010594699592,2.23276017703267,0.906421818268073
0.0504276947187966,1.27730705237867,1.77936418858269,0.288598846530205,0.303305454073883,0.000745665518187511,0.29095776918735,9.92395914418863e-14,1.28272397667783e-19,0.000320362513930244,-4.3712633560952,-1.13929460329153,-0.807792496591905,-2.62676622908744,-2.57706348167009,-8.58528202500819,-2.61862574506979,-31.3252879526251,-44.8841794430478,-9.43010594699592,1.38404859966025,1.33263359488642
0.0114284294969406,0.430479330929258,0.550616600866888,0.0537946788857385,0.0704950068265956,0.000240984100900279,0.0768816368015451,2.65381352894192e-14,4.89439602963023e-20,7.23082886396603e-05,-4.64896774515307,-1.02017250074037,-0.774033068919955,-3.0998972548701,-2.8295299295215,-8.50809613071266,-2.74280475689875,-31.4375101615533,-44.6409275093681,-9.71188832574622,0.177316532694692,1.11862252911915
0.025983929331965,0.978747300032062,1.25189404631336,0.1223087682325,0.160279002126145,0.000547906766156821,0.174799784879622,6.03376896315447e-14,1.11280067476118e-19,0.000164401719644088,-4.64896774515307,-1.02017250074037,-0.774033068919955,-3.0998972548701,-2.8295299295215,-8.50809613071266,-2.74280475689875,-31.4375101615533,-44.6409275093681,-9.71188832574622,0.998690710471511,0.606895866650768
0.00730831342505876,0.27528523269823,0.352111258791327,0.0344009099415289,0.0450805252750026,0.000154105806078315,0.0491646816850589,1.69707491710569e-14,3.12989463867073e-20,4.62400924597487e-05,-4.64896774515307,-1.02017250074037,-0.774033068919955,-3.0998972548701,-2.8295299295215,-8.50809613071266,-2.74280475689875,-31.4375101615533,-44.6409275093681,-9.71188832574622,-0.269775008293891,1.33836002192874
0.0408917076002456,1.54028468504976,1.97014410847241,0.192481064877164,0.252235988085865,0.000862257705046897,0.275087789862873,9.49552752459288e-14,1.75124859786745e-19,0.000258724035259498,-4.64896774515307,-1.02017250074037,-0.774033068919955,-3.0998972548701,-2.8295299295215,-8.50809613071266,-2.74280475689875,-31.4375101615533,-44.6409275093681,-9.71188832574622,1.45213976050325,0.759267474751349
0.0783325454509197,2.95058404697903,3.77402686213207,0.368718565395427,0.483185666743224,0.0016517490913142,0.526960796381541,1.81897231749785e-13,3.35470853233546e-19,0.000495614231847052,-4.64896774515307,-1.02017250074037,-0.774033068919955,-3.0998972548701,-2.8295299295215,-8.50809613071266,-2.74280475689875,-31.4375101615533,-44.6409275093681,-9.71188832574622,2.10217563352304,1.50296679075651
0.075510956780887,2.45752426485962,3.82671360916153,0.701776036762725,0.576509062633044,0.00224260657757185,0.508702248725668,2.87148101868416e-13,2.17734811190318e-19,0.000752219974648991,-4.68146243157583,-1.19883047445615,-0.75597855189445,-2.45212588305467,-2.64874914054958,-8.19810136017519,-2.77387732787415,-30.9767631991113,-45.0689940142516,-9.29046667855488,2.09798492124501,1.14903032891579
0.0956795626080603,3.11391693052921,4.84881002651475,0.889216970738625,0.730491802830319,0.00284159578412791,0.644574121832983,3.63843950093596e-13,2.75890710267246e-19,0.000953134236774483,-4.68146243157583,-1.19883047445615,-0.75597855189445,-2.45212588305467,-2.64874914054958,-8.19810136017519,-2.77387732787415,-30.9767631991113,-45.0689940142516,-9.29046667855488,2.33471187138151,0.701891188446152
0.0672578663774662,2.18892523246569,3.40846684457538,0.625074306030277,0.513498585542834,0.00199749731643889,0.453102825461321,2.55763792293748e-13,1.93937137881266e-19,0.000670004893305877,-4.68146243157583,-1.19883047445615,-0.75597855189445,-2.45212588305467,-2.64874914054958,-8.19810136017519,-2.77387732787415,-30.9767631991113,-45.0689940142516,-9.29046667855488,1.98224113639056,1.03759887158947
0.0850844357264228,2.76909569516273,4.31187448818745,0.790749060001255,0.649600407363892,0.00252693017468641,0.57319686613402,3.23553498180168e-13,2.45339806802933e-19,0.000847588413836036,-4.68146243157583,-1.19883047445615,-0.75597855189445,-2.45212588305467,-2.64874914054958,-8.19810136017519,-2.77387732787415,-30.9767631991113,-45.0689940142516,-9.29046667855488,2.2173512775143,0.625641354253946
0.0349325789089572,1.13689011452991,1.7702990507975,0.324652842788958,0.266702332756764,0.00103746574765431,0.235333813824371,1.32839314381653e-13,1.00727613546249e-19,0.000347989016978934,-4.68146243157583,-1.19883047445615,-0.75597855189445,-2.45212588305467,-2.64874914054958,-8.19810136017519,-2.77387732787415,-30.9767631991113,-45.0689940142516,-9.29046667855488,1.32712703946168,1.25883029692009
0.0494565604149465,1.60957697343057,2.50633948860384,0.459634342346228,0.377589643958692,0.00146881475773741,0.333178979182107,1.88070156352291e-13,1.4260731558889e-19,0.000492673039880933,-4.68146243157583,-1.19883047445615,-0.75597855189445,-2.45212588305467,-2.64874914054958,-8.19810136017519,-2.77387732787415,-30.9767631991113,-45.0689940142516,-9.29046667855488,1.67480186950584,2.45955373003587
0.0502963094302529,1.06725185116555,3.86874981798428,0.444366263403883,0.697257825313427,0.000425503313294271,0.174539298744687,2.04821669666517e-13,1.7157786888529e-19,0.00037156184059459,-4.83089028672698,-1.77597972981723,-0.488135300587718,-2.65217285002191,-2.20166674041835,-9.60330453414642,-3.58667206597996,-31.057703409415,-45.0503164543291,-9.7388619567539,1.8410667109908,2.17571731630489
0.068228498188521,1.44776012035081,5.24807869480403,0.602796569790771,0.94585178933058,0.000577208394993006,0.236767953019326,2.77846925074907e-13,2.32750681889772e-19,0.000504035120172912,-4.83089028672698,-1.77597972981723,-0.488135300587718,-2.65217285002191,-2.20166674041835,-9.60330453414642,-3.58667206597996,-31.057703409415,-45.0503164543291,-9.7388619567539,2.14599734731602,0.643797749121647
0.0213730566497709,0.453521034305033,1.6439975409773,0.188830262668647,0.296294721595541,0.000180814587048677,0.0741692255741861,8.70375023231823e-14,7.29107871546236e-20,0.000157892544361209,-4.83089028672698,-1.77597972981723,-0.488135300587718,-2.65217285002191,-2.20166674041835,-9.60330453414642,-3.58667206597996,-31.057703409415,-45.0503164543291,-9.7388619567539,0.985266101464685,1.23468210988128
0.0203845179770374,0.776462685426719,2.08106341718449,0.389342840560511,0.543940021949528,0.000197637364701102,0.0710274793337731,1.0808390864221e-13,1.2601038703812e-19,0.000757394912283622,-5.2496329630927,-1.60966006651409,-0.623774352811856,-2.29994835945121,-1.96556966611272,-9.88573007204823,-4.00134181808756,-31.2125219117084,-44.8745759866496,-8.54227913400206,1.35665337413888,0.314262488153215
0.00974467663238722,0.371182570768742,0.994837850705994,0.186122629177258,0.260026733390637,9.4479163630894e-05,0.0339541910630833,5.16687586171655e-14,6.02383865731663e-20,0.000362067354819632,-5.2496329630927,-1.60966006651409,-0.623774352811856,-2.29994835945121,-1.96556966611272,-9.88573007204823,-4.00134181808756,-31.2125219117084,-44.8745759866496,-8.54227913400206,0.618598833593638,0.614288957715905
0.311091872017156,11.8497396226375,31.7594909513006,5.94183258406632,8.30116855762535,0.00301618011447033,1.08396340475129,1.64948837702775e-12,1.92306765563227e-18,0.0115587428353224,-5.2496329630927,-1.60966006651409,-0.623774352811856,-2.29994835945121,-1.96556966611272,-9.88573007204823,-4.00134181808756,-31.2125219117084,-44.8745759866496,-8.54227913400206,4.08196596108062,0.28969073977343
0.126951845961181,4.83569792260666,12.9605636332173,2.42477121002349,3.38758021928434,0.00123085708025923,0.442348925078808,6.73131036813577e-13,7.84774565814737e-19,0.00471694657407774,-5.2496329630927,-1.60966006651409,-0.623774352811856,-2.29994835945121,-1.96556966611272,-9.88573007204823,-4.00134181808756,-31.2125219117084,-44.8745759866496,-8.54227913400206,3.18568553300769,0.356897197591455
0.379527393332575,14.45650367362,38.7461001027113,7.24894616380361,10.1273004783491,0.00367969426280395,1.32241901019668,2.01235094959728e-12,2.34611354456747e-18,0.0141014919806377,-5.2496329630927,-1.60966006651409,-0.623774352811856,-2.29994835945121,-1.96556966611272,-9.88573007204823,-4.00134181808756,-31.2125219117084,-44.8745759866496,-8.54227913400206,4.28080446103574,0.231552345445987
0.135335924519444,5.15505421837538,13.8164974941041,2.58490651295456,3.61130078408481,0.0013121446139438,0.471562270579574,7.17585557737801e-13,8.36602182502796e-19,0.00502846036367864,-5.2496329630927,-1.60966006651409,-0.623774352811856,-2.29994835945121,-1.96556966611272,-9.88573007204823,-4.00134181808756,-31.2125219117084,-44.8745759866496,-8.54227913400206,3.2496377015563,0.176417836820644
0.000939028629478407,0.0357683557766099,0.095865800245938,0.0179353798986372,0.0250570189545366,9.10431847925266e-06,0.00327193591966368,4.97896907424027e-15,5.80476620412327e-21,3.4889984019086e-05,-5.2496329630927,-1.60966006651409,-0.623774352811856,-2.29994835945121,-1.96556966611272,-9.88573007204823,-4.00134181808756,-31.2125219117084,-44.8745759866496,-8.54227913400206,-1.72103162680072,0.315422065433182
0.000654461408518483,0.0269009228949678,0.118629116840227,0.0115516513059605,0.0141132672243097,5.69218549209837e-06,0.00144020316756052,1.25284195598891e-15,3.13269043084232e-21,1.33658564805881e-05,-5.57901694579346,-1.86291369273794,-0.379072326132973,-2.70824589015876,-2.50795899424646,-10.3237352981946,-4.79029009490078,-32.5606808675812,-45.459713763104,-9.47012613471989,-1.75268099186181,0.139721410806678
0.00185774227542707,0.0763604714647956,0.336738457886389,0.0327903077289988,0.0400616641802478,1.61577344219298e-05,0.00408813457104795,3.55629443657809e-15,8.89239819713108e-21,3.79400776089888e-05,-5.57901694579346,-1.86291369273794,-0.379072326132973,-2.70824589015876,-2.50795899424646,-10.3237352981946,-4.79029009490078,-32.5606808675812,-45.459713763104,-9.47012613471989,-0.709376413167952,0.495607967975631
0.00691023776809165,0.284037791939687,1.2525649227208,0.121969998687889,0.149017239114781,6.01018710324317e-05,0.0152066205778745,1.32283365971454e-14,3.30770240218596e-20,0.000141125580596314,-5.57901694579346,-1.86291369273794,-0.379072326132973,-2.70824589015876,-2.50795899424646,-10.3237352981946,-4.79029009490078,-32.5606808675812,-45.459713763104,-9.47012613471989,0.604265713274116,0.763424135367372
0.0195892431463108,0.80519448907246,3.550789372403,0.345762337134761,0.422436250094117,0.0001703776635066,0.0431079505410336,3.7499882163141e-14,9.3767231731523e-20,0.000400064861042971,-5.57901694579346,-1.86291369273794,-0.379072326132973,-2.70824589015876,-2.50795899424646,-10.3237352981946,-4.79029009490078,-32.5606808675812,-45.459713763104,-9.47012613471989,1.64624226332571,0.776403570497614
0.00438454039554976,0.18022175421704,0.794751452269444,0.0773898676484886,0.0945513202959574,3.81345896094388e-05,0.00964858872314924,8.39336910285951e-15,2.09873455669043e-20,8.95440692109258e-05,-5.57901694579346,-1.86291369273794,-0.379072326132973,-2.70824589015876,-2.50795899424646,-10.3237352981946,-4.79029009490078,-32.5606808675812,-45.459713763104,-9.47012613471989,0.149346474268727,0.153020607452432
0.00205066241951362,0.0842902437224242,0.371707588251897,0.0361954683777043,0.0442219301806669,1.78356595539691e-05,0.00451267328178514,3.92560337904759e-15,9.81584315726215e-21,4.18800241429064e-05,-5.57901694579346,-1.86291369273794,-0.379072326132973,-2.70824589015876,-2.50795899424646,-10.3237352981946,-4.79029009490078,-32.5606808675812,-45.459713763104,-9.47012613471989,-0.610575460764034,0.392585287674614
0.00180960760669042,0.114299247344945,0.266942234044888,0.0918120416552963,0.0367676806164604,1.6411140952288e-05,0.00290041463285238,5.90039577255946e-15,1.68783279712418e-20,1.22952504045361e-05,-5.650202005076,-1.50449204909677,-0.656279751866235,-1.72356857322753,-2.63869281979259,-10.3531068833979,-5.17845833134937,-32.0993137221391,-44.8638132784348,-10.6418542721172,-0.664443244014903,0.407676931398677
0.0354484095157161,2.23900834205261,5.22913232375805,1.79850639389344,0.720242219703663,0.000321477895509513,0.0568162320331777,1.15582872705215e-13,3.30629623600771e-19,0.000240851701676579,-5.650202005076,-1.50449204909677,-0.656279751866236,-1.72356857322753,-2.63869281979259,-10.3531068833979,-5.17845833134937,-32.0993137221391,-44.8638132784348,-10.6418542721172,2.31052511250038,0.506171362946177
0.0294725020867734,1.86155539655996,4.34760304988143,1.49531344766255,0.598823490621979,0.000267283019906859,0.0472381283120201,9.60978645738515e-14,2.74891945919397e-19,0.000200248822930089,-5.650202005076,-1.50449204909677,-0.656279751866236,-1.72356857322753,-2.63869281979259,-10.3531068833979,-5.17845833134937,-32.0993137221391,-44.8638132784348,-10.6418542721172,2.12590442208209,0.459110401175245
0.132446198355862,8.36562618868573,19.5376522231401,6.71977495871255,2.69104722040759,0.00120114063500651,0.212282978009569,4.31853284646474e-13,1.23533431564362e-18,0.000899896291269722,-5.650202005076,-1.50449204909677,-0.656279751866236,-1.72356857322753,-2.63869281979259,-10.3531068833979,-5.17845833134937,-32.0993137221391,-44.8638132784348,-10.6418542721172,3.62862323891502,0.35509580812718
0.00820052037150289,0.692370839611911,1.40937383700989,0.68931253379861,0.31364741391281,9.16637166181377e-05,0.0258390334301901,4.03918275526785e-14,5.48204274238357e-20,7.52605661592312e-05,-5.94743362389368,-1.51150952861982,-0.800730438580523,-1.51593646299106,-2.30336176671791,-10.4412598889389,-4.79974496382739,-31.9840248758143,-45.4941000222789,-10.6384302072239,1.14387595710763,0.433340055991975
0.00692559681102152,0.584728902756419,1.19026043579525,0.582146067518142,0.264885084259795,7.7412885370421e-05,0.021821874639305,3.41121659867171e-14,4.62975713912863e-20,6.35599100270905e-05,-5.94743362389368,-1.51150952861982,-0.800730438580523,-1.51593646299106,-2.30336176671791,-10.4412598889389,-4.79974496382739,-31.9840248758143,-45.4941000222789,-10.6384302072239,0.974902575368456,0.876733176067383
0.00322321579809285,0.272136465404199,0.553954604229155,0.270934397832111,0.123279164462275,3.60284379686677e-05,0.0101560360790098,1.58760140556514e-14,2.1547177462633e-20,2.95811771483215e-05,-5.94743362389368,-1.51150952861982,-0.800730438580523,-1.51593646299106,-2.30336176671791,-10.4412598889389,-4.79974496382739,-31.9840248758143,-45.4941000222789,-10.6384302072239,0.210057901163626,0.889179400937867
0.00303533239539393,0.256273448987845,0.521664220183232,0.255141450737784,0.116093139587751,3.39283162444303e-05,0.00956403394946377,1.4950590587624e-14,2.02911780900088e-20,2.78568705655123e-05,-5.94743362389368,-1.51150952861982,-0.800730438580523,-1.51593646299106,-2.30336176671791,-10.4412598889389,-4.79974496382739,-31.9840248758143,-45.4941000222789,-10.6384302072239,0.149999284148929,0.601212938638641
0.00211579563456282,0.178636858831558,0.363628998737073,0.17784779304112,0.0809233803570227,2.36499249660318e-05,0.00666666402328559,1.04213938306831e-14,1.41440805916763e-20,1.94177893744132e-05,-5.94743362389368,-1.51150952861982,-0.800730438580523,-1.51593646299106,-2.30336176671791,-10.4412598889389,-4.79974496382739,-31.9840248758143,-45.4941000222789,-10.6384302072239,-0.21089072677611,0.441039516895086
0.0964593196616501,8.14407100000786,16.5778798549571,8.10809741727115,3.68930443302112,0.00107820227767124,0.303933832547018,4.75112313501639e-13,6.44829948992001e-19,0.000885258822634886,-5.94743362389368,-1.51150952861982,-0.800730438580523,-1.51593646299106,-2.30336176671791,-10.4412598889389,-4.79974496382739,-31.9840248758143,-45.4941000222789,-10.6384302072239,3.60879970646561,0.115692259910447
0.125073374618992,10.559958816635,21.495604413972,10.5133138951718,4.78371355980252,0.00139804425184891,0.394093906435179,6.16051415053803e-13,8.36114727521629e-19,0.00114786532547152,-5.94743362389368,-1.51150952861982,-0.800730438580523,-1.51593646299106,-2.30336176671791,-10.4412598889389,-4.79974496382739,-31.9840248758143,-45.4941000222789,-10.6384302072239,3.86857890695047,0.525149727662716
0.0182601745942358,1.54170855537477,3.13826576442393,1.53489859752045,0.698401598876685,0.000204108445998164,0.057536014838909,8.99408561748379e-14,1.22069153022105e-19,0.000167583399085774,-5.94743362389368,-1.51150952861982,-0.800730438580523,-1.51593646299106,-2.30336176671791,-10.4412598889389,-4.79974496382739,-31.9840248758143,-45.4941000222789,-10.6384302072239,1.94440078160088,0.557934011336363
0.00947984391268832,0.800384267323634,1.62924343629571,0.796848850004495,0.362578030760611,0.000105963729937981,0.0298700561276755,4.66931613118401e-14,6.33726972998883e-20,8.7001603270124e-05,-5.94743362389368,-1.51150952861982,-0.800730438580523,-1.51593646299106,-2.30336176671791,-10.4412598889389,-4.79974496382739,-31.9840248758143,-45.4941000222789,-10.6384302072239,1.28884619613663,0.210229981045245
0.000166843642230596,0.0140866271189979,0.0286744076691008,0.0140244043748511,0.00638131173910251,1.86494364358984e-06,0.000525707912901748,8.21791705884627e-16,1.11534870540838e-21,1.53121343591537e-06,-5.94743362389368,-1.51150952861982,-0.800730438580523,-1.51593646299106,-2.30336176671791,-10.4412598889389,-4.79974496382739,-31.9840248758143,-45.4941000222789,-10.6384302072239,-2.75101983430046,0.230833020911505
0.00335327561796359,0.283117430343522,0.576307198829009,0.281866858202801,0.128253595877405,3.74822196717736e-05,0.0105658417841749,1.65166263067967e-14,2.24166265454933e-20,3.07748057517032e-05,-5.94743362389368,-1.51150952861982,-0.800730438580523,-1.51593646299106,-2.30336176671791,-10.4412598889389,-4.79974496382739,-31.9840248758143,-45.4941000222789,-10.6384302072239,0.249616009424049,0.482984629889902
0.00721978375971017,0.609567139287632,1.24082056733426,0.606874589834328,0.276136928226153,8.07012460933647e-05,0.0227488287906912,3.55611897024526e-14,4.82642093043719e-20,6.62598211683277e-05,-5.94743362389368,-1.51150952861982,-0.800730438580523,-1.51593646299106,-2.30336176671791,-10.4412598889389,-4.79974496382739,-31.9840248758143,-45.4941000222789,-10.6384302072239,1.01650334718912,0.82516418591826
0.0206761568377495,1.74569020271534,3.55348602002152,1.73797922733951,0.790806293750758,0.000231113794645729,0.0651485373531913,1.01840825168202e-13,1.38219979218217e-19,0.00018975616169598,-5.94743362389368,-1.51150952861982,-0.800730438580523,-1.51593646299106,-2.30336176671791,-10.4412598889389,-4.79974496382739,-31.9840248758143,-45.4941000222789,-10.6384302072239,2.06865953771422,0.737956781070703
0.00733582710985765,0.619364692141984,1.26076423605865,0.616628865428668,0.28057526811517,8.19983546037346e-05,0.0231144699778324,3.61327635508733e-14,4.90399583747461e-20,6.73248131243824e-05,-5.94743362389368,-1.51150952861982,-0.800730438580523,-1.51593646299106,-2.30336176671791,-10.4412598889389,-4.79974496382739,-31.9840248758143,-45.4941000222789,-10.6384302072239,1.03244851222944,0.877411738076682
0.27680990624306,9.56022778840139,6.31503793671999,2.99572033509242,1.37947874540206,0.00172098885799466,0.172517369939698,3.83606224086923e-13,7.25335692547883e-19,0.00098124968353353,-4.31467845900778,-0.772642637561045,-1.18732042839646,-1.9330694763785,-2.7085484844876,-9.39511042749887,-4.78751154385669,-31.6194140181509,-44.7979065725581,-9.95693780296044,3.03025419157913,0.931249382197038
0.131901585363758,4.55550604688815,3.00915356242432,1.42747875922539,0.657329919885055,0.000820061542752503,0.0822055644852945,1.82790673206765e-13,3.45626820464935e-19,0.000467571376517541,-4.31467845900778,-0.772642637561045,-1.18732042839646,-1.9330694763785,-2.7085484844876,-9.39511042749887,-4.78751154385669,-31.6194140181509,-44.7979065725581,-9.95693780296044,2.28897925911382,1.75237208993505
0.0494309393371944,2.20221735226828,1.86324558936152,0.642174331966907,0.334411414642691,0.000205986043070985,0.0782580789082742,9.71807956116184e-14,2.53682599199768e-19,0.000279893186140836,-4.65009468279983,-0.85345119415698,-1.0205960267364,-2.08581140137254,-2.73829919799557,-10.130618077891,-4.19065914439553,-31.6051192133156,-44.4611190110575,-9.82401843998318,1.64291593433845,3.28046284547913
0.0179233462441043,0.798510095877929,0.675601076647925,0.232848354800708,0.121255465766795,7.46892375689943e-05,0.0283758848907007,3.52371423925976e-14,9.19837074214875e-20,0.000101487500618727,-4.65009468279983,-0.85345119415698,-1.0205960267364,-2.08581140137254,-2.73829919799557,-10.130618077891,-4.19065914439553,-31.6051192133156,-44.4611190110575,-9.82401843998318,0.628443526304057,1.35502047400583
0.0207418010579745,0.924076192353432,0.781839670758695,0.269463870539331,0.140322946054462,8.64341560849698e-05,0.032838006432002,4.07781999747504e-14,1.06448189636408e-19,0.00011744645888304,-4.65009468279983,-0.85345119415698,-1.0205960267364,-2.08581140137254,-2.73829919799557,-10.130618077891,-4.19065914439553,-31.6051192133156,-44.4611190110575,-9.82401843998318,0.774490442673911,2.00493927193085
0.0673229379734674,2.99933086845658,2.53766505196748,0.874615439214003,0.455454806796865,0.000280544650516751,0.106584334890438,1.32356308880627e-13,3.45505428783611e-19,0.000381203186959814,-4.65009468279983,-0.85345119415698,-1.0205960267364,-2.08581140137254,-2.73829919799557,-10.130618077891,-4.19065914439553,-31.6051192133156,-44.4611190110575,-9.82401843998318,1.9518404140993,1.60590553761444
0.0646236921918562,2.8790757007821,2.43591991289816,0.839548609008809,0.43719380240568,0.000269296493688548,0.102310942715364,1.27049615216181e-13,3.31652734601794e-19,0.000365919226911256,-4.65009468279983,-0.85345119415698,-1.0205960267364,-2.08581140137254,-2.73829919799557,-10.130618077891,-4.19065914439553,-31.6051192133156,-44.4611190110575,-9.82401843998318,1.91092049956502,1.93076747104583
0.108474411593958,4.83268646504472,4.08882517045244,1.40922838479094,0.733853774985291,0.000452028934070444,0.171734528533651,2.13259747104804e-13,5.5669730433617e-19,0.000614215491004032,-4.65009468279983,-0.85345119415698,-1.0205960267364,-2.08581140137254,-2.73829919799557,-10.130618077891,-4.19065914439553,-31.6051192133156,-44.4611190110575,-9.82401843998318,2.42885371114039,1.29056331905105
0.164307095988606,7.3201104963557,6.19337758914913,2.13456998832534,1.11157443378863,0.000684691996652201,0.260127722747733,3.23026317664826e-13,8.43234050096069e-19,0.000930357327181017,-4.65009468279983,-0.85345119415698,-1.0205960267364,-2.08581140137254,-2.73829919799557,-10.130618077891,-4.19065914439553,-31.6051192133156,-44.4611190110575,-9.82401843998318,2.84407661714683,2.6452550081243
0.0989680093177956,7.30161591571728,7.36258786358309,2.6067193599001,2.08080473490839,0.00106796190466035,0.178263240186342,5.57408747677797e-13,7.9397426308035e-19,0.00233829626504452,-5.29013811860892,-0.989083817361246,-0.980768016497207,-2.01908701885666,-2.24442478866411,-9.81918270821089,-4.7016734430379,-31.192657085606,-44.6544154057466,-9.03551220599834,2.97717949933689,1.83435188494293
0.0198302332164404,1.46302575411619,1.47524271143578,0.522308705539805,0.416931122041748,0.000213987669163722,0.03571862919322,1.11688065057878e-13,1.59088728906095e-19,0.000468524734250936,-5.29013811860892,-0.989083817361246,-0.980768016497207,-2.01908701885666,-2.24442478866411,-9.81918270821089,-4.7016734430379,-31.192657085606,-44.6544154057466,-9.03551220599834,1.36959054287805,1.71586138247966
0.0080256816125224,0.592115017776113,0.597059458350794,0.211388506043181,0.168740145581578,8.6604977509291e-05,0.0144560249197104,4.52023352569589e-14,6.43863071304011e-20,0.000189621085321994,-5.29013811860892,-0.989083817361246,-0.980768016497207,-2.01908701885666,-2.24442478866411,-9.81918270821089,-4.7016734430379,-31.192657085606,-44.6544154057466,-9.03551220599834,0.465029441175857,2.2173479253141
0.0111557638796298,1.05209867194453,1.30567170109326,0.770696734952709,0.128592784794728,0.000178239797563093,0.0355406792521044,5.80592643032459e-13,9.5865332113436e-20,0.00059149725883234,-5.69109204080544,-1.144506161498,-0.928575444202617,-1.45575338871614,-3.24639764058703,-9.82767380301979,-4.53237041015034,-29.3700200807581,-44.986635602763,-8.62814657486057,1.19529306603915,7.02052372358525
0.00715660855363504,0.674938842032586,0.837610168618352,0.494414807012229,0.0824944157592047,0.00011434380232513,0.0227999383889838,3.72459862017226e-13,6.14992091265784e-20,0.000379455354889752,-5.69109204080544,-1.144506161498,-0.928575444202617,-1.45575338871614,-3.24639764058703,-9.82767380301979,-4.53237041015034,-29.3700200807581,-44.986635602763,-8.62814657486057,0.751372964887395,8.15808600776868
0.00721262944487932,0.680222165157315,0.844166859236486,0.498285014237567,0.0831401700517403,0.000115238868985058,0.0229784129917643,3.75375423664416e-13,6.19806159941289e-20,0.00038242567623806,-5.69109204080544,-1.144506161498,-0.928575444202617,-1.45575338871614,-3.24639764058703,-9.82767380301979,-4.53237041015034,-29.3700200807581,-44.986635602763,-8.62814657486057,0.75917034079343,3.47360496974408
0.005651549933201,0.532996955054438,0.661457959734168,0.390437725998621,0.0651455653022383,9.0296919769952e-05,0.0180050353898145,2.94130312218115e-13,4.85657205681162e-20,0.000299654629634687,-5.69109204080544,-1.144506161498,-0.928575444202617,-1.45575338871614,-3.24639764058703,-9.82767380301979,-4.53237041015034,-29.3700200807581,-44.986635602763,-8.62814657486057,0.515266593821931,5.43413847790732
0.0130293307344242,1.22879452361344,1.52495414995167,0.900132233344919,0.150189439399173,0.000208174473531743,0.0415095971462175,6.78100903682308e-13,1.11965539209031e-19,0.000690836907000549,-5.69109204080544,-1.144506161498,-0.928575444202617,-1.45575338871614,-3.24639764058703,-9.82767380301979,-4.53237041015034,-29.3700200807581,-44.986635602763,-8.62814657486057,1.35053978820455,3.58555153133173
0.00511305244496263,0.482211325461151,0.598432160775973,0.353235589018709,0.0589382905369502,8.16931446876287e-05,0.0162894588758216,2.66104649131650e-13,4.3938225659723e-20,0.000271102592175136,-5.69109204080544,-1.144506161498,-0.928575444202617,-1.45575338871614,-3.24639764058703,-9.82767380301979,-4.53237041015034,-29.3700200807581,-44.986635602763,-8.62814657486057,0.415133335048812,1.19033234248428
0.00333746868556597,0.666551098088103,0.986992790457243,0.178422655669978,0.0365949391226908,0.000120054291493311,0.0148349389020214,3.57222997614538e-13,2.56825026192407e-20,0.000204663670601407,-6.33756196309997,-1.04065780120158,-0.648111869274837,-2.35861939843167,-3.94286464867028,-9.66258581358472,-4.84578946894816,-29.2954354901596,-45.7434963499795,-9.12916188254596,0.63501932519823,2.47173474442323
0.00568248834033402,0.99203496163688,1.50009351285875,0.489920091212738,0.095653756600107,0.000441803948934942,0.0363596292295192,5.4719105757761e-13,8.21408527140767e-20,0.000545356491897334,-6.30843351571017,-1.14606439034824,-0.732540013544682,-1.8515804419495,-3.48508777104342,-8.86271179034728,-4.4523636685483,-29.3720458324976,-45.0839189247878,-8.65213832518248,1.1380674616155,1.05500534907479
0.00390733689373449,0.6821333495689,1.03147958707474,0.33687404755234,0.0657724978571497,0.000303788897764746,0.0250012516035636,3.76254147680118e-13,5.64808874334897e-20,0.000374992681622083,-6.30843351571017,-1.14606439034824,-0.732540013544682,-1.8515804419495,-3.48508777104342,-8.86271179034728,-4.4523636685483,-29.3720458324976,-45.0839189247878,-8.65213832518248,0.763534277323736,0.944856973624516
0.000667115202694238,0.116463345787219,0.176108621426974,0.0575158489342636,0.0112296007313928,5.18670894320787e-05,0.00426856334243042,6.42393703999937e-14,9.64320704696916e-21,6.40239952716426e-05,-6.30843351571017,-1.14606439034824,-0.732540013544682,-1.8515804419495,-3.48508777104342,-8.86271179034728,-4.4523636685483,-29.3720458324976,-45.0839189247878,-8.65213832518248,-1.00411429356994,1.83043462069364
0.00688380760213506,1.20175834977575,1.81722416470872,0.593492752882748,0.115875654716766,0.000535204509043108,0.0440463186390391,6.62871217040045e-13,9.95060249126324e-20,0.000660648810865121,-6.30843351571017,-1.14606439034824,-0.732540013544682,-1.8515804419495,-3.48508777104342,-8.86271179034728,-4.4523636685483,-29.3720458324976,-45.0839189247878,-8.65213832518248,1.32985016612997,2.14169021172101
0.0161986388699195,2.82791888473029,4.27620289397364,1.39657807590093,0.272672914912701,0.00125941703554482,0.103647639565334,1.5598360794926e-12,2.34152703867117e-19,0.00155460642213862,-6.30843351571017,-1.14606439034824,-0.732540013544682,-1.8515804419495,-3.48508777104342,-8.86271179034728,-4.4523636685483,-29.3720458324976,-45.0839189247878,-8.65213832518248,2.18560545506113,2.35708518067179
0.0145131934180897,2.53367792654317,3.83127003408174,1.25126610339172,0.244301683973649,0.00112837647518899,0.092863249339641,1.39753734273498e-12,2.09789446377667e-19,0.00139285182382823,-6.30843351571017,-1.14606439034824,-0.732540013544682,-1.8515804419495,-3.48508777104342,-8.86271179034728,-4.4523636685483,-29.3720458324976,-45.0839189247878,-8.65213832518248,2.0757363633575,7.51423793050384
0.00848409138623886,1.4811319916191,2.23967559434527,0.731462446882738,0.142813352853207,0.000659623892399387,0.0542857985230587,8.16969373305963e-13,1.22638263245227e-19,0.000814230322743372,-6.30843351571017,-1.14606439034824,-0.732540013544682,-1.8515804419495,-3.48508777104342,-8.86271179034728,-4.4523636685483,-29.3720458324976,-45.0839189247878,-8.65213832518248,1.53887104497063,1.40591898663269
0.023595162027482,4.11918586627019,6.22877643954764,2.0342749936912,0.397179149404851,0.00183448432010132,0.150974589220054,2.27207886585369e-12,3.41070075781317e-19,0.00226446127442479,-6.30843351571017,-1.14606439034824,-0.732540013544682,-1.8515804419495,-3.48508777104342,-8.86271179034728,-4.4523636685483,-29.3720458324976,-45.0839189247878,-8.65213832518248,2.56171992890896,1.00829443956679
0.00704310554964499,1.22956819711413,1.85927648463611,0.607226747622362,0.118557129131743,0.000547589657599871,0.0450655929360707,6.78210696357441e-13,1.01808690305043e-19,0.000675936861560065,-6.30843351571017,-1.14606439034824,-0.732540013544682,-1.8515804419495,-3.48508777104342,-8.86271179034728,-4.4523636685483,-29.3720458324976,-45.0839189247878,-8.65213832518248,1.35272743884004,2.46969174008587
0.00817836083493057,1.42775829728425,2.15896721638962,0.705103652880413,0.137666967328316,0.000635853854206908,0.0523295693459914,7.87529273531938e-13,1.18218902098992e-19,0.000784888926696174,-6.30843351571017,-1.14606439034824,-0.732540013544682,-1.8515804419495,-3.48508777104342,-8.86271179034728,-4.4523636685483,-29.3720458324976,-45.0839189247878,-8.65213832518248,1.50216998033475,3.3871944782754
0.00403146772398118,0.703803807306168,1.0642483042364,0.34757608230094,0.0678620015238282,0.000313439861867619,0.0257955076923419,3.88207235167963e-13,5.82752091520576e-20,0.000386905694032357,-6.30843351571017,-1.14606439034824,-0.732540013544682,-1.8515804419495,-3.48508777104342,-8.86271179034728,-4.4523636685483,-29.3720458324976,-45.0839189247878,-8.65213832518248,0.794808745881139,1.43220984924805
0.0100985252098706,2.47158939866016,3.65093129580804,0.930382723022058,0.305618878992549,0.00194854811838936,0.0586245331814239,1.69744211345044e-12,1.32903670851895e-19,0.00104975510913863,-6.60092453663616,-1.10069722708121,-0.710576367429009,-2.07771789937364,-3.19097509880455,-8.24622939041185,-4.84216066705236,-29.1074572891342,-45.470221018394,-8.86475702342145,2.00555865201475,1.1598182665357
0.00516960580447935,1.26524840370893,1.86897346160177,0.476278647165328,0.156451471671733,0.00099749472856562,0.0300108897805548,8.68949318845491e-13,6.80356362928134e-20,0.000537387390010232,-6.60092453663616,-1.10069722708121,-0.710576367429009,-2.07771789937364,-3.19097509880455,-8.24622939041185,-4.84216066705236,-29.1074572891342,-45.470221018394,-8.86475702342145,1.33596569655163,1.19562603654095
0.0107955665544412,2.11003861240929,2.6888460247991,0.408657582411017,0.148917658833308,0.00107689322599529,0.0216116105500913,4.87422365329528e-13,1.4069531520342e-19,0.000369951850360178,-6.21322335416991,-0.937897373779033,-0.695491506310673,-2.57948130123133,-3.58896537188974,-8.51827864675086,-5.51912820405951,-30.0342489885802,-45.0922939064795,-9.58674131577548,1.68460362081961,0.210628377533679
0.0265054282767483,5.18059675889601,6.60169293553317,1.0033418983359,0.365624750256735,0.0026440035378775,0.0530611330578857,1.19672631163669e-12,3.45437135438214e-19,0.000908311035472064,-6.21322335416991,-0.937897373779033,-0.695491506310673,-2.57948130123133,-3.58896537188974,-8.51827864675086,-5.51912820405951,-30.0342489885802,-45.0922939064795,-9.58674131577548,2.58281762783499,0.320499954545641
0.0157240383167682,3.07332902113739,3.91637786758284,0.595220959628583,0.216902648112993,0.00156852447374817,0.03147790258742,7.09944022876531e-13,2.0492657945203e-19,0.000538845000962886,-6.21322335416991,-0.937897373779033,-0.695491506310673,-2.57948130123133,-3.58896537188974,-8.51827864675086,-5.51912820405951,-30.0342489885802,-45.0922939064795,-9.58674131577548,2.06065871957781,0.512520855546277
0.0788117560284749,15.4040871771988,19.6296021923392,2.98335631777602,1.08715574463983,0.00786173155136015,0.157773005193092,3.55836929404781e-12,1.02712949804378e-18,0.00270078970157195,-6.21322335416991,-0.937897373779033,-0.695491506310673,-2.57948130123133,-3.58896537188974,-8.51827864675086,-5.51912820405951,-30.0342489885802,-45.0922939064795,-9.58674131577548,3.67253024910277,0.43170126904735
0.00927527185699317,1.81289065841547,2.31018703241167,0.351108036263688,0.127946204862927,0.000925238835932294,0.0185681374023946,4.18780702690415e-13,1.20881779657985e-19,0.000317853071331089,-6.21322335416991,-0.937897373779033,-0.695491506310673,-2.57948130123133,-3.58896537188974,-8.51827864675086,-5.51912820405951,-30.0342489885802,-45.0922939064795,-9.58674131577548,1.53281999397875,0.426391237926527
0.011262027045481,2.20121026535535,2.80502709141875,0.426315073159402,0.155352170992868,0.00112342419224538,0.0225454163321705,5.08483166050718e-13,1.46774552035118e-19,0.000385936923576102,-6.21322335416991,-0.937897373779033,-0.695491506310673,-2.57948130123133,-3.58896537188974,-8.51827864675086,-5.51912820405951,-30.0342489885802,-45.0922939064795,-9.58674131577548,1.7269047034985,0.898785589863993
0.0211173154174845,4.12746757630682,5.25967852899511,0.799379173107866,0.291299317822518,0.00210652158083724,0.04227468696197,9.53451750613823e-13,2.75215509434357e-19,0.000723666504573025,-6.21322335416991,-0.937897373779033,-0.695491506310673,-2.57948130123133,-3.58896537188974,-8.51827864675086,-5.51912820405951,-30.0342489885802,-45.0922939064795,-9.58674131577548,2.355561415032,0.575450586900871
0.00593956674767966,1.16091315035528,1.47936473347545,0.224837573408975,0.0819323719684488,0.000592491293872092,0.0118903998914553,2.68172833596735e-13,7.74085557735509e-20,0.000203542231670825,-6.21322335416991,-0.937897373779033,-0.695491506310673,-2.57948130123133,-3.58896537188974,-8.51827864675086,-5.51912820405951,-30.0342489885802,-45.0922939064795,-9.58674131577548,1.08710426780115,0.825306043718966
0.0192530812868084,3.76309522229827,4.79535472474779,0.728810073371569,0.265583448177564,0.0019205581025084,0.0385426825504197,8.69281141788448e-13,2.50919516509321e-19,0.000659781310343503,-6.21322335416991,-0.937897373779033,-0.695491506310673,-2.57948130123133,-3.58896537188974,-8.51827864675086,-5.51912820405951,-30.0342489885802,-45.0922939064795,-9.58674131577548,2.26313918995943,1.18964337398089
0.0167947885423884,3.28261162885519,4.18306905726637,0.635753357475548,0.231672935155408,0.00167533532604465,0.0336214340784102,7.58288647034697e-13,2.18881339467454e-19,0.000575538399613539,-6.21322335416991,-0.937897373779033,-0.695491506310673,-2.57948130123133,-3.58896537188974,-8.51827864675086,-5.51912820405951,-30.0342489885802,-45.0922939064795,-9.58674131577548,2.126536707663,1.29079708046315
0.00634154010970338,0.489581326284538,1.54092942254867,0.423147184699679,0.0243241966418991,0.000599159086745257,0.0102848340166147,3.61420355676867e-13,5.54501477558592e-20,0.000153719150808184,-5.9750671819374,-1.6286382506859,-0.482047805900401,-1.77446876750098,-4.630717238898,-8.33441696930587,-5.49151845581753,-29.5631682552474,-45.2532361358296,-9.6948168779754,0.9144335614158,0.308648309556026
0.0251139689126009,1.938855545467,6.10243772726204,1.67576094421319,0.0963294574694757,0.00237280887890285,0.0407303269073866,1.43130839194118e-12,2.19595439412102e-19,0.000608763471946047,-5.9750671819374,-1.6286382506859,-0.482047805900401,-1.77446876750098,-4.630717238898,-8.33441696930587,-5.49151845581753,-29.5631682552474,-45.2532361358296,-9.6948168779754,2.2907361246699,0.206670740787674
0.0811364879837033,2.89417928356138,16.5335749543293,2.71262673790297,0.157243948411163,0.0107898887481915,0.149896962826476,2.80457315713911e-12,1.31605302794991e-18,0.0013383134643306,-5.62694891050737,-2.05262482857096,-0.30993324582261,-2.11740896352582,-4.96528327296563,-7.64447221535726,-5.01313354036164,-29.7150961656279,-44.2872209519585,-9.73167147139272,3.11532640495174,0.0497051520806578
0.0163575923700599,0.224876224040149,1.06756471245195,0.338541546769066,0.0200058850858551,0.0016576450513957,0.0196550928589317,2.69150936013345e-13,2.28074653919084e-19,0.000166088805250487,-4.63709601926798,-2.01623803851007,-0.458652810139082,-1.60714135127753,-4.43576168940595,-6.92639022256521,-4.4534516906625,-29.4675369672317,-43.4486468430304,-9.22702083625169,0.524032894986255,0.152923349499447
1.63298532418586,22.4494879997154,106.575434123399,33.7967449606426,1.99719592000266,0.165483402471447,1.96217618449116,2.68694511122037e-11,2.27687885993744e-17,0.0165807152635762,-4.63709601926798,-2.01623803851007,-0.458652810139082,-1.60714135127753,-4.43576168940595,-6.92639022256521,-4.4534516906625,-29.4675369672317,-43.4486468430304,-9.22702083625169,5.12750584618951,0.569830657569905
0.200492192444725,2.75626914808219,13.0849568160091,4.14944543242154,0.245208687924141,0.0203174699020976,0.240909088014977,3.29893666739342e-12,2.79547175224917e-18,0.00203572188081572,-4.63709601926798,-2.01623803851007,-0.458652810139082,-1.60714135127753,-4.43576168940595,-6.92639022256521,-4.4534516906625,-29.4675369672317,-43.4486468430304,-9.22702083625169,3.03011604584896,0.900256187365406
0.380270824482789,5.22777834217487,24.818060274927,7.87019692135048,0.465083995492559,0.0385358698354548,0.456929002609958,6.25704847220951e-12,5.30213339025267e-18,0.00386112610469293,-4.63709601926798,-2.01623803851007,-0.458652810139082,-1.60714135127753,-4.43576168940595,-6.92639022256521,-4.4534516906625,-29.4675369672317,-43.4486468430304,-9.22702083625169,3.67022443516642,0.422912814863093
0.0319620457020185,0.706324697801168,1.88773969770445,1.32290677828262,0.0307440653451914,0.00372256728237468,0.0759112649874154,7.76123540814618e-13,4.22806828788695e-19,0.000217122478811046,-4.84427292164981,-1.74874700503192,-0.765686583476115,-1.12123534943682,-4.88312506997589,-6.99440848877208,-3.97925695650264,-29.2855314550337,-43.7084383173799,-9.83611571487957,1.40106676971564,1.07814860938404
0.0156768615898151,0.454010168585276,1.61218023879521,0.500338966996261,0.0279147807683107,0.00421698185698809,0.0221022232536247,5.64962631122754e-13,1.8421102198467e-19,4.25392191815827e-05,-5.12501517920299,-1.75908142482561,-0.491858292897829,-1.66191521765979,-4.54804469519388,-6.43808134797635,-4.78152281720564,-29.1714625469562,-44.1076507351925,-11.0345298446824,0.96944574139892,0.985646613770614
0.056895920639411,1.64773582858546,5.85107410672755,1.81587660233721,0.101310912401766,0.0153046618226767,0.0802154393587146,2.05041480020952e-12,6.68555732772032e-19,0.000154387281201121,-5.12501517920299,-1.75908142482561,-0.491858292897829,-1.66191521765979,-4.54804469519388,-6.43808134797635,-4.78152281720564,-29.1714625469562,-44.1076507351925,-11.0345298446824,2.25848354527533,1.1608436974213
0.00355414188262153,0.0656300487167663,0.221670097618131,0.0765382373628587,0.00724339749321097,0.000985406333461944,0.00770327385526888,6.19600210154422e-14,2.23800922552794e-20,7.71968219243655e-06,-4.68078864600019,-1.76486864610942,-0.547712067044456,-1.61111184612366,-3.96881193354457,-5.96360349848135,-3.90725688238207,-29.4534340580913,-44.2872621456867,-10.8128843794646,-0.95885298209319,0.749997044724517
0.00509286950220416,0.0940438746050435,0.317639789573424,0.109674646564827,0.0103793487721729,0.00141202743973335,0.0110383236742615,8.87849477614896e-14,3.20693132316252e-20,1.10618358250711e-05,-4.68078864600019,-1.76486864610942,-0.547712067044456,-1.61111184612366,-3.96881193354457,-5.96360349848135,-3.90725688238207,-29.4534340580913,-44.2872621456867,-10.8128843794646,-0.599125208379646,0.253157537806165
0.00313787709023302,0.076481326544467,0.315548203456946,0.0224109027378035,0.00639824796497336,0.00116873016082471,0.00937440969467417,6.94804588370269e-14,1.99257339404318e-20,9.57149274920443e-06,-4.93071681989284,-1.7372166916729,-0.319951850607242,-2.9647157354379,-4.21823910783596,-5.91834547846956,-3.83627970127819,-29.4642388759563,-44.5287829199923,-10.723229408779,-0.833491973731331,0.161726343109777
0.000384460651740996,0.00937068591399741,0.0386617654127902,0.00274584058741452,0.000783929552330391,0.00014319578059275,0.00114857642835013,8.5129218639227e-15,2.44135140952484e-21,1.17272354355348e-06,-4.93071681989284,-1.7372166916729,-0.319951850607242,-2.9647157354379,-4.21823910783596,-5.91834547846956,-3.83627970127819,-29.4642388759563,-44.5287829199923,-10.723229408779,-2.9329522905367,0.0947993144102145
0.000353322897597516,0.00861174709197619,0.0355305202756745,0.00252345291590399,0.000720438514806175,0.000131598247814586,0.00105555236911544,7.82345399031556e-15,2.24362454300838e-21,1.07774379149802e-06,-4.93071681989284,-1.7372166916729,-0.319951850607242,-2.9647157354379,-4.21823910783596,-5.91834547846956,-3.83627970127819,-29.4642388759563,-44.5287829199923,-10.723229408779,-3.01741137517097,0.087073656164192
7.98362648590428e-05,0.00194589630734121,0.00802841832951242,0.000570195299323423,0.000162789110113778,2.97357251368389e-05,0.000238510889292228,1.76777488560866e-15,5.06965737227458e-22,2.43525226848559e-07,-4.93071681989284,-1.7372166916729,-0.319951850607242,-2.9647157354379,-4.21823910783596,-5.91834547846956,-3.83627970127819,-29.4642388759563,-44.5287829199923,-10.723229408779,-4.5048158899902,0.150553938080577
0.000252240228352455,0.00614799965630343,0.0253655412902983,0.00180151454681369,0.000514327196805742,9.3949110870666e-05,0.000753567833939117,5.58523049154339e-15,1.60174268612017e-21,7.69410479539816e-07,-4.93071681989284,-1.7372166916729,-0.319951850607242,-2.9647157354379,-4.21823910783596,-5.91834547846956,-3.83627970127819,-29.4642388759563,-44.5287829199923,-10.723229408779,-3.35441181753669,0.179260079789685
0.00125198152129322,0.0305152830414255,0.125900571770334,0.00894172566241144,0.0025528368353662,0.000466311624915149,0.00374029554799818,2.77220069663314e-14,7.95016821062715e-21,3.81892971222339e-06,-4.93071681989284,-1.7372166916729,-0.319951850607242,-2.9647157354379,-4.21823910783596,-5.91834547846956,-3.83627970127819,-29.4642388759563,-44.5287829199923,-10.723229408779,-1.75231094587078,0.0981570694655976
0.00298273500369817,0.0726999570899416,0.299946952904777,0.0213028688308367,0.00608190748671083,0.00111094611430773,0.00891092261782493,6.60452244261803e-14,1.89405710897647e-20,9.09826154426436e-06,-4.93071681989284,-1.7372166916729,-0.319951850607242,-2.9647157354379,-4.21823910783596,-5.91834547846956,-3.83627970127819,-29.4642388759563,-44.5287829199923,-10.723229408779,-0.884197793004581,0.333758853014967
0.00438610913161368,0.106905221303523,0.44107172360407,0.0313258493941477,0.00894343947149768,0.00163364525868185,0.0131035036691781,9.71194429260328e-14,2.78520926974046e-20,1.33789853914712e-05,-4.93071681989284,-1.7372166916729,-0.319951850607242,-2.9647157354379,-4.21823910783596,-5.91834547846956,-3.83627970127819,-29.4642388759563,-44.5287829199923,-10.723229408779,-0.498595927594284,0.214772072598696
0.0300803026693091,0.733164934397412,3.02490671042721,0.214835290886272,0.0613348546820862,0.0112036755951288,0.0898649223194923,6.66053249161853e-13,1.91011977397688e-19,9.17541989739906e-05,-4.93071681989284,-1.7372166916729,-0.319951850607242,-2.9647157354379,-4.21823910783596,-5.91834547846956,-3.83627970127819,-29.4642388759563,-44.5287829199923,-10.723229408779,1.4268321020863,0.275864407314448
0.0182263110573939,0.731569325559776,1.32937292541964,0.0520912302126701,0.0636728612687772,0.00264929531445328,0.0658494116114766,2.44309605352637e-13,1.00713705415443e-19,4.86659056431801e-05,-4.82179252999181,-1.12946675485141,-0.532196117219653,-3.77166213406622,-3.57090031054395,-6.75036505704358,-3.53728824974045,-29.8572435631848,-44.5589085245897,-10.7474353261378,0.816903463622592,0.398397686564151
0.0185987234842135,0.746517249309163,1.35653558031699,0.0531555937801761,0.0649738686263815,0.00270342752443864,0.0671948917311592,2.49301505948332e-13,1.02771556580697e-19,4.96602806413288e-05,-4.82179252999181,-1.12946675485141,-0.532196117219653,-3.77166213406622,-3.57090031054395,-6.75036505704358,-3.53728824974045,-29.8572435631848,-44.5589085245897,-10.7474353261378,0.837130199492695,0.691589040221937
0.0266993315467786,1.07166019009919,1.94736984205541,0.0763073241616515,0.0932730067095758,0.00388089579636688,0.0964613885519022,3.57883892842185e-13,1.47533343621974e-19,7.12896397795428e-05,-4.82179252999181,-1.12946675485141,-0.532196117219653,-3.77166213406622,-3.57090031054395,-6.75036505704358,-3.53728824974045,-29.8572435631848,-44.5589085245897,-10.7474353261378,1.1986757804013,0.760445223988831
0.0077857021742977,0.232863204980941,0.480073482037761,0.0325415504895939,0.0347942389126548,0.00185186244303623,0.0264474487526947,3.39190902660116e-13,1.92107441118024e-20,7.04355896437223e-06,-4.65257199023809,-1.25440980918886,-0.530921807492072,-3.22234323787271,-3.15540916266714,-6.08866912860895,-3.42970128907847,-28.5093190196143,-45.1959229494703,-11.6605026890958,-0.202894291726167,0.679547066305548
0.00701156462069422,0.209709461388833,0.432339455919797,0.0293059224469953,0.0313346245595323,0.00166773052671469,0.0238177613053565,3.05464925258013e-13,1.73006070276087e-20,6.34321320450725e-06,-4.65257199023809,-1.25440980918886,-0.530921807492072,-3.22234323787271,-3.15540916266714,-6.08866912860895,-3.42970128907847,-28.5093190196143,-45.1959229494703,-11.6605026890958,-0.307622414215414,0.659275610269066
0.011368255922982,0.340014098922035,0.700977006757219,0.0475153898536728,0.0508046421182453,0.00270398812018436,0.0386171162471554,4.95267979928259e-13,2.80504764560416e-20,1.02846190520793e-05,-4.65257199023809,-1.25440980918886,-0.530921807492072,-3.22234323787271,-3.15540916266714,-6.08866912860895,-3.42970128907847,-28.5093190196143,-45.1959229494703,-11.6605026890958,0.175641614374931,0.421058147840823
0.0189066507068844,0.565480566877376,1.1658012900223,0.0790232807258251,0.0844936663394511,0.0044970274464476,0.0642244802666793,8.23684720527614e-13,4.66510047019551e-20,1.71044442866507e-05,-4.65257199023809,-1.25440980918886,-0.530921807492072,-3.22234323787271,-3.15540916266714,-6.08866912860895,-3.42970128907847,-28.5093190196143,-45.1959229494703,-11.6605026890958,0.684330460676185,0.505963442384185
0.71287242585001,21.3213598606404,43.9563625816949,2.97956093350436,3.18582100162423,0.169559744587436,2.42157438440393,3.10569087016718e-11,1.75896912709735e-18,0.000644920503397312,-4.65257199023809,-1.25440980918886,-0.530921807492072,-3.22234323787271,-3.15540916266714,-6.08866912860895,-3.42970128907847,-28.5093190196143,-45.1959229494703,-11.6605026890958,4.31411918978454,0.652509187771065
0.413845819623645,12.4565754916372,34.0073476504577,2.03257032303687,2.33543167839558,0.0825834570975383,1.23097380037641,1.0261463232512e-11,1.02828281682252e-18,0.000174000415076429,-4.84420769434037,-1.43969726802504,-0.435369294816608,-3.25264474232992,-3.11374915644283,-6.45589179923423,-3.75414033967908,-29.2645715745513,-45.3805873345074,-12.6183987767072,3.96194590345134,0.279354085018019
0.00279689295563813,0.0841852366072423,0.229831755144948,0.0137367138890295,0.0157835408742776,0.00055812352923705,0.00831928652554444,6.93500160413672e-14,6.94944066220142e-21,1.17594648086079e-06,-4.84420769434037,-1.43969726802504,-0.435369294816608,-3.25264474232992,-3.11374915644283,-6.45589179923423,-3.75414033967908,-29.2645715745513,-45.3805873345074,-12.6183987767072,-1.03503844228833,0.412020711062163
0.00890246685771282,0.267960301195615,0.731550908626406,0.0437237470545481,0.050238765572833,0.00177649852902894,0.0264801598588811,2.20740024442323e-13,2.21199617418946e-20,3.74301939271704e-06,-4.84420769434037,-1.43969726802504,-0.435369294816608,-3.25264474232992,-3.11374915644283,-6.45589179923423,-3.75414033967908,-29.2645715745513,-45.3805873345074,-12.6183987767072,0.122780828714334,0.339806126313539
0.110517180617158,3.32651808524365,9.08163379785748,0.542796207806149,0.62367507990053,0.0220538432702741,0.328730525669945,2.74031518910881e-12,2.74602067735376e-19,4.64666655759631e-05,-4.84420769434037,-1.43969726802504,-0.435369294816608,-3.25264474232992,-3.11374915644283,-6.45589179923423,-3.75414033967908,-29.2645715745513,-45.3805873345074,-12.6183987767072,2.64162340492843,0.780343607058174
0.0672075222100369,2.02291658950801,5.52270788817217,0.33008431800324,0.379268241826229,0.0134113461194603,0.199907055009055,1.66643586912078e-12,1.66990548104718e-19,2.82572306068949e-05,-4.84420769434037,-1.43969726802504,-0.435369294816608,-3.25264474232992,-3.11374915644283,-6.45589179923423,-3.75414033967908,-29.2645715745513,-45.3805873345074,-12.6183987767072,2.14423759427214,1.15388551240666
0.0461364606857306,1.38868698968953,3.79121543218234,0.226595500916389,0.260359164464908,0.009206589123305,0.137231721702248,1.1439709489766e-12,1.1463527599551e-19,1.93979567481798e-05,-4.84420769434037,-1.43969726802504,-0.435369294816608,-3.25264474232992,-3.11374915644283,-6.45589179923423,-3.75414033967908,-29.2645715745513,-45.3805873345074,-12.6183987767072,1.76805595700666,3.85366991626675
0.048635550056021,1.4639084705533,3.99657548898397,0.238869576545058,0.274462127949777,0.00970528557016528,0.144665199083811,1.20593681276452e-12,1.20844764010902e-19,2.04486924742022e-05,-4.84420769434037,-1.43969726802504,-0.435369294816608,-3.25264474232992,-3.11374915644283,-6.45589179923423,-3.75414033967908,-29.2645715745513,-45.3805873345074,-12.6183987767072,1.82080716149582,1.52294079622136
0.0362809446909985,1.03624071369833,2.34799106590434,0.217274917989716,0.248527563873852,0.00668735627673573,0.0585919709232558,7.6322259799826e-13,1.05096082326864e-19,2.1504931042724e-05,-4.69058723404456,-1.33852515288419,-0.520564521884764,-2.90071644297018,-2.76632613743746,-6.38166127718245,-4.21128222561034,-29.2753512845407,-45.0735365702212,-12.1213529171654,1.37412461886226,2.72066537354612
0.0567487487158959,1.62083331544112,3.67260434150804,0.339850018467806,0.388733766206209,0.0104600115612839,0.091646484484123,1.19379271397093e-12,1.64385773793591e-19,3.36368839976484e-05,-4.69058723404456,-1.33852515288419,-0.520564521884764,-2.90071644297018,-2.76632613743746,-6.38166127718245,-4.21128222561034,-29.2753512845407,-45.0735365702212,-12.1213529171654,1.82146556212174,0.929463189134041
0.00262220771746903,0.203421689043827,0.338181744637004,0.0465954831490851,0.0727777721020935,0.000595501396796956,0.011362879384809,9.95641471649926e-14,7.26695272353896e-21,1.8866902052486e-06,-5.55152413603041,-1.20025962883997,-0.69195728223921,-2.67403713093424,-2.22813015892426,-7.03389228383949,-4.08518889108848,-29.5457597236019,-45.9787353671529,-12.7884719384696,-0.392214539745353,2.37311723884642
0.00560179769698089,0.434567842055453,0.722454482018327,0.0995414926343795,0.155474470400235,0.00127216403601538,0.0242744124139534,2.12697951643989e-13,1.55243227909042e-20,4.03051854979633e-06,-5.55152413603041,-1.20025962883997,-0.69195728223921,-2.67403713093424,-2.22813015892426,-7.03389228383949,-4.08518889108848,-29.5457597236019,-45.9787353671529,-12.7884719384696,0.366856420592359,1.59410209160186
0.00787595955363337,0.283300377108445,0.696954516179507,0.162282849303822,0.14875591686264,0.00128576783791739,0.0219862085910015,5.38029988833969e-13,4.25083302014834e-20,8.30253041855541e-06,-5.1234262533113,-1.54073354071738,-0.640521126606708,-2.09790048254832,-2.18493445781807,-6.93588519955352,-4.09682590412226,-28.5303480946737,-44.8840728911086,-11.978436219618,0.279485999698414,2.98697027766727
0.0247303004880694,0.889555540066624,2.18841837547082,0.509563768073462,0.467089565193901,0.00403727631827712,0.0690361017405181,1.68939964773162e-12,1.33475009866422e-19,2.60697214941246e-05,-5.1234262533113,-1.54073354071738,-0.640521126606708,-2.09790048254832,-2.18493445781807,-6.93588519955352,-4.09682590412226,-28.5303480946737,-44.8840728911086,-11.978436219618,1.42370020653955,5.43188708758049
0.0407054756088305,1.46418687295573,3.60208364017327,0.838729620065257,0.768818110896471,0.00664525903270041,0.113631751336103,2.78071090108597e-12,2.19696633331536e-19,4.2910130142577e-05,-5.1234262533113,-1.54073354071738,-0.640521126606708,-2.09790048254832,-2.18493445781807,-6.93588519955352,-4.09682590412226,-28.5303480946737,-44.8840728911086,-11.978436219618,1.92203359357208,6.09649094895492
0.0381898581355444,1.3736994378706,3.37947318273663,0.78689573639136,0.721304791260171,0.00623457890951946,0.106609255838736,2.60886166394277e-12,2.06119278409018e-19,4.02582639856752e-05,-5.1234262533113,-1.54073354071738,-0.640521126606708,-2.09790048254832,-2.18493445781807,-6.93588519955352,-4.09682590412226,-28.5303480946737,-44.8840728911086,-11.978436219618,1.85824096085805,3.58412143848534
0.0275317106753021,0.990323015708669,2.43631902406702,0.567286363543516,0.520000748659528,0.00449461273487875,0.0768564045627999,1.88077222671609e-12,1.48594852529118e-19,2.90228592211488e-05,-5.1234262533113,-1.54073354071738,-0.640521126606708,-2.09790048254832,-2.18493445781807,-6.93588519955352,-4.09682590412226,-28.5303480946737,-44.8840728911086,-11.978436219618,1.53100943014023,1.26333432321156
0.010396037178433,0.373948245039527,0.919959658570924,0.214208633664997,0.196353476891902,0.00169717609070964,0.029021154866062,7.1018391206053e-13,5.61097575677443e-20,1.09590982938142e-05,-5.1234262533113,-1.54073354071738,-0.640521126606708,-2.09790048254832,-2.18493445781807,-6.93588519955352,-4.09682590412226,-28.5303480946737,-44.8840728911086,-11.978436219618,0.557095667326814,1.52954992104086
0.0217075588569491,0.780826713037196,1.92093180234828,0.447280674658999,0.409998019749291,0.00354380705333715,0.0605979390549497,1.48290726607771e-12,1.17160591477852e-19,2.28832647622293e-05,-5.1234262533113,-1.54073354071738,-0.640521126606708,-2.09790048254832,-2.18493445781807,-6.93588519955352,-4.09682590412226,-28.5303480946737,-44.8840728911086,-11.978436219618,1.29333150864284,1.12945753893886
0.00626783394410497,0.225455667709579,0.554649264544779,0.129147686003965,0.118382703561242,0.00102323777107506,0.0174970304977351,4.2817419312473e-13,3.38289135602743e-20,6.60730690971856e-06,-5.1234262533113,-1.54073354071738,-0.640521126606708,-2.09790048254832,-2.18493445781807,-6.93588519955352,-4.09682590412226,-28.5303480946737,-44.8840728911086,-11.978436219618,0.0511018058276137,2.23484784820871
0.0059233774267321,0.213065474412538,0.524167832564883,0.122050216201094,0.111876836598343,0.000967004481837969,0.0165354596834213,4.04643354128684e-13,3.19698040408782e-20,6.2441942383186e-06,-5.1234262533113,-1.54073354071738,-0.640521126606708,-2.09790048254832,-2.18493445781807,-6.93588519955352,-4.09682590412226,-28.5303480946737,-44.8840728911086,-11.978436219618,-0.00542222818229243,2.02984929341713
0.0147098200863557,0.529116172992469,1.30169225369423,0.303093419932452,0.277829356401516,0.00240141070301234,0.0410633359087684,1.00487112496161e-12,7.93922169326989e-20,1.55065205562293e-05,-5.1234262533113,-1.54073354071738,-0.640521126606708,-2.09790048254832,-2.18493445781807,-6.93588519955352,-4.09682590412226,-28.5303480946737,-44.8840728911086,-11.978436219618,0.904186278164502,7.25381299507103
0.0107190585514947,0.385567410447791,0.94854426508709,0.220864435850053,0.202454491020885,0.00174991004517123,0.0299228882026953,7.3225045323028e-13,5.78531767784116e-20,1.12996148692772e-05,-5.1234262533113,-1.54073354071738,-0.640521126606708,-2.09790048254832,-2.18493445781807,-6.93588519955352,-4.09682590412226,-28.5303480946737,-44.8840728911086,-11.978436219618,0.587694304426345,2.56273363798375
0.00636714080568298,0.229027762149999,0.56343706559849,0.131193887529323,0.12025834590605,0.00103944983613608,0.0177742514964342,4.34958137260312e-13,3.43648950917289e-20,6.71199234308171e-06,-5.1234262533113,-1.54073354071738,-0.640521126606708,-2.09790048254832,-2.18493445781807,-6.93588519955352,-4.09682590412226,-28.5303480946737,-44.8840728911086,-11.978436219618,0.0668214900375337,2.77049654025851
0.0116264359640952,0.418206019295243,1.02883934294835,0.239560797976849,0.219592435677998,0.00189804141710497,0.0324558861095971,7.9423607616868e-13,6.27504973410084e-20,1.22561368673809e-05,-5.1234262533113,-1.54073354071738,-0.640521126606708,-2.09790048254832,-2.18493445781807,-6.93588519955352,-4.09682590412226,-28.5303480946737,-44.8840728911086,-11.978436219618,0.668952441967281,0.749319364625005
0.0128365812865565,0.461735271048595,1.1359267704522,0.264495643015524,0.242448860441725,0.00209560032078283,0.0358340786084128,8.76904666566785e-13,6.92819246050345e-20,1.35318250273046e-05,-5.1234262533113,-1.54073354071738,-0.640521126606708,-2.09790048254832,-2.18493445781807,-6.93588519955352,-4.09682590412226,-28.5303480946737,-44.8840728911086,-11.978436219618,0.767969982197759,0.616509524820599
0.0122707762059349,0.441383110576157,1.0858578990301,0.252837322526626,0.231762308160666,0.00200323138843377,0.0342546001410994,8.38252855427329e-13,6.62281469627094e-20,1.29353753044684e-05,-5.1234262533113,-1.54073354071738,-0.640521126606708,-2.09790048254832,-2.18493445781807,-6.93588519955352,-4.09682590412226,-28.5303480946737,-44.8840728911086,-11.978436219618,0.722891491518519,0.675416568664823
0.0898537912232317,5.56667341961469,11.4841889307923,2.22176790322674,0.90693481037714,0.0393930335366985,0.428576966961657,1.42559797370151e-11,8.19229201865558e-19,7.59637081534151e-05,-5.44151343066033,-1.3151443151869,-0.590970745267899,-2.23363872727682,-3.12962666439035,-6.26610825114623,-3.87922689660537,-28.0057866256117,-44.6778650114617,-12.5171968150713,3.0319419590452,1.12749914858239
0.0223370103612331,1.38383523008637,2.85488729685501,0.552315622958373,0.225457512483005,0.00979282661633682,0.106541171176907,3.54393468277945e-12,2.03654524991978e-19,1.88840349750519e-05,-5.44151343066033,-1.3151443151869,-0.590970745267898,-2.23363872727682,-3.12962666439035,-6.26610825114623,-3.87922689660537,-28.0057866256117,-44.6778650114617,-12.5171968150713,1.64000311188916,1.06507380160091
0.00501819754745014,0.310890242041827,0.641374481169982,0.12408235747423,0.0506509294618946,0.00220004099536949,0.023935371621187,7.96174781040198e-13,4.57527046509125e-20,4.24245753864335e-06,-5.44151343066033,-1.3151443151869,-0.590970745267898,-2.23363872727682,-3.12962666439035,-6.26610825114623,-3.87922689660537,-28.0057866256117,-44.6778650114617,-12.5171968150713,0.146828966613603,0.356369975446185
0.00778209978402272,0.482121092797117,0.994628083927618,0.19242392874547,0.0785482403789081,0.00341177053972409,0.0371183973055007,1.23468865723023e-12,7.09521914224442e-20,6.57910087895559e-06,-5.44151343066033,-1.3151443151869,-0.590970745267898,-2.23363872727682,-3.12962666439035,-6.26610825114623,-3.87922689660537,-28.0057866256117,-44.6778650114617,-12.5171968150713,0.58558434857196,0.502075388577343
0.0253254642076255,1.56897763049025,3.23684078057235,0.626209564947907,0.255621323999486,0.011103002414054,0.120795244020754,4.01807536064281e-12,2.3090132922876e-19,2.1410517527728e-05,-5.44151343066033,-1.3151443151869,-0.590970745267898,-2.23363872727682,-3.12962666439035,-6.26610825114623,-3.87922689660537,-28.0057866256117,-44.6778650114617,-12.5171968150713,1.76556853165977,0.460100656482422
0.013428993491706,0.831960678617762,1.71635605253414,0.332051728773345,0.135544883528602,0.00588743984846024,0.0640524703707232,2.13061081229894e-12,1.22436944176749e-19,1.13530673387359e-05,-5.44151343066033,-1.3151443151869,-0.590970745267898,-2.23363872727682,-3.12962666439035,-6.26610825114623,-3.87922689660537,-28.0057866256117,-44.6778650114617,-12.5171968150713,1.13117421463239,0.278768580682466
0.0277160723376219,1.71708195144099,3.54238376379673,0.68532088724285,0.279750809261581,0.0121510751214603,0.132197763242256,4.397363319408e-12,2.52697359909812e-19,2.34315725753116e-05,-5.44151343066033,-1.3151443151869,-0.590970745267898,-2.23363872727682,-3.12962666439035,-6.26610825114623,-3.87922689660537,-28.0057866256117,-44.6778650114617,-12.5171968150713,1.85577062539886,0.402376877091072
0.109157075558955,11.1402859308266,14.6990335429607,1.83376298185552,0.397005196679064,0.0348790447530429,0.798412693910461,1.11073401357141e-11,8.22111393705186e-19,9.28784054599535e-05,-5.58269860374988,-0.95716332863019,-0.679949483593479,-2.76136109998688,-4.29153713834894,-6.72360029682375,-3.59286088476485,-28.5911461825075,-45.0101422813838,-12.6519506183059,3.36773122984002,0.682016068631442
0.002888921823246,0.528871791039434,0.469754200474388,0.124993304471167,0.0144265964518187,0.000804511848589246,0.0202325847390884,5.07263956970051e-13,7.31590886547014e-20,5.05141767803072e-06,-5.99699475030771,-0.787132069782301,-0.905668531092881,-2.22961793964535,-4.38880463244221,-7.27539769604836,-4.0505837006376,-28.4598677339105,-44.2117734186095,-12.3459644580512,0.150122832300237,0.256870318898096
0.0406524773028169,12.9424440882504,19.2489911287327,6.23687778314337,1.93979604987772,0.0710455168705129,0.282951988075894,1.60736280921521e-11,2.38659796584791e-18,2.31107325597561e-05,-6.91046496530944,-1.14725731294991,-0.750310812259537,-1.87728976082655,-3.04518662410314,-6.35220398738619,-4.97024751189668,-28.5616106563594,-44.2844322299849,-14.3829828980822,3.70776946272293,0.204330387190462
0.0254601095787106,8.10568178289978,12.055388894669,3.90607417612046,1.21486864434741,0.0444948688151425,0.17720909277593,1.00667009664692e-11,1.49469478276064e-18,1.44739465453166e-05,-6.91046496530944,-1.14725731294991,-0.750310812259537,-1.87728976082655,-3.04518662410314,-6.35220398738619,-4.97024751189668,-28.5616106563594,-44.2844322299849,-14.3829828980822,3.23982258340294,0.880216510504863
0.101432383823954,13.6596936489374,23.841252505443,7.27436321343211,1.90782340018063,0.0428703767021578,0.300538523132104,1.53800500150158e-11,2.69329338275514e-18,2.08377971041043e-05,-6.14123006749163,-1.23841776876008,-0.681449816982824,-1.86851091735309,-3.20690418459483,-7.00244140710986,-5.05504653222422,-28.7508170956846,-44.3086341190533,-14.6316092476235,3.85286719577989,0.291180721096627
0.0547893946276547,7.37837678273868,12.8780153112186,3.92929695369641,1.03052383481187,0.0231567266628318,0.162337935124115,8.30763901919423e-12,1.45480080850643e-18,1.12556783708178e-05,-6.14123006749163,-1.23841776876008,-0.681449816982824,-1.86851091735309,-3.20690418459483,-7.00244140710986,-5.05504653222422,-28.7508170956846,-44.3086341190533,-14.6316092476235,3.23697143504193,0.891416540972458
0.0622621946001129,8.38472361671167,14.6344653161328,4.46521910372035,1.1710783807552,0.0263151040740852,0.184479426654889,9.44072919213243e-12,1.65322306733262e-18,1.27908556362551e-05,-6.14123006749163,-1.23841776876008,-0.681449816982824,-1.86851091735309,-3.20690418459483,-7.00244140710986,-5.05504653222422,-28.7508170956846,-44.3086341190533,-14.6316092476235,3.36482920185953,1.07147263825009
0.0162781083268343,2.19213987235765,3.82610046515896,1.16740697529602,0.306172001542527,0.00687993922316868,0.0482311314345338,2.4682267218631e-12,4.3222607798044e-19,3.34409885448339e-06,-6.14123006749163,-1.23841776876008,-0.681449816982824,-1.86851091735309,-3.20690418459483,-7.00244140710986,-5.05504653222422,-28.7508170956846,-44.3086341190533,-14.6316092476235,2.02329594619219,1.91294776647901
0.00956397671627823,1.28796136977981,2.2479722476474,0.685893772542748,0.179887111888909,0.00404221284308107,0.0283375321491882,1.45017236796981e-12,2.53948435713421e-19,1.96477888825008e-06,-6.14123006749163,-1.23841776876008,-0.681449816982824,-1.86851091735309,-3.20690418459483,-7.00244140710986,-5.05504653222422,-28.7508170956846,-44.3086341190533,-14.6316092476235,1.49147840358548,1.31983245139654
0.0139386351368269,1.87708775713903,3.27621719366368,0.999628430903951,0.262169272554733,0.00589116134810378,0.0412994022280875,2.11349568514063e-12,3.70106985199225e-19,2.86348836475582e-06,-6.14123006749163,-1.23841776876008,-0.681449816982824,-1.86851091735309,-3.20690418459483,-7.00244140710986,-5.05504653222422,-28.7508170956846,-44.3086341190533,-14.6316092476235,1.86813927920814,0.975990544458488
0.0524264566832048,7.06016471657395,12.3226167485061,3.75983560209728,0.98607976149284,0.0221580314140027,0.155336681152698,7.94935005468471e-12,1.39205866551693e-18,1.07702473910876e-05,-6.14123006749163,-1.23841776876008,-0.681449816982824,-1.86851091735309,-3.20690418459483,-7.00244140710986,-5.05504653222422,-28.7508170956846,-44.3086341190533,-14.6316092476235,3.19288615095255,0.616813638329481
0.0706655625437514,9.51638815422888,16.6096413840457,5.06787821842906,1.32913581171361,0.0298667858519273,0.209378139431867,1.07149200806366e-11,1.87635432405967e-18,1.45172044570084e-05,-6.14123006749163,-1.23841776876008,-0.681449816982824,-1.86851091735309,-3.20690418459483,-7.00244140710986,-5.05504653222422,-28.7508170956846,-44.3086341190533,-14.6316092476235,3.49143315001046,0.351373433088395
0.011796527418598,1.58861445018397,2.77272384096094,0.846004223355616,0.22187875510384,0.00498579995014572,0.0349524559594899,1.7886908979329e-12,3.13228458587173e-19,2.42342371947388e-06,-6.14123006749163,-1.23841776876008,-0.681449816982824,-1.86851091735309,-3.20690418459483,-7.00244140710986,-5.05504653222422,-28.7508170956846,-44.3086341190533,-14.6316092476235,1.70127999011083,1.15269709982765
0.006839671563296,0.601720884926601,1.54511283582092,0.234571106663871,0.0942118628791234,0.00415737977391131,0.0210624621372424,7.48574781423493e-13,3.27029188328265e-19,1.72653048212884e-06,-5.90437276313974,-1.42731878506904,-0.484260257000486,-2.36935370792535,-3.28156637000652,-6.40222746277316,-4.77962006608674,-28.8399624852373,-43.4835947225957,-14.1887538624027,0.91935719757722,0.849214804760626
0.0024864429982824,0.218745106018666,0.561698753606792,0.0852742241153274,0.0342490753602872,0.00151134272082814,0.00765688981160629,2.72131272201655e-13,1.18885742981633e-19,6.27649966651563e-07,-5.90437276313974,-1.42731878506904,-0.484260257000486,-2.36935370792535,-3.28156637000652,-6.40222746277316,-4.77962006608674,-28.8399624852373,-43.4835947225957,-14.1887538624027,-0.0925293414117367,3.20941182942381
0.00323930983658426,0.284978651881588,0.731774787924958,0.111094295415051,0.0446193082990972,0.00196896021562147,0.00997530950901013,3.54529545818646e-13,1.54883002319401e-19,8.176952829044e-07,-5.90437276313974,-1.42731878506904,-0.484260257000486,-2.36935370792535,-3.28156637000652,-6.40222746277316,-4.77962006608674,-28.8399624852373,-43.4835947225957,-14.1887538624027,0.171977777871347,1.15956509073937
0.000965342494745113,0.0849261159428197,0.218075249051182,0.0331070659177825,0.013296941805564,0.000586767262932204,0.00297272896174593,1.056528870305e-13,4.61564812862367e-20,2.43680303571267e-07,-5.90437276313974,-1.42731878506904,-0.484260257000486,-2.36935370792535,-3.28156637000652,-6.40222746277316,-4.77962006608674,-28.8399624852373,-43.4835947225957,-14.1887538624027,-1.03865483961931,1.04846286450574
0.00139677212800238,0.122881187075215,0.315537160479292,0.0479032334799538,0.0192395940329814,0.000849004537715237,0.00430129718775979,1.52871140191701e-13,6.6784676877093e-20,3.52585593221373e-07,-5.90437276313974,-1.42731878506904,-0.484260257000486,-2.36935370792535,-3.28156637000652,-6.40222746277316,-4.77962006608674,-28.8399624852373,-43.4835947225957,-14.1887538624027,-0.669218564117559,0.559497466003837
0.0150857221019609,2.91620244859246,6.54202169548662,1.08050914198498,0.230130201160754,0.0125763189686791,0.0730413915429086,1.41413222384687e-12,4.71932232817119e-19,3.72867010650478e-06,-6.5799737402389,-1.31568496304443,-0.507720956146664,-2.30853484378304,-3.85507723982118,-6.76190688192726,-5.0026961926805,-29.670472243922,-44.5834187537331,-14.8854261292909,2.38596720159588,0.456605442787404
0.0186875835519497,1.37496807130021,2.61611601851131,0.351206030731881,0.217439821805979,0.0069191066876445,0.050137442805164,6.24208491950907e-13,4.33169547126995e-19,2.25990462888812e-06,-5.51363491978369,-1.21530845297346,-0.572048180754434,-2.5801212085306,-3.05957211103837,-6.50720757201623,-4.52672615159606,-29.6360309235811,-43.8168967006597,-14.5339269081273,1.53373896294981,0.901897736650324
0.041660041158036,3.06520242609837,5.83208100193391,0.782940055067426,0.484736397333083,0.01542469461516,0.111770894562978,1.3915416829351e-12,9.65660493854256e-19,5.03798255087361e-06,-5.51363491978369,-1.21530845297346,-0.572048180754434,-2.5801212085306,-3.05957211103837,-6.50720757201623,-4.52672615159606,-29.6360309235811,-43.8168967006597,-14.5339269081273,2.33542206458483,0.97631162831996
0.00925858968084847,0.869501521171297,1.70388863377119,0.115808233726671,0.108261026778397,0.00284525725474102,0.0168628680605244,2.15923359063675e-13,9.19628001031641e-20,4.49920338995094e-07,-5.72121676554392,-1.17884841704764,-0.506100150833256,-3.19483283471375,-3.26222327462017,-6.90111501336926,-5.12165445186068,-30.2028660906759,-44.8719160256373,-15.6532085156446,1.03901322133652,1.11478057455627
0.0398640986559147,3.7437553251916,7.33632085844004,0.498627870289655,0.466132359338896,0.0122506364159405,0.0726053383029729,9.29686959303939e-13,3.95958160190413e-19,1.93719231538073e-06,-5.72121676554392,-1.17884841704764,-0.506100150833256,-3.19483283471375,-3.26222327462017,-6.90111501336926,-5.12165445186068,-30.2028660906759,-44.8719160256373,-15.6532085156446,2.49893762235005,1.31976453634144
0.0436541484320945,2.31612969540289,3.20959611488146,1.81116776991708,0.737534598695335,0.0117332846310939,0.0466701690076617,5.75054485119146e-13,7.27800045044973e-19,1.07148838254952e-06,-5.23271954089831,-1.26136502033686,-0.935117469905255,-1.5072907642314,-2.40570485660523,-6.54658821403572,-5.16591267591475,-30.2855741800954,-43.8655231840268,-15.8477244425444,2.10126257822186,0.806078428453519
0.276423129195464,11.8045248047882,22.5417186586126,9.17296725356502,5.79726713105059,0.0427923620346642,0.164133533030913,4.42847848979626e-12,5.17376267528711e-18,6.44464469097943e-06,-5.1938341474077,-1.43952872097206,-0.792643881997574,-1.6917508203261,-2.15062501476679,-7.05940728642911,-5.71508659363703,-30.0509766838693,-43.7109430968677,-15.860272689474,3.90801163697534,0.465664824375607
0.122481807342038,4.4332079153122,16.5790115931102,6.48756369270518,4.70232053041636,0.0361931220413284,0.0756993412092462,1.37043116746522e-12,9.564218609714e-18,2.68427895593267e-06,-5.57907650802672,-1.99016028012664,-0.671146202985047,-1.60939667030504,-1.93122761975953,-6.79816991356769,-6.06026955773544,-30.7951794413321,-42.6677865035038,-16.3073821478515,3.47928373650687,0.376337014913797
0.0561447377505863,2.03214911014463,7.59969401381971,2.97385032170524,2.15550830550826,0.01659065447745,0.0347000077180162,6.28195322818006e-13,4.3841657572224e-18,1.23045325098278e-06,-5.57907650802672,-1.99016028012664,-0.671146202985047,-1.60939667030504,-1.93122761975953,-6.79816991356769,-6.06026955773544,-30.7951794413321,-42.6677865035038,-16.3073821478515,2.69925418812731,0.344288340982419
0.0318049901745671,1.1511761399354,4.3050907907523,1.68463304045766,1.22105691868107,0.00939830915212398,0.0196569340021075,3.55861419438674e-13,2.48355152092014e-18,6.97029768517583e-07,-5.57907650802672,-1.99016028012664,-0.671146202985047,-1.60939667030504,-1.93122761975953,-6.79816991356769,-6.06026955773544,-30.7951794413321,-42.6677865035038,-16.3073821478515,2.130944430248,0.99158039227035
0.0292970590093121,1.06040200348084,3.96561980509503,1.55179402114048,1.12477244620985,0.00865722065330844,0.0181069181987174,3.2780054158826e-13,2.28771507432339e-18,6.42066611164571e-07,-5.57907650802672,-1.99016028012664,-0.671146202985047,-1.60939667030504,-1.93122761975953,-6.79816991356769,-6.06026955773544,-30.7951794413321,-42.6677865035038,-16.3073821478515,2.04880836492089,0.65957503908714
0.045519068538557,1.64755484362869,6.1614143470375,2.41103444491015,1.747567701353,0.0134507910895119,0.0281328596924178,5.09306252029918e-13,3.55444071132592e-18,9.97583889585284e-07,-5.57907650802672,-1.99016028012664,-0.671146202985047,-1.60939667030504,-1.93122761975953,-6.79816991356769,-6.06026955773544,-30.7951794413321,-42.6677865035038,-16.3073821478515,2.48945255596782,0.62786483630085
0.0592628368266446,2.14500816900965,8.0217567009425,3.1390084524928,2.27521833934435,0.0175120463383783,0.0366271351094632,6.63083280873212e-13,4.6276482944035e-18,1.29878868719171e-06,-5.57907650802672,-1.99016028012664,-0.671146202985047,-1.60939667030504,-1.93122761975953,-6.79816991356769,-6.06026955773544,-30.7951794413321,-42.6677865035038,-16.3073821478515,2.75330364089548,0.679685002456897
0.072564791226731,2.62647011683107,9.82229558092656,3.84358065207695,2.78590686221627,0.0214427464924515,0.0448483494002518,8.11916918240865e-13,5.66635602234875e-18,1.59031080826245e-06,-5.57907650802672,-1.99016028012664,-0.671146202985047,-1.60939667030504,-1.93122761975953,-6.79816991356769,-6.06026955773544,-30.7951794413321,-42.6677865035038,-16.3073821478515,2.9558010639109,0.581540700255732
0.0568607540494009,5.71711858000105,9.04334566334922,1.67735908699904,5.72367617390836,0.0490277672344596,0.0200209266905187,1.13109312879876e-12,4.01700996999214e-18,1.26438712534063e-06,-5.97117186610077,-1.36055702104791,-0.901992753323669,-2.58680137021613,-1.35941066805994,-6.11939041788126,-7.01499917269117,-30.6118585349499,-43.1600157913315,-16.6849449938453,3.10402195476254,0.492567015225567
0.040133962468255,4.03530741637682,6.3830545603561,1.18392848932181,4.03993595555394,0.0346052141408575,0.0141313483053507,7.98358198694849e-13,2.83532165665978e-18,8.92440951269803e-07,-5.97117186610077,-1.36055702104791,-0.901992753323669,-2.58680137021613,-1.35941066805994,-6.11939041788126,-7.01499917269117,-30.6118585349499,-43.1600157913315,-16.6849449938453,2.75563950732169,0.474937250123809
0.0077262267527869,0.776840815077524,1.22880781950524,0.227919183779075,0.7777318594952,0.00666188222736525,0.00272043911477992,1.53692685538885e-13,5.45830431115993e-19,1.71804644468816e-07,-5.97117186610077,-1.36055702104791,-0.901992753323669,-2.58680137021613,-1.35941066805994,-6.11939041788126,-7.01499917269117,-30.6118585349499,-43.1600157913315,-16.6849449938453,1.10803720024435,0.564661480123153
0.00199971987592319,0.0670051266840886,0.205502120641083,0.043210147008424,0.0555850115152224,0.000670735657347487,0.000725820565277834,1.90634431377945e-14,4.3090366515251e-20,1.59127109038214e-08,-5.23311512192847,-1.7213530965038,-0.600665877336031,-2.16004687851712,-1.90820864279064,-6.32550240355328,-6.24657468061033,-30.6093708173442,-43.609354447134,-16.9745145708375,-0.981633048341731,0.596320420876777
0.0513441933545261,1.6640104864604,5.48133480680027,0.870214731104678,1.14721180280246,0.0195751791201154,0.0320345754304037,8.26834560305797e-13,7.82991983814579e-19,3.96681396542812e-07,-5.19552566337878,-1.71709159028261,-0.524973585438239,-2.36533751504735,-2.08898775545445,-6.15981512131539,-5.66726171190421,-30.0474940025182,-43.9174867293424,-16.966454640678,2.22632223462115,1.78315928608165
0.0438556660278883,1.42131531129952,4.68188460989585,0.743294307037958,0.979891481390298,0.0167201481187979,0.0273623471250257,7.06241114486032e-13,6.68792957902395e-19,3.38825594671152e-07,-5.19552566337878,-1.71709159028261,-0.524973585438239,-2.36533751504735,-2.08898775545445,-6.15981512131539,-5.66726171190421,-30.0474940025182,-43.9174867293424,-16.966454640678,2.06867430873035,1.25872190364546
0.0166540144098647,0.539738825544028,1.77792702336217,0.282263051080074,0.37210988520389,0.00634940961855322,0.0103907422821516,2.68192248864944e-13,2.53971460632697e-19,1.28667669361035e-07,-5.19552566337878,-1.71709159028261,-0.524973585438239,-2.36533751504735,-2.08898775545445,-6.15981512131539,-5.66726171190421,-30.0474940025182,-43.9174867293424,-16.966454640678,1.10042167745937,0.452688638406184
0.247476666760694,8.02045453904788,26.4197834021815,4.19439525581436,5.52950848922146,0.094351469238978,0.154405190356574,3.98530481400551e-12,3.77398559788057e-18,1.91198621243386e-06,-5.19552566337878,-1.71709159028261,-0.524973585438239,-2.36533751504735,-2.08898775545445,-6.15981512131539,-5.66726171190421,-30.0474940025182,-43.9174867293424,-16.966454640678,3.79908668624679,1.01290685464055
0.270464569882504,8.76546793505743,28.8738952556267,4.58400916591472,6.0431399645652,0.103115699267837,0.168747760926484,4.35549648570695e-12,4.12454800217815e-18,2.08958903211369e-06,-5.19552566337878,-1.71709159028261,-0.524973585438239,-2.36533751504735,-2.08898775545445,-6.15981512131539,-5.66726171190421,-30.0474940025182,-43.9174867293424,-16.966454640678,3.88791149400289,1.41032983472546
0.103157541552536,6.85388695845519,12.4384044745725,2.10110886282653,1.97011848675599,0.0584254745240673,0.0544756722428335,1.43401832389228e-12,7.89073756900913e-19,1.9288265550925e-06,-5.43187898744503,-1.2355651272578,-0.639592236375443,-2.4179158225017,-2.48228737128709,-6.00038433444468,-6.07038211562571,-30.4309216534549,-44.8438082126912,-16.3189798002885,3.16038105778973,1.51943231383353
0.0915551611516415,6.08301356888117,11.039426773842,1.86479202235793,1.74853445349812,0.0518542188472755,0.048348660466056,1.2727307840261e-12,7.0032470613699e-19,1.71188672614036e-06,-5.43187898744503,-1.2355651272578,-0.639592236375443,-2.4179158225017,-2.48228737128709,-6.00038433444468,-6.07038211562571,-30.4309216534549,-44.8438082126912,-16.3189798002885,3.04106535321712,1.02802420531989
0.0488908611687923,3.24835616193678,5.89510274455216,0.995807191281846,0.933725135093536,0.0276903823092978,0.0258183986223112,6.796438702566e-13,3.73976491878034e-19,9.14155086525414e-07,-5.43187898744503,-1.2355651272578,-0.639592236375443,-2.4179158225017,-2.48228737128709,-6.00038433444468,-6.07038211562571,-30.4309216534549,-44.8438082126912,-16.3189798002885,2.41371419931419,0.340902386052878
0.0108443111392012,0.720506533713284,1.30757214807026,0.220876514725976,0.207106310696575,0.00614190697702689,0.00572668881428875,1.50749432853476e-13,8.29504193569219e-20,2.02765546582208e-07,-5.43187898744503,-1.2355651272578,-0.639592236375443,-2.4179158225017,-2.48228737128709,-6.00038433444468,-6.07038211562571,-30.4309216534549,-44.8438082126912,-16.3189798002885,0.907764331978475,0.776076811976729
0.0121089690059172,0.76388328423329,1.21483132744021,0.282894317892993,0.178550172875629,0.010023239526725,0.00120374819330368,2.01907037489646e-13,4.033981645634e-20,1.88879252636071e-07,-5.31539003486026,-1.17092144487065,-0.706975932053136,-2.16426306014666,-2.62446681077889,-5.50443010357364,-7.6238962697995,-30.1325501879426,-45.5585291443329,-16.3837390750522,0.901581174056452,0.969874271209045
0.0199525284201775,1.25868708813404,2.00173578565013,0.466138522190324,0.294205674899964,0.0165157720216725,0.0019834735744961,3.32691899845264e-13,6.64698484170333e-20,3.11225394528759e-07,-5.31539003486026,-1.17092144487065,-0.706975932053136,-2.16426306014666,-2.62446681077889,-5.50443010357364,-7.6238962697995,-30.1325501879426,-45.5585291443329,-16.3837390750522,1.40099062903694,1.97909346310916
0.0762149655400286,1.22738288696309,5.34874342415831,0.514072047077069,0.803518881609083,0.0348081978431812,0.00376595550116574,1.13310926694332e-12,2.05878031050473e-19,6.30654919462629e-07,-4.65470178777707,-1.87562018200149,-0.403642691035443,-2.74589620430619,-2.29925894524537,-5.4384067001047,-7.66225801512515,-29.5865600485262,-45.1075073920816,-16.3570113531881,2.08050435036704,1.28120837524608
0.0395306908288478,0.636611105041749,2.7742520268173,0.266635601194144,0.416764033926483,0.0180540934119492,0.00195330171098212,5.87713866816791e-13,1.06783500277695e-19,3.27104059738445e-07,-4.65470178777707,-1.87562018200149,-0.403642691035443,-2.74589620430619,-2.29925894524537,-5.4384067001047,-7.66225801512515,-29.5865600485262,-45.1075073920816,-16.3570113531881,1.42402386201578,0.994757179017146
0.136771265094624,2.94997519437945,11.7556220556209,1.25250289482776,1.62813279465723,0.0695848097235721,0.00697314790017105,2.96439803630464e-12,3.08456169195027e-19,7.33893372524377e-07,-4.86861924693293,-1.79737713896621,-0.414842301620303,-2.65403003538371,-2.39174006714412,-5.54438288715775,-7.84486242115842,-29.4235210278573,-45.5018810973847,-17.0040759885225,2.87917390059765,1.39386582705599
0.174819705810173,3.77062970991701,15.0259222063744,1.60093706414642,2.08106356247384,0.088942629552455,0.00891301008026318,3.78906484671686e-12,3.94265686704739e-19,9.38055397761985e-07,-4.86861924693293,-1.79737713896621,-0.414842301620303,-2.65403003538371,-2.39174006714412,-5.54438288715775,-7.84486242115842,-29.4235210278573,-45.5018810973847,-17.0040759885225,3.12461915828609,2.27565969909471
0.0483250743259257,0.758774184011398,2.97186382598757,0.405054683032208,0.30417133939719,0.0262476352385463,0.00103936709593633,1.18210764438443e-12,1.35039766205013e-19,2.5069356176274e-07,-4.53731540319241,-1.78356175097168,-0.41832138052195,-2.41124388850378,-2.69767480725632,-5.14769006749956,-8.37665400002375,-28.9712328187385,-44.956228340677,-16.7065452005005,1.50751068734644,1.12585853189108
0.0654161950431543,1.02712971904051,4.02292239368995,0.548310303046189,0.411747564635802,0.0355306318745827,0.00140695987781919,1.60018345146279e-12,1.82799257070359e-19,3.39356310592084e-07,-4.53731540319241,-1.78356175097168,-0.41832138052195,-2.41124388850378,-2.69767480725632,-5.14769006749956,-8.37665400002375,-28.9712328187385,-44.956228340677,-16.7065452005005,1.81032998264729,1.74441417550642
0.615008613600296,3.86241209672194,9.14728168999555,1.09221114652634,3.20287056059861,0.106211793525845,0.00376215788497052,8.38117153146458e-12,2.50750034747625e-18,2.51607687800464e-06,-3.37814276328643,-1.54073187403222,-0.678567005777947,-2.80381954161048,-1.72797629998318,-5.13434388405758,-8.47478633849076,-28.3970571681819,-43.419269052331,-15.784833421814,2.89202375786687,0.539808740985643
0.0516005806465781,0.324064903287273,0.767477131382661,0.0916389268428233,0.2687279121104,0.00891140399703405,0.00031565335355571,7.03198797477676e-13,2.10384815822048e-19,2.11104405670728e-07,-3.37814276328643,-1.54073187403222,-0.678567005777947,-2.80381954161048,-1.72797629998318,-5.13434388405758,-8.47478633849076,-28.3970571681819,-43.419269052331,-15.784833421814,0.413920409569156,1.58660495616259
2.71308354664751,17.0388616976333,40.3528323032661,4.81824160763947,14.1293231148943,0.468548672494158,0.0165965946360508,3.69731709130586e-11,1.10617278937367e-17,1.10995628823033e-05,-3.37814276328643,-1.54073187403222,-0.678567005777947,-2.80381954161048,-1.72797629998318,-5.13434388405758,-8.47478633849076,-28.3970571681819,-43.419269052331,-15.784833421814,4.37622859141996,1.23856725006417
1.87173242691146,11.7549605121922,27.8390633539736,3.32406241925601,9.7476954873492,0.323247599572566,0.0114498443643531,2.55074647477129e-11,7.63138858070265e-18,7.6574906058538e-06,-3.37814276328643,-1.54073187403222,-0.678567005777947,-2.80381954161048,-1.72797629998318,-5.13434388405758,-8.47478633849076,-28.3970571681819,-43.419269052331,-15.784833421814,4.00500719678357,1.40238651557569
0.272688441329276,0.979965077606188,2.69703491618059,0.271709672850643,0.373242883675912,0.0793232328618305,0.000424083040591081,2.30479671830838e-12,1.81318106774428e-19,3.64198124095129e-07,-2.84152376484824,-1.56233673183626,-0.54994539841076,-2.84511955075467,-2.52762429737081,-4.07632260774001,-9.30767966024592,-28.3381270237804,-44.6961323569948,-16.367666209209,1.54209838878807,0.523457632819095
0.533428539388142,2.26990920517126,7.91338083278699,0.501415094485483,0.711640454004659,0.258016072555037,0.00220503073864812,8.36839419068512e-12,2.81798178805291e-19,1.36253960035297e-06,-3.12904582789418,-1.68087583092185,-0.432060560939584,-3.19093665292653,-2.84079813933952,-3.85534906316925,-8.61762949364383,-28.0071747666914,-45.2137114800453,-16.0067759102455,2.50061566389332,2.18063594995169
0.36482207482455,3.0487087886497,5.62923233336477,0.409948468661986,0.952550817126354,0.354660498328717,0.000665082732072191,5.58992531306379e-12,1.95814193605983e-19,1.68366822525668e-06,-3.3842358729501,-1.26117220946749,-0.647917282477287,-3.26761417583928,-2.42450218455671,-3.41248465229626,-9.69148947838153,-28.2859455521283,-45.4530110975451,-15.6704260399012,2.37589036246605,2.18706758553108
0.352870179335416,2.94883037850616,5.44481367787418,0.39651819239448,0.921344405562968,0.343041505118979,0.00064329403052726,5.40679439050124e-12,1.89399146549433e-19,1.62850975745749e-06,-3.3842358729501,-1.26117220946749,-0.647917282477287,-3.26761417583928,-2.42450218455671,-3.41248465229626,-9.69148947838153,-28.2859455521283,-45.4530110975451,-15.6704260399012,2.34258081933719,0.772225413592247
0.0620314001607968,0.518377828242486,0.957149217565791,0.0697043278346224,0.161964050391072,0.0603036077343635,0.000113085298122508,9.5046576918457e-13,3.32946645473085e-20,2.86277351690254e-07,-3.3842358729501,-1.26117220946749,-0.647917282477287,-3.26761417583928,-2.42450218455671,-3.41248465229626,-9.69148947838153,-28.2859455521283,-45.4530110975451,-15.6704260399012,0.604121305014805,0.927816086048535
0.0078347117975634,0.0479766485419796,0.157659124972255,0.0130243454101489,0.0126036542016091,0.0135232217239374,4.39074839757944e-05,3.4485012500211e-13,3.45306997564144e-21,5.0503375551593e-08,-3.47350303998521,-1.6613527273175,-0.471631865619774,-2.96524680118459,-2.99808034323097,-2.92765879572447,-8.65773762676478,-27.3199783447114,-45.7393351216602,-15.4255375124536,-1.37568814783953,0.806454369898875
0.00412651943969086,0.0979759152302569,0.195761888426371,0.0113685247553164,0.0146612255481689,0.00438836977040816,2.43421358762775e-05,1.62953504907315e-13,4.96173179662382e-21,3.40782927918512e-08,-4.37651429512098,-1.2092269105904,-0.517049530371224,-3.36310004562821,-3.10874230503381,-4.31499078868471,-9.50949503967659,-28.3315047978793,-45.6387254376502,-16.0807985474935,-1.11380668288239,0.99582707639574
0.0445522680361003,1.05780411317962,2.11355750333706,0.122741106512718,0.158290990726237,0.0473793542257955,0.000262811645014893,1.75933939828878e-12,5.35696991513475e-20,3.67928773113692e-07,-4.37651429512098,-1.2092269105904,-0.517049530371224,-3.36310004562821,-3.10874230503381,-4.31499078868471,-9.50949503967659,-28.3315047978793,-45.6387254376502,-16.0807985474935,1.26542207866104,0.607169429465833
0.0260319861299242,0.618077220673836,1.23495619947082,0.0717178927843043,0.0924897666654916,0.0276838586769877,0.000153561409988525,1.02798579809612e-12,3.13008905441609e-20,2.14981574242972e-07,-4.37651429512098,-1.2092269105904,-0.517049530371224,-3.36310004562821,-3.10874230503381,-4.31499078868471,-9.50949503967659,-28.3315047978793,-45.6387254376502,-16.0807985474935,0.728085033806698,0.453689633508731
0.0810701454811348,2.2071146803149,4.37254120979281,0.314942240992373,0.210873990269329,0.0713100672750849,0.000872141860886011,6.12214547272754e-12,2.02381188186957e-19,1.02576283697606e-06,-4.49464476817504,-1.1905181746969,-0.506859910070485,-3.13757028160182,-3.53869878912104,-4.6229220282286,-9.02676272548816,-27.8013127761031,-45.026338226225,-15.7722782536839,1.98220426270349,1.09236541423367
0.0850439572692385,2.31530072441634,4.58686987172283,0.33037975109427,0.221210391460711,0.0748054697350958,0.000914891600474107,6.42223441056805e-12,2.12301298068773e-19,1.07604260925454e-06,-4.49464476817504,-1.1905181746969,-0.506859910070485,-3.13757028160182,-3.53869878912104,-4.6229220282286,-9.02676272548816,-27.8013127761031,-45.026338226225,-15.7722782536839,2.03005775635415,0.952678990840008
0.0950918528486413,2.58885219898144,5.12880595968578,0.36941393232404,0.247346274430494,0.0836436937877093,0.00102298552699417,7.18101778349533e-12,2.37384576679779e-19,1.20317643655926e-06,-4.49464476817504,-1.1905181746969,-0.506859910070485,-3.13757028160182,-3.53869878912104,-4.6229220282286,-9.02676272548816,-27.8013127761031,-45.026338226225,-15.7722782536839,2.14173278576466,0.654114899504583
0.0464392298853081,1.26429655965319,2.50471298921997,0.18040765861759,0.12079447560913,0.0408483861435165,0.000499587069073543,3.50693488104633e-12,1.15929562811293e-19,5.87585428784287e-07,-4.49464476817504,-1.1905181746969,-0.506859910070485,-3.13757028160182,-3.53869878912104,-4.6229220282286,-9.02676272548816,-27.8013127761031,-45.026338226225,-15.7722782536839,1.42503406288139,0.302569860292647
0.0102413018334564,0.278816912045846,0.552367508938727,0.0397855280876313,0.0266389577859594,0.00900834602422377,0.000110174565321391,7.7338876453751e-13,2.55660924417418e-20,1.29580954378069e-07,-4.49464476817504,-1.1905181746969,-0.506859910070485,-3.13757028160182,-3.53869878912104,-4.6229220282286,-9.02676272548816,-27.8013127761031,-45.026338226225,-15.7722782536839,-0.0866817671028731,1.40193851350087
0.0105464540682297,0.287124606242051,0.568825980967955,0.0409709870268373,0.0274326984287616,0.0092767608181246,0.000113457352546075,7.96432837809157e-13,2.6327865736767e-20,1.33441978929006e-07,-4.49464476817504,-1.1905181746969,-0.506859910070485,-3.13757028160182,-3.53869878912104,-4.6229220282286,-9.02676272548816,-27.8013127761031,-45.026338226225,-15.7722782536839,-0.0573208146585388,0.309615107829327
0.0320786497675419,0.87333331408783,1.73017104176441,0.124619510497241,0.0834407393595708,0.0282166839524127,0.000345097854912385,2.42247203677794e-12,8.00802220948167e-20,4.05884146335625e-07,-4.49464476817504,-1.1905181746969,-0.506859910070485,-3.13757028160182,-3.53869878912104,-4.6229220282286,-9.02676272548816,-27.8013127761031,-45.026338226225,-15.7722782536839,1.05508018176496,0.806892370766785
0.129129885368577,3.51552922438863,6.96465686399088,0.501645275652448,0.335883623115361,0.113583869354225,0.00138916216139707,9.75145583384974e-12,3.22356145733319e-19,1.63385222473652e-06,-4.49464476817504,-1.1905181746969,-0.506859910070485,-3.13757028160182,-3.53869878912104,-4.6229220282286,-9.02676272548816,-27.8013127761031,-45.026338226225,-15.7722782536839,2.44770825032999,0.496014094986457
0.0672506741821284,1.8308829886458,3.62718411941339,0.26125619868409,0.174927748419892,0.0591543295224301,0.000723473823550604,5.07854535154128e-12,1.67882656020645e-19,8.5090808617909e-07,-4.49464476817504,-1.1905181746969,-0.506859910070485,-3.13757028160182,-3.53869878912104,-4.6229220282286,-9.02676272548816,-27.8013127761031,-45.026338226225,-15.7722782536839,1.79531653263766,0.780564013381347
0.0146588619710303,0.399083895322474,0.790629863516283,0.0569469169218215,0.0381296061366735,0.0128940737324026,0.000157698090733791,1.10698808937212e-12,3.65939629879665e-20,1.8547537756354e-07,-4.49464476817504,-1.1905181746969,-0.506859910070485,-3.13757028160182,-3.53869878912104,-4.6229220282286,-9.02676272548816,-27.8013127761031,-45.026338226225,-15.7722782536839,0.271934554468359,1.03096191569054
0.0195593639587224,0.532498851145691,1.05493982327627,0.0759844438539824,0.0508764490383909,0.0172046016628764,0.000210417040446492,1.47705756291244e-12,4.88274357305613e-20,2.47480358455939e-07,-4.49464476817504,-1.1905181746969,-0.506859910070485,-3.13757028160182,-3.53869878912104,-4.6229220282286,-9.02676272548816,-27.8013127761031,-45.026338226225,-15.7722782536839,0.560343635823138,1.84399147801665
0.067402927287965,1.37149675951607,3.58139271155561,0.610182355352257,0.239856400224459,0.0841080499031423,0.000393800111349236,2.34430538969221e-12,1.05981541681303e-19,7.39987631248897e-07,-4.48127011411865,-1.46830061502091,-0.508451533347857,-2.2782007069728,-3.21191815079433,-4.25985628203777,-9.62387039268731,-28.5632352506792,-45.475225292692,-15.9008356491002,1.78420328368383,1.74717107314306
0.0452664527263586,0.921069688320097,2.40519144190202,0.409786219298859,0.161082742823451,0.0564852776880301,0.000264468248505994,1.57438843338779e-12,7.11750756148522e-20,4.96960836506566e-07,-4.48127011411865,-1.46830061502091,-0.508451533347857,-2.2782007069728,-3.21191815079433,-4.25985628203777,-9.62387039268731,-28.5632352506792,-45.475225292692,-15.9008356491002,1.38608103536,3.95631031425279
0.0621147723162372,1.26389479474445,3.3004114480504,0.56230997078458,0.221038258841241,0.0775092800847719,0.000362904182930556,2.16038088224782e-12,9.76666681423694e-20,6.81931261464129e-07,-4.48127011411865,-1.46830061502091,-0.508451533347857,-2.2782007069728,-3.21191815079433,-4.25985628203777,-9.62387039268731,-28.5632352506792,-45.475225292692,-15.9008356491002,1.70249867527563,2.48506568477937
0.0539036308286761,1.0968166811485,2.86411997733331,0.48797649812092,0.191818536224064,0.0672630915913998,0.000314930770465973,1.87479353434859e-12,8.47558129491352e-20,5.91784684991704e-07,-4.48127011411865,-1.46830061502091,-0.508451533347857,-2.2782007069728,-3.21191815079433,-4.25985628203777,-9.62387039268731,-28.5632352506792,-45.475225292692,-15.9008356491002,1.56071267309583,3.91051659426784
0.0848866447321744,1.32157983985539,2.20897540806618,0.496104199599044,0.272370214730165,0.0182449196601441,0.000218820914487395,7.41274708809203e-13,8.86771161074865e-20,4.00892267378385e-07,-3.94858390954439,-1.2033175363205,-0.68961661387525,-2.18311470012612,-2.78273846019598,-5.48601401813573,-9.90940231038991,-29.412550516821,-45.3514304945109,-16.2117185112817,1.48214540564202,1.27312311377561
0.227223069499758,3.53758154475765,5.91294630920937,1.32796294847414,0.729075774246485,0.0488376783065747,0.000585735954312306,1.9842310319791e-12,2.37369336247218e-19,1.07310133201563e-06,-3.94858390954439,-1.2033175363205,-0.68961661387525,-2.18311470012612,-2.78273846019598,-5.48601401813573,-9.90940231038991,-29.412550516821,-45.3514304945109,-16.2117185112817,2.46676085054577,2.32389389808583
0.234751912502316,3.65479629816214,6.10886675224625,1.37196387045045,0.753233079459175,0.0504558732081273,0.000605143816597942,2.04997683830706e-12,2.4523436716226e-19,1.10865763126099e-06,-3.94858390954439,-1.2033175363205,-0.68961661387525,-2.18311470012612,-2.78273846019598,-5.48601401813573,-9.90940231038991,-29.412550516821,-45.3514304945109,-16.2117185112817,2.49935789559216,1.66932969982426
0.291105374499264,3.09463576561592,6.28525103897393,1.92066303729182,0.688464276903237,0.0452306844014647,0.00186571301003462,2.11745600149913e-12,1.84329199756996e-19,7.9815994728917e-07,-3.74587952248441,-1.38213934237407,-0.673603773006435,-1.8591390984593,-2.88510140436634,-5.6077891208331,-8.79592154474654,-29.3926153039216,-45.6493732215454,-16.5527663811901,2.51180955680847,2.28400425863485
0.271984665196976,2.89137043266703,5.87241613953299,1.79450789616165,0.643243795054284,0.0422597919214769,0.00174316715814944,1.97837488444765e-12,1.72221882774135e-19,7.45734311537523e-07,-3.74587952248441,-1.38213934237407,-0.673603773006435,-1.8591390984593,-2.88510140436634,-5.6077891208331,-8.79592154474654,-29.3926153039216,-45.6493732215454,-16.5527663811901,2.44386993025668,1.46856475044664
0.117461371581887,1.24868928373745,2.53610641522603,0.774989864391872,0.277796170507978,0.0182506359991541,0.000752817461765524,8.54396064065165e-13,7.43770556050079e-20,3.22058506517027e-07,-3.74587952248441,-1.38213934237407,-0.673603773006435,-1.8591390984593,-2.88510140436634,-5.6077891208331,-8.79592154474654,-29.3926153039216,-45.6493732215454,-16.5527663811901,1.60423377054096,1.7333247805895
0.0513108857157116,0.496443313419829,2.16318389340569,0.346427111491904,0.0687868674393271,0.00799505464850721,0.000127740283574493,2.42935070978853e-13,7.8550557149755e-20,3.67608067689582e-07,-4.11225031416328,-1.84268393641657,-0.370816800921715,-2.20248080095951,-3.81914039453972,-5.97133005941868,-10.1079093519329,-30.1883801469263,-45.1329424573018,-15.9586464618154,1.14239796203459,0.851983939912613
0.0392483008098403,0.379735337411434,1.65464483746752,0.264986177706049,0.0526158850576738,0.0061155114642591,9.77100473970345e-05,1.85823897016034e-13,6.00842463113068e-20,2.81187740565292e-07,-4.11225031416328,-1.84268393641657,-0.370816800921715,-2.20248080095951,-3.81914039453972,-5.97133005941868,-10.1079093519329,-30.1883801469263,-45.1329424573018,-15.9586464618154,0.874403187003418,1.13320954109789
0.0443779538219851,0.429365779422365,1.87090270594617,0.299619196629145,0.0594926473047948,0.00691479324604715,0.000110480501877992,2.10110607354786e-13,6.79371043641062e-20,3.17938262514188e-07,-4.11225031416328,-1.84268393641657,-0.370816800921715,-2.20248080095951,-3.81914039453972,-5.97133005941868,-10.1079093519329,-30.1883801469263,-45.1329424573018,-15.9586464618154,0.997237845763849,0.984092069302044
0.035993383014563,0.348243342045198,1.51742277141093,0.243010494491206,0.0482523743564525,0.00560834334025082,8.96068132317923e-05,1.70413255110395e-13,5.51013737155723e-20,2.57868438539602e-07,-4.11225031416328,-1.84268393641657,-0.370816800921715,-2.20248080095951,-3.81914039453972,-5.97133005941868,-10.1079093519329,-30.1883801469263,-45.1329424573018,-15.9586464618154,0.787830151591985,1.02739246897604
0.183775897119078,1.77806939053793,7.74769437516146,1.24076893845746,0.246368155555003,0.0286352168755403,0.000457516663076418,8.70100174418833e-13,2.81337944337596e-19,1.31663099331722e-06,-4.11225031416328,-1.84268393641657,-0.370816800921715,-2.20248080095951,-3.81914039453972,-5.97133005941868,-10.1079093519329,-30.1883801469263,-45.1329424573018,-15.9586464618154,2.41821210004591,0.175670208617809
0.0534205804252053,0.516855041209681,2.25212520774716,0.360670783846129,0.0716151033642227,0.00832377874396564,0.000132992443943337,2.52923571992734e-13,8.17802362428968e-20,3.8272261472486e-07,-4.11225031416328,-1.84268393641657,-0.370816800921715,-2.20248080095951,-3.81914039453972,-5.97133005941868,-10.1079093519329,-30.1883801469263,-45.1329424573018,-15.9586464618154,1.18269110812039,0.739900371958331
0.0508494008601606,0.962674357120699,2.70492444800161,0.729693176352266,0.184981192383648,0.0252763459741054,0.000261203433885882,4.09277757314164e-13,2.30646979309072e-19,5.36757562274804e-07,-4.51761493405083,-1.57676807397012,-0.543654013589566,-1.8538591345594,-3.22622911686238,-5.21661425731372,-9.788939009071,-30.0631103511228,-44.4521266343835,-15.9764473062787,1.53872799499947,0.827976856981059
0.0410232202180073,0.776646361261893,2.18222259114916,0.58868665822431,0.149235272451154,0.0203919237918626,0.000210728264418855,3.30188582060278e-13,1.86076564615483e-19,4.33034083163247e-07,-4.51761493405083,-1.57676807397012,-0.543654013589566,-1.8538591345594,-3.22622911686238,-5.21661425731372,-9.788939009071,-30.0631103511228,-44.4521266343835,-15.9764473062787,1.32399790823986,1.05457404738979
0.0260840423015706,0.57846356560419,1.31080553820322,0.354430617429938,0.0721045245703627,0.00843700960276299,8.78009164574465e-05,1.17804325020989e-13,2.9748337614324e-19,2.3793298493125e-07,-4.50102275829665,-1.40197091572514,-0.583949337698705,-1.8918338722743,-3.48422968315178,-5.62971854621476,-10.1950298199539,-30.6243426100064,-43.5135198085488,-16.1058679794322,0.854591200588159,1.43626203150186
0.126888302365314,2.81399098234413,6.37653809753421,1.7241614176215,0.350759311375619,0.0410426349243419,0.000427115901231818,5.73070333209241e-13,1.44713615107292e-18,1.1574476143531e-06,-4.50102275829665,-1.40197091572514,-0.583949337698705,-1.8918338722743,-3.48422968315178,-5.62971854621476,-10.1950298199539,-30.6243426100064,-43.5135198085488,-16.1058679794322,2.43657466984366,0.841288449960612
0.0302255526800809,1.65825410805792,3.9086152031956,0.755646230020279,0.139832669685525,0.0206946683962125,0.000279506063867716,9.45738064706520e-13,1.61739249475765e-18,3.68335490901381e-07,-5.37295195960471,-1.36811905571835,-0.510701219199834,-2.15406632451802,-3.84119315022988,-5.75176353977099,-10.0563709326764,-29.5606951138857,-42.8396007550212,-16.6881560165132,1.87388436248415,0.640133180452582
0.010226418309619,0.561048472864489,1.32242855911636,0.255662965837729,0.0473105451103084,0.00700176893499755,9.45672014483976e-05,3.19978038561794e-13,5.47223483298957e-19,1.24621470055658e-07,-5.37295195960471,-1.36811905571835,-0.510701219199834,-2.15406632451802,-3.84119315022988,-5.75176353977099,-10.0563709326764,-29.5606951138857,-42.8396007550212,-16.6881560165132,0.790171082919289,0.831296484199113
0.0328906600890222,0.517155957982754,1.40833040714781,0.230029713405773,0.0425757830958364,0.0133142401931894,0.00035456947286515,2.60890123133517e-13,9.48641148533486e-19,1.61244293705605e-07,-4.2231168213949,-1.46796106243132,-0.466145377634631,-2.27809706169097,-3.9650199312856,-5.12747139732684,-8.75315652896943,-29.7832273323981,-42.3078066342094,-16.4488955417775,0.808550272008635,0.939582053871052
0.0162704937569536,0.255828942409647,0.696678967074739,0.113792091911577,0.0210615722269869,0.00658634583056519,0.000175399957892126,1.29058252653054e-13,4.69277899653794e-19,7.97650234741584e-08,-4.2231168213949,-1.46796106243132,-0.466145377634631,-2.27809706169097,-3.9650199312856,-5.12747139732684,-8.75315652896943,-29.7832273323981,-42.3078066342094,-16.4488955417775,0.104714810875517,0.660963263506419
0.161449914325385,2.53855607893518,6.91305139393475,1.12914357514066,0.208991139568318,0.0653554210429326,0.00174047011709509,1.28062762845869e-12,4.65658128300636e-18,7.91497565988831e-07,-4.2231168213949,-1.46796106243132,-0.466145377634631,-2.27809706169097,-3.9650199312856,-5.12747139732684,-8.75315652896943,-29.7832273323981,-42.3078066342094,-16.4488955417775,2.39955650895964,0.239975880131193
0.110392589443873,1.73575675263196,4.72685072348187,0.77206038562816,0.142899258659718,0.0446872591618931,0.00119005949231153,8.75638742885929e-13,3.18397236650698e-18,5.41192395258468e-07,-4.2231168213949,-1.46796106243132,-0.466145377634631,-2.27809706169097,-3.9650199312856,-5.12747139732684,-8.75315652896943,-29.7832273323981,-42.3078066342094,-16.4488955417775,2.0194045494002,0.43960105079124
0.385073024720823,2.15372731192859,9.7357243512016,3.40813906255361,0.260519459692177,0.0731107159690676,0.00564666061860502,3.7605362546728e-12,9.4601432162299e-18,8.32751385668171e-07,-3.72828140960934,-2.00675914694177,-0.498157078569373,-1.54779270865408,-4.11903684079375,-5.38973945121462,-7.95065007104078,-29.0804186693011,-41.9734032733358,-16.772489817436,2.77395912152857,0.346442979978947
0.150553472291909,0.500408833681686,2.56828741569396,0.341113123362091,0.0370620869810456,0.00811661975477332,0.000884042552981799,6.21797227610793e-13,2.19738978293986e-18,2.15548405949085e-07,-3.17615416179815,-1.97504704882677,-0.339477899958228,-2.35825831816975,-4.57787794765901,-6.09655869936008,-8.31372256115028,-29.3888795574693,-41.9419786817546,-16.6327975325751,1.28271720152235,0.494668103108448
0.0380541345327573,0.126484130777012,0.649164402174056,0.0862202942894704,0.00936787191003402,0.00205156968748291,0.000223451998361246,1.57166453827902e-13,5.55415728032955e-19,5.44823570884104e-08,-3.17615416179815,-1.97504704882677,-0.339477899958228,-2.35825831816975,-4.57787794765901,-6.09655869936008,-8.31372256115028,-29.3888795574693,-41.9419786817546,-16.6327975325751,-0.0925913782601746,1.01092542352236
0.0460792413336568,0.212856255110539,1.07243075553205,0.133022414668831,0.0083976861423295,0.00837269857596811,0.000411103363971592,5.74039322681172e-13,1.12825083354584e-18,2.17580086193978e-07,-3.47049531446089,-1.94024078734577,-0.323174781488271,-2.4103402212331,-5.17290165794273,-5.17588162355143,-8.18976846885666,-28.5791810821419,-41.7189657629903,-15.7338014294226,0.393102587617502,0.738384689418498
0.168504202735051,0.778380297211451,3.9217027932594,0.486441080211334,0.0307089562952255,0.0306175808770079,0.00150333735067667,2.09916733885782e-12,4.12582763277694e-18,7.95654570127671e-07,-3.47049531446089,-1.94024078734577,-0.323174781488271,-2.4103402212331,-5.17290165794273,-5.17588162355143,-8.18976846885666,-28.5791810821419,-41.7189657629903,-15.7338014294226,1.6897007270079,0.504545078837367
0.292559375414231,2.61683239146743,7.38086204837538,0.730807120280427,0.0349821594572704,0.0783784234948527,0.00204946983625399,1.55925963611401e-12,3.29374760474671e-18,8.70723747265822e-07,-3.63931311513613,-1.44826089965537,-0.411335034581081,-2.72383118648916,-5.7631425523362,-4.95643207512278,-8.6003996108351,-29.5970354746511,-42.664731142892,-16.3641665528151,2.41022547509481,0.384248616470131
0.0959717499796336,0.858430818212304,2.42123242893138,0.239735397751596,0.0114756160400851,0.0257114114110866,0.000672312095407218,5.11502582129142e-13,1.08048740933767e-18,2.85633921851271e-07,-3.63931311513613,-1.44826089965537,-0.411335034581081,-2.72383118648916,-5.7631425523362,-4.95643207512278,-8.6003996108351,-29.5970354746511,-42.664731142892,-16.3641665528151,1.29561171327013,0.814902578646723
0.438897069868248,13.0437864907605,12.0376714569186,1.14553851740932,0.105380772360111,0.115269483141672,0.00597565561805998,9.60269636269183e-12,7.75357511076137e-18,2.86844726487704e-06,-4.11533862548237,-0.723536377685434,-0.80380724650337,-3.15597341977008,-5.54202335203389,-5.4523308273637,-8.41190972740374,-28.6608254528695,-42.690225899373,-16.0535879643808,3.29184826709159,0.97980671189511
0.350951726502305,8.21759278571925,8.35813758109076,1.55959473085543,0.100360245743605,0.0422496578439462,0.00238576460418912,7.83524025054941e-12,1.18187665844874e-17,2.74459749426858e-06,-3.97194822930064,-0.818564315266641,-0.801606008097047,-2.48041563339607,-5.2238307418595,-6.08900065657349,-8.96307725025449,-28.4972312098256,-41.9016846502275,-15.7307177590727,2.9248416329936,0.50675360955828
0.135760011693997,3.17884315260215,3.23321063856191,0.603304052694095,0.0388227414395546,0.0163435983066003,0.000922894535359159,3.03093624482534e-12,4.57189912045664e-18,1.06170324799576e-06,-3.97194822930064,-0.818564315266641,-0.801606008097047,-2.48041563339607,-5.2238307418595,-6.08900065657349,-8.96307725025449,-28.4972312098256,-41.9016846502275,-15.7307177590727,1.97508165738175,0.450551630130541
0.0136630703282951,0.265310968261392,0.34069041859673,0.0468737751202608,0.00321745592758995,0.00372382940067189,3.34557792352666e-05,1.84653795385638e-13,8.00939079540731e-19,9.47819185313146e-08,-3.89781080237474,-0.931604795920154,-0.681533197498355,-2.66504904589025,-5.34391643639606,-5.19775485148171,-9.91003813404821,-28.925045819428,-41.2732541842932,-15.7764392987588,-0.395247879910491,0.46344776155461
0.0161390467324494,0.313389744216908,0.402429209168574,0.0553680855777762,0.00380051264666588,0.00439864944533388,3.95185248684771e-05,2.18116145306034e-13,9.46082609835025e-19,1.11957984246062e-07,-3.89781080237474,-0.931604795920154,-0.681533197498355,-2.66504904589025,-5.34391643639606,-5.19775485148171,-9.91003813404821,-28.925045819428,-41.2732541842932,-15.7764392987588,-0.228702877935538,0.303421539956129
0.00598546245501363,0.116226353321423,0.14924827731221,0.0205342733635832,0.00140949004817527,0.00163132008626489,1.46561721270816e-05,8.08923860376867e-14,3.50872144705006e-19,4.1521678594341e-08,-3.89781080237474,-0.931604795920154,-0.681533197498355,-2.66504904589025,-5.34391643639606,-5.19775485148171,-9.91003813404821,-28.925045819428,-41.2732541842932,-15.7764392987588,-1.22061087157443,0.142076039313399
0.00306439454739073,0.0595047427092194,0.0764110727684708,0.0105129914025753,0.000721620701941229,0.000835191668976516,7.50356288915131e-06,4.14147091494453e-14,1.79637028073692e-19,2.12579740394879e-08,-3.89781080237474,-0.931604795920154,-0.681533197498355,-2.66504904589025,-5.34391643639606,-5.19775485148171,-9.91003813404821,-28.925045819428,-41.2732541842932,-15.7764392987588,-1.89009446428838,0.262877850373183
0.00321096606690989,0.0623508842300339,0.0800658524877793,0.0110158330245457,0.000756136180011787,0.000875139303042063,7.86246204442062e-06,4.33955953429828e-14,1.88229156717533e-19,2.2274753539869e-08,-3.89781080237474,-0.931604795920154,-0.681533197498355,-2.66504904589025,-5.34391643639606,-5.19775485148171,-9.91003813404821,-28.925045819428,-41.2732541842932,-15.7764392987588,-1.84337262931983,0.486579031814116
0.0152061912406431,0.295275456005527,0.379168337317859,0.0521677464525301,0.00358083863785385,0.00414440244056125,3.72343086094384e-05,2.05508780857968e-13,8.91397945187974e-19,1.05486683791524e-07,-3.89781080237474,-0.931604795920154,-0.681533197498355,-2.66504904589025,-5.34391643639606,-5.19775485148171,-9.91003813404821,-28.925045819428,-41.2732541842932,-15.7764392987588,-0.288241813223457,0.522731848790054
0.244927627200896,4.75603099195523,6.10730193375136,0.840271054916433,0.0576769223192898,0.0667543002628543,0.000599736693683066,3.31015027155231e-12,1.4357834920759e-17,1.69908445536929e-06,-3.89781080237474,-0.931604795920154,-0.681533197498355,-2.66504904589025,-5.34391643639606,-5.19775485148171,-9.91003813404821,-28.925045819428,-41.2732541842932,-15.7764392987588,2.49101829111838,0.159379582885345
0.113699860222637,2.20783610726075,2.83512066050191,0.39006910974058,0.0267746765880201,0.0309885605633251,0.000278408683501514,1.53663197366755e-12,6.66516816516983e-18,7.8874591359793e-07,-3.89781080237474,-0.931604795920154,-0.681533197498355,-2.66504904589025,-5.34391643639606,-5.19775485148171,-9.91003813404821,-28.925045819428,-41.2732541842932,-15.7764392987588,1.72361769479598,0.251971461045874
0.036515464970063,2.2919528143622,3.20352625924082,0.462816583380615,0.0379280150050685,0.0381735603374307,0.000200410740980796,4.03748655799951e-13,3.09679547348922e-18,5.3631938350957e-07,-5.11356146550686,-0.974137843649971,-0.639289896077959,-2.57396650677789,-5.07560731295112,-5.06915419595966,-10.3186836476698,-30.3415259048559,-42.1197058704747,-16.2420780437644,1.80354205518854,0.638257436826867
0.0937037255919237,5.88146742106957,8.22069076125763,1.18765126403411,0.0973285240430328,0.0979586272736205,0.000514281636395282,1.03607480507789e-12,7.94680482639478e-18,1.37626959928381e-06,-5.11356146550686,-0.974137843649971,-0.639289896077959,-2.57396650677789,-5.07560731295112,-5.06915419595966,-10.3186836476698,-30.3415259048559,-42.1197058704747,-16.2420780437644,2.74594413583163,0.419593381764284
0.141347868156011,5.56654695805403,6.65299084958483,3.5353640739332,0.0949623125572979,0.0531416798333156,0.000802057884131464,1.90334205096902e-12,1.01549980391807e-17,2.02074768398868e-06,-4.73193838762589,-1.05863218466417,-0.880340605269351,-1.51259082538939,-5.12968228666132,-5.71020083833022,-9.90373688862107,-29.7628169113917,-41.9039727825959,-15.8874500850942,2.77540711064635,0.427648306002615
0.0768448606197466,3.02629626258531,3.61694987841283,1.92202799409468,0.0516269949295591,0.0288908848302052,0.000436044965651859,1.03476661181039e-12,5.52084314461207e-18,1.09859509131325e-06,-4.73193838762589,-1.05863218466417,-0.880340605269351,-1.51259082538939,-5.12968228666132,-5.71020083833022,-9.90373688862107,-29.7628169113917,-41.9039727825959,-15.8874500850942,2.1659717009171,0.873240967491516
0.114691017410808,4.51674965044109,5.39830065580817,2.86862835532461,0.0770533322148056,0.0431196692706765,0.000650797468355632,1.54439001559945e-12,8.23986291489654e-18,1.63965407353291e-06,-4.73193838762589,-1.05863218466417,-0.880340605269351,-1.51259082538939,-5.12968228666132,-5.71020083833022,-9.90373688862107,-29.7628169113917,-41.9039727825959,-15.8874500850942,2.56642481594437,0.816837554847324
0.0277418290260483,0.666304434435627,0.710013020940866,0.364578095076611,0.0117130180206442,0.00798320118669893,6.53395559822157e-05,2.40036620993235e-13,1.0272882872471e-18,1.60556982223106e-07,-4.16613479312352,-0.98732946558521,-0.923792831224888,-1.59033535933479,-5.02837526584233,-5.41173665820793,-10.2172338087749,-29.6393057572004,-42.0009299356732,-16.2259377894202,0.581320861463281,1.0181987000296
0.0351464486953833,0.844148905914226,0.899523827002222,0.461888266344635,0.0148393599623201,0.0101140112524587,8.2779450120315e-05,3.04105211550056e-13,1.30148358456096e-18,2.03411524636369e-07,-4.16613479312352,-0.98732946558521,-0.923792831224888,-1.59033535933479,-5.02837526584233,-5.41173665820793,-10.2172338087749,-29.6393057572004,-42.0009299356732,-16.2259377894202,0.817903094445622,0.208648818733059
0.0384237018483483,0.74510086685538,1.2429567818436,0.705397633563436,0.0259373881157109,0.0166531162026486,5.03833583865471e-05,3.67773505245988e-13,1.02838730388368e-18,1.19217977743025e-07,-4.27955853018813,-1.31471343403721,-0.802984713330893,-1.3694713719522,-4.67254755063385,-5.11563567677176,-10.9163273841772,-29.6517868771214,-42.4390175790856,-16.9627900297177,1.02047775602218,0.648487123890911
0.0121247609262766,0.235119716268861,0.392220246790087,0.222591193807257,0.00818465204618389,0.00525496094654131,1.5898680910831e-05,1.16052478330326e-13,3.24511944435249e-19,3.76197349217793e-08,-4.27955853018813,-1.31471343403721,-0.802984713330893,-1.3694713719522,-4.67254755063385,-5.11563567677176,-10.9163273841772,-29.6517868771214,-42.4390175790856,-16.9627900297177,-0.132947029585331,1.50598428813968
0.102456139949665,1.98679864299523,3.31432287535898,1.88093065446386,0.0691615991920959,0.0444052478595303,0.000134346358358704,9.80661724681838e-13,2.74217705376283e-18,3.17892686664195e-07,-4.27955853018813,-1.31471343403721,-0.802984713330893,-1.3694713719522,-4.67254755063385,-5.11563567677176,-10.9163273841772,-29.6517868771214,-42.4390175790856,-16.9627900297177,2.00123805527778,1.88908141142382
0.00539896421392908,0.104695089811932,0.17464947055648,0.0991163369742565,0.00364449606631362,0.00233995097045463,7.07943107564542e-06,5.16763325275413e-14,1.44500034734827e-19,1.67514727766725e-08,-4.27955853018813,-1.31471343403721,-0.802984713330893,-1.3694713719522,-4.67254755063385,-5.11563567677176,-10.9163273841772,-29.6517868771214,-42.4390175790856,-16.9627900297177,-0.941989625857449,1.10974904036907
0.0221151248206078,0.428849847406314,0.715395525542628,0.405998276167849,0.0149285089178401,0.00958485845344158,2.89986181965912e-05,2.11675517531561e-13,5.91898034163346e-19,6.86170340654146e-08,-4.27955853018813,-1.31471343403721,-0.802984713330893,-1.3694713719522,-4.67254755063385,-5.11563567677176,-10.9163273841772,-29.6517868771214,-42.4390175790856,-16.9627900297177,0.468065006670787,1.03393005572051
0.0298419145329577,0.578685428980518,0.965347123458681,0.547849761473609,0.0201443713677596,0.0129337061896917,3.91304273801862e-05,2.85632695005644e-13,7.98700920343385e-19,9.25910969390976e-08,-4.27955853018813,-1.31471343403721,-0.802984713330893,-1.3694713719522,-4.67254755063385,-5.11563567677176,-10.9163273841772,-29.6517868771214,-42.4390175790856,-16.9627900297177,0.767717184435062,2.26436646705245
0.0189746597211145,0.367950892974568,0.613805563988047,0.348344366135586,0.0128085814191599,0.00822375768187516,2.48806605038965e-05,1.81616470584397e-13,5.07845371841651e-19,5.88730510465001e-08,-4.27955853018813,-1.31471343403721,-0.802984713330893,-1.3694713719522,-4.67254755063385,-5.11563567677176,-10.9163273841772,-29.6517868771214,-42.4390175790856,-16.9627900297177,0.314907641315801,1.58868192478591
0.0112071946347567,0.314892293802597,0.715928152481296,0.216840328885504,0.00845755183194774,0.00429868072325937,1.87815792006652e-05,5.20747373450387e-14,5.0011372081972e-19,3.52422576747171e-08,-4.73150910904592,-1.3958344032938,-0.574485242984583,-1.76890378810304,-5.013005309041,-5.68975689213394,-11.1229437784588,-30.8264062317902,-42.3797612189059,-17.4013297524778,0.240309780231612,1.63579868839369
0.0277510501707311,0.779730532794672,1.77276818379968,0.536936052424511,0.0209424350034976,0.0106443145057161,4.65066025592883e-05,1.28946511217718e-13,1.2383724392987e-18,8.72662332309119e-08,-4.73150910904592,-1.3958344032938,-0.574485242984583,-1.76890378810304,-5.013005309041,-5.68975689213394,-11.1229437784588,-30.8264062317902,-42.3797612189059,-17.4013297524778,1.14702751353047,1.86562543097374
0.0601402198524189,1.68977985984016,3.84182463961427,1.16361190084106,0.045385044443605,0.023067646471528,0.000100785998558518,2.79444254762474e-13,2.68371792420128e-18,1.89117544017659e-07,-4.73150910904592,-1.3958344032938,-0.574485242984583,-1.76890378810304,-5.013005309041,-5.68975689213394,-11.1229437784588,-30.8264062317902,-42.3797612189059,-17.4013297524778,1.92043266329455,1.07223070919403
0.0254890763841311,0.716175099218563,1.62827076345692,0.493170671720264,0.0192354279275835,0.00977670192024182,4.27158733708166e-05,1.18436147593511e-13,1.13743334047152e-18,8.01532075684873e-08,-4.73150910904592,-1.3958344032938,-0.574485242984583,-1.76890378810304,-5.013005309041,-5.68975689213394,-11.1229437784588,-30.8264062317902,-42.3797612189059,-17.4013297524778,1.06200381335558,0.366426149575969
0.00839952538619068,0.339007153103933,0.609398990677551,0.105991366704588,0.0107899027160075,0.00653851506621257,1.04361194659957e-05,2.95675885482604e-14,5.61678205842567e-19,4.2007676900799e-08,-4.85666697234998,-1.1588209671996,-0.572368964664837,-2.32148453034699,-4.60623141185496,-5.10713208936652,-11.5473246392431,-31.2291845109654,-42.1004447504177,-17.0625003479904,0.0770868959768676,0.762220876679658
0.00763686307422765,0.308225892583747,0.554066621076981,0.0963675347542806,0.00981019829547256,0.0059448292580357,9.48853794990865e-06,2.68829028779889e-14,5.10678800596241e-19,3.81934528211823e-08,-4.85666697234998,-1.1588209671996,-0.572368964664837,-2.32148453034699,-4.60623141185496,-5.10713208936652,-11.5473246392431,-31.2291845109654,-42.1004447504177,-17.0625003479904,-0.0181013801484365,0.644387376402415
0.00211178178506164,0.0852320932451119,0.153213143502557,0.0266480101302544,0.00271276280154033,0.0016438925276516,2.62381574931009e-06,7.4337884646517e-15,1.41215336537291e-19,1.0561435656556e-08,-4.85666697234998,-1.1588209671996,-0.572368964664837,-2.32148453034699,-4.60623141185496,-5.10713208936652,-11.5473246392431,-31.2291845109654,-42.1004447504177,-17.0625003479904,-1.3035562675932,0.70241280476885
0.00751864901221749,0.265430821814056,0.61701691752154,0.139359279851377,0.0117591915980865,0.0132265274794892,4.80655858543906e-06,5.90797642976822e-14,3.96179617083005e-19,1.63084845622213e-08,-4.94326122453998,-1.37929344513993,-0.535751251204481,-2.02359234818255,-4.49601249528325,-4.37842322326252,-12.2984216154701,-30.5127803415499,-42.4253116807131,-17.9844727540198,0.0528924147494712,0.614673964234635
0.0591547222488834,2.08833881129297,4.85452430610057,1.0964415919691,0.092518178694852,0.104062785494445,3.78167191516199e-05,4.64823805696996e-13,3.1170354103685e-18,1.28310800651922e-07,-4.94326122453998,-1.37929344513993,-0.535751251204481,-2.02359234818255,-4.49601249528325,-4.37842322326252,-12.2984216154701,-30.5127803415499,-42.4253116807131,-17.9844727540198,2.11566236794154,0.979291754583309
0.0787164850896391,2.77892760969494,6.45985773630557,1.45902178126658,0.123112839632872,0.138475110546468,5.03222582419234e-05,6.18535507892566e-13,4.14780193492972e-18,1.70741655820171e-07,-4.94326122453998,-1.37929344513993,-0.535751251204481,-2.02359234818255,-4.49601249528325,-4.37842322326252,-12.2984216154701,-30.5127803415499,-42.4253116807131,-17.9844727540198,2.40135854651278,1.34939385387512
0.0710250163224917,2.50739573309003,5.8286583888953,1.31645926150442,0.111083357373943,0.124944564986887,4.54052186012518e-05,5.58097766866532e-13,3.74251593926446e-18,1.54058312915614e-07,-4.94326122453998,-1.37929344513993,-0.535751251204481,-2.02359234818255,-4.49601249528325,-4.37842322326252,-12.2984216154701,-30.5127803415499,-42.4253116807131,-17.9844727540198,2.2985381031114,0.923686816360721
0.0711289675965498,2.51106552430612,5.83718913618614,1.31838601385964,0.111245937505896,0.125127432198885,4.54716730783766e-05,5.58914591373143e-13,3.7479934360707e-18,1.54283790623836e-07,-4.94326122453998,-1.37929344513993,-0.535751251204481,-2.02359234818255,-4.49601249528325,-4.37842322326252,-12.2984216154701,-30.5127803415499,-42.4253116807131,-17.9844727540198,2.30000061987978,0.77729375582059
0.0790642096455049,2.79120332764353,6.48839370510238,1.46546690772658,0.123656681973317,0.139086814641975,5.05445532907611e-05,6.21267845147264e-13,4.16612455926948e-18,1.71495895117953e-07,-4.94326122453998,-1.37929344513993,-0.535751251204481,-2.02359234818255,-4.49601249528325,-4.37842322326252,-12.2984216154701,-30.5127803415499,-42.4253116807131,-17.9844727540198,2.40576624822065,0.751210535477917
0.0139063182397274,0.581352145148898,1.22068936476368,0.0738139336253208,0.0115709136898516,0.0276412783017787,1.35208589682425e-05,1.18279084307473e-13,8.25946404081397e-19,3.54120658302131e-08,-4.93240725156734,-1.19939386299655,-0.457579506818372,-3.26320302175168,-5.11625602935988,-4.24544029196285,-11.8682722152797,-30.4227247007585,-42.2947523266253,-17.8132084912851,0.65699525906614,0.449113936672246
0.244170093164508,10.2075046029707,21.4331234753272,1.29604074489285,0.203164563398121,0.48533144300196,0.000237402117298637,2.07676931714849e-12,1.45021426201302e-17,6.21772583070148e-07,-4.93240725156734,-1.19939386299655,-0.457579506818372,-3.26320302175168,-5.11625602935988,-4.24544029196285,-11.8682722152797,-30.4227247007585,-42.2947523266253,-17.8132084912851,3.5225170581481,0.611236823565582
0.0155948936594598,0.651942859785554,1.36891163473735,0.0827767943771625,0.0129759124899446,0.0309976219655549,1.51626299757705e-05,1.32641128306976e-13,9.26236989404249e-19,3.97119777761384e-08,-4.93240725156734,-1.19939386299655,-0.457579506818372,-3.26320302175168,-5.11625602935988,-4.24544029196285,-11.8682722152797,-30.4227247007585,-42.2947523266253,-17.8132084912851,0.771595503734883,1.30968623703476
0.011694375339866,0.515725329093825,1.56711777746671,0.0219574955317193,0.0187078325957276,0.0129643559256353,1.58617505789026e-05,1.44505338949567e-13,4.27779154352641e-19,3.57082407669135e-08,-5.21326969102095,-1.42680336125198,-0.315384276403406,-4.58326911373733,-4.74343538549805,-5.11017393722319,-11.8162223689362,-30.3300823383604,-43.0603022830348,-17.9125067390593,0.764622398067521,0.610795533360536
0.00535280485837773,0.177688359603255,0.250309407817329,0.00607526837401731,0.0128313969724481,0.00330970585556938,3.97915207891233e-06,3.73143378318814e-14,1.6267719824459e-19,7.22192129246129e-09,-4.44393072712996,-0.941520196124499,-0.59885363935168,-4.31732525820517,-3.56965636727147,-4.92469210319567,-11.6482379511316,-30.1331948941119,-42.4763152387456,-17.9599409567196,-0.786203855733153,1.11696064450873
0.168256440158686,5.58533547093311,7.86805628298893,0.190965868673681,0.403333436201777,0.104035050775087,0.00012507796965547,1.17291360633941e-12,5.11348479830798e-18,2.27008979390297e-07,-4.44393072712996,-0.941520196124499,-0.59885363935168,-4.31732525820517,-3.56965636727147,-4.92469210319567,-11.6482379511316,-30.1331948941119,-42.4763152387456,-17.9599409567196,2.6616646932577,0.543997125359824
0.0953406728502999,1.41169350228887,3.7819852309125,0.0843346989010761,0.20045530544298,0.0257381274259887,4.54108454168468e-05,3.51465729468659e-13,1.73225743584584e-18,5.01427715557434e-08,-4.07299268816959,-1.37790386717491,-0.392444851187164,-4.19565580286693,-3.32985788889721,-5.38247574534961,-11.722453511928,-30.3993581026846,-42.6198001560987,-18.5310853857188,1.72269391631599,0.912935962477981
0.180130963395366,2.6671692467028,7.14545663277404,0.15933693466336,0.378728261587288,0.0486280781394911,8.57965345637787e-05,6.64038322333336e-13,3.2728235645834e-18,9.47367527165652e-08,-4.07299268816959,-1.37790386717491,-0.392444851187164,-4.19565580286693,-3.32985788889721,-5.38247574534961,-11.722453511928,-30.3993581026846,-42.6198001560987,-18.5310853857188,2.35892156994242,0.827318682898554
0.137220989146549,2.0318083873815,5.44329863434375,0.12138041883502,0.288509347272482,0.0370441197716277,6.53584765010514e-05,5.05854150248438e-13,2.49318650369145e-18,7.2168996774674e-08,-4.07299268816959,-1.37790386717491,-0.392444851187164,-4.19565580286693,-3.32985788889721,-5.38247574534961,-11.722453511928,-30.3993581026846,-42.6198001560987,-18.5310853857188,2.08683009489637,0.627965047398624
0.265121432998893,3.92560900917613,10.5168687615048,0.234516241135518,0.557422097437049,0.071572069106336,0.000126277569170394,9.77348859211865e-13,4.81702677340598e-18,1.39436014577623e-07,-4.07299268816959,-1.37790386717491,-0.392444851187164,-4.19565580286693,-3.32985788889721,-5.38247574534961,-11.722453511928,-30.3993581026846,-42.6198001560987,-18.5310853857188,2.7454253679465,0.79641512688641
0.0552659138709613,0.81831320439907,2.19229489140531,0.0488861056510329,0.116197477051413,0.014919562564426,2.63232028533675e-05,2.03733350654115e-13,1.00413378036577e-18,2.90661478590801e-08,-4.07299268816959,-1.37790386717491,-0.392444851187164,-4.19565580286693,-3.32985788889721,-5.38247574534961,-11.722453511928,-30.3993581026846,-42.6198001560987,-18.5310853857188,1.17739374197508,0.994090564356929
0.612589758475606,9.07051477354873,24.3002839176597,0.541873381909541,1.28797986709491,0.165374470224868,0.000291777034862743,2.25826292065004e-12,1.11302252492865e-17,3.22180947525521e-07,-4.07299268816959,-1.37790386717491,-0.392444851187164,-4.19565580286693,-3.32985788889721,-5.38247574534961,-11.722453511928,-30.3993581026846,-42.6198001560987,-18.5310853857188,3.58293288531972,0.557100477106966
0.0449210012472339,0.665137801959941,1.78193165829232,0.0397353931041448,0.0944471310786477,0.0121268543596256,2.1395911971495e-05,1.65597661520719e-13,8.16175679380219e-19,2.36254206757282e-08,-4.07299268816959,-1.37790386717491,-0.392444851187164,-4.19565580286693,-3.32985788889721,-5.38247574534961,-11.722453511928,-30.3993581026846,-42.6198001560987,-18.5310853857188,0.970142828373713,1.55055118576871
0.0830255340960939,1.2293452888837,3.29346683165412,0.0734411999597408,0.174562527190584,0.0224135378143528,3.95451341150988e-05,3.06066960020587e-13,1.50850203279825e-18,4.36658381466512e-08,-4.07299268816959,-1.37790386717491,-0.392444851187164,-4.19565580286693,-3.32985788889721,-5.38247574534961,-11.722453511928,-30.3993581026846,-42.6198001560987,-18.5310853857188,1.58438560938464,1.39958978699093
0.135843942341167,2.01141868412695,5.38867377671967,0.120162336098317,0.285614084110079,0.0366723728026911,6.47025879097344e-05,5.00777777851464e-13,2.4681667561187e-18,7.14447629160325e-08,-4.07299268816959,-1.37790386717491,-0.392444851187164,-4.19565580286693,-3.32985788889721,-5.38247574534961,-11.722453511928,-30.3993581026846,-42.6198001560987,-18.5310853857188,2.07674415327553,0.888298670050459
0.0824420446052414,1.22070565693792,3.27032090063828,0.0729250675573584,0.173335731106448,0.0222560192399783,3.92672175630197e-05,3.0391597289821e-13,1.49790053420328e-18,4.33589619796355e-08,-4.07299268816959,-1.37790386717491,-0.392444851187164,-4.19565580286693,-3.32985788889721,-5.38247574534961,-11.722453511928,-30.3993581026846,-42.6198001560987,-18.5310853857188,1.57733296603319,1.09462330919319
0.0408833313061141,0.885263705630575,0.955846889880404,0.0495600428656125,0.0474924171129195,0.00925994224155338,1.10895477545475e-05,1.19111225727166e-13,2.4891197130058e-19,2.07643806221642e-08,-3.88432161975963,-0.809158479123671,-0.73244630901452,-3.6918591305264,-3.73447399364174,-5.36934624098516,-12.0967963102338,-30.4460074415834,-43.5244764210581,-18.3773155615088,0.687288773228412,1.59664906802611
0.362421977764123,7.84767319069831,8.47337800523936,0.439339167812477,0.421010108251351,0.0820874051587725,9.83064662617579e-05,1.05589551102682e-12,2.20655132656549e-18,1.84071787980896e-07,-3.88432161975963,-0.809158479123671,-0.73244630901452,-3.6918591305264,-3.73447399364174,-5.36934624098516,-12.0967963102338,-30.4460074415834,-43.5244764210581,-18.3773155615088,2.86937555815197,0.73366960709605
0.0736187930513212,1.62001055501142,1.87004447958668,0.0536005280669995,0.149826866300037,0.0218696822625242,2.1201959617936e-05,2.08473091099139e-13,6.58000949725147e-19,6.52033060864359e-08,-3.94095501137652,-0.849667401244405,-0.706137849447777,-4.25829642486427,-3.23037494208922,-5.15475403876816,-12.0935170116565,-30.5310664873839,-43.197180644106,-17.8778557283588,1.33210006590662,0.646676734461887
0.141745318845765,2.67371586895031,3.95781746358542,0.078081809209209,0.376871419425032,0.0324240591370741,2.06749758337164e-05,4.53368297043326e-13,1.76794427830731e-18,1.03845312745188e-07,-3.9361963972703,-0.999003820237929,-0.606780308564347,-4.5324712022562,-2.95832424857721,-5.41132760212543,-12.7690595222551,-30.4045446183268,-42.8591872633035,-18.062836458834,1.98247303633496,0.476852736782435
0.120528710836906,0.904001080616182,3.89044163418876,0.0407184216367774,0.180136105696346,0.0423089707731229,5.02996961553882e-06,4.26962553716203e-13,1.73761391829317e-18,5.46507978737795e-08,-3.76031321027139,-1.74537064326504,-0.285923238220225,-4.84552058891316,-3.3584884911126,-4.80720206044615,-13.8445425345655,-30.1265260017888,-42.5384647331462,-18.3667479427735,1.64444592004625,0.543983621425411
0.00498078396400972,0.0373573570522404,0.160770402088709,0.00168266681125197,0.00744402740526774,0.0017483953963938,2.07860781274204e-07,1.76439972353137e-14,7.18059579313497e-20,2.25841474433748e-09,-3.76031321027139,-1.74537064326504,-0.285923238220225,-4.84552058891316,-3.3584884911126,-4.80720206044615,-13.8445425345655,-30.1265260017888,-42.5384647331462,-18.3667479427735,-1.54185476757189,0.124049098871565
0.049867982630994,0.374024660792802,1.60964532428414,0.016846986322553,0.0745301607202593,0.0175050658469607,2.08111773269968e-06,1.76653023706654e-13,7.18926636609176e-19,2.26114178125358e-08,-3.76031321027139,-1.74537064326504,-0.285923238220225,-4.84552058891316,-3.3584884911126,-4.80720206044615,-13.8445425345655,-30.1265260017888,-42.5384647331462,-18.3667479427735,0.761937097472293,1.09808768456657
0.0199755935243777,0.149822876280675,0.64477484389615,0.00674838910930617,0.0298545101948666,0.00701199570401356,8.3363231699984e-07,7.07618157030315e-14,2.87980092818659e-19,9.05744462484757e-09,-3.76031321027139,-1.74537064326504,-0.285923238220225,-4.84552058891316,-3.3584884911126,-4.80720206044615,-13.8445425345655,-30.1265260017888,-42.5384647331462,-18.3667479427735,-0.152930864139253,0.529158322133078
0.0518697919123395,0.224628948361792,0.374154687448199,0.0234942309564244,0.0176911255366977,0.028318991553358,4.71919403696687e-07,6.12254290492132e-14,3.79121436681805e-19,2.05265113059406e-08,-2.63073442817868,-1.16502108229905,-0.654801690111733,-3.42271610502265,-3.70640787308061,-3.23593834561897,-14.2381733466578,-30.0959295101883,-42.0881461115422,-17.3732642777101,-0.328284274163262,0.606155139397244
0.0441739782456321,0.14393136367175,0.413439900563324,0.0205514937466878,0.0117655171135652,0.0238622872383974,4.6891380622168e-07,4.14214417177617e-14,3.22186730615836e-19,1.05191417293693e-08,-2.70065105302164,-1.51945039648476,-0.464274780619223,-3.46585331455897,-4.02361396649525,-3.3164876683996,-14.1538785297142,-30.3960093945443,-42.1601873289485,-17.9511008799065,-0.418968337719296,0.636000672513921
0.0636096258304578,0.408384522895576,1.26445492950272,0.0471740433855288,0.0696205307586183,0.0418654863838051,1.96219334951416e-06,1.6011629265845e-13,5.8679825234779e-19,2.45641048123772e-08,-3.39426794880015,-1.53482356858276,-0.404636334694473,-3.69318894417674,-3.3039732512238,-3.81257098373056,-13.780725132771,-30.1021534928213,-42.6188833631337,-18.1612570918258,0.639277478247406,2.64965833722306
0.143928337943993,0.924044197006841,2.86105906193326,0.106739845894927,0.157529102679749,0.0947282709773895,4.4398190341988e-06,3.62292209382094e-13,1.32773768224899e-18,5.55807510666828e-08,-3.39426794880015,-1.53482356858276,-0.404636334694473,-3.69318894417674,-3.3039732512238,-3.81257098373056,-13.780725132771,-30.1021534928213,-42.6188833631337,-18.1612570918258,1.45582819235687,1.73998493308284
0.0327482872049048,0.305203585070447,1.29438331358234,0.0754755919416018,0.0600721434940209,0.0454056106497875,1.09709510020319e-06,1.59740318296798e-13,2.624184443907e-19,2.05982197943324e-08,-4.01404729899102,-1.78191891464982,-0.337108305634001,-3.17908864217252,-3.40735172912246,-3.68726228061172,-14.3179873709037,-30.0603695904661,-43.3794892887879,-18.2932038642716,0.595142681635624,0.720443475197305
0.351062822832172,1.56380900592183,7.693587034295,0.463888018666337,0.525315733621342,0.210829818347391,1.14152587538219e-05,1.82533320253915e-12,1.86811913584248e-18,2.79294037610408e-07,-3.42712333266349,-1.93320872786944,-0.339946114403428,-3.14844533852363,-3.02408904334307,-3.93703726261725,-13.7608928539215,-29.409591812385,-43.2019328024619,-17.4713339554003,2.38033324355962,0.336764667203935
0.0388501056310496,0.173057758086488,0.851405074888617,0.0513358218360283,0.0581336741276017,0.0233313247096141,1.26326110185628e-06,2.01999138383301e-13,2.06734011802672e-19,3.09078665059157e-08,-3.42712333266349,-1.93320872786944,-0.339946114403428,-3.14844533852363,-3.02408904334307,-3.93703726261725,-13.7608928539215,-29.409591812385,-43.2019328024619,-17.4713339554003,0.179078849437251,0.581172183733093
0.00902067992184383,0.0421451513941617,0.16504527567527,0.013677412395791,0.0139086546270008,0.00332320098180571,2.09145497711021e-07,2.85052162116036e-14,8.14640886917385e-20,6.55758461381882e-09,-3.31035672834454,-1.76875679327586,-0.40365660464777,-2.89413069699166,-2.87736515752413,-4.30894796936052,-13.9823568258506,-29.7908104593725,-42.556245819241,-17.4447646608632,-1.3978788400421,0.385479463044089
0.0129070573065181,0.0603025369428182,0.236151692529554,0.0195700487243617,0.0199009169910302,0.00475493487019503,2.99251602733359e-07,4.07861117305505e-14,1.16561242642187e-19,9.3827872329163e-09,-3.31035672834454,-1.76875679327586,-0.40365660464777,-2.89413069699166,-2.87736515752413,-4.30894796936052,-13.9823568258506,-29.7908104593725,-42.556245819241,-17.4447646608632,-1.03962431083794,0.283796361050079
0.0966648388259931,0.651912455879841,1.29929108303418,0.0611624094306776,0.17827235175776,0.0137560343677993,6.48474660388181e-07,3.19081068566912e-13,7.17253868157976e-19,2.14932680240571e-08,-3.1698753717632,-1.26121481441155,-0.571551023234961,-3.62759232138431,-2.55781265021172,-5.11964750624721,-15.0820127263608,-29.6067010091918,-42.6122269232061,-18.4888958842218,0.833369818218083,0.613267047717044
0.0633168561447835,0.427012010667493,0.851054298479354,0.040062255587698,0.116770947822685,0.00901039984928251,4.24760205303264e-07,2.09002677316235e-13,4.69811573070522e-19,1.40783988892821e-08,-3.1698753717632,-1.26121481441155,-0.571551023234961,-3.62759232138431,-2.55781265021172,-5.11964750624721,-15.0820127263608,-29.6067010091918,-42.6122269232061,-18.4888958842218,0.410271676289367,0.626209330231053
0.0317374410712608,0.214038872907569,0.426589178475138,0.0200811214155823,0.0585311921818007,0.00451644398754092,2.12910160201308e-07,1.04762152749529e-13,2.35492063611412e-19,7.05676785506518e-09,-3.1698753717632,-1.26121481441155,-0.571551023234961,-3.62759232138431,-2.55781265021172,-5.11964750624721,-15.0820127263608,-29.6067010091918,-42.6122269232061,-18.4888958842218,-0.280382816944146,0.546379147783888
0.0452515692279711,0.305178821856068,0.608235229120322,0.0286318690241026,0.0834543745686178,0.00643959219357261,3.03569491694534e-07,1.49370952654069e-13,3.35767001354097e-19,1.00616120374105e-08,-3.1698753717632,-1.26121481441155,-0.571551023234961,-3.62759232138431,-2.55781265021172,-5.11964750624721,-15.0820127263608,-29.6067010091918,-42.6122269232061,-18.4888958842218,0.0743574413968828,3.61849729068611
0.0616804062308122,0.41597571147848,0.829058453797066,0.0390268302886264,0.113752955156059,0.00877752239837926,4.13782104940266e-07,2.03600918066979e-13,4.57669101773841e-19,1.37145369407587e-08,-3.1698753717632,-1.26121481441155,-0.571551023234961,-3.62759232138431,-2.55781265021172,-5.11964750624721,-15.0820127263608,-29.6067010091918,-42.6122269232061,-18.4888958842218,0.384086408117117,9.9341901562442
0.123575035348985,0.833396152708763,1.6609963194952,0.0781892050844938,0.227900986933504,0.0175855301049295,8.29001320993693e-07,4.07908964689085e-13,9.16927739065187e-19,2.74767059884019e-08,-3.1698753717632,-1.26121481441155,-0.571551023234961,-3.62759232138431,-2.55781265021172,-5.11964750624721,-15.0820127263608,-29.6067010091918,-42.6122269232061,-18.4888958842218,1.07896863802694,6.84132543439159
0.0917860658438098,0.61900976949332,1.23371453721994,0.0580754802609847,0.169274764384841,0.0130617532865841,6.15745483045555e-07,3.02976721677628e-13,6.81053334066831e-19,2.04084808707535e-08,-3.1698753717632,-1.26121481441155,-0.571551023234961,-3.62759232138431,-2.55781265021172,-5.11964750624721,-15.0820127263608,-29.6067010091918,-42.6122269232061,-18.4888958842218,0.781580590692726,5.66279566253351
0.123447902155714,0.83253876016297,1.65928749727626,0.0781087645384424,0.227666523879241,0.0175674382258432,8.28148449822207e-07,4.07489310597149e-13,9.1598440976621e-19,2.74484381318479e-08,-3.1698753717632,-1.26121481441155,-0.571551023234961,-3.62759232138431,-2.55781265021172,-5.11964750624721,-15.0820127263608,-29.6067010091918,-42.6122269232061,-18.4888958842218,1.0779393149545,4.62362626560225
0.0694889508950003,0.468636923049335,0.934014636178094,0.0439675037704134,0.128153720087723,0.0098887290177419,4.66165612850007e-07,2.29376151395476e-13,5.15608564903296e-19,1.54507540118627e-08,-3.1698753717632,-1.26121481441155,-0.571551023234961,-3.62759232138431,-2.55781265021172,-5.11964750624721,-15.0820127263608,-29.6067010091918,-42.6122269232061,-18.4888958842218,0.503287852785112,5.46205852491547
0.0567695840552254,0.382856883745896,0.763051128480026,0.035919622743542,0.104696261647451,0.00807868050879491,3.80837926051467e-07,1.87390779961343e-13,4.21230762414315e-19,1.26226237019814e-08,-3.1698753717632,-1.26121481441155,-0.571551023234961,-3.62759232138431,-2.55781265021172,-5.11964750624721,-15.0820127263608,-29.6067010091918,-42.6122269232061,-18.4888958842218,0.301120783095666,19.8831811180499
0.079201263400105,0.534137239135031,1.06455973599707,0.0501127416994315,0.146065473857965,0.0112708541651445,5.31320519534009e-07,2.61435534000594e-13,5.87674000460327e-19,1.76102707331536e-08,-3.1698753717632,-1.26121481441155,-0.571551023234961,-3.62759232138431,-2.55781265021172,-5.11964750624721,-15.0820127263608,-29.6067010091918,-42.6122269232061,-18.4888958842218,0.634112343495744,5.74121936891405
0.0607263849143321,0.409541744516534,0.816235265918395,0.0384231956778122,0.111993518883455,0.00864175896902376,4.0738206686312e-07,2.00451788095883e-13,4.50590256064678e-19,1.35024118691731e-08,-3.1698753717632,-1.26121481441155,-0.571551023234961,-3.62759232138431,-2.55781265021172,-5.11964750624721,-15.0820127263608,-29.6067010091918,-42.6122269232061,-18.4888958842218,0.368498373738303,0.772857072344945
0.0124211560480913,0.0837688909692828,0.166955197880301,0.00785919514316109,0.0229074886705125,0.00176761117652012,8.33271440550795e-08,4.10010071169287e-14,9.21650760575383e-20,2.76182363052235e-09,-3.1698753717632,-1.26121481441155,-0.571551023234961,-3.62759232138431,-2.55781265021172,-5.11964750624721,-15.0820127263608,-29.6067010091918,-42.6122269232061,-18.4888958842218,-1.21847875548877,0.223118751988186
0.0103494908993358,0.0697974787030609,0.13910953975371,0.00654839761253536,0.019086858308856,0.00147279977114291,6.94294086417352e-08,3.41626454395493e-14,7.67933042786836e-20,2.30119228991202e-09,-3.1698753717632,-1.26121481441155,-0.571551023234961,-3.62759232138431,-2.55781265021172,-5.11964750624721,-15.0820127263608,-29.6067010091918,-42.6122269232061,-18.4888958842218,-1.40094257718732,0.121392972958427
0.115487971492059,0.778856593921351,1.55229650594513,0.0730723051163498,0.212986568101393,0.0164346883955596,7.74749371144607e-07,3.81214367063138e-13,8.56921661324113e-19,2.56785606325971e-08,-3.1698753717632,-1.26121481441155,-0.571551023234961,-3.62759232138431,-2.55781265021172,-5.11964750624721,-15.0820127263608,-29.6067010091918,-42.6122269232061,-18.4888958842218,1.01128647439377,0.628918751253565
0.0926544238978142,0.624866019174634,1.24538630836395,0.0586249134517548,0.1708762177606,0.0131853262773377,6.21570850376684e-07,3.0584308569515e-13,6.87496557691314e-19,2.06015588567331e-08,-3.1698753717632,-1.26121481441155,-0.571551023234961,-3.62759232138431,-2.55781265021172,-5.11964750624721,-15.0820127263608,-29.6067010091918,-42.6122269232061,-18.4888958842218,0.790996792864842,0.957443923416452
0.064027857680903,0.431807040206417,0.860611009762621,0.0405121251326755,0.11808219933344,0.00911157998556787,4.29529948730867e-07,2.1134962303769e-13,4.75087210088504e-19,1.42364889121584e-08,-3.1698753717632,-1.26121481441155,-0.571551023234961,-3.62759232138431,-2.55781265021172,-5.11964750624721,-15.0820127263608,-29.6067010091918,-42.6122269232061,-18.4888958842218,0.421438357699616,0.461119326055197
0.214179302459815,1.44443581307316,2.87882606784722,0.135516929917041,0.394996240733199,0.0304791057564589,1.43681872448805e-06,7.0698468568094e-13,1.589212117192e-18,4.76224158534109e-08,-3.1698753717632,-1.26121481441155,-0.571551023234961,-3.62759232138431,-2.55781265021172,-5.11964750624721,-15.0820127263608,-29.6067010091918,-42.6122269232061,-18.4888958842218,1.62893361895428,0.974566811921591
0.0465104600909685,0.313668844124234,0.625156228448217,0.0294284026895628,0.0857760608971585,0.00661874053941399,3.12014742674754e-07,1.53526426833231e-13,3.45107981508205e-19,1.03415243515472e-08,-3.1698753717632,-1.26121481441155,-0.571551023234961,-3.62759232138431,-2.55781265021172,-5.11964750624721,-15.0820127263608,-29.6067010091918,-42.6122269232061,-18.4888958842218,0.101797328270198,0.550433849868082
1.34049052766256,9.0403344441017,18.017796446327,0.848163939304022,2.47217500983559,0.190760508083288,8.99266113963462e-06,4.42482659843197e-12,9.94645031091242e-18,2.98055865448913e-07,-3.1698753717632,-1.26121481441155,-0.571551023234961,-3.62759232138431,-2.55781265021172,-5.11964750624721,-15.0820127263608,-29.6067010091918,-42.6122269232061,-18.4888958842218,3.46291098416025,0.299374492177645
0.00327945265259288,0.0418310216815259,0.0719457157565545,0.0032572294951377,0.0120516146673611,0.000475136403957859,1.82846751125151e-08,1.25218937274311e-14,3.22924010900893e-20,8.22918877154197e-10,-3.70147029076706,-1.1555086152606,-0.613234938199753,-3.70826983909287,-2.39994817677737,-5.63330017497333,-15.7985940995277,-29.9926893305386,-42.8608465567396,-18.8995550358352,-2.01860845395356,0.500367793571482
0.104136171738806,0.993328577715557,1.14202799135998,0.0865634743114605,0.197813204167265,0.00814762683219273,2.16616917969429e-07,2.96314638866279e-13,4.33951962264881e-19,1.17121375354598e-08,-3.19107221935437,-0.935710102410015,-0.796210704956554,-3.37589365379325,-2.54944843359174,-5.73904490707941,-16.2741517251741,-29.7763708627085,-43.2103694376394,-19.1916564633862,0.929016326713084,0.545400412384226
0.0329683941452321,0.314477165033385,0.361553803211426,0.0274050667700648,0.0626255370561834,0.0025794511961294,6.85785910015389e-08,9.38100339394873e-14,1.37384533089324e-19,3.70793702231246e-09,-3.19107221935437,-0.935710102410015,-0.796210704956554,-3.37589365379325,-2.54944843359174,-5.73904490707941,-16.2741517251741,-29.7763708627085,-43.2103694376394,-19.1916564633862,-0.221133710274701,0.636949606143495
0.0519725653977016,0.495753143261457,0.569966453307255,0.0432023355053694,0.0987251549432653,0.00406633988269043,1.081097638547e-07,1.47885520368474e-13,2.16577932160224e-19,5.84532563320385e-09,-3.19107221935437,-0.935710102410015,-0.796210704956554,-3.37589365379325,-2.54944843359174,-5.73904490707941,-16.2741517251741,-29.7763708627085,-43.2103694376394,-19.1916564633862,0.234032931224136,1.03210041446124
0.42485396230337,4.05257438472133,4.65923712278968,0.353161004844826,0.807036807509895,0.0332406260497899,8.83752056221994e-07,1.20890221244727e-12,1.77043391877306e-18,4.77830897362233e-08,-3.19107221935437,-0.935710102410015,-0.796210704956554,-3.37589365379325,-2.54944843359174,-5.73904490707941,-16.2741517251741,-29.7763708627085,-43.2103694376394,-19.1916564633862,2.3350624321367,0.80947727838398
0.255675160548549,2.43882062634195,2.80390747198067,0.212530668476413,0.485671039078936,0.0200040558782542,5.31837922929209e-07,7.27511791532374e-13,1.06543898983264e-18,2.87556436418287e-08,-3.19107221935437,-0.935710102410015,-0.796210704956554,-3.37589365379325,-2.54944843359174,-5.73904490707941,-16.2741517251741,-29.7763708627085,-43.2103694376394,-19.1916564633862,1.82722467500407,1.14068049151004
0.974325710443857,5.00128405272794,4.56756573006366,0.878075883423621,1.17962651895085,0.0625333083594354,1.64205767135678e-06,1.22898788478401e-12,7.79338046710214e-18,3.48247356965651e-08,-2.56472658649945,-0.929022270222615,-1.01973656024711,-2.66873922172425,-2.3735190812179,-5.31077289067969,-15.858277385154,-29.9635471034089,-41.9319739188074,-19.7116548670155,2.53871696023212,1.19994881617898
0.346158550318341,1.77685677270476,1.62276527721135,0.311962900719258,0.419097845145723,0.0222168409765671,5.83390438087723e-07,4.36634956868614e-13,2.76883310750609e-18,1.23725360982732e-08,-2.56472658649945,-0.929022270222615,-1.01973656024711,-2.66873922172425,-2.3735190812179,-5.31077289067969,-15.858277385154,-29.9635471034089,-41.9319739188074,-19.7116548670155,1.50386821553038,0.606860091537157
0.278148285586097,2.83189793797413,3.23091275610267,0.563508979779256,0.239764670700598,0.0391470344042874,2.96621245870903e-07,7.95402573475335e-13,1.84153629378934e-18,2.68895392312666e-08,-3.25137092882852,-0.930822886386788,-0.799005338374842,-2.54534203262534,-3.39986739814816,-5.21220063170357,-17.0025798011338,-29.8316980494122,-42.8077015310834,-19.4032985248496,1.9717700227179,1.10924470415486
0.0148940717173958,0.151640305442315,0.173006445826705,0.0301743479760937,0.0128387352565835,0.00209621546547458,1.5883247669837e-08,4.25916088196625e-14,9.86091773749065e-20,1.43986048633848e-09,-3.25137092882852,-0.930822886386788,-0.799005338374842,-2.54534203262534,-3.39986739814816,-5.21220063170357,-17.0025798011338,-29.8316980494122,-42.8077015310834,-19.4032985248496,-0.955421087689716,0.4580247722677
0.0152912216990842,0.0834190259235493,0.174365686236862,0.0567463392041502,0.0149872407696392,0.00591480608303911,2.52998667947203e-08,6.33218275804284e-14,2.54139087492745e-19,3.71207291589596e-09,-3.13272166565789,-1.43612417231659,-0.698845845356228,-1.82140943737869,-3.15280136047735,-4.08254187128323,-16.4447120115191,-29.3427916029665,-41.7686505524357,-18.363920684186,-1.04775469473849,0.763902504084311
0.138662589470765,0.75645349817804,1.58116846673528,0.5145824507603,0.135906054796423,0.0536361543787409,2.29422155538523e-07,5.74209749561693e-13,2.30456301340473e-18,3.3661512006804e-08,-3.13272166565789,-1.43612417231659,-0.698845845356228,-1.82140943737869,-3.15280136047735,-4.08254187128323,-16.4447120115191,-29.3427916029665,-41.7686505524357,-18.363920684186,1.15700995498157,1.06043884799784
0.068698290914211,0.374773489224823,0.783366095547056,0.254942122721083,0.0673326073387363,0.0265732246245637,1.13663750572564e-07,2.84483569589493e-13,1.14176102530083e-18,1.66770889919317e-08,-3.13272166565789,-1.43612417231659,-0.698845845356228,-1.82140943737869,-3.15280136047735,-4.08254187128323,-16.4447120115191,-29.3427916029665,-41.7686505524357,-18.363920684186,0.454690708072207,1.44241110404881
0.092590339302473,0.505113068565725,1.0558069439505,0.343606475956082,0.0907496951765379,0.0358149213263792,1.53193989135009e-07,3.83421914631954e-13,1.53884528025537e-18,2.24770850597838e-08,-3.13272166565789,-1.43612417231659,-0.698845845356228,-1.82140943737869,-3.15280136047735,-4.08254187128323,-16.4447120115191,-29.3427916029665,-41.7686505524357,-18.363920684186,0.753151195698312,0.75136449900363
0.0419494427989101,0.228849056353052,0.478349181303417,0.155676070711513,0.0411155113536238,0.0162264876103363,6.94068358834094e-08,1.73715052746029e-13,6.97196948912369e-19,1.01835807180853e-08,-3.13272166565789,-1.43612417231659,-0.698845845356228,-1.82140943737869,-3.15280136047735,-4.08254187128323,-16.4447120115191,-29.3427916029665,-41.7686505524357,-18.363920684186,-0.0385684630043645,1.34089100520775
0.281322684195121,2.21149178323256,3.66715948797856,0.59485297061198,0.251676227886418,0.166788560246017,2.93826213878202e-07,7.2482738488728e-13,4.22314074277659e-18,6.14821745075919e-08,-3.23861762036792,-1.17669739136336,-0.670947313299254,-2.48980570639813,-3.34997652173142,-3.76139306927663,-17.0106420478497,-29.9232075524247,-41.9763172650304,-18.5748832437624,1.9703646942102,1.64694210587059
0.241835897768434,1.90108416722848,3.1524326222489,0.511358700418168,0.21635065331479,0.143377919629915,2.52584417159372e-07,6.23089751375271e-13,3.63037568710054e-18,5.2852463395687e-08,-3.23861762036792,-1.17669739136336,-0.670947313299254,-2.48980570639813,-3.34997652173142,-3.76139306927663,-17.0106420478497,-29.9232075524247,-41.9763172650304,-18.5748832437624,1.81912172912808,2.2782110933797
0.0510570553562174,0.577736298962899,1.44215960365776,0.161708415136244,0.0821504894493922,0.0786926210550709,9.89190214167428e-08,3.17403523783962e-13,9.79508389312198e-19,1.77424114733911e-08,-3.84757019093482,-1.42139639641942,-0.506616936950843,-2.69471912393132,-3.37196112835737,-3.41496454020999,-17.0017229388526,-29.6513611366882,-42.3399948024716,-18.7200665869017,0.872758651837019,0.856337585405525
0.0430140625779204,0.48672578439446,1.21497691173703,0.136234568161395,0.0692093633157919,0.0662962112261965,8.33363567029194e-08,2.67403103043099e-13,8.25206915273899e-19,1.49474581343384e-08,-3.84757019093482,-1.42139639641942,-0.506616936950843,-2.69471912393132,-3.37196112835737,-3.41496454020999,-17.0017229388526,-29.6513611366882,-42.3399948024716,-18.7200665869017,0.701342010877229,0.797318261397233
0.213497667335019,2.41583364537544,6.03046355019048,0.67619194211573,0.343516439510834,0.329057187386158,4.13634906678293e-07,1.32723893806655e-12,4.09586402494657e-18,7.41907937314251e-08,-3.84757019093482,-1.42139639641942,-0.506616936950843,-2.69471912393132,-3.37196112835737,-3.41496454020999,-17.0017229388526,-29.6513611366882,-42.3399948024716,-18.7200665869017,2.30344081873039,1.19576331483132
0.0677811621388241,1.43128398666861,3.54902002964209,0.411799676349033,0.112046235290742,0.170564577037701,4.68788346958413e-07,4.00956352667312e-13,2.87223391726855e-18,6.47657011834014e-08,-4.43936496116873,-1.38932205978439,-0.481222476575948,-2.63511226429775,-3.93673767174271,-3.51653529697921,-16.32100845013,-30.2928178137113,-42.1393355724735,-18.3003836704105,1.74789399396687,0.431492061701628
0.0249116333184076,0.526040285018571,1.30437252517225,0.151348873553321,0.0411803905420529,0.0626876563663802,1.72293938829964e-07,1.47363623153533e-13,1.05563309766127e-18,2.38033599392405e-08,-4.43936496116873,-1.38932205978439,-0.481222476575948,-2.63511226429775,-3.93673767174271,-3.51653529697921,-16.32100845013,-30.2928178137113,-42.1393355724735,-18.3003836704105,0.746944578095065,0.756376510276711
0.0202189049829658,0.426947458806069,1.05866138168313,0.122838533087766,0.0334230354505079,0.0508788705853378,1.39838072189746e-07,1.19604004137506e-13,8.56778237929337e-19,1.93194025753106e-08,-4.43936496116873,-1.38932205978439,-0.481222476575948,-2.63511226429775,-3.93673767174271,-3.51653529697921,-16.32100845013,-30.2928178137113,-42.1393355724735,-18.3003836704105,0.538227739167356,1.13475154201639
0.0424122068895915,0.90950650793951,2.3175725339563,0.428090426832876,0.0700028382630831,0.17415730157584,1.90506203258031e-06,4.31474916134853e-13,3.43252458781613e-18,4.8040865005595e-08,-4.53194226609233,-1.46647633178883,-0.531102889921641,-2.22004403432216,-4.03084269739205,-3.11941956236615,-14.5426191931342,-29.8431902241145,-41.5848588582727,-18.2228370402045,1.37162320625275,1.93093516863295
0.0126964944168423,0.272269357031964,0.693787211181988,0.12815290957003,0.0209560103175972,0.0521356319152689,5.70298299340091e-07,1.29166088385231e-13,1.02755863137074e-18,1.43814863468824e-08,-4.53194226609233,-1.46647633178883,-0.531102889921641,-2.22004403432216,-4.03084269739205,-3.11941956236615,-14.5426191931342,-29.8431902241145,-41.5848588582727,-18.2228370402045,0.165512912301498,1.83730214638336
0.0263603315913881,0.565282848785089,1.44043389775066,0.26606975750613,0.0435086538589445,0.108243464683446,1.18404748452986e-06,2.68173308978938e-13,2.1334066997733e-18,2.98586945683173e-08,-4.53194226609233,-1.46647633178883,-0.531102889921641,-2.22004403432216,-4.03084269739205,-3.11941956236615,-14.5426191931342,-29.8431902241145,-41.5848588582727,-18.2228370402045,0.896047276004833,0.492431257017167
0.0167779818294304,0.523973664509964,0.673333382115011,0.183829860909163,0.0577335495743073,0.0908024510360671,1.32906215676495e-06,1.36247328622871e-13,9.99200673811259e-19,2.13063415373548e-08,-4.52365128780778,-1.08227728474229,-0.83147813505638,-2.12970804836458,-3.28788025626494,-2.83503243019935,-13.9670004400014,-30.0602679982466,-41.8832947499625,-18.1002245140332,0.435963430249418,0.876676543894592
0.0467750086138122,0.428300815540243,0.640107060729075,0.241004633281383,0.0991717970455123,0.0630252402567249,1.80660386041689e-06,5.62827438150215e-14,1.42773969949382e-18,7.25959783339371e-09,-3.4800543945057,-1.26557766206733,-0.863768006067265,-1.84058729228022,-2.72854978092792,-3.18186816566723,-13.6417099672299,-30.9260365827586,-41.5080872816966,-19.1585895763313,0.417648171837885,1.2668954072889
0.183584204671715,0.505959346361451,1.83624563274018,0.854329642791772,0.207905193649,0.140210009150494,7.03514583552023e-06,1.6328702004429e-13,1.10810953767237e-17,1.79913555989775e-08,-3.01101839848201,-1.9972355188671,-0.708213492640405,-1.4733747238722,-2.88660966573909,-3.28055047777188,-13.1805287004026,-30.759203446217,-40.3572276995305,-19.1493110016914,1.31593656278556,1.77331300812427
0.119282967934595,0.407408616735079,1.22434851596974,0.64847140421206,0.0935820166456293,0.0621740593728867,3.91668618304131e-06,1.24918764073335e-13,9.77114011395158e-18,1.67009699781705e-08,-3.06441521257514,-1.83609711068133,-0.735749606990573,-1.37129585729681,-3.30707552963299,-3.71597590393088,-13.3884231089712,-30.6492712421108,-40.1052570050781,-18.845957522506,0.938158485820706,0.794260428787036
0.022601709557291,0.0771956917741429,0.231989277547332,0.122872213761868,0.017731899169124,0.0117807265888477,7.4213280461544e-07,2.36695789242048e-14,1.85143340011645e-18,3.16449598218096e-09,-3.06441521257514,-1.83609711068133,-0.735749606990573,-1.37129585729681,-3.30707552963299,-3.71597590393088,-13.3884231089712,-30.6492712421108,-40.1052570050781,-18.845957522506,-0.72531451886171,1.09032150230578
0.108028049772156,0.278983613868655,1.0036974068626,0.490365348177067,0.0541732593840703,0.0241186053603762,2.85173949815474e-06,1.43287370494419e-13,1.57940625297938e-17,2.73268322194886e-09,-2.89798691847869,-1.94922478355101,-0.668931964755779,-1.38522711019268,-3.58819041459271,-4.39739428268666,-13.4402039526538,-30.2465467502982,-39.3595201467518,-20.3906043982744,0.672622553011896,0.416716678378517
0.388128052237826,1.00234491769026,3.6061293375505,1.7618067518048,0.194636131009127,0.0866544137467938,1.02458583603327e-05,5.14809330887442e-13,5.67456206007646e-17,9.81810759848947e-09,-2.89798691847869,-1.94922478355101,-0.668931964755779,-1.38522711019268,-3.58819041459271,-4.39739428268666,-13.4402039526538,-30.2465467502982,-39.3595201467518,-20.3906043982744,1.95156695621219,0.632771250614446
0.368590441867827,1.47442422605856,4.99026164970509,2.45592640106477,0.104131111542046,0.104161586892195,9.96841733119905e-06,4.03932425942694e-13,1.32187471395506e-16,7.70135924971e-09,-3.24909833892863,-1.86276161557059,-0.643540830739991,-1.3525251310967,-4.51313365987562,-4.51284103943721,-13.7671179036404,-30.788557967397,-38.813339694985,-20.9328981716687,2.2510291739394,0.343559615570074
0.0914182022429591,0.36568830001857,1.23769012138847,0.609121536870646,0.0258267115297267,0.0258342700592134,2.47237770737569e-06,1.00183759568459e-13,3.27852804125428e-17,1.91009949652503e-09,-3.24909833892863,-1.86276161557059,-0.643540830739991,-1.3525251310967,-4.51313365987562,-4.51284103943721,-13.7671179036404,-30.788557967397,-38.813339694985,-20.9328981716687,0.856787667845522,0.32071361580872
0.0843777566223115,0.337525324514575,1.14237113916118,0.562210889412215,0.0238377032838421,0.0238446797036995,2.28197097900645e-06,9.24682467492587e-14,3.02603676682652e-17,1.76299584205181e-09,-3.24909833892863,-1.86276161557059,-0.643540830739991,-1.3525251310967,-4.51313365987562,-4.51284103943721,-13.7671179036404,-30.788557967397,-38.813339694985,-20.9328981716687,0.776646879684744,0.456815484305679
0.755032285032076,4.93370803480619,5.61233856410345,3.75986024916268,0.0740615789185588,0.294027974247449,2.79933553346607e-05,7.35514913193898e-13,1.90142597656107e-16,8.59877299188175e-09,-3.01724729860438,-1.14016168736997,-1.01128504056834,-1.41187074065372,-5.33911091386159,-3.96033289525735,-13.2197959150167,-30.6744581083973,-38.9350098988365,-21.3078988488175,2.7362525295889,0.550245135810538
0.197949282475633,1.29348636448395,1.4714051488903,0.985734853045109,0.0194169662629968,0.0770862752280504,7.33910948237943e-06,1.92832349295731e-13,4.98503064309101e-17,2.25436842590318e-09,-3.01724729860438,-1.14016168736997,-1.01128504056834,-1.41187074065372,-5.33911091386159,-3.96033289525735,-13.2197959150167,-30.6744581083973,-38.9350098988365,-21.3078988488175,1.39750286839202,0.512188825735297
0.046861112528915,0.306210809772251,0.34833004391547,0.233355894472144,0.00459663520696239,0.0182488593680114,1.73740885046221e-06,4.56497659731333e-14,1.18012088250298e-17,5.33683230202596e-10,-3.01724729860438,-1.14016168736997,-1.01128504056834,-1.41187074065372,-5.33911091386159,-3.96033289525735,-13.2197959150167,-30.6744581083973,-38.9350098988365,-21.3078988488175,-0.0433198060324544,0.970154097287195
0.0421210746148217,0.275237348629388,0.313096189538702,0.209751764574617,0.00413168198706575,0.0164029730749799,1.56166859635726e-06,4.10322567036164e-14,1.06075073902153e-17,4.79700757129316e-10,-3.01724729860438,-1.14016168736997,-1.01128504056834,-1.41187074065372,-5.33911091386159,-3.96033289525735,-13.2197959150167,-30.6744581083973,-38.9350098988365,-21.3078988488175,-0.149959780265036,1.56530630161287
0.153308738488063,1.00178571152414,1.13958113088377,0.763436800144324,0.0150381479832429,0.059702159372115,5.68402977923335e-06,1.49345750792793e-13,3.86083116674443e-17,1.74597439879622e-09,-3.01724729860438,-1.14016168736997,-1.01128504056834,-1.41187074065372,-5.33911091386159,-3.96033289525735,-13.2197959150167,-30.6744581083973,-38.9350098988365,-21.3078988488175,1.14194580640682,1.58864049303715
0.683967452883118,4.46933963584353,5.08409638701006,3.4059762592894,0.0670907860413898,0.266353596540401,2.53585764813839e-05,6.66287086933515e-13,1.72246075805754e-16,7.78944288578024e-09,-3.01724729860438,-1.14016168736997,-1.01128504056834,-1.41187074065372,-5.33911091386159,-3.96033289525735,-13.2197959150167,-30.6744581083973,-38.9350098988365,-21.3078988488175,2.63740235260845,1.3550970620301
0.799294990479025,5.22293972705971,5.94135401636442,3.98027676648194,0.078403334784626,0.311264950566581,2.96344264070019e-05,7.78633440176032e-13,2.01289439930026e-16,9.10286396082442e-09,-3.01724729860438,-1.14016168736997,-1.01128504056834,-1.41187074065372,-5.33911091386159,-3.96033289525735,-13.2197959150167,-30.6744581083973,-38.9350098988365,-21.3078988488175,2.79322209684939,1.59571862784149
0.0741297919274311,0.211264258721075,0.54625791440393,0.108866440081343,0.00281105278787919,0.0201804776913514,1.60145771203364e-06,1.1199993576244e-13,9.23220615829258e-18,4.22322921438636e-10,-2.56476696054331,-1.51747470148353,-0.567493227431342,-2.18046265179179,-5.83702539156023,-3.86586877617835,-13.3074254568353,-29.7831072805308,-39.1866628169042,-21.5480800612077,-0.0371708166346405,1.94883046923971
0.081843420508165,0.233247512441168,0.603099172843224,0.120194615459418,0.00310355889861754,0.022280371748052,1.76809854100659e-06,1.23654169277397e-13,1.01928699809504e-17,4.66268035439458e-10,-2.56476696054331,-1.51747470148353,-0.567493227431342,-2.18046265179179,-5.83702539156023,-3.86586877617835,-13.3074254568353,-29.7831072805308,-39.1866628169042,-21.5480800612077,0.0618195973967061,1.84014228169349
0.129457247198292,0.368943290602945,0.953962557027557,0.19011991371843,0.00490910801428084,0.0352423637129103,2.79672047518095e-06,1.95592122859118e-13,1.61227485433884e-17,7.37527536725155e-10,-2.56476696054331,-1.51747470148353,-0.567493227431342,-2.18046265179179,-5.83702539156023,-3.86586877617835,-13.3074254568353,-29.7831072805308,-39.1866628169042,-21.5480800612077,0.520362370728466,1.38285099591153
0.338928012284717,0.965919010608226,2.49753984612506,0.497747062036861,0.0128523837589614,0.09226694171193,7.32200731966093e-06,5.12073683427309e-13,4.2210468974417e-17,1.9308980179736e-09,-2.56476696054331,-1.51747470148353,-0.567493227431342,-2.18046265179179,-5.83702539156023,-3.86586877617835,-13.3074254568353,-29.7831072805308,-39.1866628169042,-21.5480800612077,1.48279941324907,0.792217855006859
0.144059452151051,0.410558462112637,1.06156531451272,0.211564599170957,0.00546283368751381,0.0392175464785947,3.11217817614394e-06,2.17654049301593e-13,1.79413232754136e-17,8.20717381115003e-10,-2.56476696054331,-1.51747470148353,-0.567493227431342,-2.18046265179179,-5.83702539156023,-3.86586877617835,-13.3074254568353,-29.7831072805308,-39.1866628169042,-21.5480800612077,0.627237758093116,0.974192433368846
0.0579179558180811,0.165061761059915,0.426793883121861,0.0850578627399296,0.00219628879209674,0.0157671023339666,1.25122645832987e-06,8.75060776842207e-14,7.21316618429009e-18,3.2996288899328e-10,-2.56476696054331,-1.51747470148353,-0.567493227431342,-2.18046265179179,-5.83702539156023,-3.86586877617835,-13.3074254568353,-29.7831072805308,-39.1866628169042,-21.5480800612077,-0.283960864180301,0.991321550839046
0.0348850346118654,0.0994196906009065,0.257065691883251,0.0512318924896761,0.00132286454947756,0.00949681153072631,7.53636375621059e-07,5.27064967270414e-14,4.34462073886838e-18,1.98742628958051e-10,-2.56476696054331,-1.51747470148353,-0.567493227431342,-2.18046265179179,-5.83702539156023,-3.86586877617835,-13.3074254568353,-29.7831072805308,-39.1866628169042,-21.5480800612077,-0.790930388877693,0.835315565785648
0.0160704497519246,0.0457995573153403,0.118422163839516,0.0236009384285177,0.000609402527688783,0.00437488551197038,3.47176823540298e-07,2.42802427079663e-14,2.00143156089648e-18,9.15545438831074e-11,-2.56476696054331,-1.51747470148353,-0.567493227431342,-2.18046265179179,-5.83702539156023,-3.86586877617835,-13.3074254568353,-29.7831072805308,-39.1866628169042,-21.5480800612077,-1.5660061520291,1.13352030861698
0.268730560670338,0.765861622157194,1.98025910759445,0.394655626578348,0.0101904480252717,0.0731569716248632,5.80550164319813e-06,4.06014973871048e-13,3.34680008217324e-17,1.53097793088697e-09,-2.56476696054331,-1.51747470148353,-0.567493227431342,-2.18046265179179,-5.83702539156023,-3.86586877617835,-13.3074254568353,-29.7831072805308,-39.1866628169042,-21.5480800612077,1.25072092599749,1.53651204022325
0.492664723567023,1.40405692389237,3.63041629281201,0.723523609251538,0.0186821857806987,0.134118944688162,1.06432474783647e-05,7.44348742351027e-13,6.13570087899559e-17,2.8067474619417e-09,-2.56476696054331,-1.51747470148353,-0.567493227431342,-2.18046265179179,-5.83702539156023,-3.86586877617835,-13.3074254568353,-29.7831072805308,-39.1866628169042,-21.5480800612077,1.85684055034814,0.649771433074358
0.167332728987744,0.476885527804762,1.23306467172935,0.245743553844385,0.00634537238125403,0.0455532696985829,3.61496076470026e-06,2.52816774609696e-13,2.08398028765126e-17,9.53306964999768e-10,-2.56476696054331,-1.51747470148353,-0.567493227431342,-2.18046265179179,-5.83702539156023,-3.86586877617835,-13.3074254568353,-29.7831072805308,-39.1866628169042,-21.5480800612077,0.776995900951239,0.496270908240872
0.44522833231177,1.2688668232004,3.28086041952277,0.653858891302234,0.016883365138985,0.121205256269584,9.61845875804646e-06,6.72678869345161e-13,5.54492282325432e-17,2.53649882348557e-09,-2.56476696054331,-1.51747470148353,-0.567493227431342,-2.18046265179179,-5.83702539156023,-3.86586877617835,-13.3074254568353,-29.7831072805308,-39.1866628169042,-21.5480800612077,1.75559893845196,1.25499876916843
0.4590107732857,1.30814572983182,3.38242238625788,0.674099677704709,0.017406004797295,0.124957273311249,9.91620674592636e-06,6.9350224498934e-13,5.71657086532677e-17,2.61501841170138e-09,-2.56476696054331,-1.51747470148353,-0.567493227431342,-2.18046265179179,-5.83702539156023,-3.86586877617835,-13.3074254568353,-29.7831072805308,-39.1866628169042,-21.5480800612077,1.78608536255695,0.446505399419757
0.113951971830301,0.52297397317966,0.764776978222003,0.0881081734386426,0.00303107053617447,0.0147709659188337,3.58900662523654e-06,1.32877955709527e-13,1.41373541263646e-17,9.36980693023679e-10,-2.58250829395368,-1.05875365549051,-0.678701094255352,-2.83972005064453,-6.20936948445231,-4.62562186208908,-12.9481651746767,-30.05987538907,-39.2082412255699,-21.19888851386,0.410530074860169,1.44125716497631
0.109352478499518,0.501864945725579,0.733907950206355,0.0845518246575794,0.00290872610902383,0.0141747589542534,3.44414197944092e-06,1.2751454460503e-13,1.35667219119791e-17,8.99160931071229e-10,-2.58250829395368,-1.05875365549051,-0.678701094255352,-2.83972005064453,-6.20936948445231,-4.62562186208908,-12.9481651746767,-30.05987538907,-39.2082412255699,-21.19888851386,0.369329427585226,0.86480454377917
0.186606693217201,0.856417332725503,1.25239169329322,0.144285128433564,0.00496365302485451,0.0241887969243952,5.87732399459832e-06,2.17599709054119e-13,2.31512001239452e-17,1.53439090105343e-09,-2.58250829395368,-1.05875365549051,-0.678701094255352,-2.83972005064453,-6.20936948445231,-4.62562186208908,-12.9481651746767,-30.05987538907,-39.2082412255699,-21.19888851386,0.903756172072697,0.537858872771096
0.0462248118366953,0.212145284696957,0.310233086339171,0.0357412309156127,0.0012295589356459,0.00599186753223668,1.45588666231484e-06,5.39021694952747e-14,5.73484182733694e-18,3.80087817121204e-10,-2.58250829395368,-1.05875365549051,-0.678701094255352,-2.83972005064453,-6.20936948445231,-4.62562186208908,-12.9481651746767,-30.05987538907,-39.2082412255699,-21.19888851386,-0.491730278359652,0.745756210422619
0.312976846531392,1.43638361245312,2.10051202361101,0.241995095245335,0.00832504153099569,0.0405694632505689,9.85745097434215e-06,3.64958349412673e-13,3.88292053371086e-17,2.57348124699472e-09,-2.58250829395368,-1.05875365549051,-0.678701094255352,-2.83972005064453,-6.20936948445231,-4.62562186208908,-12.9481651746767,-30.05987538907,-39.2082412255699,-21.19888851386,1.42088223003242,0.948956023356042
0.369959493358137,2.60326326457621,3.13210594340122,0.909035690026076,0.024514723811008,0.166013176474413,4.75818314366452e-06,5.86783412357668e-13,5.98997084942146e-17,2.41959822293064e-09,-2.96912269772073,-1.0179951811676,-0.833055337298981,-2.07013186359378,-5.68324231103819,-3.77044905839718,-14.2304055960649,-30.1388815579805,-39.3286209762973,-21.814425275117,1.97476094097333,0.425287112358266
0.121539571232335,0.85522741451912,1.0289634953271,0.298637580557249,0.00805360877166285,0.0545388634427764,1.56316448018833e-06,1.92770845523781e-13,1.96783297037364e-17,7.94889537500881e-10,-2.96912269772073,-1.0179951811676,-0.833055337298981,-2.07013186359378,-5.68324231103819,-3.77044905839718,-14.2304055960649,-30.1388815579805,-39.3286209762973,-21.814425275117,0.861607317649019,0.869507675883567
0.0398976344535353,0.280744373319362,0.337776487002043,0.098033363968223,0.00264374750993118,0.0179034006380652,5.1313793844216e-07,6.32806307445697e-14,6.45977929011276e-18,2.60937338157339e-10,-2.96912269772073,-1.0179951811676,-0.833055337298981,-2.07013186359378,-5.68324231103819,-3.77044905839718,-14.2304055960649,-30.1388815579805,-39.3286209762973,-21.814425275117,-0.252315546001942,1.16819294766538
0.108481059705179,0.763339670160626,0.918409117616933,0.266551221780369,0.00718830916665663,0.0486790733371814,1.39521423010592e-06,1.72059070067869e-13,1.75640413886971e-17,7.09484643580131e-10,-2.96912269772073,-1.0179951811676,-0.833055337298981,-2.07013186359378,-5.68324231103819,-3.77044905839718,-14.2304055960649,-30.1388815579805,-39.3286209762973,-21.814425275117,0.747943011551653,3.76218597039942
0.0917087955802458,0.645319671095643,0.776413820582765,0.225339718992011,0.00607692419049116,0.041152798450237,1.17950006173589e-06,1.45457005374626e-13,1.48484637378786e-17,5.99791173890122e-10,-2.96912269772073,-1.0179951811676,-0.833055337298981,-2.07013186359378,-5.68324231103819,-3.77044905839718,-14.2304055960649,-30.1388815579805,-39.3286209762973,-21.814425275117,0.579985710306904,6.63966262108365
0.102301609677706,0.719857246974821,0.866093411423493,0.25136755783728,0.00677883863421438,0.0459061477971073,1.31573808343119e-06,1.62258000386697e-13,1.65635338684268e-17,6.69069985830863e-10,-2.96912269772073,-1.0179951811676,-0.833055337298981,-2.07013186359378,-5.68324231103819,-3.77044905839718,-14.2304055960649,-30.1388815579805,-39.3286209762973,-21.814425275117,0.689292826447323,3.7973822214952
0.109506043494823,0.77055208853147,0.927086710372538,0.269069732220597,0.00725622793875188,0.0491390177846368,1.40839691815141e-06,1.73684770979715e-13,1.772999531423e-17,7.16188212485587e-10,-2.96912269772073,-1.0179951811676,-0.833055337298981,-2.07013186359378,-5.68324231103819,-3.77044905839718,-14.2304055960649,-30.1388815579805,-39.3286209762973,-21.814425275117,0.75734715820568,4.79933882901444
0.135782991830245,0.955452910202106,1.14954940570375,0.333635405735418,0.00899742431998763,0.0609303618088718,1.74635427532488e-06,2.15361975342407e-13,2.19844652593643e-17,8.88043938957998e-10,-2.96912269772073,-1.0179951811676,-0.833055337298981,-2.07013186359378,-5.68324231103819,-3.77044905839718,-14.2304055960649,-30.1388815579805,-39.3286209762973,-21.814425275117,0.972425381765015,10.2440956449137
0.155704140627935,1.09563040472306,1.31820340612489,0.382584103007771,0.0103174646745154,0.0698696463800139,2.00256739085059e-06,2.46958406517854e-13,2.52098751414575e-17,1.01833165178868e-09,-2.96912269772073,-1.0179951811676,-0.833055337298981,-2.07013186359378,-5.68324231103819,-3.77044905839718,-14.2304055960649,-30.1388815579805,-39.3286209762973,-21.814425275117,1.1093250908533,8.62410644368378
0.127868060337926,0.899758568617403,1.0825409779873,0.314187451730182,0.0084729551199787,0.0573786677931561,1.64455747246907e-06,2.0280830232409e-13,2.07029679666793e-17,8.36278936255676e-10,-2.96912269772073,-1.0179951811676,-0.833055337298981,-2.07013186359378,-5.68324231103819,-3.77044905839718,-14.2304055960649,-30.1388815579805,-39.3286209762973,-21.814425275117,0.912366372430631,5.40506172415462
0.107973038151779,0.759764917055697,0.914108167498483,0.265302950735473,0.0071546460000256,0.0484511071049005,1.38868038076456e-06,1.71253309907616e-13,1.74817882136773e-17,7.06162095923198e-10,-2.96912269772073,-1.0179951811676,-0.833055337298981,-2.07013186359378,-5.68324231103819,-3.77044905839718,-14.2304055960649,-30.1388815579805,-39.3286209762973,-21.814425275117,0.74324896795309,2.20023490376575
0.0336740544791541,0.23695142459842,0.285087173234057,0.0827412673522095,0.0022313527831388,0.0151106725174508,4.33094220524421e-07,5.34095676687182e-14,5.45212674179719e-18,2.20234063024183e-10,-2.96912269772073,-1.0179951811676,-0.833055337298981,-2.07013186359378,-5.68324231103819,-3.77044905839718,-14.2304055960649,-30.1388815579805,-39.3286209762973,-21.814425275117,-0.421904937186812,1.69236217526391
0.0713335341363578,0.501946759803263,0.603915267058752,0.175275211448271,0.00472679284951632,0.0320097383733274,9.17446438864764e-07,1.13140317595647e-13,1.15495290088248e-17,4.66533486855573e-10,-2.96912269772073,-1.0179951811676,-0.833055337298981,-2.07013186359378,-5.68324231103819,-3.77044905839718,-14.2304055960649,-30.1388815579805,-39.3286209762973,-21.814425275117,0.328733960084042,2.15527516597817
0.0923474803298962,0.649813851070098,0.781820975517976,0.226909045479182,0.0061192455270728,0.0414393976211159,1.18771441780584e-06,1.46470007131707e-13,1.49518724380487e-17,6.03968281149188e-10,-2.96912269772073,-1.0179951811676,-0.833055337298981,-2.07013186359378,-5.68324231103819,-3.77044905839718,-14.2304055960649,-30.1388815579805,-39.3286209762973,-21.814425275117,0.586925841090634,1.01305091860359
0.111307673033142,0.783229465589458,0.942339446647956,0.273496556183599,0.00737560979361595,0.0499474691093256,1.4315683286822e-06,1.76542290106211e-13,1.80216950437877e-17,7.27971177127823e-10,-2.96912269772073,-1.0179951811676,-0.833055337298981,-2.07013186359378,-5.68324231103819,-3.77044905839718,-14.2304055960649,-30.1388815579805,-39.3286209762973,-21.814425275117,0.773665614743944,1.05950300236272
0.0370447461597492,0.163450728464349,0.613157886863697,0.109827375035214,0.00222329080938996,0.0181045406200101,6.86499920245231e-07,8.34217233216981e-14,8.10092799395926e-18,1.87644597236691e-10,-3.23779754733422,-1.75341249500316,-0.43130161797874,-2.15101426970418,-6.05093564010072,-3.95376131517092,-14.133828533898,-30.0570364539633,-39.296721857605,-22.33864018845,-0.0578311940163139,0.532168963004
0.250961086037806,1.16290893491378,2.29423745847531,0.859840589998014,0.0269739646180878,0.10682076473183,5.13714684660182e-06,4.51283715223602e-13,2.88744308076969e-16,9.08776541551056e-10,-2.93039172860677,-1.39700977244023,-0.717533814832227,-1.69894260841458,-5.16081749262384,-3.78453728605758,-13.7269470618567,-29.9746145139089,-37.3289244655699,-22.3668562218799,1.54793434103119,0.568427182420507
0.181233664776215,0.839804494803945,1.65680292921474,0.620941133579601,0.0194794760353546,0.0771415161298396,3.70983391968176e-06,3.25898340874562e-13,2.08519137218661e-16,6.56280643697649e-10,-2.93039172860677,-1.39700977244023,-0.717533814832227,-1.69894260841458,-5.16081749262384,-3.78453728605758,-13.7269470618567,-29.9746145139089,-37.3289244655699,-22.3668562218799,1.22242361392528,0.48473919462718
0.00411412590012339,0.0543067236565963,0.112457032877756,0.0433699872131939,0.00103616369010375,0.0067676997328542,1.49984582359208e-07,3.05299992798549e-14,1.5380286417422e-17,2.83403364972862e-11,-3.98848466853847,-1.4082630186296,-0.680339843435469,-1.63314339913405,-5.36738592876368,-3.49074980654391,-14.2078891155732,-29.6152223949205,-37.208600870438,-22.781890791324,-1.50484421683152,0.265665465278673
0.00166386079055273,0.0219630683039824,0.0454805837666723,0.0175399642506425,0.000419051866280115,0.00273703588589561,6.06577124359338e-08,1.23471352045473e-14,6.22019260923729e-18,1.14615779472113e-11,-3.98848466853847,-1.4082630186296,-0.680339843435469,-1.63314339913405,-5.36738592876368,-3.49074980654391,-14.2078891155732,-29.6152223949205,-37.208600870438,-22.781890791324,-2.4101299310679,0.256327793371849
0.219016509680393,2.70899946973728,7.8363111077266,2.62113787317829,0.0477395085717898,0.291511966000217,1.16941382451728e-05,1.85502059859358e-12,7.77337810944227e-16,1.12279751927755e-09,-4.13780734417062,-1.6226198114702,-0.560430977173539,-1.65559065260133,-5.66119513080249,-3.85187340312266,-13.9756220252234,-29.6323244943997,-37.4098558337193,-23.2266416596825,2.61919917883201,0.576427103959711
0.160799588886967,1.98891855990417,5.75333615877459,1.92441151143438,0.0350498387688298,0.214024980842176,8.58571175732456e-06,1.3619363675642e-12,5.70713142166911e-16,8.24345980887942e-10,-4.13780734417062,-1.6226198114702,-0.560430977173539,-1.65559065260133,-5.66119513080249,-3.85187340312266,-13.9756220252234,-29.6323244943997,-37.4098558337193,-23.2266416596825,2.31021086525698,0.33748653801165
0.111685590779026,0.86073860553799,4.34445078881591,1.67601930063227,0.0182510251607844,0.240617977856164,4.43465219332412e-06,7.85225169033361e-13,7.35552866104554e-16,8.77758612238013e-10,-4.17331284371011,-2.13120967787043,-0.512345913194196,-1.46482374530553,-5.98477929052711,-3.40579002049083,-14.3073066316187,-29.8540511419154,-36.8271545218475,-22.8348947523967,1.98124526318949,0.0506561468350267
0.212024542987101,3.02136459138583,6.03976125884544,2.20573063880578,0.0959826229301519,0.602151549524629,1.12292524177016e-05,1.24951390332961e-12,1.51861093004124e-15,3.24898730723131e-09,-4.05060433978494,-1.39384251679628,-0.701186613096892,-1.70849228810101,-4.84313921262424,-3.00679721954017,-13.8965394591177,-29.9078176151642,-36.620531437275,-22.0444735845176,2.4995510975812,0.36476820404982
0.94428896079947,13.4561838455165,26.8991495146816,9.82361316938757,0.427475659112892,2.6817888765783,5.00114701188697e-05,5.56493210010785e-12,6.76340350406795e-15,1.44699420396005e-08,-4.05060433978494,-1.39384251679628,-0.701186613096892,-1.70849228810101,-4.84313921262424,-3.00679721954017,-13.8965394591177,-29.9078176151642,-36.620531437275,-22.0444735845176,3.99328128265029,0.60566634846648
1.2414137801795,17.6902333373781,35.3630893390543,12.9146577646165,0.561982820878017,3.52562595256621,6.5747806815444e-05,7.31596331380196e-12,8.89153919977605e-15,1.90229751612794e-08,-4.05060433978494,-1.39384251679628,-0.701186613096892,-1.70849228810101,-4.84313921262424,-3.00679721954017,-13.8965394591177,-29.9078176151642,-36.620531437275,-22.0444735845176,4.26685521523588,0.753923644693525
1.19676385518494,17.0539687781625,34.0911852311942,12.4501563149571,0.541769986768182,3.39881977653184,6.33830556827141e-05,7.05283008744375e-12,8.57173724115855e-15,1.83387758816471e-08,-4.05060433978494,-1.39384251679628,-0.701186613096892,-1.70849228810101,-4.84313921262424,-3.00679721954017,-13.8965394591177,-29.9078176151642,-36.620531437275,-22.0444735845176,4.23022546635116,0.396443327197094
1.32431169401853,18.8715344171698,37.7245310919298,13.7770601349824,0.599510359405441,3.76105675018651,7.01382494796973e-05,7.80450154828925e-12,9.48528969799652e-15,2.02932727695867e-08,-4.05060433978494,-1.39384251679628,-0.701186613096892,-1.70849228810101,-4.84313921262424,-3.00679721954017,-13.8965394591177,-29.9078176151642,-36.620531437275,-22.0444735845176,4.33149718803618,0.850871549676984
1.18946571985693,19.6704258119082,47.6649061421743,14.3968868419539,1.127572861019,7.4105545394248,0.000118278442292039,4.07578981697563e-11,3.51574605672103e-14,3.48585268138881e-08,-4.34239672398508,-1.53678467542846,-0.651705548549501,-1.84888896370074,-4.39583354332581,-2.51299568224156,-13.5583699881105,-28.4392724302846,-35.4948405051319,-21.6878690131985,4.51590095537896,1.01237927539603
0.856754016797105,31.1017596150346,58.585568643043,6.46248385117167,0.509649809366317,3.91578666233223,4.33210243510353e-05,6.52908783680504e-11,4.38763689624356e-14,1.5134509832935e-08,-4.77399350590662,-1.18212467923415,-0.548900678716601,-2.75337533510051,-5.29342051349638,-3.2543728313608,-14.6662615660456,-28.0715578535688,-35.3767895882687,-22.6256773574049,4.61938907608035,0.222667393435654
0.00645888531684677,0.212579758345243,0.479930701790974,0.108797575943867,0.00305074085306957,0.0325988370168988,1.05498028016819e-06,3.4718321373329e-13,3.61934892572783e-16,4.27537134255742e-11,-4.87200540348041,-1.37814490348058,-0.563820432603876,-2.04797310056852,-5.62207769104546,-3.25318554140641,-13.591695358827,-28.518630636668,-35.3847742088465,-23.7052719363944,-0.170293124167664,0.424074418002867
0.00797974077126079,0.262635312688978,0.592938626495215,0.134415833380591,0.00376909017168848,0.0402747929524205,1.30339350237049e-06,4.28933462945802e-13,4.47158677871513e-16,5.28208093825406e-11,-4.87200540348041,-1.37814490348058,-0.563820432603876,-2.04797310056852,-5.62207769104546,-3.25318554140641,-13.591695358827,-28.518630636668,-35.3847742088465,-23.7052719363944,0.0411560506279307,0.278857655670317
0.0019139780496035,0.0629943049463288,0.142219095632925,0.0322402646883182,0.0009040338605446,0.00966009697218262,3.12625011894815e-07,1.02881692068923e-13,1.07253094889769e-16,1.26693175403115e-11,-4.87200540348041,-1.37814490348058,-0.563820432603876,-2.04797310056852,-5.62207769104546,-3.25318554140641,-13.591695358827,-28.518630636668,-35.3847742088465,-23.7052719363944,-1.38656605087346,0.77222210142728
0.00241714180434833,0.0795548140968397,0.179606929923868,0.0407158752826519,0.00114169440831437,0.0121996301004385,3.94810685259632e-07,1.29928156100537e-13,1.35448752590191e-16,1.59999416218982e-11,-4.87200540348041,-1.37814490348058,-0.563820432603876,-2.04797310056852,-5.62207769104546,-3.25318554140641,-13.591695358827,-28.518630636668,-35.3847742088465,-23.7052719363944,-1.15316410593235,0.618810249445189
0.00176209179008272,0.0579953085621272,0.130933111202441,0.0296817958435564,0.000832293057881427,0.00889350720067675,2.87816240603431e-07,9.47173793252345e-14,9.87418836936907e-17,1.16639270906783e-11,-4.87200540348041,-1.37814490348058,-0.563820432603876,-2.04797310056852,-5.62207769104546,-3.25318554140641,-13.591695358827,-28.518630636668,-35.3847742088465,-23.7052719363944,-1.46924825508653,0.364062321428954
0.0090056541020403,0.296400954474168,0.669169629317557,0.151696970611218,0.00425366228535557,0.0454527114047445,1.47096395455223e-06,4.84079183874277e-13,5.04647518894307e-16,5.96117032275233e-11,-4.87200540348041,-1.37814490348058,-0.563820432603876,-2.04797310056852,-5.62207769104546,-3.25318554140641,-13.591695358827,-28.518630636668,-35.3847742088465,-23.7052719363944,0.16210273813843,0.637304620628446
0.0102165161142674,0.336253768283585,0.759143336357132,0.172093501168775,0.00482559165504047,0.0515640899863688,1.66874352211514e-06,5.49166415520278e-13,5.72500281533209e-16,6.76268397300468e-11,-4.87200540348041,-1.37814490348058,-0.563820432603876,-2.04797310056852,-5.62207769104546,-3.25318554140641,-13.591695358827,-28.518630636668,-35.3847742088465,-23.7052719363944,0.288255762143028,0.384240465571442
0.789090929165386,25.9711623299567,58.6337959002686,13.291949938879,0.372713218504199,3.98264488831857,0.000128888396169185,4.24158521596376e-11,4.42180851133398e-14,5.22328014777744e-09,-4.87200540348041,-1.37814490348058,-0.563820432603876,-2.04797310056852,-5.62207769104546,-3.25318554140641,-13.591695358827,-28.518630636668,-35.3847742088465,-23.7052719363944,4.6351316847943,0.937183378495227
0.195961084810726,2.66454642164364,6.07217014828133,2.34841391811929,0.0779829077174738,0.5088874043257,3.00838154781941e-05,1.4277885201144e-11,1.47164102332928e-14,9.50569049991914e-10,-4.1036842121406,-1.49381118091699,-0.670128964305698,-1.62010485396245,-5.02511063392458,-3.14937352227018,-12.8853682483637,-27.4461542909342,-34.3236582071638,-23.2478053364632,2.47384502579189,0.874280907817626
0.325279035477797,4.42292453552807,10.0792953406936,3.89817098086744,0.129445114220482,0.844710592441071,4.99366213025954e-05,2.37000970441485e-11,2.44280119749522e-14,1.57786523806532e-09,-4.1036842121406,-1.49381118091699,-0.670128964305698,-1.62010485396245,-5.02511063392458,-3.14937352227018,-12.8853682483637,-27.4461542909342,-34.3236582071638,-23.2478053364632,2.98061231782812,2.15896794132534
0.123794155571599,1.68326928056812,3.83596149572045,1.48355944348321,0.0492640067757685,0.321478555603885,1.90047964731974e-05,9.01974360639532e-12,9.2967722628977e-15,6.00501334078164e-10,-4.1036842121406,-1.49381118091699,-0.670128964305698,-1.62010485396245,-5.02511063392458,-3.14937352227018,-12.8853682483637,-27.4461542909342,-34.3236582071638,-23.2478053364632,2.01454908366453,0.423314031682108
0.34508512969754,4.35150851888791,10.4231143836586,3.22406529895329,0.0752837378504838,0.741161690137429,2.41469087879105e-05,2.19512643027775e-11,1.34665148550339e-14,1.20370085822123e-09,-4.01680158994014,-1.48231487936192,-0.608811573441502,-1.78219437184037,-5.53932858259847,-3.25237392247311,-13.5841916368565,-27.4950338291482,-34.8914076221137,-23.4907024278545,2.95283745029741,1.02139317121628
0.202845431328457,2.557872091495,6.12683929554482,1.89514661721441,0.0442527392869247,0.435664274643841,1.41938603168027e-05,1.2903232543241e-11,7.91578882768614e-15,7.07550684639249e-10,-4.01680158994014,-1.48231487936192,-0.608811573441502,-1.78219437184037,-5.53932858259847,-3.25237392247311,-13.5841916368565,-27.4950338291482,-34.8914076221137,-23.4907024278545,2.4214905779435,0.694066531529869
0.333708707113701,4.20805232350958,10.0794955381519,3.11777752784321,0.0728018586219329,0.716727810307989,2.33508575680116e-05,2.12275969017022e-11,1.30225642163706e-14,1.16401844814561e-09,-4.01680158994014,-1.48231487936192,-0.608811573441502,-1.78219437184037,-5.53932858259847,-3.25237392247311,-13.5841916368565,-27.4950338291482,-34.8914076221137,-23.4907024278545,2.91931478901413,0.681372962943157
0.337247483800056,4.25267614404515,10.1863824220128,3.15083965116687,0.0735738777947107,0.724328270264572,2.35984791271935e-05,2.14527025804626e-11,1.31606605430864e-14,1.17636215167799e-09,-4.01680158994014,-1.48231487936192,-0.608811573441502,-1.78219437184037,-5.53932858259847,-3.25237392247311,-13.5841916368565,-27.4950338291482,-34.8914076221137,-23.4907024278545,2.92986334508418,3.52353064694836
0.0578213990664499,0.729125334470961,1.74646487033798,0.540214428916321,0.0126143107159736,0.124186764859333,4.04598149584332e-06,3.67808608379181e-12,2.2564076584513e-15,2.01688400021295e-10,-4.01680158994014,-1.48231487936192,-0.608811573441502,-1.78219437184037,-5.53932858259847,-3.25237392247311,-13.5841916368565,-27.4950338291482,-34.8914076221137,-23.4907024278545,1.16640524418273,2.16770903144261
0.222466965492348,1.87076223133945,4.20979121160858,1.36669844962083,0.0370021445726392,0.492847820477531,1.25403521580459e-05,1.09987742395178e-11,8.2556751925708e-15,6.72327998066988e-10,-3.60705975791,-1.47773714165621,-0.666670046791778,-1.79168515922227,-5.40086250640906,-2.81163793297819,-13.3906420401892,-27.3373203819245,-34.5319586287447,-23.2243579019363,2.10408309981413,1.8117086775594
0.263088380790697,2.21235456328647,4.97847916825704,1.61625111999951,0.0437585610962711,0.582839500591462,1.48301611275357e-05,1.30070983750471e-11,9.76312242107732e-15,7.95091909399823e-10,-3.60705975791,-1.47773714165621,-0.666670046791778,-1.79168515922227,-5.40086250640906,-2.81163793297819,-13.3906420401892,-27.3373203819245,-34.5319586287447,-23.2243579019363,2.27179450328777,3.75535414368716
0.0398930769261686,0.335467611742844,0.75490544978727,0.245078213140254,0.00663527457482349,0.088378137273963,2.24875289782914e-06,1.97231506196698e-12,1.48041883344706e-15,1.20562765294814e-10,-3.60705975791,-1.47773714165621,-0.666670046791778,-1.79168515922227,-5.40086250640906,-2.81163793297819,-13.3906420401892,-27.3373203819245,-34.5319586287447,-23.2243579019363,0.385507277146634,6.66757481919112
0.0595356014624387,0.500644913232474,1.12660525242354,0.365749647530286,0.00990234629962605,0.131893700966542,3.35599223294902e-06,2.94344213420663e-12,2.20934639433082e-15,1.79925372993557e-10,-3.60705975791,-1.47773714165621,-0.666670046791778,-1.79168515922227,-5.40086250640906,-2.81163793297819,-13.3906420401892,-27.3373203819245,-34.5319586287447,-23.2243579019363,0.785878956449641,5.76831336255411
0.065304838234781,0.549159398218893,1.23577778600912,0.40119224429878,0.0108619230738745,0.144674725613393,3.68120123936579e-06,3.22867339383605e-12,2.42344085458511e-15,1.97360857857294e-10,-3.60705975791,-1.47773714165621,-0.666670046791778,-1.79168515922227,-5.40086250640906,-2.81163793297819,-13.3906420401892,-27.3373203819245,-34.5319586287447,-23.2243579019363,0.878370604881792,2.86018268980697
0.0664718152350562,0.558972704622049,1.25786074789533,0.408361424017169,0.0110560222363348,0.147260017635785,3.74698315225072e-06,3.28636877589123e-12,2.46674698343057e-15,2.00887634557147e-10,-3.60705975791,-1.47773714165621,-0.666670046791778,-1.79168515922227,-5.40086250640906,-2.81163793297819,-13.3906420401892,-27.3373203819245,-34.5319586287447,-23.2243579019363,0.896082505696123,4.5039582462231
0.155315243641308,0.404286940621152,1.66003338429489,0.221230765255976,0.0107775445930778,0.0375951018867039,6.96278997315093e-06,1.68010600209929e-12,1.89872740452336e-15,6.70723374600801e-11,-2.77427822808862,-1.81761023460378,-0.405142117350303,-2.42052876610702,-5.44227034428039,-4.19286133658022,-12.7869101362663,-28.0241440585538,-34.8095723507764,-24.3372292459094,0.911979830537551,3.51813340541508
0.0940373876304526,0.244780144291064,1.00508616655135,0.1339466928063,0.00652538743038227,0.0227623836929428,4.21570068941052e-06,1.01723936218738e-12,1.14960618647376e-15,4.06097125378142e-11,-2.77427822808862,-1.81761023460378,-0.405142117350303,-2.42052876610702,-5.44227034428039,-4.19286133658022,-12.7869101362663,-28.0241440585538,-34.8095723507764,-24.3372292459094,0.410215393048103,2.98769254611422
0.0344121978321058,0.0895752525986559,0.36780290130558,0.0490166752602771,0.00238791111539484,0.00832970449849232,1.54270051285389e-06,3.72250261903928e-13,4.20688797453751e-16,1.48607856616347e-11,-2.77427822808862,-1.81761023460378,-0.405142117350303,-2.42052876610702,-5.44227034428039,-4.19286133658022,-12.7869101362663,-28.0241440585538,-34.8095723507764,-24.3372292459094,-0.595065961223068,0.621041623936034
0.183055807311078,0.476495871014738,1.9565288261546,0.260744376318317,0.0127025015707621,0.0443098923548448,8.20640080001547e-06,1.98018657648796e-12,2.23785553658463e-15,7.9052001555954e-11,-2.77427822808862,-1.81761023460378,-0.405142117350303,-2.42052876610702,-5.44227034428039,-4.19286133658022,-12.7869101362663,-28.0241440585538,-34.8095723507764,-24.3372292459094,1.07631401344171,3.14083156906415
0.209865103747395,0.546280704636576,2.24307073955831,0.298931491938971,0.0145628365969797,0.0507992633103568,9.40826287123054e-06,2.27019326738778e-12,2.56559893540504e-15,9.06295011978871e-11,-2.77427822808862,-1.81761023460378,-0.405142117350303,-2.42052876610702,-5.44227034428039,-4.19286133658022,-12.7869101362663,-28.0241440585538,-34.8095723507764,-24.3372292459094,1.21298791031274,1.3903556832801
0.250322939543086,0.832481639830758,3.317091745666,0.717100915200312,0.0146929695149742,0.0580702053048685,1.31395444414807e-05,2.56991176626736e-12,5.9581995672451e-15,6.78078843074925e-10,-3.03169350180901,-1.83003417688776,-0.447601646447242,-1.9792287671021,-5.86707622914943,-4.49279262939194,-12.8865742803666,-28.3338396150621,-34.400698110763,-22.7584476122876,1.64669006525968,1.62595456613653
0.757666548650729,2.12426157421251,4.26671404429599,0.485629046332944,0.0282350859851752,0.0324319404510257,2.3078852541108e-05,1.95902575950564e-12,9.83498752969533e-15,1.08025468521352e-09,-2.31807764017981,-1.2871414931218,-0.589721754292063,-2.76287596629755,-5.60775563114171,-5.46917726601178,-12.7171595747698,-28.9991395683586,-34.2933959516419,-22.686634744589,2.04056574061975,2.40004919814289
0.218088942825833,0.398179451553281,1.17753179975937,0.15285771617492,0.00764656462548224,0.014876720562079,7.88411682782618e-06,4.82803406881225e-13,3.29853915193848e-15,1.22875841215742e-09,-2.20047412870384,-1.59847431593286,-0.514201271208686,-2.55586957382902,-5.55112062448712,-4.88557949011808,-12.4282821743569,-29.0367886731235,-34.0229185295988,-21.1948834222983,0.67762182391753,4.81073694670486
0.134221906187999,0.245057838787611,0.724706904957156,0.0940756270111629,0.00470604546256886,0.00915581398027634,4.8522459485019e-06,2.97139289805307e-13,2.03007179947909e-15,7.56234104248095e-10,-2.20047412870384,-1.59847431593286,-0.514201271208686,-2.55586957382902,-5.55112062448712,-4.88557949011808,-12.4282821743569,-29.0367886731235,-34.0229185295988,-21.1948834222983,0.192213296317859,6.95033619157948
0.244925795266808,0.447177273487323,1.3224325303752,0.171667564672039,0.00858750974574138,0.0167073697887524,8.85429384457089e-06,5.42214597657728e-13,3.70443964072231e-15,1.37996281420273e-09,-2.20047412870384,-1.59847431593286,-0.514201271208686,-2.55586957382902,-5.55112062448712,-4.88557949011808,-12.4282821743569,-29.0367886731235,-34.0229185295988,-21.1948834222983,0.793674137928078,5.99512559247318
0.266522004617587,0.486606905652539,1.43903735653144,0.186804266224267,0.00934470911736684,0.0181805337536412,9.6350167705182e-06,5.90024098291619e-13,4.03107675104063e-15,1.50164034432711e-09,-2.20047412870384,-1.59847431593286,-0.514201271208686,-2.55586957382902,-5.55112062448712,-4.88557949011808,-12.4282821743569,-29.0367886731235,-34.0229185295988,-21.1948834222983,0.878175658840502,2.06806017310207
0.176914331084149,0.323004231256505,0.955216931154139,0.123998586346182,0.00620291358324044,0.012068035329365,6.39561656226678e-06,3.916514091306e-13,2.67578374244359e-15,9.9677209552277e-10,-2.20047412870384,-1.59847431593286,-0.514201271208686,-2.55586957382902,-5.55112062448712,-4.88557949011808,-12.4282821743569,-29.0367886731235,-34.0229185295988,-21.1948834222983,0.468384459952917,8.73439888499014
0.198704301374341,0.362787625623453,1.07286793445605,0.139271094208894,0.00696690653883173,0.013554416504233,7.18334412523604e-06,4.39889856048775e-13,3.00535143712115e-15,1.11954131503389e-09,-2.20047412870384,-1.59847431593286,-0.514201271208686,-2.55586957382902,-5.55112062448712,-4.88557949011808,-12.4282821743569,-29.0367886731235,-34.0229185295988,-21.1948834222983,0.584536646626145,4.18703528526714
0.147026740346567,0.268436474019755,0.793844290910737,0.103050486901425,0.00515500445445255,0.0100292830207169,5.315152536791e-06,3.25486520417739e-13,2.22374162179485e-15,8.28379200119304e-10,-2.20047412870384,-1.59847431593286,-0.514201271208686,-2.55586957382902,-5.55112062448712,-4.88557949011808,-12.4282821743569,-29.0367886731235,-34.0229185295988,-21.1948834222983,0.283333327076842,3.40257463997528
0.122382729786692,0.223442268987359,0.660783413399711,0.085777592995101,0.00429094405351955,0.00834821632436007,4.42424878054053e-06,2.70929823946308e-13,1.85100730230463e-15,6.89529724798014e-10,-2.20047412870384,-1.59847431593286,-0.514201271208686,-2.55586957382902,-5.55112062448712,-4.88557949011808,-12.4282821743569,-29.0367886731235,-34.0229185295988,-21.1948834222983,0.0998721133309251,2.99393850417654
0.0944862758854929,0.172509862370432,0.510161556355738,0.0662250738372558,0.00331284752641749,0.00644528743679839,3.4157661917888e-06,2.09172896662929e-13,1.4290806140413e-15,5.32355307992138e-10,-2.20047412870384,-1.59847431593286,-0.514201271208686,-2.55586957382902,-5.55112062448712,-4.88557949011808,-12.4282821743569,-29.0367886731235,-34.0229185295988,-21.1948834222983,-0.158826555050259,2.47146114628376
0.115592260703031,0.559161889421507,0.703216850538139,0.122321920734347,0.00283282849372922,0.0469154235797349,7.96120054289283e-06,2.35946093020492e-13,2.21947305172229e-15,1.70233823605102e-09,-2.59597290523565,-1.01960287366428,-0.790376601559379,-2.53938564626233,-6.30476623002838,-3.49769542793255,-12.1792173788239,-29.5134596666963,-34.1797932226058,-20.6295497292694,0.438286631314891,0.590043187837247
0.300653022127488,1.45436823270542,1.82905213583837,0.318156725351215,0.00736812691981736,0.122026023177074,2.07069140133268e-05,6.13690791185676e-13,5.772802404524e-15,4.42774570061241e-09,-2.59597290523565,-1.01960287366428,-0.790376601559379,-2.53938564626233,-6.30476623002838,-3.49769542793255,-12.1792173788239,-29.5134596666963,-34.1797932226058,-20.6295497292694,1.39417447566757,2.68332222807968
0.212004700057428,2.17243937949712,2.98698434254323,0.252033920597164,0.0109746699577522,0.169740534241184,3.73146985851397e-05,5.03016869785865e-13,2.6287034434633e-14,5.86825635348415e-09,-3.30973118939294,-0.982733680719815,-0.664320057566048,-3.1367759499042,-6.27074974757893,-3.53206863195594,-11.9547075999118,-30.0767370419509,-33.0282849194807,-20.7122926458514,1.75858435491927,3.20128015887261
0.0832713689553253,0.794713183462158,0.768037215413345,0.102320147769297,0.00403711878576543,0.0788067265192253,1.29626491754595e-05,1.76811381417145e-13,8.60508338142074e-15,1.10897038395246e-09,-3.09062129211872,-0.834744798149693,-0.86888788264648,-2.88461947073223,-6.11719480648478,-3.14572771704977,-11.8584092694501,-29.9686636654552,-32.9913940686212,-21.2248046273249,0.604970793207445,0.890327782324023
0.0596773024950912,0.569539562532617,0.550421949425374,0.0733288102066235,0.00289324364435504,0.0564776695295938,9.28981888596865e-06,1.26713736375186e-13,6.1669235223458e-15,7.94755290941998e-10,-3.09062129211872,-0.834744798149693,-0.86888788264648,-2.88461947073223,-6.11719480648478,-3.14572771704977,-11.8584092694501,-29.9686636654552,-32.9913940686212,-21.2248046273249,0.271817768531524,0.597160869169399
0.121908099582273,1.16344879547767,1.12439555773046,0.149795240789477,0.00591028447274114,0.115371926567136,1.89771339940357e-05,2.58849347182519e-13,1.25977196596684e-14,1.62351686656188e-09,-3.09062129211872,-0.834744798149693,-0.86888788264648,-2.88461947073223,-6.11719480648478,-3.14572771704977,-11.8584092694501,-29.9686636654552,-32.9913940686212,-21.2248046273249,0.986133491897792,1.25169960226379
0.135618000336179,1.29429135288695,1.25084615090219,0.166641355950555,0.00657496068233084,0.128346763091061,2.1111320520963e-05,2.8795979080559e-13,1.40144711868548e-14,1.80609911654464e-09,-3.09062129211872,-0.834744798149693,-0.86888788264648,-2.88461947073223,-6.11719480648478,-3.14572771704977,-11.8584092694501,-29.9686636654552,-32.9913940686212,-21.2248046273249,1.09270812567495,1.69907108498306
0.184111872644792,1.75710012046542,1.69811991521967,0.226228465454961,0.00892601513655325,0.174240608488672,2.86602423386569e-05,3.90927577461682e-13,1.90257231926609e-14,2.45191854845859e-09,-3.09062129211872,-0.834744798149693,-0.86888788264648,-2.88461947073223,-6.11719480648478,-3.14572771704977,-11.8584092694501,-29.9686636654552,-32.9913940686212,-21.2248046273249,1.39840958949063,6.05623006117271
0.179584777613652,1.7138950891423,1.65636513797451,0.220665772798852,0.00870653489232945,0.169956236266605,2.79555205908479e-05,3.81315126792208e-13,1.85579029717699e-14,2.39162874683942e-09,-3.09062129211872,-0.834744798149693,-0.86888788264648,-2.88461947073223,-6.11719480648478,-3.14572771704977,-11.8584092694501,-29.9686636654552,-32.9913940686212,-21.2248046273249,1.37351340825029,3.26495729592278
0.40201176272192,4.11232201759292,5.2180407662978,0.381321499591168,0.0160991193188982,0.277967782551299,0.000139924704872068,1.76396985562407e-12,2.65120961388322e-14,6.05274553436957e-09,-3.25383934005986,-0.928577573012858,-0.690443410457996,-3.30667783850362,-6.47155611894836,-3.62281547188147,-11.2169715121466,-29.4060196569094,-33.6037407177656,-21.2653192702802,2.34256540977095,1.71796492267844
0.0649213228220977,0.493949966336771,0.63104979902532,0.0657556232560023,0.00517788123527059,0.0163926557630192,2.8680712647212e-05,2.26875842608449e-13,3.06035209715649e-15,7.97982363426095e-10,-2.97930879076765,-0.95005068005463,-0.70510012916607,-2.96653971718707,-5.50808896473742,-4.35565149419299,-10.7040153247243,-29.3591031063337,-33.6649760515475,-21.1936642501047,0.244729630411888,0.953946086758377
0.228862283929921,1.06942992784842,2.36653943199101,0.129830619671596,0.0177883419730305,0.0503526497612627,9.68410592601881e-05,9.73741894605415e-13,1.25301247091176e-14,1.92744992246625e-09,-2.82605305869238,-1.2842924933586,-0.489989489340762,-3.39294282581942,-5.38063020373403,-4.3401222565091,-10.5938577098478,-29.0090483438014,-33.3620588953538,-21.418486213535,1.35141822214418,1.19885711282965
0.185222565345096,0.865509822289284,1.91528502231466,0.105074370590831,0.0143964408503825,0.0407513496787441,7.83752967894046e-05,7.88067691214845e-13,1.01408663885719e-14,1.55992159600541e-09,-2.82605305869238,-1.2842924933586,-0.489989489340762,-3.39294282581942,-5.38063020373403,-4.3401222565091,-10.5938577098478,-29.0090483438014,-33.3620588953538,-21.418486213535,1.13985593761612,1.75537916169501
0.13858912763654,0.867243043144894,1.84440756395527,0.101319590147446,0.0221790190021344,0.0634620862692234,0.000166014282102563,5.24228662502248e-13,1.55967210742199e-14,2.07861158796547e-09,-3.08723247895915,-1.25342685438081,-0.498832717094672,-3.40046633846178,-4.91959936645208,-3.86830345750026,-9.81442757602136,-29.3878392664292,-32.9027065297728,-21.1025565113753,1.1109908394751,0.814225206317215
0.440137203266225,2.75422707445663,5.85754741895287,0.321775032458024,0.0704370650227986,0.201545573165232,0.000527235166805444,1.66486752114383e-12,4.95327253356678e-14,6.60134244731818e-09,-3.08723247895915,-1.25342685438081,-0.498832717094672,-3.40046633846178,-4.91959936645208,-3.86830345750026,-9.81442757602136,-29.3878392664292,-32.9027065297728,-21.1025565113753,2.26656370388688,0.742716705177003
0.170981578324154,1.06994384650749,2.27550112866815,0.125001028103731,0.0273629233356002,0.078295086051141,0.000204816816891224,6.46756680310917e-13,1.92421442535195e-14,2.56444568267495e-09,-3.08723247895915,-1.25342685438081,-0.498832717094672,-3.40046633846178,-4.91959936645208,-3.86830345750026,-9.81442757602136,-29.3878392664292,-32.9027065297728,-21.1025565113753,1.32103302157796,0.78057165024952
0.22241879993145,1.39182026898283,2.96005122447469,0.16260569666938,0.0355946449352707,0.101848978414561,0.000266432858236693,8.41323644876429e-13,2.50308522995487e-14,3.33592037703966e-09,-3.08723247895915,-1.25342685438081,-0.498832717094672,-3.40046633846178,-4.91959936645208,-3.86830345750026,-9.81442757602136,-29.3878392664292,-32.9027065297728,-21.1025565113753,1.58403929084668,0.614365461225447
2.39691075866357,14.999042247684,31.8991858076987,1.75233093554567,0.383588021437285,1.09758218368229,0.0028712311394803,9.06657933836476e-12,2.69746618513356e-13,3.5949764337528e-08,-3.08723247895915,-1.25342685438081,-0.498832717094672,-3.40046633846178,-4.91959936645208,-3.86830345750026,-9.81442757602136,-29.3878392664292,-32.9027065297728,-21.1025565113753,3.96141320329011,0.337869113123356
0.395623776983611,2.47567737919206,5.26514236140365,0.289232204720187,0.0633133884097139,0.181162192830415,0.000473913058251489,1.49649057613033e-12,4.45232162520364e-14,5.93371342569863e-09,-3.08723247895915,-1.25342685438081,-0.498832717094672,-3.40046633846178,-4.91959936645208,-3.86830345750026,-9.81442757602136,-29.3878392664292,-32.9027065297728,-21.1025565113753,2.15994090151803,0.878146242232925
0.221389364585485,1.38537841703254,2.94635102756113,0.161853098185536,0.0354298999333431,0.101377584187262,0.000265199709772265,8.37429692127389e-13,2.49150003836823e-14,3.32048052056842e-09,-3.08723247895915,-1.25342685438081,-0.498832717094672,-3.40046633846178,-4.91959936645208,-3.86830345750026,-9.81442757602136,-29.3878392664292,-32.9027065297728,-21.1025565113753,1.57940018199513,0.944899189716622
0.367385629878649,1.29088336678887,4.23567350947165,0.292791759894485,0.0464033029515564,0.12410670091751,0.000581188687341353,1.87627006060764e-12,2.84408274352581e-14,3.71137894757885e-09,-2.85102963042521,-1.59435964597023,-0.406144060871977,-3.077980050173,-4.92007104842777,-3.93630000256237,-9.3001215012156,-28.8514217306025,-33.0406371067773,-21.2615487558461,1.84968641044514,0.928454780932429
0.25773668838709,0.905609738083759,2.97150561871661,0.205405907158532,0.0325538961251899,0.0870661438545969,0.000407728651915097,1.31628347058809e-12,1.99524534494542e-14,2.60369062234279e-09,-2.85102963042521,-1.59435964597023,-0.406144060871977,-3.077980050173,-4.92007104842777,-3.93630000256237,-9.3001215012156,-28.8514217306025,-33.0406371067773,-21.2615487558461,1.49521282756356,0.471706264419644
1.11478099917526,4.01877639774426,11.2275648247567,0.974765208090297,0.255706247887428,0.0992427354885758,0.00197145420672511,4.63797142214038e-12,1.52287696374707e-13,4.94417362343764e-09,-2.76450024978025,-1.48218074447722,-0.454786322393804,-2.89871687130427,-4.23688418464411,-5.1833447782684,-9.10214205465252,-28.9699022608965,-32.3861631458361,-21.9982142215034,2.87315822210498,0.77313852317454
1.0143021988501,3.65655114317037,10.2155882616478,0.886906481775374,0.232658620557589,0.0902976682419539,0.00179376069227315,4.21993612661255e-12,1.38561516033158e-13,4.49853933773503e-09,-2.76450024978025,-1.48218074447722,-0.454786322393804,-2.89871687130427,-4.23688418464411,-5.1833447782684,-9.10214205465252,-28.9699022608965,-32.3861631458361,-21.9982142215034,2.77870113702756,0.606338059106437
0.521601987827024,1.88037090625563,5.25333687547824,0.456089106811722,0.119644026312386,0.0464353161262436,0.000922436275733568,2.17009001325204e-12,7.12548610080479e-14,2.31336091308961e-09,-2.76450024978025,-1.48218074447722,-0.454786322393804,-2.89871687130427,-4.23688418464411,-5.1833447782684,-9.10214205465252,-28.9699022608965,-32.3861631458361,-21.9982142215034,2.11364979242136,0.887121321618826
1.05327991219939,3.79706548146825,10.6081539796441,0.920988618887427,0.241599250904852,0.0937676366920215,0.00186269151994946,4.38210028329277e-12,1.43886172786644e-13,4.67140968840125e-09,-2.76450024978025,-1.48218074447722,-0.454786322393804,-2.89871687130427,-4.23688418464411,-5.1833447782684,-9.10214205465252,-28.9699022608965,-32.3861631458361,-21.9982142215034,2.81640927115844,0.943861051053896
1.45662899768893,5.2511356405545,14.6705016584173,1.27367731338538,0.334118661726942,0.129675556391417,0.00257600135565296,6.06020704420002e-12,1.98986773810065e-13,6.46030626180038e-09,-2.76450024978025,-1.48218074447722,-0.454786322393804,-2.89871687130427,-4.23688418464411,-5.1833447782684,-9.10214205465252,-28.9699022608965,-32.3861631458361,-21.9982142215034,3.14062511017515,1.87580974022007
0.406201224254944,1.46435209604246,4.09107311713421,0.355182606431522,0.0931736287381609,0.0361618297079815,0.000718353751029807,1.6899728925472e-12,5.54902252120699e-14,1.80154611556457e-09,-2.76450024978025,-1.48218074447722,-0.454786322393804,-2.89871687130427,-4.23688418464411,-5.1833447782684,-9.10214205465252,-28.9699022608965,-32.3861631458361,-21.9982142215034,1.86359363386143,1.12946957269775
0.171290976722238,0.617502572170834,1.72516444617161,0.149776937974517,0.0392903834807202,0.0152490804086197,0.000302922562263748,7.12644596109912e-13,2.33996706744212e-14,7.59693903708005e-10,-2.76450024978025,-1.48218074447722,-0.454786322393804,-2.89871687130427,-4.23688418464411,-5.1833447782684,-9.10214205465252,-28.9699022608965,-32.3861631458361,-21.9982142215034,1.00010869944738,1.57899087648186
0.228816476408622,1.61041676102223,1.93276892744823,0.264690051231297,0.0798036479213518,0.0579337836953356,0.000702875833176107,4.96199652528259e-13,6.17118626971951e-14,2.40472466110248e-09,-2.90398111033907,-0.952653097269001,-0.770192448360549,-2.75834185607323,-3.95733216281631,-4.27760068159692,-8.68947640651483,-29.760944124464,-31.8454463188889,-21.274976526516,1.42914610054526,4.42252496043462
0.108616622052652,0.764446824042678,0.917463791955514,0.1256454067772,0.0378818990692655,0.027500519134291,0.000333647296384796,2.35540425091908e-13,2.92939309788875e-14,1.1414958999247e-09,-2.90398111033907,-0.952653097269001,-0.770192448360549,-2.75834185607323,-3.95733216281631,-4.27760068159692,-8.68947640651483,-29.760944124464,-31.8454463188889,-21.274976526516,0.684050284719716,4.22891572669175
0.245074179579485,1.72483893067109,2.07009463062096,0.283496617754566,0.08547379912821,0.0620500530902097,0.000752816059689094,5.31455272188635e-13,6.60965694350978e-14,2.57558342250584e-09,-2.90398111033907,-0.952653097269001,-0.770192448360549,-2.75834185607323,-3.95733216281631,-4.27760068159692,-8.68947640651483,-29.760944124464,-31.8454463188889,-21.274976526516,1.49778676986874,2.72044805074227
0.0718313155556933,0.599881179530371,1.08604574006132,0.119149096449404,0.0528316930667315,0.0492413766028243,0.000532775886386081,1.01003396599383e-13,3.05372745915155e-14,1.00894076281985e-09,-3.3162856930732,-1.19387462235369,-0.600307606315309,-2.81023060362981,-3.62349496573071,-3.69387196591405,-8.22026064290697,-30.6064731937983,-31.802679284581,-21.3972157509596,0.682850944860304,1.42581831810725
0.0592712126124566,0.494988636350233,0.896144633688606,0.0983152177236576,0.0435937792341617,0.0406312494679727,0.000439617074983066,8.33423938864195e-14,2.51976631767985e-14,8.32521888313513e-10,-3.3162856930732,-1.19387462235369,-0.600307606315309,-2.81023060362981,-3.62349496573071,-3.69387196591405,-8.22026064290697,-30.6064731937983,-31.802679284581,-21.3972157509596,0.490654148808512,0.654692251450099
0.0377568925018073,0.315317198831261,0.570861217594546,0.0626286681724439,0.0277700685331658,0.0258828805883743,0.000280044458523634,5.30906939155735e-14,1.60513918634285e-14,5.30332315756414e-10,-3.3162856930732,-1.19387462235369,-0.600307606315309,-2.81023060362981,-3.62349496573071,-3.69387196591405,-8.22026064290697,-30.6064731937983,-31.802679284581,-21.3972157509596,0.0396984559492122,0.211015553009602
0.0205792161499571,0.171862151797501,0.311145213763117,0.0341354601532149,0.0151359448560494,0.0141073419690508,0.00015263691108265,2.89368322773783e-14,8.74873541696649e-15,2.89055127000617e-10,-3.3162856930732,-1.19387462235369,-0.600307606315309,-2.81023060362981,-3.62349496573071,-3.69387196591405,-8.22026064290697,-30.6064731937983,-31.802679284581,-21.3972157509596,-0.567187944179948,0.213336235705914
0.0367705296760078,0.307079837580001,0.555948012444017,0.060992553915645,0.0270446019638577,0.0252067150052094,0.000272728563990055,5.17037501444007e-14,1.56320645515829e-14,5.16477889533248e-10,-3.3162856930732,-1.19387462235369,-0.600307606315309,-2.81023060362981,-3.62349496573071,-3.69387196591405,-8.22026064290697,-30.6064731937983,-31.802679284581,-21.3972157509596,0.0132271144135652,0.872626975748016
0.390107791245828,3.25788717840052,5.89819219611499,0.647085334373068,0.286922979630806,0.267424374951591,0.00289344588302809,5.48538080513944e-13,1.65844501794304e-13,5.47944374172521e-09,-3.3162856930732,-1.19387462235369,-0.600307606315309,-2.81023060362981,-3.62349496573071,-3.69387196591405,-8.22026064290697,-30.6064731937983,-31.802679284581,-21.3972157509596,2.37495350283649,0.65395803609467
0.322415396477864,2.69257115565335,4.87472441742317,0.534801609500372,0.237135449002047,0.221020286732826,0.00239136854607418,4.53354500168551e-13,1.370667851286e-13,4.5286381510725e-09,-3.3162856930732,-1.19387462235369,-0.600307606315309,-2.81023060362981,-3.62349496573071,-3.69387196591405,-8.22026064290697,-30.6064731937983,-31.802679284581,-21.3972157509596,2.1843711794079,0.629251750383698
0.155785183174684,1.30100080603044,2.35537708369491,0.258406290792168,0.114579482752869,0.106792933061304,0.00115546525090938,2.19052547190233e-13,6.62281468617456e-14,2.18815457203245e-09,-3.3162856930732,-1.19387462235369,-0.600307606315309,-2.81023060362981,-3.62349496573071,-3.69387196591405,-8.22026064290697,-30.6064731937983,-31.802679284581,-21.3972157509596,1.45700844143071,0.424325684298622
0.0807556213214107,0.403637613031283,1.06844945236656,0.10969345599882,0.0277220593991011,0.0919288774609173,0.000577364551691158,7.2550161562024e-14,2.10611797052171e-14,5.93985178017079e-10,-3.09449292380382,-1.48540301940021,-0.511956730828184,-2.78823078548075,-4.16369203291211,-2.96490529037258,-8.03520190399282,-30.832663407066,-32.0695100917706,-21.8223319680994,0.578165218388956,0.465846907374763
0.111894063103704,0.559275649230581,1.48043131227231,0.151989995083365,0.0384113676919385,0.127375598718072,0.000799989703795938,1.00524672130195e-13,2.91821291498033e-14,8.23019053090815e-10,-3.09449292380382,-1.48540301940021,-0.511956730828184,-2.78823078548075,-4.16369203291211,-2.96490529037258,-8.03520190399282,-30.832663407066,-32.0695100917706,-21.8223319680994,0.904290203358568,0.0770857729676326
0.0230362676247534,0.115141261067111,0.304784820245221,0.0312910453504611,0.00790796688796808,0.026223539476024,0.000164698433522881,2.06955863952814e-14,6.00789102038366e-15,1.69439616735515e-10,-3.09449292380382,-1.48540301940021,-0.511956730828184,-2.78823078548075,-4.16369203291211,-2.96490529037258,-8.03520190399282,-30.832663407066,-32.0695100917706,-21.8223319680994,-0.676192527926715,0.0789006551568187
0.203121536025981,1.01525430199418,2.68743017983906,0.275907768522997,0.0697282392830277,0.231225201285833,0.00145222304859373,1.82482655873075e-13,5.29743824917943e-14,1.49402827643785e-09,-3.09449292380382,-1.48540301940021,-0.511956730828184,-2.78823078548075,-4.16369203291211,-2.96490529037258,-8.03520190399282,-30.832663407066,-32.0695100917706,-21.8223319680994,1.50054214434972,0.115343129734424
0.139977273943386,0.699642846016398,1.85199047745946,0.190136496864182,0.0480518661027745,0.159344370745905,0.00100077139764196,1.25754389272612e-13,3.65062700642789e-14,1.02958066102531e-09,-3.09449292380382,-1.48540301940021,-0.511956730828184,-2.78823078548075,-4.16369203291211,-2.96490529037258,-8.03520190399282,-30.832663407066,-32.0695100917706,-21.8223319680994,1.1282177252784,0.0398145521019969
0.196740101361703,0.983358230693423,2.60299964409686,0.26723962120271,0.067537599078422,0.223960838561876,0.00140659880468601,1.76749629387548e-13,5.13100953493979e-14,1.44709064481491e-09,-3.09449292380382,-1.48540301940021,-0.511956730828184,-2.78823078548075,-4.16369203291211,-2.96490529037258,-8.03520190399282,-30.832663407066,-32.0695100917706,-21.8223319680994,1.46862122011254,0.141203429247849
0.0643957022357505,0.321866479566299,0.851997070454162,0.0874711507895682,0.0221059717356543,0.0733054185327716,0.000460398856993549,5.78525497625639e-14,1.67944897808768e-14,4.7365238518567e-10,-3.09449292380382,-1.48540301940021,-0.511956730828184,-2.78823078548075,-4.16369203291211,-2.96490529037258,-8.03520190399282,-30.832663407066,-32.0695100917706,-21.8223319680994,0.351784540235369,0.181981948252327
0.0278813465504773,0.0815169073967664,0.173912136980799,0.0283333450846288,0.00688689505332859,0.0395835522237914,0.000408882088887429,3.73054227257262e-14,5.82737979932269e-15,1.05972577725311e-10,-2.5540351140332,-1.48118254538692,-0.723442785040573,-2.53795361426573,-3.9523726587655,-2.20357931274391,-6.77632145257148,-29.8938754152983,-31.7504466475098,-21.9420784738472,-1.02576228214268,0.447169514436501
0.0384649580061545,0.11246029362791,0.239928262920017,0.0390885327895139,0.00950112393386333,0.0546092589633729,0.000564091563872278,5.14663635756979e-14,8.03942230196997e-15,1.46199206865001e-10,-2.5540351140332,-1.48118254538692,-0.723442785040572,-2.53795361426573,-3.9523726587655,-2.2035793127439,-6.77632145257148,-29.8938754152983,-31.7504466475098,-21.9420784738472,-0.703972519780357,1.28126483552272
0.0720174085689305,0.210557851452411,0.449214366363793,0.073184919006334,0.0177888228579269,0.102244159834582,0.00105614082872979,9.63597602939048e-14,1.50520991206205e-14,2.7372675180266e-10,-2.5540351140332,-1.48118254538692,-0.723442785040572,-2.53795361426573,-3.9523726587655,-2.2035793127439,-6.77632145257148,-29.8938754152983,-31.7504466475098,-21.9420784738472,-0.0768122894787353,1.21183093554599
0.057506781840007,0.168133020456921,0.358703167459213,0.058439053208192,0.0142045926895884,0.081643212535125,0.000843341373106428,7.69444475091482e-14,1.20192853028749e-14,2.18574160227147e-10,-2.5540351140332,-1.48118254538692,-0.723442785040572,-2.53795361426573,-3.9523726587655,-2.2035793127439,-6.77632145257148,-29.8938754152983,-31.7504466475098,-21.9420784738472,-0.301817279056999,0.937299122028694
0.0788743486665282,0.230605539965198,0.491985080588933,0.0801530204091173,0.0194825368524652,0.111979057177409,0.0011566983819816,1.05534390668473e-13,1.64852434681349e-14,2.99788893964084e-10,-2.5540351140332,-1.48118254538692,-0.723442785040572,-2.53795361426573,-3.9523726587655,-2.2035793127439,-6.77632145257148,-29.8938754152983,-31.7504466475098,-21.9420784738472,0.0141358980847275,1.22115362873147
0.0497987057359486,0.353813622056152,1.32670544686137,0.271301225576132,0.023306752212748,0.120583771342504,0.00157374988322003,1.04060261032174e-13,1.27835144138338e-14,5.90922932514667e-10,-3.76387658900572,-1.80309530033889,-0.48141154297493,-2.06863584638562,-4.52312247033275,-2.8795208742049,-7.21840435128911,-30.6579165350526,-32.7547302949858,-22.0134458133404,0.764110304478483,0.582535523871892
0.0317687521152243,0.225713039886847,0.846362889323673,0.173074806995694,0.0148683870939089,0.0769256125091126,0.00100396323945602,6.63845493355912e-14,8.15515774100364e-15,3.76975342728801e-10,-3.76387658900572,-1.80309530033889,-0.48141154297493,-2.06863584638562,-4.52312247033275,-2.8795208742049,-7.21840435128911,-30.6579165350526,-32.7547302949858,-22.0134458133404,0.314604478818572,0.400966929565906
0.820748082059021,5.83131323228977,21.8658484166724,4.47140055672434,0.384125890320659,1.98737894076151,0.0259374652253468,1.7150497869077e-12,2.10689108925054e-13,9.73918611615635e-09,-3.76387658900572,-1.80309530033889,-0.48141154297493,-2.06863584638562,-4.52312247033275,-2.8795208742049,-7.21840435128911,-30.6579165350526,-32.7547302949858,-22.0134458133404,3.56633752958747,0.466589357806156
0.516878073943498,3.67235454818939,13.770336917994,2.8159297086525,0.241908881276552,1.25158087061215,0.0163344969811207,1.08007761449793e-12,1.32684538901209e-13,6.13339448673136e-09,-3.76387658900572,-1.80309530033889,-0.48141154297493,-2.06863584638562,-4.52312247033275,-2.8795208742049,-7.21840435128911,-30.6579165350526,-32.7547302949858,-22.0134458133404,3.10392832295386,0.428374275988723
0.27460936839941,1.95106547144275,7.31596814476365,1.49606013048781,0.128522466799054,0.664945660699775,0.0086782669361169,5.73828619342905e-13,7.04932541363926e-14,3.2585781271307e-09,-3.76387658900572,-1.80309530033889,-0.48141154297493,-2.06863584638562,-4.52312247033275,-2.8795208742049,-7.21840435128911,-30.6579165350526,-32.7547302949858,-22.0134458133404,2.47147091930649,0.655262411808039
0.144847451656696,1.02912316211591,3.85893368586495,0.789122740747726,0.0677913936621372,0.350737066997848,0.004577501699304,3.02675810675944e-13,3.71828837455871e-14,1.71879328258251e-09,-3.76387658900572,-1.80309530033889,-0.48141154297493,-2.06863584638562,-4.52312247033275,-2.8795208742049,-7.21840435128911,-30.6579165350526,-32.7547302949858,-22.0134458133404,1.83180244110314,0.569945865090856
0.0730088039402201,0.518718488409017,1.94505412188659,0.397748850981296,0.0341695246419921,0.176785255564625,0.00230724061954914,1.52560494964466e-13,1.87416336170527e-14,8.66339313164109e-10,-3.76387658900572,-1.80309530033889,-0.48141154297493,-2.06863584638562,-4.52312247033275,-2.8795208742049,-7.21840435128911,-30.6579165350526,-32.7547302949858,-22.0134458133404,1.14670134582097,0.771525536876667
0.0487005245871746,0.346011181326431,1.29744840312525,0.265318381500891,0.0227927823104999,0.117924609370734,0.00153904491591021,1.01765482175711e-13,1.25016071968312e-14,5.77891661615643e-10,-3.76387658900572,-1.80309530033889,-0.48141154297493,-2.06863584638562,-4.52312247033275,-2.8795208742049,-7.21840435128911,-30.6579165350526,-32.7547302949858,-22.0134458133404,0.741811111864675,0.765770330650504
0.0372957320320168,0.658460378751385,0.815763571227207,0.103804858536208,0.0137448137311251,0.106600665495962,0.00138863366027742,9.55882655189391e-14,7.32058668970757e-15,1.87055199982723e-10,-3.84106963549924,-0.970044182437448,-0.755823961030188,-2.8174357565245,-4.83928696309789,-2.79085877822936,-7.13162824738309,-30.5309195818909,-33.100279175168,-22.9518106094457,0.552193253885956,1.17707815838299
0.184319266913036,3.25417756108251,4.03158579362059,0.513014073861861,0.0679282548631132,0.526831233659392,0.00686276751595536,4.72406842981779e-13,3.61790772966165e-14,9.244456524808e-10,-3.84106963549924,-0.970044182437448,-0.755823961030188,-2.8174357565245,-4.83928696309789,-2.79085877822936,-7.13162824738309,-30.5309195818909,-33.100279175168,-22.9518106094457,2.14998375676539,1.28848486581397
0.079728889523236,1.40762258662277,1.74389722640704,0.221908664806569,0.0293829528415096,0.227885396514937,0.00296854931265224,2.04343656661164e-13,1.56495720992396e-14,3.9987694466934e-10,-3.84106963549924,-0.970044182437448,-0.755823961030188,-2.8174357565245,-4.83928696309789,-2.79085877822936,-7.13162824738309,-30.5309195818909,-33.100279175168,-22.9518106094457,1.31194635496807,1.12989106187643
0.156262783594878,2.75883716620176,3.41791082920243,0.434924728964041,0.0575884353677498,0.446638685337121,0.00581813921663253,4.00498599576301e-13,3.06720150364472e-14,7.83729521922357e-10,-3.84106963549924,-0.970044182437448,-0.755823961030188,-2.8174357565245,-4.83928696309789,-2.79085877822936,-7.13162824738309,-30.5309195818909,-33.100279175168,-22.9518106094457,1.98485345679417,0.694231069930214
0.00462895976771421,0.0817248096714512,0.101248495348904,0.0128837399798152,0.00170593755128563,0.0132307415596177,0.000172350266244937,1.18639375404377e-14,9.08594614355077e-16,2.32163560784501e-11,-3.84106963549924,-0.970044182437448,-0.755823961030188,-2.8174357565245,-4.83928696309789,-2.79085877822936,-7.13162824738309,-30.5309195818909,-33.100279175168,-22.9518106094457,-1.53435347282729,0.826111855779727
0.0122831566381566,0.2168605234851,0.268667517143353,0.0341875938004742,0.00452678338306276,0.0351083783767692,0.000457339320959346,3.14815013452717e-14,2.41099740087392e-15,6.16056636023948e-11,-3.84106963549924,-0.970044182437448,-0.755823961030188,-2.8174357565245,-4.83928696309789,-2.79085877822936,-7.13162824738309,-30.5309195818909,-33.100279175168,-22.9518106094457,-0.55845669857246,0.676106982029118
0.00483992058504201,0.085449346826537,0.105862807506247,0.0134709052291954,0.00178368417216567,0.0138337211043391,0.000180204979800084,1.24046261801864e-14,9.5000302403729e-16,2.42744213240899e-11,-3.84106963549924,-0.970044182437448,-0.755823961030188,-2.8174357565245,-4.83928696309789,-2.79085877822936,-7.13162824738309,-30.5309195818909,-33.100279175168,-22.9518106094457,-1.48978733093814,0.710767694093496
0.0131414464363339,0.232013727210961,0.287440752383996,0.0365764636852746,0.00484309393015552,0.0375615884007889,0.000489296063435901,3.36812820882785e-14,2.57946667416918e-15,6.59103805524032e-11,-3.84106963549924,-0.970044182437448,-0.755823961030188,-2.8174357565245,-4.83928696309789,-2.79085877822936,-7.13162824738309,-30.5309195818909,-33.100279175168,-22.9518106094457,-0.490914557616031,2.70212349147378
0.556680372662749,9.828255112738,12.1761806001184,1.54940322084396,0.205156665740046,1.59113375609429,0.0207269052349385,1.42676141134831e-12,1.09267916313802e-13,2.79200736281288e-09,-3.84106963549924,-0.970044182437448,-0.755823961030188,-2.8174357565245,-4.83928696309789,-2.79085877822936,-7.13162824738309,-30.5309195818909,-33.100279175168,-22.9518106094457,3.25530559450653,1.18538947592662
0.412123369892533,7.27608483455365,9.01430843939769,1.14705908103465,0.15188223007806,1.17795316255673,0.0153446078797555,1.05626450967712e-12,8.08935685606803e-14,2.06698770000339e-09,-3.84106963549924,-0.970044182437448,-0.755823961030188,-2.8174357565245,-4.83928696309789,-2.79085877822936,-7.13162824738309,-30.5309195818909,-33.100279175168,-22.9518106094457,2.9546371025297,1.2933048228995
0.0753749813858726,1.61034059165191,1.33605441881503,0.341444767338936,0.0558161514660606,0.196943813951555,0.00311110576489578,2.67644190677446e-13,1.23818812689625e-14,1.63677786086205e-09,-3.87150133224081,-0.809775757119185,-0.996500654421511,-2.3607908098686,-4.17191346003386,-2.91105826064393,-7.05899852592338,-30.2353394045819,-33.3087636402152,-21.5167577080414,1.2862214613524,2.00591404354058
0.130911070250985,2.79683532182295,2.32045581524238,0.593020377611883,0.0969413456741846,0.342051500241449,0.00540336034395163,4.6484372936257e-13,2.15048189576644e-14,2.84275150174339e-09,-3.87150133224081,-0.809775757119185,-0.996500654421511,-2.3607908098686,-4.17191346003386,-2.91105826064393,-7.05899852592338,-30.2353394045819,-33.3087636402152,-21.5167577080414,1.83826429288885,2.17075787077243
0.363042552830087,7.75618313358278,6.43508758487653,1.64456398802423,0.268837719689141,0.948577149426232,0.0149845977835804,1.28910453372124e-12,5.96371594668906e-14,7.88351787420144e-09,-3.87150133224081,-0.809775757119185,-0.996500654421511,-2.3607908098686,-4.17191346003386,-2.91105826064393,-7.05899852592338,-30.2353394045819,-33.3087636402152,-21.5167577080414,2.8582661060804,1.79812045128897
0.0301726961748182,0.644621285690915,0.534824199100698,0.136680753162085,0.0223432729118887,0.0788368468238714,0.00124537939891975,1.07138293101844e-13,4.95648204128246e-15,6.55204156517586e-10,-3.87150133224081,-0.809775757119185,-0.996500654421511,-2.3607908098686,-4.17191346003386,-2.91105826064393,-7.05899852592338,-30.2353394045819,-33.3087636402152,-21.5167577080414,0.370683468522852,2.62540776509812
0.0271848591429531,0.580787966395994,0.481863484607298,0.123146005936488,0.0201307408321429,0.0710300651875512,0.00112205629032995,9.65289740736143e-14,4.46566874090934e-15,5.90322873422011e-10,-3.87150133224081,-0.809775757119185,-0.996500654421511,-2.3607908098686,-4.17191346003386,-2.91105826064393,-7.05899852592338,-30.2353394045819,-33.3087636402152,-21.5167577080414,0.266406222417831,2.47171794964579
0.102680244156959,2.19370090826544,1.82005211024336,0.46513619548368,0.0760360527466889,0.268288476228249,0.00423813172042116,3.64600698277621e-13,1.68673287667019e-14,2.22971531526667e-09,-3.87150133224081,-0.809775757119185,-0.996500654421511,-2.3607908098686,-4.17191346003386,-2.91105826064393,-7.05899852592338,-30.2353394045819,-33.3087636402152,-21.5167577080414,1.59536578710217,2.78990080527341
0.0645326602104505,1.37870100016563,1.143869547253,0.292329613171218,0.0477872719911469,0.168614412801274,0.00266358846812827,2.29144887291818e-13,1.06008084115542e-14,1.40133539793876e-09,-3.87150133224081,-0.809775757119185,-0.996500654421511,-2.3607908098686,-4.17191346003386,-2.91105826064393,-7.05899852592338,-30.2353394045819,-33.3087636402152,-21.5167577080414,1.13091750875546,1.53356599200047
0.0641162684466569,1.36980504361695,1.13648882163628,0.290443380016711,0.0474789284887035,0.167526441958009,0.0026464018792499,2.27666348463997e-13,1.05324075537912e-14,1.39229339477151e-09,-3.87150133224081,-0.809775757119185,-0.996500654421511,-2.3607908098686,-4.17191346003386,-2.91105826064393,-7.05899852592338,-30.2353394045819,-33.3087636402152,-21.5167577080414,1.12444418290382,1.82467468520283
0.0619938244301429,1.32446031927395,1.09886757576911,0.280828818393159,0.0459072311625376,0.161980805835447,0.00255879790649876,2.20129898031592e-13,1.0183752743809e-14,1.34620423742413e-09,-3.87150133224081,-0.809775757119185,-0.996500654421511,-2.3607908098686,-4.17191346003386,-2.91105826064393,-7.05899852592338,-30.2353394045819,-33.3087636402152,-21.5167577080414,1.09078082737733,2.33869313076906
0.0238585832322743,0.382456393483392,0.972698347367243,0.192768177660999,0.0363173992856051,0.0653969391127569,0.00123584830264873,6.19467345965262e-14,1.8756718056155e-15,5.45973512325491e-10,-4.25126420920657,-1.47679360294837,-0.543334234892969,-2.16191993082296,-3.83111130015428,-3.24293279094039,-7.21165062673262,-30.9281544652999,-34.4254624701017,-21.8441036203537,0.515652966768893,2.01346790378161
0.0164238034399766,0.263275843740651,0.669587389495081,0.132698015995518,0.0250002199003611,0.045018032424956,0.000850734907715501,4.26429760248911e-14,1.29117746655062e-15,3.75837976738601e-10,-4.25126420920657,-1.47679360294837,-0.543334234892969,-2.16191993082296,-3.83111130015428,-3.24293279094039,-7.21165062673262,-30.9281544652999,-34.4254624701017,-21.8441036203537,0.142240642016106,2.05639477400006
0.0213114771956741,0.34162593095785,0.868854552107067,0.172188540378909,0.0324402090076488,0.0584152614176642,0.00110391101863848,5.53333954848792e-14,1.6754279381464e-15,4.87686211041527e-10,-4.25126420920657,-1.47679360294837,-0.543334234892969,-2.16191993082296,-3.83111130015428,-3.24293279094039,-7.21165062673262,-30.9281544652999,-34.4254624701017,-21.8441036203537,0.402754693297767,1.65135950671813
0.0386745559728875,0.619958488438382,1.57673556362314,0.312475539899489,0.0588701884678904,0.106007869685678,0.00200329935308696,1.00415118163853e-13,3.04044768823135e-15,8.85018316325791e-10,-4.25126420920657,-1.47679360294837,-0.543334234892969,-2.16191993082296,-3.83111130015428,-3.24293279094039,-7.21165062673262,-30.9281544652999,-34.4254624701017,-21.8441036203537,0.998690845632205,2.12411594477334
0.0250601820230115,0.485266265549202,0.776531433408989,0.189839085112207,0.0138311425389127,0.0217404922704575,0.000684039035225783,7.14019913200344e-14,1.3002353402401e-15,2.13019170263671e-10,-4.10053819841976,-1.13712066992552,-0.666981288692683,-2.07564161849074,-4.69489565600382,-4.24264188637739,-7.70155870529382,-30.684513768685,-34.6902942482407,-22.6837020853984,0.414063132367259,1.49189178154126
0.1470446765679,2.84737840297698,4.55642394638563,1.11391157672508,0.0811564688289735,0.127565859314224,0.00401370982071207,4.18962747769248e-13,7.62934143463907e-15,1.24992448041364e-09,-4.10053819841976,-1.13712066992552,-0.666981288692683,-2.07564161849074,-4.69489565600382,-4.24264188637739,-7.70155870529382,-30.684513768685,-34.6902942482407,-22.6837020853984,2.18351938227197,1.19879266625063
0.0459433605852133,0.889648885929667,1.4236314651706,0.348036001193777,0.0253569255158341,0.0398573033014881,0.00125406319957619,1.30902777589817e-13,2.38374889006931e-15,3.90532540505893e-10,-4.10053819841976,-1.13712066992552,-0.666981288692683,-2.07564161849074,-4.69489565600382,-4.24264188637739,-7.70155870529382,-30.684513768685,-34.6902942482407,-22.6837020853984,1.02019226563857,1.71473179457131
0.0479573852250606,0.9286485314552,1.48603936943344,0.363292897359613,0.0264685001183263,0.041604532714064,0.00130903771932617,1.36641178441042e-13,2.48824557770068e-15,4.07652362591657e-10,-4.10053819841976,-1.13712066992552,-0.666981288692683,-2.07564161849074,-4.69489565600382,-4.24264188637739,-7.70155870529382,-30.684513768685,-34.6902942482407,-22.6837020853984,1.06309572819951,3.78673009188058
0.0328691407615177,0.636479223275649,1.0185050119359,0.248994504703163,0.0181410402600701,0.0285150083908481,0.000897191222097401,9.36514388122085e-14,1.70539936151333e-15,2.79397694951654e-10,-4.10053819841976,-1.13712066992552,-0.666981288692683,-2.07564161849074,-4.69489565600382,-4.24264188637739,-7.70155870529382,-30.684513768685,-34.6902942482407,-22.6837020853984,0.685317166264562,3.93827691308415
0.0390303090581504,0.755784307651401,1.20941906213972,0.295667372106164,0.0215414942886445,0.0338600147282695,0.00106536556391273,1.11205967539633e-13,2.02506857816519e-15,3.31769499641595e-10,-4.10053819841976,-1.13712066992552,-0.666981288692683,-2.07564161849074,-4.69489565600382,-4.24264188637739,-7.70155870529382,-30.684513768685,-34.6902942482407,-22.6837020853984,0.857121419075622,1.99902519845133
0.0328558189825339,0.352983537856267,0.615044611865517,0.144933476404426,0.0133728564236661,0.0211982245606108,0.00216584056131416,5.93172561349869e-14,3.3475760759147e-16,1.0668285352755e-10,-3.58330322820831,-1.20901067455075,-0.65373729063415,-2.09915724169901,-4.48220508288009,-4.02151466439854,-6.30262355929398,-30.6235529504676,-35.8008017798381,-23.1288374849416,0.167676816446387,3.16873055848046
0.0350584453705057,0.376647256463166,0.656276683803674,0.154649694399132,0.0142693614371915,0.0226193356526879,0.00231103668547793,6.32938349472351e-14,3.57199475208505e-16,1.13834782032173e-10,-3.58330322820831,-1.20901067455075,-0.65373729063415,-2.09915724169901,-4.48220508288009,-4.02151466439854,-6.30262355929398,-30.6235529504676,-35.8008017798381,-23.1288374849416,0.232564485765379,1.66706763201325
0.0121741573702676,0.115452412064129,0.391989910826585,0.134475199506161,0.0153388966986012,0.0127513221898817,0.00163132903221268,9.72734884701615e-14,3.38638639709056e-16,2.69513734584511e-10,-4.02836936505428,-1.77882639349471,-0.556448720021579,-1.62630503004239,-3.79729295160914,-3.98204985439851,-6.03828978201227,-29.5811794577009,-35.241527637423,-21.6543313064816,-0.380070457188598,1.77949119618635
0.020257775781365,0.21684448627191,0.447188275940571,0.159020404563132,0.0129953577455656,0.0239941299156604,0.00177982789210582,1.45550662137227e-13,2.75699018983557e-16,2.0373173682519e-10,-3.77374433863723,-1.40310260419098,-0.67930334278162,-1.7132505231157,-4.21769085049555,-3.60447383410377,-6.20576637788696,-29.4327799442272,-35.7017496828504,-22.1887447717447,-0.12547223129414,2.51685880644839
0.0324747259205128,0.347617889301182,0.71687616907063,0.254921572323219,0.0208325279922621,0.0384643803506323,0.00285319689612667,2.33328570296631e-13,4.41966096114132e-16,3.26597173653893e-10,-3.77374433863723,-1.40310260419098,-0.67930334278162,-1.7132505231157,-4.21769085049555,-3.60447383410377,-6.20576637788696,-29.4327799442272,-35.7017496828504,-22.1887447717447,0.346451182469067,2.74873925146203
0.0947236864194931,1.01394690814534,2.09101544403678,0.743566277892928,0.0607652195031424,0.112194569757769,0.00832232822359432,6.8058287480499e-13,1.28914584217995e-15,9.52632774743235e-10,-3.77374433863723,-1.40310260419098,-0.67930334278162,-1.7132505231157,-4.21769085049555,-3.60447383410377,-6.20576637788696,-29.4327799442272,-35.7017496828504,-22.1887447717447,1.41695314915817,1.21328579934741
0.134618851605395,1.44099510400048,2.97169703170936,1.05673714997904,0.0863579572994678,0.159448018843617,0.0118274774820512,9.67226767577443e-13,1.83210070665516e-15,1.35385704447419e-09,-3.77374433863723,-1.40310260419098,-0.67930334278162,-1.7132505231157,-4.21769085049555,-3.60447383410377,-6.20576637788696,-29.4327799442272,-35.7017496828504,-22.1887447717447,1.7684365235624,2.71738169967817
0.0834749106044506,0.893537094199,1.8426998975789,0.655265128731551,0.0535491328264098,0.0988710641956949,0.00733402204606839,5.99761229537358e-13,1.13605517267881e-15,8.39504232958108e-10,-3.77374433863723,-1.40310260419098,-0.67930334278162,-1.7132505231157,-4.21769085049555,-3.60447383410377,-6.20576637788696,-29.4327799442272,-35.7017496828504,-22.1887447717447,1.29053517455822,3.74709720944685
0.0236497202442967,0.25315273957995,0.522065094246554,0.185646643621778,0.0151712892113209,0.0280116862845662,0.0020778407356063,1.69921539169371e-13,3.21861824366032e-16,2.37844402702524e-10,-3.77374433863723,-1.40310260419098,-0.67930334278162,-1.7132505231157,-4.21769085049555,-3.60447383410377,-6.20576637788696,-29.4327799442272,-35.7017496828504,-22.1887447717447,0.0293403455292716,3.58826312943404
0.0266705677689028,0.285488675007845,0.588749986555937,0.209359829149693,0.0171091620903945,0.0315897004132188,0.00234324937375693,1.91626111387339e-13,3.62974170954394e-16,2.68224959754509e-10,-3.77374433863723,-1.40310260419098,-0.67930334278162,-1.7132505231157,-4.21769085049555,-3.60447383410377,-6.20576637788696,-29.4327799442272,-35.7017496828504,-22.1887447717447,0.149549686295184,5.67716809436183
0.0746911487557067,0.799513429104542,1.64879927592103,0.58631395769241,0.0479143519497609,0.0884672209889368,0.00656228952692428,5.3665053234441e-13,1.01651221046913e-15,7.51166249725537e-10,-3.77374433863723,-1.40310260419098,-0.67930334278162,-1.7132505231157,-4.21769085049555,-3.60447383410377,-6.20576637788696,-29.4327799442272,-35.7017496828504,-22.1887447717447,1.17935065422051,4.19889476016125
0.13006628565878,1.3922632572979,2.87119961586546,1.02100021190428,0.0834374874623518,0.154055775393417,0.01142749359735,9.34516908651928e-13,1.77014237623992e-15,1.30807204925431e-09,-3.77374433863723,-1.40310260419098,-0.67930334278162,-1.7132505231157,-4.21769085049555,-3.60447383410377,-6.20576637788696,-29.4327799442272,-35.7017496828504,-22.1887447717447,1.73403326984402,2.49740451895408
0.0812370026079368,0.86958194655272,1.79329831324528,0.637697897322659,0.052113515445201,0.0962203953469933,0.00713740169074657,5.83682021523101e-13,1.10559827327024e-15,8.16997671136839e-10,-3.77374433863723,-1.40310260419098,-0.67930334278162,-1.7132505231157,-4.21769085049555,-3.60447383410377,-6.20576637788696,-29.4327799442272,-35.7017496828504,-22.1887447717447,1.26335990016639,2.49689630682948
0.141105028850842,1.51042482757118,3.11487871419716,1.10765263748226,0.0905188382676177,0.167130509812168,0.0123973465189673,1.01382948462808e-12,1.92037459826215e-15,1.41908830035503e-09,-3.77374433863723,-1.40310260419098,-0.67930334278162,-1.7132505231157,-4.21769085049555,-3.60447383410377,-6.20576637788696,-29.4327799442272,-35.7017496828504,-22.1887447717447,1.81549355821073,1.99001124581187
0.213977971206048,2.35132789109854,3.40232051657802,0.337962414064788,0.129872635930707,0.251762495441057,0.0103981578010062,6.72783006779719e-13,1.05353313461137e-15,1.97436717217391e-09,-3.44363475812714,-1.04677232196716,-0.677294846881377,-2.98657314125301,-3.94295358295822,-3.2810216648701,-6.46787917362246,-29.9291060946115,-36.3883795397891,-21.9447704596698,1.90175255057885,3.54978865582375
0.139128320141786,1.52883167247182,2.21218630771866,0.219742914071371,0.084443092751944,0.163695790122663,0.00676087458568409,4.37443018202412e-13,6.85006472423495e-16,1.28373208914639e-09,-3.44363475812714,-1.04677232196716,-0.677294846881377,-2.98657314125301,-3.94295358295822,-3.2810216648701,-6.46787917362246,-29.9291060946115,-36.3883795397891,-21.9447704596698,1.47127615290726,2.39637994970935
0.192259596445654,2.11267238821843,3.05699117441474,0.303659843934714,0.116690799677352,0.226209060216944,0.00934276370287963,6.0449675567027e-13,9.46601438273577e-16,1.77397249641263e-09,-3.44363475812714,-1.04677232196716,-0.677294846881377,-2.98657314125301,-3.94295358295822,-3.2810216648701,-6.46787917362246,-29.9291060946115,-36.3883795397891,-21.9447704596698,1.79472600277732,0.416832287459324
0.0222032345453542,0.243983454767976,0.353038773114218,0.035068370378037,0.0134761189684155,0.0261239122162659,0.00107895562890925,6.98107324481286e-14,1.093189320248e-16,2.04868459848199e-10,-3.44363475812714,-1.04677232196716,-0.677294846881377,-2.98657314125301,-3.94295358295822,-3.2810216648701,-6.46787917362246,-29.9291060946115,-36.3883795397891,-21.9447704596698,-0.363882542348831,1.65982957652682
0.0155239779568335,0.170587477509787,0.246836384155542,0.0245189775218867,0.00942218456423599,0.0182652233197447,0.000754380329828711,4.88100177233819e-14,7.64332191127829e-17,1.43239195543215e-10,-3.44363475812714,-1.04677232196716,-0.677294846881377,-2.98657314125301,-3.94295358295822,-3.2810216648701,-6.46787917362246,-29.9291060946115,-36.3883795397891,-21.9447704596698,-0.721734727290503,0.426379913742912
0.026058170023003,0.286343970927148,0.414333522250143,0.0411569564728907,0.015815848749959,0.0306595574985672,0.00126628438608627,8.19313029301101e-14,1.28298933725915e-16,2.40437813156018e-10,-3.44363475812714,-1.04677232196716,-0.677294846881377,-2.98657314125301,-3.94295358295822,-3.2810216648701,-6.46787917362246,-29.9291060946115,-36.3883795397891,-21.9447704596698,-0.203789173304579,2.22632750757075
0.0124136356682784,0.136409031323378,0.197380913004538,0.0196064214186435,0.00753438111706517,0.0146056525151948,0.000603234724749601,3.90305744226827e-14,6.11192658001761e-17,1.14540177255795e-10,-3.44363475812714,-1.04677232196716,-0.677294846881377,-2.98657314125301,-3.94295358295822,-3.2810216648701,-6.46787917362246,-29.9291060946115,-36.3883795397891,-21.9447704596698,-0.945325001749309,2.17842819277411
0.0328944869839576,0.219112387047768,0.367585547859804,0.0258162130471728,0.0155707718618132,0.00830287963736189,0.00115863475146368,6.73177443601584e-14,8.5806097922925e-17,1.85193371141524e-10,-3.01463051268815,-1.11835080649184,-0.600979512686523,-3.25693288030145,-3.76254002926909,-4.39133318864979,-6.36069321395258,-29.9295328409454,-36.594621907121,-22.0098008958888,-0.399819691440564,1.81645321058389
0.0369372247090132,0.246041334551251,0.412761870635192,0.0289890297703756,0.0174844222204488,0.00932330487618471,0.00130103114820903,7.55911059366189e-14,9.6351681116911e-17,2.07953666151116e-10,-3.01463051268815,-1.11835080649184,-0.600979512686523,-3.25693288030145,-3.76254002926909,-4.39133318864979,-6.36069321395258,-29.9295328409454,-36.594621907121,-22.0098008958888,-0.28390492404172,1.58453743914351
0.038599989164786,0.257117120265139,0.431342740546164,0.0302939986382116,0.0182715001892707,0.00974300235157925,0.00135959830819838,7.89939117812418e-14,1.00689044085496e-16,2.17314899087476e-10,-3.01463051268815,-1.11835080649184,-0.600979512686523,-3.25693288030145,-3.76254002926909,-4.39133318864979,-6.36069321395258,-29.9295328409454,-36.594621907121,-22.0098008958888,-0.239872770528267,0.858461063370995
0.0423879758915534,0.28234915425953,0.473672301026117,0.0332668819789909,0.0200645628738122,0.0106991260289484,0.00149302167065594,8.67459318153757e-14,1.10570102883168e-16,2.38640966039409e-10,-3.01463051268815,-1.11835080649184,-0.600979512686523,-3.25693288030145,-3.76254002926909,-4.39133318864979,-6.36069321395258,-29.9295328409454,-36.594621907121,-22.0098008958888,-0.146260031737967,0.806399817918863
0.658742730237531,4.38792956835297,7.36124285844975,0.5169937040022,0.311819204633252,0.166272895631927,0.0232027397143933,1.34810051103304e-12,1.7183470058172e-15,3.70866969249758e-09,-3.01463051268815,-1.11835080649184,-0.600979512686523,-3.25693288030145,-3.76254002926909,-4.39133318864979,-6.36069321395258,-29.9295328409454,-36.594621907121,-22.0098008958888,2.59720829780814,0.515258944606228
0.210542338417338,1.4024366565662,2.35274442348243,0.165237593359725,0.0996612812459375,0.0531428775679162,0.00741588309505245,4.30869626313992e-13,5.49204993407263e-16,1.18533678420162e-09,-3.01463051268815,-1.11835080649184,-0.600979512686523,-3.25693288030145,-3.76254002926909,-4.39133318864979,-6.36069321395258,-29.9295328409454,-36.594621907121,-22.0098008958888,1.45656199922793,0.151402223647851
0.0225750789290762,0.150374116925855,0.25226940794577,0.0177173472100052,0.0106860278422491,0.00569816344129267,0.000795156677075382,4.61993340403545e-14,5.88876620617543e-17,1.27095916489001e-10,-3.01463051268815,-1.11835080649184,-0.600979512686523,-3.25693288030145,-3.76254002926909,-4.39133318864979,-6.36069321395258,-29.9295328409454,-36.594621907121,-22.0098008958888,-0.776278170692457,0.22311849022843
2.65829148676498,18.7615441032092,38.1204439333927,2.56343524326709,4.68861666258501,0.807975158671827,0.120724319429677,8.8716893801764e-12,1.11644573487588e-14,1.22529477385622e-08,-3.2377131621921,-1.28358753195084,-0.574646056015137,-3.27404852955482,-2.67025919613739,-4.42862074556688,-6.32964246501392,-29.6635526581601,-36.3414378941026,-22.4328960775987,4.21539678041519,0.210048498846819
0.864300884386161,6.10001545789374,12.3942515592675,0.833459896649129,1.52442858437299,0.26270017704189,0.0392515781544208,2.88448765512061e-12,3.62994442417853e-15,3.98384963406123e-09,-3.2377131621921,-1.28358753195084,-0.574646056015137,-3.27404852955482,-2.67025919613739,-4.42862074556688,-6.32964246501392,-29.6635526581601,-36.3414378941026,-22.4328960775987,3.09187883720783,0.521108095898217
0.967088227005458,6.8254623366145,13.8682430876193,0.932579461957872,1.70572188862766,0.293941904999778,0.0439195884330079,3.22752655076929e-12,4.0616370765377e-15,4.45763061089181e-09,-3.2377131621921,-1.28358753195084,-0.574646056015137,-3.27404852955482,-2.67025919613739,-4.42862074556688,-6.32964246501392,-29.6635526581601,-36.3414378941026,-22.4328960775987,3.204247612356,0.445091857054979
0.695006101467626,4.90517600857712,9.9665297264313,0.670206086750819,1.2258314049318,0.211243826309872,0.0315631822232029,2.31948914565864e-12,2.918929701876e-15,3.20351379134428e-09,-3.2377131621921,-1.28358753195084,-0.574646056015137,-3.27404852955482,-2.67025919613739,-4.42862074556688,-6.32964246501392,-29.6635526581601,-36.3414378941026,-22.4328960775987,2.87387850782633,1.42980916275451
0.234818170699753,1.58195394737547,2.76632917414379,0.133807636417048,0.391983558015498,0.0749514290602824,0.0147123413082429,1.39289640010627e-12,1.16507975596292e-15,1.2532907191198e-09,-3.09732475043183,-1.18972018585844,-0.630859710953658,-3.65973300394363,-2.58491632830742,-4.23929593216503,-5.86744953703767,-28.9480167400777,-36.0343677945804,-22.1458741138911,1.64838094439806,1.29170791222925
0.0616620262613489,0.415412851384648,0.726423605444473,0.0351371870674647,0.102932836825792,0.0196818541481195,0.00386338405333535,3.65767326041015e-13,3.05943864116931e-16,3.29107602725871e-10,-3.09732475043183,-1.18972018585844,-0.630859710953658,-3.65973300394363,-2.58491632830742,-4.23929593216503,-5.86744953703767,-28.9480167400777,-36.0343677945804,-22.1458741138911,0.311237755212534,1.65322719481977
0.0700949720322843,0.472225029976193,0.825769852119477,0.0399425755869281,0.117010010146717,0.0223735595422802,0.00439174340493997,4.15789944697925e-13,3.47784980464834e-16,3.74116609644111e-10,-3.09732475043183,-1.18972018585844,-0.630859710953658,-3.65973300394363,-2.58491632830742,-4.23929593216503,-5.86744953703767,-28.9480167400777,-36.0343677945804,-22.1458741138911,0.439420537272811,0.987020409752178
1.20638167722392,6.08546608692848,7.60878146986411,1.46365810890055,1.59053659394255,0.336204276846024,0.083815565404784,5.08286318483758e-12,4.52531221994835e-15,5.7622246914566e-09,-2.72335701338082,-1.10507922400922,-0.881679506732325,-2.53004368746503,-2.44691110379408,-4.00101888051175,-5.39011908761486,-28.9161289376087,-35.940072364815,-21.8829247492105,2.91098254355951,0.705933366717458
0.807747589320355,4.07459815944708,5.09455258313524,0.980010167075975,1.06496320670198,0.225109680682893,0.0561197357199837,3.40329313840837e-12,3.02997807874263e-15,3.8581679343447e-09,-2.72335701338082,-1.10507922400922,-0.881679506732325,-2.53004368746503,-2.44691110379408,-4.00101888051175,-5.39011908761486,-28.9161289376087,-35.940072364815,-21.8829247492105,2.50985135466102,0.990674847335539
0.43691862468478,2.20399026565549,2.75569365657982,0.530097149205007,0.576049084842993,0.121764042861404,0.0303557176432798,1.84087476965877e-12,1.63894497797656e-15,2.0869210257813e-09,-2.72335701338082,-1.10507922400922,-0.881679506732325,-2.53004368746503,-2.44691110379408,-4.00101888051175,-5.39011908761486,-28.9161289376087,-35.940072364815,-21.8829247492105,1.8953486986184,1.03543932972502
1.03444378001614,3.42055990969667,6.50591554509112,0.905952549496839,1.38798347022609,0.120066744047193,0.0359175876546274,6.30215680458487e-12,3.18413401058709e-15,5.77680841043853e-09,-2.56219943308249,-1.36625905077051,-0.723351457844018,-2.69483165266505,-2.26821135177586,-4.71577079515948,-5.92259150136949,-28.3861924959159,-35.9766593437926,-21.565477789624,2.59606330473055,2.49114419159979
0.545858507778414,1.80497168057269,3.43306172822696,0.478055856045343,0.732415429929794,0.0633571925372216,0.0189531042468538,3.32554168297345e-12,1.68021372757295e-15,3.04832421013212e-09,-2.56219943308249,-1.36625905077051,-0.723351457844018,-2.69483165266505,-2.26821135177586,-4.71577079515948,-5.92259150136949,-28.3861924959159,-35.9766593437926,-21.565477789624,1.95680395299886,1.47465506933294
0.280879844336657,0.928775786118434,1.76653442253201,0.245990952814372,0.376875562104377,0.0326014124976988,0.00975260968674645,1.71120833867781e-12,8.6457967317161e-16,1.56856184785736e-09,-2.56219943308249,-1.36625905077051,-0.723351457844018,-2.69483165266505,-2.26821135177586,-4.71577079515948,-5.92259150136949,-28.3861924959159,-35.9766593437926,-21.565477789624,1.29237113176163,1.30412762345587
0.324258781421296,1.0722154355063,2.03935708004181,0.283981667636669,0.435080027917413,0.0376363576891131,0.0112587976548135,1.97548646457011e-12,9.98104908261877e-16,1.81080972389227e-09,-2.56219943308249,-1.36625905077051,-0.723351457844018,-2.69483165266505,-2.26821135177586,-4.71577079515948,-5.92259150136949,-28.3861924959159,-35.9766593437926,-21.565477789624,1.43598605918554,2.26606310269348
0.137412179013145,1.50244864932905,2.38838812683557,0.548603919215516,0.434709275340705,0.0235414495755334,0.022413108135186,1.89944729249532e-12,4.05882185147481e-16,3.53491118083541e-09,-3.60564585826857,-1.21377938422842,-0.750256879753197,-2.22125415072528,-2.45395339812964,-5.36986819404875,-5.4189849009207,-28.6103337650144,-37.0613443350209,-21.0814532578135,1.62087559425233,4.09702891354963
0.0893400743299072,0.976833894724025,1.55283741450418,0.356681010900089,0.282631126656709,0.0153057383269551,0.0145721344435576,1.23494702955725e-12,2.638888696088e-16,2.298262278595e-09,-3.60564585826857,-1.21377938422842,-0.750256879753197,-2.22125415072528,-2.45395339812964,-5.36986819404875,-5.4189849009207,-28.6103337650144,-37.0613443350209,-21.0814532578135,1.19034072719917,1.47215786407601
0.0278469767956478,0.259474329566103,0.316427514675993,0.0631824718608261,0.0251013729180421,0.00170380322900189,0.00228140743711293,1.09645729619307e-13,3.16867841422366e-17,7.0091754769888e-10,-3.21865093825098,-0.986717570574595,-0.788281151819448,-2.3993484269018,-3.32245280304157,-6.01251239981198,-5.7205827961171,-29.4791419329968,-37.6282520505999,-20.7162509234147,-0.362379933368745,1.42353484236307
0.0859052143284228,0.800453063816378,0.976148099204064,0.194911778999726,0.0774352934713935,0.00525606720740119,0.00703791999734328,3.38246409018267e-13,9.77506464379542e-17,2.16226244606328e-09,-3.21865093825098,-0.986717570574595,-0.788281151819448,-2.3993484269018,-3.32245280304157,-6.01251239981198,-5.7205827961171,-29.4791419329968,-37.6282520505999,-20.7162509234147,0.764140188726674,1.59052157534698
0.456269617290577,4.25145802780135,5.18462963074641,1.03523777345616,0.411283203158093,0.0279166263878469,0.037380607089028,1.79653308357575e-12,5.19184433550679e-16,1.14844560538004e-08,-3.21865093825098,-0.986717570574595,-0.788281151819448,-2.3993484269018,-3.32245280304157,-6.01251239981198,-5.7205827961171,-29.4791419329968,-37.6282520505999,-20.7162509234147,2.43397956004248,0.488567257864586
0.190821136968225,1.77804531332859,2.16831645896798,0.432957272361071,0.17200691316814,0.0116752950136794,0.0156333222177889,7.51346293107725e-13,2.17133379370406e-16,4.80303066125958e-09,-3.21865093825098,-0.986717570574595,-0.788281151819448,-2.3993484269018,-3.32245280304157,-6.01251239981198,-5.7205827961171,-29.4791419329968,-37.6282520505999,-20.7162509234147,1.56223219290319,1.72105039985071
0.0314942564041507,0.293459183221897,0.357871856383756,0.071457845626671,0.0283890449070427,0.00192696019213087,0.00258021656404728,1.24006664981684e-13,3.58369855270801e-17,7.92720772793085e-10,-3.21865093825098,-0.986717570574595,-0.788281151819448,-2.3993484269018,-3.32245280304157,-6.01251239981198,-5.7205827961171,-29.4791419329968,-37.6282520505999,-20.7162509234147,-0.239299147901033,2.13501428729205
0.050760665151501,0.472980950685235,0.576797662276217,0.115171722988356,0.045755860497389,0.00310576569320545,0.00415864744813278,1.99866944528339e-13,5.77600308778702e-17,1.27766260584218e-09,-3.21865093825098,-0.986717570574595,-0.788281151819448,-2.3993484269018,-3.32245280304157,-6.01251239981198,-5.7205827961171,-29.4791419329968,-37.6282520505999,-20.7162509234147,0.238017405880658,0.898166997575097
0.0238598251784699,0.222322594915061,0.271121179050463,0.0541359568044211,0.0215073389818628,0.00145985136845631,0.00195475376051892,9.39465694779236e-14,2.71498459473647e-17,6.00559632571349e-10,-3.21865093825098,-0.986717570574595,-0.788281151819448,-2.3993484269018,-3.32245280304157,-6.01251239981198,-5.7205827961171,-29.4791419329968,-37.6282520505999,-20.7162509234147,-0.516908251059309,1.39102529176536
0.0661767299387934,0.725354407640052,0.773666727395882,0.415183473940137,0.0310551950984866,0.00614432310845126,0.0148934429682476,2.88704758061509e-13,2.48248652111479e-17,1.1774735064989e-09,-3.42468030778963,-1.0303488239029,-0.965868001337708,-1.58828866902882,-4.18124308909437,-5.8014806137106,-4.91608815059196,-29.5826257458459,-38.9439398119946,-21.2691487085369,0.709253918457219,1.69343031996229
0.114851251802564,1.25886942124548,1.34271657426399,0.720560561905447,0.0538970123687418,0.0106636154602642,0.0258479161804368,5.01053812954924e-13,4.30841301461598e-17,2.04353261804914e-09,-3.42468030778963,-1.0303488239029,-0.965868001337708,-1.58828866902882,-4.18124308909437,-5.8014806137106,-4.91608815059196,-29.5826257458459,-38.9439398119946,-21.2691487085369,1.26056285733957,1.43149854635551
0.148166786656977,1.4870640986863,2.33835869005265,0.968253197314475,0.107778935383742,0.0208776256904081,0.07123207971179,8.74532040228672e-13,6.33388678511607e-17,4.37855280193928e-09,-3.54680657733532,-1.24058610187985,-0.787940605716121,-1.66965153290681,-3.86506291867679,-5.50646710905069,-4.27920187875708,-29.4024773372549,-38.935422381567,-20.8839374521439,1.63738987447207,1.31321178454582
0.0636580171247831,0.638898595263321,1.00464672882374,0.415997943982329,0.0463058791322315,0.00896981222115361,0.0306039771289966,3.75731814458074e-13,2.72127568215958e-17,1.88119075493559e-09,-3.54680657733532,-1.24058610187985,-0.787940605716121,-1.66965153290681,-3.86506291867679,-5.50646710905069,-4.27920187875708,-29.4024773372549,-38.935422381567,-20.8839374521439,0.792576571823551,0.429367930234817
0.0152966605366973,0.153523709511068,0.241410911998659,0.0999619469860042,0.0111270401739127,0.00215539501263366,0.0073539621615524,9.02862243939565e-14,6.53907115189716e-18,4.52039470953298e-10,-3.54680657733532,-1.24058610187985,-0.787940605716121,-1.66965153290681,-3.86506291867679,-5.50646710905069,-4.27920187875708,-29.4024773372549,-38.935422381567,-20.8839374521439,-0.633314162647162,0.911194873298676
0.0829184457957938,0.832204346492688,1.30861357438451,0.541862667535577,0.0603162288471234,0.0116837269216263,0.0398635448184338,4.89413580536549e-13,3.54462737512308e-17,2.45036557357591e-09,-3.54680657733532,-1.24058610187985,-0.787940605716121,-1.66965153290681,-3.86506291867679,-5.50646710905069,-4.27920187875708,-29.4024773372549,-38.935422381567,-20.8839374521439,1.05690884232728,3.21862802844031
0.0467905155299734,0.469609265163685,0.738444904355389,0.305770728299425,0.0340361835716405,0.00659307589195134,0.0224948236186228,2.76173938390883e-13,2.0002176916355e-17,1.38273055318569e-09,-3.54680657733532,-1.24058610187985,-0.787940605716121,-1.66965153290681,-3.86506291867679,-5.50646710905069,-4.27920187875708,-29.4024773372549,-38.935422381567,-20.8839374521439,0.484731821122598,2.75107431237742
0.0615062490993492,0.617302547650224,0.970687664347978,0.401936383240455,0.0447406480017829,0.00866661466641687,0.0295695016236066,3.63031329255962e-13,2.6292911330684e-17,1.81760275299896e-09,-3.54680657733532,-1.24058610187985,-0.787940605716121,-1.66965153290681,-3.86506291867679,-5.50646710905069,-4.27920187875708,-29.4024773372549,-38.935422381567,-20.8839374521439,0.758190079375103,2.81187261825634
0.0663144700750903,0.347157276305243,0.72086721168289,0.3274661021858,0.0383648975133785,0.00375530066068792,0.0367879144420065,7.46904581668173e-13,1.02498801320979e-17,1.45393871299522e-09,-3.14559256352944,-1.49022276531909,-0.759545740517569,-1.54861614347538,-3.69285777414872,-6.01683233698259,-3.73483130908363,-28.3550843627561,-39.5515110722416,-20.7812350187811,0.432245409435381,1.73533805841759
0.150978913298451,0.390680283843592,0.969931989005291,0.21009143437374,0.0586875256123177,0.00297232238382753,0.0257929910655192,5.13641337679471e-13,9.41471751010607e-18,3.3793431935731e-09,-2.48346418534598,-1.53271482826291,-0.623378410767461,-2.15306152764189,-3.42837717199222,-6.41126077070954,-4.2505015744862,-28.8901002460348,-39.7971066028682,-20.0984335541595,0.592849086397086,0.558564212902272
0.116978373406695,0.302698854612556,0.751502735780546,0.162778720039785,0.0454710603978307,0.00230295363838748,0.0199843943383902,3.97969006952709e-13,7.29451760086978e-18,2.61831312287784e-09,-2.48346418534598,-1.53271482826291,-0.623378410767461,-2.15306152764189,-3.42837717199222,-6.41126077070954,-4.2505015744862,-28.8901002460348,-39.7971066028682,-20.0984335541595,0.337697981398268,0.919696483420037
0.0982337400359828,0.254194341460194,0.631081816519522,0.136695031757581,0.038184770365642,0.00193392797694115,0.0167820917751078,3.34198389265115e-13,6.12564292717997e-18,2.19875420691106e-09,-2.48346418534598,-1.53271482826291,-0.623378410767461,-2.15306152764189,-3.42837717199222,-6.41126077070954,-4.2505015744862,-28.8901002460348,-39.7971066028682,-20.0984335541595,0.163058647600303,1.33368983382871
0.0591965097268507,0.392716942292855,0.452262870791407,0.066875399237873,0.089404590991894,0.00276986782547957,0.0330398881247211,3.0047920405542e-13,6.82083933513234e-18,1.89884139153973e-09,-2.9188026206208,-1.02657609970907,-0.885401620124176,-2.79683402834552,-2.50649316921817,-5.98086560082858,-3.50194964086461,-28.9253077722785,-39.6184590644163,-20.1739318551743,0.0919099244738565,1.54895991413379
0.0881183079881105,0.584587716958153,0.673226160188759,0.0995488932381733,0.133085232911989,0.00412314961233698,0.0491822752912459,4.47285138417001e-13,1.01533151877363e-17,2.82656344660089e-09,-2.9188026206208,-1.02657609970907,-0.885401620124176,-2.79683402834552,-2.50649316921817,-5.98086560082858,-3.50194964086461,-28.9253077722785,-39.6184590644163,-20.1739318551743,0.489727662164107,1.85682087637315
0.0414426433255021,0.274935604183812,0.316622870673647,0.0468185257991422,0.0625908958693026,0.00193914548137737,0.0231307606712872,2.10361261801744e-13,4.77517362173513e-18,1.3293521338402e-09,-2.9188026206208,-1.02657609970907,-0.885401620124176,-2.79683402834552,-2.50649316921817,-5.98086560082858,-3.50194964086461,-28.9253077722785,-39.6184590644163,-20.1739318551743,-0.264642275632095,1.69536662429047
0.578936289026287,2.10247171097708,3.9618175515225,1.6575423603067,1.03740899003059,0.0422985418299505,0.6063280124077,1.772428699128e-12,1.01149460197246e-16,1.37134011466278e-08,-2.84782741215439,-1.55815091063784,-0.92456167084123,-1.79592856896935,-2.26453831964418,-5.46426723409606,-2.8015987332157,-29.3599349319422,-39.1311970154161,-20.4061568648059,2.30126456846679,2.77068941535868
0.35334859154754,1.28322482443067,2.41805994603187,1.01166617043445,0.63317330841809,0.0258165370929944,0.370066885184238,1.08178602089129e-12,6.17356693196821e-17,8.36985186856601e-09,-2.84782741215439,-1.55815091063784,-0.92456167084123,-1.79592856896935,-2.26453831964418,-5.46426723409606,-2.8015987332157,-29.3599349319422,-39.1311970154161,-20.4061568648059,1.80752721430298,1.95331263319484
0.437215903815854,1.58779832390222,2.99198663890246,1.25178520488574,0.783457036292855,0.03194409393023,0.457902285585808,1.33854800662396e-12,7.6388634637164e-17,1.03564367795918e-08,-2.84782741215439,-1.55815091063784,-0.92456167084123,-1.79592856896935,-2.26453831964418,-5.46426723409606,-2.8015987332157,-29.3599349319422,-39.1311970154161,-20.4061568648059,2.02049926533602,1.12743684730068
0.320543528073828,1.16408957718906,2.19356602724929,0.917742567145253,0.574389175498401,0.0234197166208993,0.335709686801704,9.81352454919263e-13,5.60040982901945e-17,7.59279055183246e-09,-2.84782741215439,-1.55815091063784,-0.92456167084123,-1.79592856896935,-2.26453831964418,-5.46426723409606,-2.8015987332157,-29.3599349319422,-39.1311970154161,-20.4061568648059,1.71009021333409,1.31489982437507
0.30696980481535,1.11479508709658,2.10067736909418,0.878879877563557,0.550066114734295,0.0224279862493198,0.321493737999933,9.39796143605954e-13,5.36325510120454e-17,7.27126655061655e-09,-2.84782741215439,-1.55815091063784,-0.92456167084123,-1.79592856896935,-2.26453831964418,-5.46426723409606,-2.8015987332157,-29.3599349319422,-39.1311970154161,-20.4061568648059,1.66682152027189,0.521783805200074
0.133793908027448,0.485887501026915,0.915587886192881,0.383062997276379,0.239748320549134,0.00977531953439971,0.140124217231194,4.09613573809973e-13,2.33759427957397e-17,3.16920802259833e-09,-2.84782741215439,-1.55815091063784,-0.92456167084123,-1.79592856896935,-2.26453831964418,-5.46426723409606,-2.8015987332157,-29.3599349319422,-39.1311970154161,-20.4061568648059,0.836372749392228,1.03910654813683
0.048535212090008,0.176261036559208,0.332139578689167,0.138960316585035,0.0869713409050605,0.00354610470569673,0.0508316013974804,1.48591830322609e-13,8.47988042297391e-18,1.14966507669848e-09,-2.84782741215439,-1.55815091063784,-0.92456167084123,-1.79592856896935,-2.26453831964418,-5.46426723409606,-2.8015987332157,-29.3599349319422,-39.1311970154161,-20.4061568648059,-0.177638309836739,1.1176975658133
0.0642266506027797,0.233246245817944,0.439520334891361,0.183886199660722,0.1150891833831,0.00469256068174358,0.0672654627836242,1.96631582671552e-13,1.1221426540172e-17,1.52135190126289e-09,-2.84782741215439,-1.55815091063784,-0.92456167084123,-1.79592856896935,-2.26453831964418,-5.46426723409606,-2.8015987332157,-29.3599349319422,-39.1311970154161,-20.4061568648059,0.102490376153713,0.357849845736473
0.565623064038254,2.05412324941098,3.87071155346239,1.61942549876556,1.01355272199095,0.0413258441174008,0.592384887060855,1.73166991013167e-12,9.88234261473012e-17,1.33980476297092e-08,-2.84782741215439,-1.55815091063784,-0.92456167084123,-1.79592856896935,-2.26453831964418,-5.46426723409606,-2.8015987332157,-29.3599349319422,-39.1311970154161,-20.4061568648059,2.27800002492579,0.792354743296226
0.275476978555084,1.00042537566894,1.88516344434986,0.788713317681872,0.493633409265408,0.0201270411295146,0.288510863867784,8.43380026429697e-13,4.81302488819284e-17,6.52528850789541e-09,-2.84782741215439,-1.55815091063784,-0.92456167084123,-1.79592856896935,-2.26453831964418,-5.46426723409606,-2.8015987332157,-29.3599349319422,-39.1311970154161,-20.4061568648059,1.5585761958602,0.999116093490266
0.193342840603597,0.702146092055663,1.3230973319238,0.553556504294272,0.346455395528189,0.0141261143683832,0.202490640988503,5.9192419952308e-13,3.37800969307834e-17,4.57975770785593e-09,-2.84782741215439,-1.55815091063784,-0.92456167084123,-1.79592856896935,-2.26453831964418,-5.46426723409606,-2.8015987332157,-29.3599349319422,-39.1311970154161,-20.4061568648059,1.20453712237138,1.31186931197573
0.0195590767704466,0.0710309690067222,0.133848050484209,0.0559992505048064,0.0350483506785986,0.00142903535779631,0.020484492624742,5.98806287557028e-14,3.41728458690097e-18,4.63300489008807e-10,-2.84782741215439,-1.55815091063784,-0.92456167084123,-1.79592856896935,-2.26453831964418,-5.46426723409606,-2.8015987332157,-29.3599349319422,-39.1311970154161,-20.4061568648059,-1.08648840320994,1.0136706794938
0.0210934003378565,0.162923028504596,0.307370385097355,0.115322748537522,0.0547562855266916,0.00683773296830266,0.0238862237159288,3.0471364618437e-13,8.44082115896781e-18,6.93185373524807e-10,-3.49089999188237,-1.44658233172846,-0.811806716735135,-1.79212549675034,-2.53696803699448,-4.61740396392779,-3.36655832405424,-28.4515088485423,-38.9455570005611,-20.721828582505,-0.367895075740052,0.797431529959139
0.00920360506157174,0.071087600186508,0.134113779037427,0.0503183467413467,0.0238916067847948,0.00298348264143084,0.0104221873179551,1.3295457401049e-13,3.68295216030553e-18,3.02455000625505e-10,-3.49089999188237,-1.44658233172846,-0.811806716735135,-1.79212549675034,-2.53696803699448,-4.61740396392779,-3.36655832405424,-28.4515088485423,-38.9455570005611,-20.721828582505,-1.19726002528104,0.666918415560051
0.328989880304325,2.54108047010082,4.79399928805169,1.79866766998367,0.854023700911104,0.106646861803384,0.372549032178675,4.75256262051666e-12,1.31649933072916e-16,1.08114846071238e-08,-3.49089999188237,-1.44658233172846,-0.811806716735135,-1.79212549675034,-2.53696803699448,-4.61740396392779,-3.36655832405424,-28.4515088485423,-38.9455570005611,-20.721828582505,2.37917170423912,0.767459332201391
0.0116102520099662,0.0896762678784619,0.169183136631411,0.0634760707878665,0.0301390133364887,0.00376363230523671,0.0131474808454968,1.67720811552932e-13,4.64600582442792e-18,3.81543835860433e-10,-3.49089999188237,-1.44658233172846,-0.811806716735135,-1.79212549675034,-2.53696803699448,-4.61740396392779,-3.36655832405424,-28.4515088485423,-38.9455570005611,-20.721828582505,-0.964966785340781,0.541600605173168
0.253132279859435,1.95516497987081,3.68861184516221,1.38393572346742,0.657105216323512,0.0820565156690314,0.286647679824011,3.65672953281504e-12,1.01294446112637e-16,8.31860160785148e-09,-3.49089999188237,-1.44658233172846,-0.811806716735135,-1.79212549675034,-2.53696803699448,-4.61740396392779,-3.36655832405424,-28.4515088485423,-38.9455570005611,-20.721828582505,2.11705691028598,0.212614547598211
0.230065290550765,1.77699817430808,3.3524825690247,1.25782288414548,0.597225697962509,0.0745790150883258,0.26052655860815,3.32350557147364e-12,9.20638655371158e-17,7.56055883883779e-09,-3.49089999188237,-1.44658233172846,-0.811806716735135,-1.79212549675034,-2.53696803699448,-4.61740396392779,-3.36655832405424,-28.4515088485423,-38.9455570005611,-20.721828582505,2.02150785349925,0.403335611596828
0.223507255015531,1.72634465266967,3.25691969743165,1.22196850927863,0.580201716029305,0.0724531323445134,0.253100221392595,3.22876869227253e-12,8.94395752747383e-17,7.34504430636471e-09,-3.49089999188237,-1.44658233172846,-0.811806716735135,-1.79212549675034,-2.53696803699448,-4.61740396392779,-3.36655832405424,-28.4515088485423,-38.9455570005611,-20.721828582505,1.99258858734661,0.294992683559328
0.0944265372264366,0.729339848944258,1.37597166155378,0.516252838964507,0.245121523834547,0.0306097374692636,0.106928866696907,1.36407852664667e-12,3.7786108480505e-17,3.10310776970789e-09,-3.49089999188237,-1.44658233172846,-0.811806716735135,-1.79212549675034,-2.53696803699448,-4.61740396392779,-3.36655832405424,-28.4515088485423,-38.9455570005611,-20.721828582505,1.13096686123318,1.82011498970439
0.265836423712082,1.14862545023721,4.15921262823043,0.783255236838396,0.670405490918389,0.0573872892053247,0.322486576617042,1.90195213828265e-12,8.11188687469759e-17,2.8548137176606e-09,-3.32732783630805,-1.86388776168032,-0.577127944199481,-2.24675039163374,-2.40232626783553,-4.860386171093,-3.1341474950039,-28.9905940445097,-39.0530698080725,-21.6767129722202,2.00245372849844,0.824351942098348
0.541012053095901,2.33760372033922,8.46454421798285,1.59402732651491,1.36436326513837,0.116790674208765,0.65630255807389,3.87072251745638e-12,1.6508755689984e-16,5.8099210372717e-09,-3.32732783630805,-1.86388776168032,-0.577127944199481,-2.24675039163374,-2.40232626783553,-4.860386171093,-3.1341474950039,-28.9905940445097,-39.0530698080725,-21.6767129722202,2.71301411521424,0.455305564094397
0.423811674293327,1.83120457461539,6.63085533238076,1.248710423832,1.06879888614996,0.0914901080207342,0.514126597344005,3.03220118934630e-12,1.29324353301078e-16,4.55130777258613e-09,-3.32732783630805,-1.86388776168032,-0.577127944199481,-2.24675039163374,-2.40232626783553,-4.860386171093,-3.1341474950039,-28.9905940445097,-39.0530698080725,-21.6767129722202,2.46886174948512,0.900476614292698
0.721503797184571,3.11747206164104,11.2884745538724,2.1258246693676,1.81954037974451,0.155754228459736,0.87525737188765,5.16206797651061e-12,2.20163854926249e-16,7.74821940795283e-09,-3.32732783630805,-1.86388776168032,-0.577127944199481,-2.24675039163374,-2.40232626783553,-4.860386171093,-3.1341474950039,-28.9905940445097,-39.0530698080725,-21.6767129722202,3.00091019842907,1.27141184693792
0.617692274385622,2.51843689958332,8.27029846513592,1.09504808123446,0.752973406530541,0.0737864964027203,0.582623167744426,2.47779334508986e-12,2.92037816781343e-16,3.92051171941518e-09,-3.11443462684539,-1.7090313122931,-0.519999144935912,-2.54187147131374,-2.91639511191976,-5.23924928311204,-3.17288441254381,-29.3563224754681,-38.4023181139064,-21.989713394418,2.63266974342136,1.86882723563753
0.170908328225886,1.5786830745458,5.43885087623597,0.686291583226478,0.288920489544744,0.0123167275172862,0.27654252511425,1.99229558769845e-12,2.45033306421603e-16,1.27575141883595e-09,-3.90109182373757,-1.67787286289889,-0.440896062694633,-2.51091655839164,-3.37606761666843,-6.53126084502084,-3.41985453722686,-29.0761974456386,-38.0796013932727,-22.6141943490898,2.13446386526299,0.97715565051601
0.300340120028516,2.77424669129879,9.55778540427209,1.20603190388929,0.50772490380854,0.0216443953276,0.485972895808966,3.50109501481278e-12,4.30601208411458e-16,2.24189972622823e-09,-3.90109182373757,-1.67787286289889,-0.440896062694633,-2.51091655839164,-3.37606761666843,-6.53126084502084,-3.41985453722686,-29.0761974456386,-38.0796013932727,-22.6141943490898,2.69825211064962,0.744220594954536
0.0868392778759731,0.802135856173064,2.76350419824597,0.348707790418367,0.1468017792701,0.0062581837555782,0.140512480767935,1.01229420442612e-12,1.24502507315446e-16,6.48214941372192e-10,-3.90109182373757,-1.67787286289889,-0.440896062694633,-2.51091655839164,-3.37606761666843,-6.53126084502084,-3.41985453722686,-29.0761974456386,-38.0796013932727,-22.6141943490898,1.45739557416178,1.58073362141661
0.0475268735427648,0.439006522542751,1.51245747059898,0.190846716646594,0.0803441687894703,0.00342508499878998,0.0769020547841926,5.54025549481743e-13,6.81398448452042e-17,3.54766072457758e-10,-3.90109182373757,-1.67787286289889,-0.440896062694633,-2.51091655839164,-3.37606761666843,-6.53126084502084,-3.41985453722686,-29.0761974456386,-38.0796013932727,-22.6141943490898,0.85463185460991,2.39652521528187
0.0979470258768785,0.904738309472899,3.11698834717455,0.393311549876752,0.165579424710055,0.00705867783844707,0.158485652189068,1.14177834110447e-12,1.40427817964805e-16,7.3112912945961e-10,-3.90109182373757,-1.67787286289889,-0.440896062694633,-2.51091655839164,-3.37606761666843,-6.53126084502084,-3.41985453722686,-29.0761974456386,-38.0796013932727,-22.6141943490898,1.5777633249982,1.15302964252113
0.0543128341106412,0.5147529604147,1.91309181263856,0.214981613296454,0.0493404194983,0.00186815505437059,0.114396595144032,9.91193028778918e-13,4.31549119538266e-17,4.06898990280114e-10,-3.96477546619364,-1.71584892377344,-0.40306005848519,-2.58898351591541,-4.06079240757465,-7.33458467892111,-3.21986470505891,-28.6916478395855,-38.7335161703069,-22.6742368842705,1.05178074185256,0.390563243723843
0.811401493940435,3.69208667007867,9.13291497616367,0.772487571144836,0.305441817671533,0.0179008217329171,0.446409166438993,1.31544073190011e-11,3.86259488563036e-16,5.17416824939043e-09,-2.92888162958709,-1.41369755109657,-0.508004424416923,-2.97802870203677,-3.90588531059286,-6.74279800288644,-3.52640867655254,-27.7741535986832,-38.2099116226878,-21.7994765780323,2.71988934256421,0.513209351174096
0.64164617587347,3.40691307989986,8.58727988880448,0.445700001545202,0.365557131794482,0.0333464411605079,0.307403918345232,1.66327141299263e-11,4.65018719233776e-16,3.87978476834278e-09,-3.067505781115,-1.39798089982988,-0.473505500333359,-3.43189672153578,-3.6301202266415,-6.02459175011653,-3.80338022720055,-27.4434371551629,-37.9282415386721,-21.9912736828995,2.62378752597307,0.547802205981237
0.00940360162686944,0.0499297815297301,0.125850292839069,0.00653192587631451,0.00535739753233437,0.000488706486749317,0.00450513709167231,2.43759603863472e-13,6.81505002154612e-18,5.68599202041936e-11,-3.067505781115,-1.39798089982988,-0.473505500333359,-3.43189672153578,-3.6301202266415,-6.02459175011653,-3.80338022720055,-27.4434371551629,-37.9282415386721,-21.9912736828995,-1.59915673018046,0.872602181835137
0.534330809570058,2.83710663690871,7.15105674672391,0.371156646148213,0.304417676782619,0.0277692466215027,0.255990592215119,1.38508915669801e-11,3.87244306997028e-16,3.23089050348362e-09,-3.067505781115,-1.39798089982988,-0.473505500333359,-3.43189672153578,-3.6301202266415,-6.02459175011653,-3.80338022720055,-27.4434371551629,-37.9282415386721,-21.9912736828995,2.44076564286302,0.730574339775175
0.448936532767537,2.38369338592026,6.0082079565678,0.311840108882136,0.255767052695133,0.0233312941581175,0.215079360635475,1.16373061864475e-11,3.25356714236821e-16,2.71454453759198e-09,-3.067505781115,-1.39798089982988,-0.473505500333359,-3.43189672153578,-3.6301202266415,-6.02459175011653,-3.80338022720055,-27.4434371551629,-37.9282415386721,-21.9912736828995,2.2666320274731,2.27635644966446
0.573290540692606,3.04396895845236,7.67246266812048,0.398218838481679,0.326613722048931,0.0297939892761889,0.274655667228532,1.4860803407346e-11,4.15479501017531e-16,3.46646483879736e-09,-3.067505781115,-1.39798089982988,-0.473505500333359,-3.43189672153578,-3.6301202266415,-6.02459175011653,-3.80338022720055,-27.4434371551629,-37.9282415386721,-21.9912736828995,2.51114314215983,1.06517934207541
0.371143542073842,1.97064026180853,4.96708870799668,0.257803573831979,0.211447015233693,0.0192883815928928,0.177809801401397,9.620760893773e-12,2.68977983624887e-16,2.2441605912272e-09,-3.067505781115,-1.39798089982988,-0.473505500333359,-3.43189672153578,-3.6301202266415,-6.02459175011653,-3.80338022720055,-27.4434371551629,-37.9282415386721,-21.9912736828995,2.07633939577094,1.39792230223564
0.146069252166505,0.775575799387903,1.95487419494804,0.10146256358139,0.0832182266069986,0.00759123938687709,0.0699797834914486,3.78639849470043e-12,1.05860424508006e-16,8.83223933980995e-10,-3.067505781115,-1.39798089982988,-0.473505500333359,-3.43189672153578,-3.6301202266415,-6.02459175011653,-3.80338022720055,-27.4434371551629,-37.9282415386721,-21.9912736828995,1.1438313412899,2.04792632827268
0.635662558266284,3.37514219766357,8.50719993029692,0.44154366355544,0.362148159416114,0.0330354717197669,0.304537248882386,1.64776071490615e-11,4.60682226162202e-16,3.84360416082907e-09,-3.067505781115,-1.39798089982988,-0.473505500333359,-3.43189672153578,-3.6301202266415,-6.02459175011653,-3.80338022720055,-27.4434371551629,-37.9282415386721,-21.9912736828995,2.61441835590787,2.64137747188295
0.569557378378638,3.02414719375543,7.62250100565636,0.395625710817762,0.324486873702707,0.0295999763105916,0.272867160156749,1.47640325951701e-11,4.1277397510121e-16,3.44389185881542e-09,-3.067505781115,-1.39798089982988,-0.473505500333359,-3.43189672153578,-3.6301202266415,-6.02459175011653,-3.80338022720055,-27.4434371551629,-37.9282415386721,-21.9912736828995,2.50461003214624,1.7906951828919
0.115737816376156,0.614526658581271,1.54894248623574,0.0803937541862061,0.0659378732165421,0.00601491044278305,0.0554484069141669,3.00014881439285e-12,8.387839460726e-17,6.99821543370363e-10,-3.067505781115,-1.39798089982988,-0.473505500333359,-3.43189672153578,-3.6301202266415,-6.02459175011653,-3.80338022720055,-27.4434371551629,-37.9282415386721,-21.9912736828995,0.911077931469823,1.35776214167721
0.144793351023279,0.768801217917675,1.93779855320139,0.100576297656509,0.0824913232451326,0.00752493062669274,0.0693685166818011,3.75332466090966e-12,1.04935743682652e-16,8.75509056206401e-10,-3.067505781115,-1.39798089982988,-0.473505500333359,-3.43189672153578,-3.6301202266415,-6.02459175011653,-3.80338022720055,-27.4434371551629,-37.9282415386721,-21.9912736828995,1.13505806268269,2.18390439889095
0.190153567429611,1.00964784085819,2.54486345710682,0.132084392432997,0.108333837750114,0.00988230739335476,0.0910999767677469,4.92914950133836e-12,1.37809546302492e-16,1.1497846356758e-09,-3.067505781115,-1.39798089982988,-0.473505500333359,-3.43189672153578,-3.6301202266415,-6.02459175011653,-3.80338022720055,-27.4434371551629,-37.9282415386721,-21.9912736828995,1.40758249746505,3.08896160061369
0.262837984490328,1.39557625514657,3.51761363676043,0.182572412177171,0.149743430803013,0.0136597266750976,0.125922088154427,6.81327065116913e-12,1.90485952397825e-16,1.58927902496934e-09,-3.067505781115,-1.39798089982988,-0.473505500333359,-3.43189672153578,-3.6301202266415,-6.02459175011653,-3.80338022720055,-27.4434371551629,-37.9282415386721,-21.9912736828995,1.7312883159332,5.07763818280588
0.151729708461708,0.805630809945825,2.03062922058827,0.105394427394159,0.0864430882920316,0.0078854140892084,0.0726916307839202,3.93312850719505e-12,1.09962713644367e-16,9.17450510779493e-10,-3.067505781115,-1.39798089982988,-0.473505500333359,-3.43189672153578,-3.6301202266415,-6.02459175011653,-3.80338022720055,-27.4434371551629,-37.9282415386721,-21.9912736828995,1.18185120624003,10.4771854783561
0.241198446093497,1.28067799941116,3.22800733991754,0.167541164957821,0.137415004503373,0.0125351168495841,0.115554880892088,6.25233181978269e-12,1.7480318078868e-16,1.45843315597978e-09,-3.067505781115,-1.39798089982988,-0.473505500333359,-3.43189672153578,-3.6301202266415,-6.02459175011653,-3.80338022720055,-27.4434371551629,-37.9282415386721,-21.9912736828995,1.64537052456671,3.27351803521508
0.114806201214521,0.609580113274919,1.53647449306066,0.0797466360475921,0.0654071156444896,0.00596649427303126,0.0550020828155522,2.97599954140533e-12,8.32032273490863e-17,6.94188428968729e-10,-3.067505781115,-1.39798089982988,-0.473505500333359,-3.43189672153578,-3.6301202266415,-6.02459175011653,-3.80338022720055,-27.4434371551629,-37.9282415386721,-21.9912736828995,0.902996002107534,0.887715648197927
0.0804182329742373,0.42699222731188,1.07625339428352,0.0558600797582684,0.0458156842437718,0.00417934677231869,0.0385272769513943,2.08459666742885e-12,5.82813162562939e-17,4.86257764983569e-10,-3.067505781115,-1.39798089982988,-0.473505500333359,-3.43189672153578,-3.6301202266415,-6.02459175011653,-3.80338022720055,-27.4434371551629,-37.9282415386721,-21.9912736828995,0.546991430894012,2.00660348121852
0.0612284319357108,0.325101206033941,0.819432425462232,0.0425304680904666,0.0348829164799789,0.00318205013863741,0.0293337053954225,1.58715978260758e-12,4.43739370232783e-17,3.70224504634978e-10,-3.067505781115,-1.39798089982988,-0.473505500333359,-3.43189672153578,-3.6301202266415,-6.02459175011653,-3.80338022720055,-27.4434371551629,-37.9282415386721,-21.9912736828995,0.274362157882927,3.7090299843098
0.0978111323853954,0.51934233977159,1.30902606703906,0.0679415283601804,0.0557247254901841,0.00508325817806389,0.0468599774823313,2.53545437479778e-12,7.08864312122564e-17,5.91425860345266e-10,-3.067505781115,-1.39798089982988,-0.473505500333359,-3.43189672153578,-3.6301202266415,-6.02459175011653,-3.80338022720055,-27.4434371551629,-37.9282415386721,-21.9912736828995,0.742788900767244,4.28729859158609
0.0278382265551628,0.147811086137763,0.37256458781463,0.0193369774264788,0.0158599281604026,0.00144675651276333,0.0133369140885005,7.21620858327147e-13,2.01751322538457e-17,1.68326924444563e-10,-3.067505781115,-1.39798089982988,-0.473505500333359,-3.43189672153578,-3.6301202266415,-6.02459175011653,-3.80338022720055,-27.4434371551629,-37.9282415386721,-21.9912736828995,-0.513839365753103,3.12804143684876
0.0503228802581441,0.267196603698787,0.67348123286048,0.0349552582905703,0.0286698315403534,0.00261528709848712,0.0241090045502304,1.30446671857556e-12,3.64703822849738e-17,3.04282876865749e-10,-3.067505781115,-1.39798089982988,-0.473505500333359,-3.43189672153578,-3.6301202266415,-6.02459175011653,-3.80338022720055,-27.4434371551629,-37.9282415386721,-21.9912736828995,0.078210351721316,2.21310181262602
0.0684815799374857,0.363612843330085,0.91650276470547,0.0475686467583251,0.0390151626924656,0.00355899725086853,0.0328085895292651,1.7751754550946e-12,4.96304938625783e-17,4.14081468485054e-10,-3.067505781115,-1.39798089982988,-0.473505500333359,-3.43189672153578,-3.6301202266415,-6.02459175011653,-3.80338022720055,-27.4434371551629,-37.9282415386721,-21.9912736828995,0.386315305217234,4.75827409451497
0.0693855246923312,0.368412468613595,0.92860043925844,0.0481965444904092,0.0395301559462353,0.00360597538572419,0.0332416571139489,1.79860745743782e-12,5.02856076121215e-17,4.19547270703073e-10,-3.067505781115,-1.39798089982988,-0.473505500333359,-3.43189672153578,-3.6301202266415,-6.02459175011653,-3.80338022720055,-27.4434371551629,-37.9282415386721,-21.9912736828995,0.399428769969927,2.40841228339757
0.0279320945538802,0.148309491839596,0.373820842130321,0.0194021799769599,0.0159134064131666,0.00145163484573527,0.0133818849645034,7.24054099024779e-13,2.02431609870975e-17,1.68894507709846e-10,-3.067505781115,-1.39798089982988,-0.473505500333359,-3.43189672153578,-3.6301202266415,-6.02459175011653,-3.80338022720055,-27.4434371551629,-37.9282415386721,-21.9912736828995,-0.510473127743713,3.18651275726189
0.0362555938452198,0.19250431395881,0.485215908066308,0.0251838456152869,0.0206554506142304,0.00188420826361678,0.0173695597807967,9.39815354182319e-13,2.62754309912522e-17,2.19223469346515e-10,-3.067505781115,-1.39798089982988,-0.473505500333359,-3.43189672153578,-3.6301202266415,-6.02459175011653,-3.80338022720055,-27.4434371551629,-37.9282415386721,-21.9912736828995,-0.249655815499888,1.60304415772684
0.135665845165977,0.796617666473035,2.646341886736,0.0417387297462223,0.0541091232917158,0.00583966742095722,0.031473472393793,1.86197956152545e-12,4.7376150262322e-17,8.22976634501402e-10,-3.30907370553732,-1.53889369915919,-0.338335001782746,-4.48783907834927,-4.22826573781629,-6.45459470025355,-4.77012350220739,-28.320894181782,-38.8999259988652,-22.2296065743205,1.3115132680237,1.58551663211092
0.176600912950227,0.783673799205157,2.80179708844081,0.0561365795715687,0.055094490868394,0.0046157882202841,0.0356672592424483,2.06829043049304e-12,1.08676808698487e-16,7.335012167791e-10,-3.09831688983014,-1.60821648625437,-0.334193039993276,-4.24442170526482,-4.26315962065978,-6.74272669891477,-4.69797618765019,-28.2687527974642,-38.1226073225663,-22.3976459280778,1.36445406859809,1.92507343358202
0.06584756941971,0.519255210243643,1.23040903719241,0.031737732941065,0.0269756752596804,0.00196234992791472,0.0123880712650893,1.4033330473105e-12,5.96075860571365e-17,3.78293659081103e-10,-3.356235681167,-1.2911827009351,-0.42847625416594,-4.08607191119272,-4.24864265418547,-6.86943549991457,-5.02684418296645,-27.9279938795497,-37.994571743914,-22.3311732648754,0.635822918830519,1.62499775451086
0.0559653264989819,0.441326652353009,1.04575224416954,0.0269746112428643,0.0229272315856601,0.00166784522783202,0.0105288996868555,1.19272423981127e-12,5.0661824648994e-17,3.21520267635441e-10,-3.356235681167,-1.2911827009351,-0.42847625416594,-4.08607191119272,-4.24864265418547,-6.86943549991457,-5.02684418296645,-27.9279938795497,-37.994571743914,-22.3311732648754,0.473212731494282,1.18011425922662
0.0337677369302703,0.266282772374147,0.630974370818674,0.0162756412447969,0.0138335782734697,0.00100632592387115,0.00635281051737291,7.19652700695604e-13,3.05677689057319e-17,1.93995327007718e-10,-3.356235681167,-1.2911827009351,-0.42847625416594,-4.08607191119272,-4.24864265418547,-6.86943549991457,-5.02684418296645,-27.9279938795497,-37.994571743914,-22.3311732648754,-0.0320137798690058,2.00537515814531
0.0948123036661792,0.747662869073639,1.77163585984966,0.045698384918421,0.0388416146087161,0.00282553963501445,0.0178372806312323,2.02062490990839e-12,8.58275043386107e-17,5.44695781421685e-10,-3.356235681167,-1.2911827009351,-0.42847625416594,-4.08607191119272,-4.24864265418547,-6.86943549991457,-5.02684418296645,-27.9279938795497,-37.994571743914,-22.3311732648754,1.00037958853265,0.495259916657305
0.064189814565416,0.506182626806095,1.19943269938453,0.030938715129003,0.0262965453084356,0.0019129465080544,0.0120761936140838,1.36800323647812e-12,5.81069267919609e-17,3.6876987323423e-10,-3.356235681167,-1.2911827009351,-0.42847625416594,-4.08607191119272,-4.24864265418547,-6.86943549991457,-5.02684418296645,-27.9279938795497,-37.994571743914,-22.3311732648754,0.610324948665246,1.23851756186206
0.226460160739511,1.78580043899701,4.23157044054136,0.109151061560518,0.0927735952776945,0.00674883042789605,0.0426045279221029,4.82628334296386e-12,2.0499987529916e-16,1.3010114662881e-09,-3.356235681167,-1.2911827009351,-0.42847625416594,-4.08607191119272,-4.24864265418547,-6.86943549991457,-5.02684418296645,-27.9279938795497,-37.994571743914,-22.3311732648754,1.87104944086257,0.514664528643151
0.127925798692887,1.00878647581451,2.39038525170939,0.0616586894697435,0.0524071705802646,0.00381236823250575,0.0240670069497901,2.72633451001127e-12,1.15803029963193e-16,7.34932494925456e-10,-3.356235681167,-1.2911827009351,-0.42847625416594,-4.08607191119272,-4.24864265418547,-6.86943549991457,-5.02684418296645,-27.9279938795497,-37.994571743914,-22.3311732648754,1.29993080030298,2.05327759545717
0.162507449006258,0.644599439681861,1.25400296773835,0.0938655805666023,0.053560708420144,0.00662087085986534,0.0607015958955022,5.41385790988289e-12,8.46022269682103e-17,7.76863575017502e-10,-2.63938883171136,-1.26148357233744,-0.596016584661472,-3.1882489075885,-3.74929692506916,-5.83988576134344,-3.62414268322528,-26.76441656351,-37.8309284776127,-21.7981137535917,0.822357393486903,0.430353725853007
0.236869083477073,0.939561105789049,1.82782103504851,0.136817445445213,0.0780695038377821,0.00965050908119277,0.0884779834603739,7.89118018300612e-12,1.23315282373964e-16,1.13234786544481e-09,-2.63938883171136,-1.26148357233744,-0.596016584661472,-3.1882489075885,-3.74929692506916,-5.83988576134344,-3.62414268322528,-26.76441656351,-37.8309284776127,-21.7981137535917,1.19914115084848,0.903920343639151
0.30116893189103,1.19461185277154,2.32399644872523,0.173957543567658,0.0992620427239645,0.0122702104872577,0.11249598041026,1.0033298867835e-11,1.56790119391002e-16,1.4397319910182e-09,-2.63938883171136,-1.26148357233744,-0.596016584661472,-3.1882489075885,-3.74929692506916,-5.83988576134344,-3.62414268322528,-26.76441656351,-37.8309284776127,-21.7981137535917,1.43930489556272,0.68838344899715
0.267360312865881,1.06050712702947,2.06310927800213,0.154429419334851,0.0881190852979083,0.0108927813177969,0.0998674077362127,8.90698090117687e-12,1.3918917569434e-16,1.27811057118242e-09,-2.63938883171136,-1.26148357233744,-0.596016584661472,-3.1882489075885,-3.74929692506916,-5.83988576134344,-3.62414268322528,-26.76441656351,-37.8309284776127,-21.7981137535917,1.32023078778014,0.71485421111344
0.142809849761603,0.566467258579853,1.10200471743558,0.0824880923334531,0.0470685914361454,0.00581835219597801,0.0533439288053337,4.75764181561468e-12,7.43475538918949e-17,6.826995999995e-10,-2.63938883171136,-1.26148357233744,-0.596016584661472,-3.1882489075885,-3.74929692506916,-5.83988576134344,-3.62414268322528,-26.76441656351,-37.8309284776127,-21.7981137535917,0.693147576177568,0.875752804280632
0.158965289561078,0.464827812190366,1.7039089749702,0.0872860029127007,0.0274741797228582,0.00538288844456528,0.0812516090315843,1.0867265051443e-12,7.56884262566159e-17,7.44010050877948e-10,-2.76693163142148,-1.69395046451656,-0.394937217644749,-3.36642738835951,-4.52237086071945,-6.15239238945337,-3.43806688068306,-28.4757133708308,-38.0477686409273,-21.9468287981225,0.927862226180341,1.02921528148083
0.120275912467788,0.688469986965687,1.8368721605556,0.10734119695937,0.0370450529458351,0.00586611650526287,0.0708406308374995,5.51618385696128e-13,1.96423420370922e-17,1.46403952665566e-09,-3.17113230497797,-1.42644895374484,-0.445101187676841,-3.28490816125792,-4.34878585994932,-6.19172784758058,-3.70048796106916,-29.2790853180382,-39.5220095298166,-21.3952318227551,1.05316540006505,2.27241458538987
0.0895754711173136,0.512737938688251,1.36801031717895,0.079942343322542,0.0275892986559359,0.00436878955068163,0.0527585511622384,4.10817725360728e-13,1.46286318325888e-17,1.09034325862771e-09,-3.17113230497797,-1.42644895374484,-0.445101187676841,-3.28490816125792,-4.34878585994932,-6.19172784758058,-3.70048796106916,-29.2790853180382,-39.5220095298166,-21.3952318227551,0.758458548646236,1.05814946801268
0.0945332756249722,0.541116851262955,1.44372666711754,0.0843669754805824,0.0291163054082688,0.00461059240426656,0.0556786204569577,4.33555579208597e-13,1.5438294298617e-17,1.15069135007609e-09,-3.17113230497797,-1.42644895374484,-0.445101187676841,-3.28490816125792,-4.34878585994932,-6.19172784758058,-3.70048796106916,-29.2790853180382,-39.5220095298166,-21.3952318227551,0.812328921530346,1.00123745478139
0.0834442174754919,0.477642099228302,1.2743728723,0.0744704571296112,0.0257008688687459,0.00406975504370272,0.0491473386850295,3.82698111326614e-13,1.36273325809113e-17,1.01571154313786e-09,-3.17113230497797,-1.42644895374484,-0.445101187676841,-3.28490816125792,-4.34878585994932,-6.19172784758058,-3.70048796106916,-29.2790853180382,-39.5220095298166,-21.3952318227551,0.687555380419283,0.495605435620424
0.162210968371091,0.928509965035979,2.47731075843986,0.144766471919759,0.0499610752345079,0.00791137992115561,0.0955397227291646,7.43944075577318e-13,2.64907848757019e-17,1.97448736392642e-09,-3.17113230497797,-1.42644895374484,-0.445101187676841,-3.28490816125792,-4.34878585994932,-6.19172784758058,-3.70048796106916,-29.2790853180382,-39.5220095298166,-21.3952318227551,1.35227478790065,1.67127791788319
0.168630437053272,0.965255572940902,2.57534986756752,0.1504955779232,0.0519382754264353,0.00822447129929543,0.0993206893562863,7.73385522986335e-13,2.75391527239654e-17,2.0526273314229e-09,-3.17113230497797,-1.42644895374484,-0.445101187676841,-3.28490816125792,-4.34878585994932,-6.19172784758058,-3.70048796106916,-29.2790853180382,-39.5220095298166,-21.3952318227551,1.39108658346293,1.54447688522137
0.0364303655465237,0.339788252626809,0.727139541340385,0.0867912064489679,0.0247813974444041,0.00236403390438553,0.0546694544543116,8.94817397861002e-14,9.65280548338041e-18,1.01291828487514e-09,-3.55291499515675,-1.31999500313737,-0.559199239907676,-2.68481233200117,-3.93822437168918,-6.28794819894618,-3.14701250637255,-30.2853041765438,-39.4198454384892,-20.9509926427561,0.240562361361705,2.03924931095875
0.0321254164152402,0.299635728186776,0.64121400395269,0.076535154301251,0.0218529981873601,0.00208467778071412,0.0482092057872957,7.89077493202084e-14,8.51214065730121e-18,8.93222486463082e-10,-3.55291499515675,-1.31999500313737,-0.559199239907676,-2.68481233200117,-3.93822437168918,-6.28794819894618,-3.14701250637255,-30.2853041765438,-39.4198454384892,-20.9509926427561,0.114807221648098,0.604941736534211
0.131697176963841,1.2283476425533,2.62863749558091,0.313753559788414,0.0895857078480069,0.00854607377070612,0.197632187044392,3.23479941605115e-13,3.48952642355133e-17,3.66173867903562e-09,-3.55291499515675,-1.31999500313737,-0.559199239907676,-2.68481233200117,-3.93822437168918,-6.28794819894618,-3.14701250637255,-30.2853041765438,-39.4198454384892,-20.9509926427561,1.52566488933983,0.616790941677324
0.0570024334493862,0.531665191020603,1.13775205633718,0.135801820689425,0.0387753440684931,0.00369899349856202,0.085541055998092,1.40011686420731e-13,1.51037024721473e-17,1.58490880497825e-09,-3.55291499515675,-1.31999500313737,-0.559199239907676,-2.68481233200117,-3.93822437168918,-6.28794819894618,-3.14701250637255,-30.2853041765438,-39.4198454384892,-20.9509926427561,0.688253675192381,0.773862138225231
0.290068107230815,2.70548301726084,5.78967537890694,0.69105430596848,0.197315973732214,0.0188230568040517,0.435292507747471,7.12477036727159e-13,7.68581641722935e-17,8.06512054615529e-09,-3.55291499515675,-1.31999500313737,-0.559199239907676,-2.68481233200117,-3.93822437168918,-6.28794819894618,-3.14701250637255,-30.2853041765438,-39.4198454384892,-20.9509926427561,2.31527546410165,0.555801338159916
0.294486583523298,2.74669441649258,5.87786688553997,0.701580823678029,0.200321598722798,0.0191097799155125,0.441923121654458,7.23329877205803e-13,7.80289098275848e-17,8.18797287993788e-09,-3.55291499515675,-1.31999500313737,-0.559199239907676,-2.68481233200117,-3.93822437168918,-6.28794819894618,-3.14701250637255,-30.2853041765438,-39.4198454384892,-20.9509926427561,2.33039316143157,0.760093062844448
0.895842887165496,8.3555815235888,17.8807644753025,2.134243886917,0.609388302904608,0.0581329044189056,1.34435219585071,2.20040559341083e-12,2.37367838717819e-16,2.49082222253973e-08,-3.55291499515675,-1.31999500313737,-0.559199239907676,-2.68481233200117,-3.93822437168918,-6.28794819894618,-3.14701250637255,-30.2853041765438,-39.4198454384892,-20.9509926427561,3.44292476462844,0.266525268647883
0.0190719466394782,0.177885215413064,0.380670529209713,0.0454367457844134,0.0129735039059051,0.00123761394655181,0.0286204352473621,4.68452880119682e-14,5.05341597149747e-18,5.30280802552473e-10,-3.55291499515675,-1.31999500313737,-0.559199239907676,-2.68481233200117,-3.93822437168918,-6.28794819894618,-3.14701250637255,-30.2853041765438,-39.4198454384892,-20.9509926427561,-0.406621790792508,0.379367076068284
0.0492487986413111,0.459346563869367,0.982991752028276,0.117329666779848,0.0335010103379601,0.00319584577293448,0.0739055157383024,1.20966894476313e-13,1.3049253457741e-17,1.36932495470604e-09,-3.55291499515675,-1.31999500313737,-0.559199239907676,-2.68481233200117,-3.93822437168918,-6.28794819894618,-3.14701250637255,-30.2853041765438,-39.4198454384892,-20.9509926427561,0.542044690425374,0.109015043050858
0.0145432156288058,0.135645463666185,0.290278370345731,0.03464755873667,0.00989287922891831,0.000943736202190461,0.0218243669123463,3.57216354276777e-14,3.85345657288131e-18,4.04362921159461e-10,-3.55291499515675,-1.31999500313737,-0.559199239907676,-2.68481233200117,-3.93822437168918,-6.28794819894618,-3.14701250637255,-30.2853041765438,-39.4198454384892,-20.9509926427561,-0.677715678757276,0.323158642106496
0.0601121581845356,0.433715254422152,1.11687102263209,0.0813314155876272,0.0475171139138724,0.00645242823854694,0.0789365711389424,5.03780487434712e-14,2.59548479203511e-17,2.87653384677876e-09,-3.41308805849765,-1.43691195584873,-0.491013854072868,-3.11076782131615,-3.64821023974829,-5.64484364776984,-3.14065554582541,-31.2207657553534,-38.7917181638297,-20.2682246928814,0.601544899840468,0.583111176937266
0.0172368309874339,0.401444429593982,0.4128292017412,0.0521076811435937,0.0323796048900278,0.00312344702069623,0.083421829782479,1.34624368177397e-14,1.04739205635142e-17,1.21821168101999e-09,-4.06324664643484,-0.915225960520817,-0.887261125022182,-2.95698270866804,-3.43276633144913,-5.77135787105076,-2.48638505423364,-31.9414128440008,-39.1001830605812,-20.5284216871758,0.00253979835752738,0.519839167590497
0.0984130922589508,2.99637776513384,5.43533022853229,0.702074789337015,0.0739471284360812,0.0304288448772254,0.679615855130329,1.77452893451401e-13,7.88484728751678e-17,1.4481503558198e-08,-4.62278398837631,-1.20679840847655,-0.611282277666989,-2.65791789912786,-4.90860747774829,-5.79656683180685,-2.69043011537872,-31.6642737662372,-39.383206284153,-20.3545961745013,2.30420255601393,0.658733161141604
0.126530738554097,3.85247412622559,6.98826073152934,0.902664874926181,0.0950745938391245,0.0391226830423389,0.873789189109579,2.28153034841004e-13,1.01376303475011e-16,1.86190200768326e-08,-4.62278398837631,-1.20679840847655,-0.611282277666989,-2.65791789912786,-4.90860747774829,-5.79656683180685,-2.69043011537872,-31.6642737662372,-39.383206284153,-20.3545961745013,2.55551398056635,0.373290004551513
0.206700281811458,6.29339160319311,11.4160043566132,1.47459096627951,0.155313606513526,0.0639107121516911,1.42741972185309,3.72710197827639e-13,1.65608062805464e-16,3.04159822420469e-08,-4.62278398837631,-1.20679840847655,-0.611282277666989,-2.65791789912786,-4.90860747774829,-5.79656683180685,-2.69043011537872,-31.6642737662372,-39.383206284153,-20.3545961745013,3.04629853946489,0.994266303673037
0.0382090898456834,1.30653914776854,3.19173464181736,0.589962599598488,0.049397722889639,0.0123625505120855,0.447067154417001,9.21698642061499e-14,3.39490934563871e-17,9.44735589199558e-09,-4.99372741627035,-1.46166380929116,-0.568481034800487,-2.25674171327231,-4.73689652987176,-6.12212907479943,-2.53409204072706,-31.7441887488736,-39.6507151012298,-20.2065765130505,1.72904557866964,0.61776349325757
0.0343415924993482,1.17429216917559,2.86866949403998,0.530246997955022,0.0443977199332151,0.011111221797046,0.401815329777249,8.28404950254381e-14,3.05127899646436e-17,8.49110113717824e-09,-4.99372741627035,-1.46166380929116,-0.568481034800487,-2.25674171327231,-4.73689652987176,-6.12212907479943,-2.53409204072706,-31.7441887488736,-39.6507151012298,-20.2065765130505,1.62232936615368,0.841399573505183
0.00895724134470465,0.306288019948469,0.748228696639377,0.138303147504834,0.0115801587420257,0.00289811531811092,0.104804600569564,2.16071024391701e-14,7.95858327824437e-18,2.21471506219303e-09,-4.99372741627035,-1.46166380929116,-0.568481034800487,-2.25674171327231,-4.73689652987176,-6.12212907479943,-2.53409204072706,-31.7441887488736,-39.6507151012298,-20.2065765130505,0.278434431232893,4.78206209912558
0.0201888502142227,0.690346806475872,1.68644301310088,0.311723377955125,0.0261006800311227,0.00653210221866753,0.23622053947572,4.87005471797027e-14,1.79379609791223e-17,4.99177692518368e-09,-4.99372741627035,-1.46166380929116,-0.568481034800487,-2.25674171327231,-4.73689652987176,-6.12212907479943,-2.53409204072706,-31.7441887488736,-39.6507151012298,-20.2065765130505,1.09110261971114,2.10544939473367
0.00856590133062884,0.292906359967994,0.715538740278216,0.132260711713677,0.0110742240115985,0.00277149726175439,0.100225709336902,2.06630926210489e-14,7.61087442768706e-18,2.11795462108635e-09,-4.99372741627035,-1.46166380929116,-0.568481034800487,-2.25674171327231,-4.73689652987176,-6.12212907479943,-2.53409204072706,-31.7441887488736,-39.6507151012298,-20.2065765130505,0.233761497693221,0.974953986993861
0.0225215577211434,0.770112477168228,1.88130196915391,0.347741251985729,0.0291164660515392,0.00728684970154918,0.263514487366605,5.43276200833992e-14,2.00105909600695e-17,5.56854852845441e-09,-4.99372741627035,-1.46166380929116,-0.568481034800487,-2.25674171327231,-4.73689652987176,-6.12212907479943,-2.53409204072706,-31.7441887488736,-39.6507151012298,-20.2065765130505,1.2004451087334,0.965799147343498
0.0179022942398649,0.612159262461392,1.49543925082108,0.276418100802285,0.0231445599338067,0.00579228706353362,0.209466589643365,4.31848032950017e-14,1.59063370179065e-17,4.42641647969882e-09,-4.99372741627035,-1.46166380929116,-0.568481034800487,-2.25674171327231,-4.73689652987176,-6.12212907479943,-2.53409204072706,-31.7441887488736,-39.6507151012298,-20.2065765130505,0.970901011746721,1.74442398734502
0.0107264520642612,0.516504373559559,0.647182291156885,0.314868697558084,0.0277336745820862,0.00264628747956778,0.0418052357453039,2.00978816168469e-14,4.17736379559209e-18,2.10896610333664e-09,-4.98066820584672,-1.10629729589409,-0.880753048975639,-1.60122533332582,-4.03073368837754,-6.38022334546129,-3.62035946335204,-31.9837877507178,-40.462477070345,-20.4226937810868,0.445625773121288,0.256192607579099
0.0303726881557644,1.53767853915619,2.56431718709377,0.609585449876612,0.150950246840088,0.0136799285903759,0.139735511013758,7.56835433856437e-14,3.25906757894575e-17,7.83167918667783e-09,-5.11287066761399,-1.18838534031256,-0.676966937975636,-2.11363532050495,-3.50946416488434,-5.91048476410087,-3.58666302751758,-31.830874827926,-39.5811646224574,-20.2837480717193,1.61865917729775,0.620835329100672
0.0376232862176655,1.90475467606759,3.17647351423509,0.755106289479991,0.186985238592192,0.016945614630928,0.173093309972452,9.37507934813715e-14,4.03707540460552e-17,9.70126536361224e-09,-5.11287066761399,-1.18838534031256,-0.676966937975636,-2.11363532050495,-3.50946416488434,-5.91048476410087,-3.58666302751758,-31.830874827926,-39.5811646224574,-20.2837480717193,1.83273856163135,1.5292423177334
0.051768538590951,2.62088658029027,4.37073441042484,1.03900411200285,0.25728620525054,0.0233166688282716,0.238171318829053,1.28998342733652e-13,5.55489737575797e-17,1.33486566657595e-08,-5.11287066761399,-1.18838534031256,-0.676966937975636,-2.11363532050495,-3.50946416488434,-5.91048476410087,-3.58666302751758,-31.830874827926,-39.5811646224574,-20.2837480717193,2.15189799026854,0.382399104899888
0.0334836542247372,1.6951774650257,2.82697104631822,0.672023112324535,0.166411541988356,0.0150811148618173,0.154048120788861,8.34355386731496e-14,3.59288224173073e-17,8.63385013999898e-09,-5.11287066761399,-1.18838534031256,-0.676966937975636,-2.11363532050495,-3.50946416488434,-5.91048476410087,-3.58666302751758,-31.830874827926,-39.5811646224574,-20.2837480717193,1.71617277479461,0.826107182816746
0.027902121640292,1.41260113109414,2.35573123167902,0.560000724512139,0.138671695022979,0.0125671797504935,0.128369185031594,6.95273142398416e-14,2.99396943580767e-17,7.19463697759511e-09,-5.11287066761399,-1.18838534031256,-0.676966937975636,-2.11363532050495,-3.50946416488434,-5.91048476410087,-3.58666302751758,-31.830874827926,-39.5811646224574,-20.2837480717193,1.53381811902285,0.791418131837066
0.0307492464129729,1.27856355643252,4.43485304793308,0.433997866477639,0.188659948862984,0.0132653171136276,0.219719280018369,5.80209747548915e-14,7.46812912611454e-17,1.65980248111154e-08,-5.36893039202788,-1.64130337387043,-0.397546119516338,-2.72175626094673,-3.55484969691708,-6.20964298574043,-3.40244514743013,-32.3650124161357,-39.0203426648831,-19.8010227360484,1.88704060010278,2.48251272723846
0.0498123236516147,2.07121243970736,7.18425201073519,0.703056000096762,0.305620186805464,0.0214891858008769,0.355934833061706,9.39912326389073e-14,1.20980156751133e-16,2.6888014514723e-08,-5.36893039202788,-1.64130337387043,-0.397546119516338,-2.72175626094673,-3.55484969691708,-6.20964298574043,-3.40244514743013,-32.3650124161357,-39.0203426648831,-19.8010227360484,2.36943752934629,2.0118006850254
0.0179518554629669,0.746443924414683,2.58913144884111,0.253374240968572,0.110142410911578,0.00774448428088293,0.128275298338785,3.38734855037236e-14,4.3600019607056e-17,9.69016730940673e-09,-5.36893039202788,-1.64130337387043,-0.397546119516338,-2.72175626094673,-3.55484969691708,-6.20964298574043,-3.40244514743013,-32.3650124161357,-39.0203426648831,-19.8010227360484,1.3488685910483,0.983016207847751
0.0128282140242363,0.533401265358665,1.85016710006006,0.181058665388568,0.0787066508659147,0.00553412999940012,0.0916642284975673,2.42056495321636e-14,3.11561322524027e-17,6.924495377771e-09,-5.36893039202788,-1.64130337387043,-0.397546119516338,-2.72175626094673,-3.55484969691708,-6.20964298574043,-3.40244514743013,-32.3650124161357,-39.0203426648831,-19.8010227360484,1.01282207888436,1.59626981260879
0.041170859118665,1.6688248995422,2.64782312284631,0.720493392053935,0.148133385184683,0.0162177758742237,0.178437235840077,4.62009334530952e-14,4.34363650228235e-17,1.10916571485498e-08,-4.88032344843956,-1.17817914683116,-0.716561033275555,-2.01811790752964,-3.59994103246436,-5.81194623473579,-3.41381723214992,-32.3960752650258,-39.3655335524913,-20.0073714920771,1.69029887261114,1.27106040324818
0.0463486550181877,1.87870234458084,2.98082291934363,0.811105242544052,0.166763174574819,0.0182573819261378,0.200878146907586,5.20113296631443e-14,4.88990791249782e-17,1.24865840005046e-08,-4.88032344843956,-1.17817914683116,-0.716561033275555,-2.01811790752964,-3.59994103246436,-5.81194623473579,-3.41381723214992,-32.3960752650258,-39.3655335524913,-20.0073714920771,1.80876044310193,1.5133151838139
0.0658438804329946,2.66892431931899,4.23462013765391,1.15227327713584,0.236907295864836,0.0259368232388277,0.285371747710789,7.38883959018287e-14,6.94670669067992e-17,1.77387055486969e-08,-4.88032344843956,-1.17817914683116,-0.716561033275555,-2.01811790752964,-3.59994103246436,-5.81194623473579,-3.41381723214992,-32.3960752650258,-39.3655335524913,-20.0073714920771,2.15985466140716,1.03696554827376
0.123666219696586,5.01270245702397,7.95335057458551,2.16416892965167,0.444952963061756,0.0487138494844403,0.53597760362126,1.38775214044722e-13,1.3047119187509e-16,3.3316363541948e-08,-4.88032344843956,-1.17817914683116,-0.716561033275555,-2.01811790752964,-3.59994103246436,-5.81194623473579,-3.41381723214992,-32.3960752650258,-39.3655335524913,-20.0073714920771,2.7901543290769,0.722489283586389
0.171928063803358,6.96895425422513,11.0572165009387,3.00875513726621,0.618599821442478,0.0677248632877812,0.745147639012939,1.92933477817502e-13,1.81388737007053e-16,4.63183712641134e-08,-4.88032344843956,-1.17817914683116,-0.716561033275555,-2.01811790752964,-3.59994103246436,-5.81194623473579,-3.41381723214992,-32.3960752650258,-39.3655335524913,-20.0073714920771,3.11964432508536,0.565604726134322
0.108485772778097,4.39737626888843,6.97704987971625,1.89850987061497,0.390333481253742,0.0427340596266427,0.4701845391835,1.2174008694553e-13,1.14455411595631e-16,2.9226667184232e-08,-4.88032344843956,-1.17817914683116,-0.716561033275555,-2.01811790752964,-3.59994103246436,-5.81194623473579,-3.41381723214992,-32.3960752650258,-39.3655335524913,-20.0073714920771,2.65918720737096,0.314848307912091
0.0214827796463152,0.870785753627765,1.38162287375581,0.375950395727928,0.0772953720254665,0.00846236665732641,0.0931077927521821,2.41074510970539e-14,2.26649110171032e-17,5.78757965064533e-09,-4.88032344843956,-1.17817914683116,-0.716561033275555,-2.01811790752964,-3.59994103246436,-5.81194623473579,-3.41381723214992,-32.3960752650258,-39.3655335524913,-20.0073714920771,1.03981983697885,0.379260648981794
0.0830564362051281,3.3666202691291,5.34161193117893,1.45349440682948,0.298838336624933,0.0327170891286031,0.359972106786858,9.32039059691305e-14,8.76267767476644e-17,2.23758632704857e-08,-4.88032344843956,-1.17817914683116,-0.716561033275555,-2.01811790752964,-3.59994103246436,-5.81194623473579,-3.41381723214992,-32.3960752650258,-39.3655335524913,-20.0073714920771,2.3920885004685,1.02829692056121
0.0291954067223853,1.18341037164537,1.87764536993566,0.510921998522721,0.10504552302796,0.0115004780788214,0.126534830370044,3.27623729985625e-14,3.08019402686793e-17,7.86540404084878e-09,-4.88032344843956,-1.17817914683116,-0.716561033275555,-2.01811790752964,-3.59994103246436,-5.81194623473579,-3.41381723214992,-32.3960752650258,-39.3655335524913,-20.0073714920771,1.34657956233018,0.63037995137497
0.00117632644358835,0.0476813673815271,0.0756531300056531,0.0205858086920386,0.00423244066072945,0.000463371399709015,0.00509827687672259,1.32004483031793e-15,1.24105607421097e-18,3.16908849763102e-10,-4.88032344843956,-1.17817914683116,-0.716561033275555,-2.01811790752964,-3.59994103246436,-5.81194623473579,-3.41381723214992,-32.3960752650258,-39.3655335524913,-20.0073714920771,-1.86503543150126,0.314584235263707
0.0133031318919039,0.539230859358933,0.855564857855694,0.232805892976701,0.0478648734296792,0.00524028927417562,0.0576566565192503,1.49284499865334e-14,1.4035162373902e-17,3.58393730676469e-09,-4.88032344843956,-1.17817914683116,-0.716561033275555,-2.01811790752964,-3.59994103246436,-5.81194623473579,-3.41381723214992,-32.3960752650258,-39.3655335524913,-20.0073714920771,0.560567657558209,2.00365299338974
0.0120671739424692,0.489132380848713,0.776076644409713,0.211176528069411,0.0434178776925249,0.00475342819226028,0.0522999327385772,1.35414881354806e-14,1.27311934552605e-17,3.25096339952507e-09,-4.88032344843956,-1.17817914683116,-0.716561033275555,-2.01811790752964,-3.59994103246436,-5.81194623473579,-3.41381723214992,-32.3960752650258,-39.3655335524913,-20.0073714920771,0.46305703816856,2.11346965959012
0.0119236003271719,0.483312749457614,0.766842988699025,0.208663978093301,0.0429012976134962,0.00469687254187579,0.051677675161212,1.33803733278723e-14,1.25797194249584e-17,3.21228387350726e-09,-4.88032344843956,-1.17817914683116,-0.716561033275555,-2.01811790752964,-3.59994103246436,-5.81194623473579,-3.41381723214992,-32.3960752650258,-39.3655335524913,-20.0073714920771,0.451087826359592,1.79781821276143
0.00388028884266524,0.157284127090752,0.249553172823485,0.0679053711836065,0.0139613390165514,0.00152849991777476,0.0168174293703864,4.35436545256571e-15,4.09380921778206e-18,1.04537127476832e-09,-4.88032344843956,-1.17817914683116,-0.716561033275555,-2.01811790752964,-3.59994103246436,-5.81194623473579,-3.41381723214992,-32.3960752650258,-39.3655335524913,-20.0073714920771,-0.671522235692325,2.42365712252439
0.00840109772463126,0.340531175848016,0.540300136765558,0.147019895289289,0.0302272789992079,0.00330930961636777,0.0364109151010151,9.42750686328706e-15,8.86338432500822e-18,2.26330219062218e-09,-4.88032344843956,-1.17817914683116,-0.716561033275555,-2.01811790752964,-3.59994103246436,-5.81194623473579,-3.41381723214992,-32.3960752650258,-39.3655335524913,-20.0073714920771,0.10093054827233,2.17676513742054
0.00289706563795137,0.117430031233658,0.186319099207077,0.0506988849194111,0.0104236867832909,0.0011411945782766,0.012556074746785,3.25101636481421e-15,3.05648226048521e-18,7.80485505546167e-10,-4.88032344843956,-1.17817914683116,-0.716561033275555,-2.01811790752964,-3.59994103246436,-5.81194623473579,-3.41381723214992,-32.3960752650258,-39.3655335524913,-20.0073714920771,-0.9637334547972,2.21176204885771
0.00980196565233717,0.397314136630728,0.630394212294623,0.171535198264709,0.0352676233779739,0.00386113103975465,0.0424823696722299,1.09995266678282e-14,1.03413377114367e-17,2.64070375806893e-09,-4.88032344843956,-1.17817914683116,-0.716561033275555,-2.01811790752964,-3.59994103246436,-5.81194623473579,-3.41381723214992,-32.3960752650258,-39.3655335524913,-20.0073714920771,0.255151111790219,1.26432663233868
0.0205207444679316,0.831790495955473,1.31975146653126,0.359114701652394,0.0738339546372611,0.00808340757704165,0.0889382684408993,2.30278786954209e-14,2.16499379981379e-17,5.52840205290031e-09,-4.88032344843956,-1.17817914683116,-0.716561033275555,-2.01811790752964,-3.59994103246436,-5.81194623473579,-3.41381723214992,-32.3960752650258,-39.3655335524913,-20.0073714920771,0.994004469215512,1.78077871079552
0.108591841259145,2.87821537291661,4.52977994360309,1.34864525919658,0.366784322556662,0.0320260141002072,0.310753041442195,3.85068582579101e-14,6.14199533616851e-17,2.07023282790154e-08,-4.47929321094794,-1.20196377022013,-0.748460849372338,-1.96003363322717,-3.26211549075097,-5.70034097592449,-3.4278909713309,-33.1470742430286,-39.5879311283311,-19.9521538758693,2.25913421011629,0.778388944180514
0.047319116311716,1.25418821913327,1.97386084932769,0.587674922380903,0.159827016644412,0.0139554009641653,0.135411271617834,1.67794420241619e-14,2.67638699489957e-17,9.02108177188276e-09,-4.47929321094794,-1.20196377022013,-0.748460849372338,-1.96003363322717,-3.26211549075097,-5.70034097592449,-3.4278909713309,-33.1470742430286,-39.5879311283311,-19.9521538758693,1.42845229617034,1.315848597992
0.104785128008164,2.77731883711598,4.3709874124571,1.30136817355619,0.35392660944729,0.0309033344325843,0.299859518439691,3.71569910313823e-14,5.92668620463011e-17,1.99766031557271e-08,-4.47929321094794,-1.20196377022013,-0.748460849372338,-1.96003363322717,-3.26211549075097,-5.70034097592449,-3.4278909713309,-33.1470742430286,-39.5879311283311,-19.9521538758693,2.22344978546376,0.686232209413106
0.100016624673198,1.96255642243718,2.85256399894964,1.27895332683652,0.319460540732724,0.0176657621692233,0.181206908688883,7.10717604884722e-14,1.86702846307351e-16,2.78510912799404e-08,-4.20637893993743,-1.2297121593103,-0.855741841264478,-1.65791804984533,-3.04508159583356,-5.94008693323518,-3.61207583853591,-32.1790463970466,-38.1209734579666,-19.3003537669998,1.90396007985791,0.660248160206286
0.151640762243852,2.97554084450815,4.32493078589176,1.93909220581578,0.484351877118736,0.0267840436498704,0.274737863302418,1.07755845287714e-13,2.83070559715961e-16,4.22265870780283e-08,-4.20637893993743,-1.2297121593103,-0.855741841264478,-1.65791804984533,-3.04508159583356,-5.94008693323518,-3.61207583853591,-32.1790463970466,-38.1209734579666,-19.3003537669998,2.32013797825824,1.3335976061032
0.0151819117213569,0.297904057960155,0.433001762987706,0.194137290347602,0.0484921556162139,0.00268155461774453,0.0275061001108931,1.07882584234674e-14,2.83403498171024e-17,4.22762526267114e-09,-4.20637893993743,-1.2297121593103,-0.855741841264478,-1.65791804984533,-3.04508159583356,-5.94008693323518,-3.61207583853591,-32.1790463970466,-38.1209734579666,-19.3003537669998,0.0187283618416822,1.88445074829851
0.101208397797206,1.98594175468823,2.88655443923465,1.29419301530596,0.323267152762179,0.0178762629798355,0.183366124962834,7.19186338388066e-14,1.88927550801548e-16,2.8182957928812e-08,-4.20637893993743,-1.2297121593103,-0.855741841264478,-1.65791804984533,-3.04508159583356,-5.94008693323518,-3.61207583853591,-32.1790463970466,-38.1209734579666,-19.3003537669998,1.91580539655166,0.933169073870776
0.0538816063756892,0.301655163523683,1.00974157336618,0.117097700598835,0.0697989767208495,0.0055334156397,0.0799455065871027,2.05094269157559e-14,2.2007180468666e-17,6.60695495145347e-09,-3.41423081295375,-1.69173545566358,-0.48357026886142,-2.63801134381009,-3.15540062850154,-5.69021469677432,-3.01967474309009,-32.0111564639362,-38.8484275878676,-19.3284076612482,0.493264699020519,1.87712272242081
0.0540946195294028,0.302847713672765,1.01373344093372,0.117560629456658,0.0700749169007621,0.00555529119975665,0.080261559608325,2.05905079748046e-14,2.20941826802052e-17,6.63307459422804e-09,-3.41423081295375,-1.69173545566358,-0.48357026886142,-2.63801134381009,-3.15540062850154,-5.69021469677432,-3.01967474309009,-32.0111564639362,-38.8484275878676,-19.3284076612482,0.497210260708147,1.38421263383273
0.0203279612734612,0.230692035744489,0.239770661527934,0.0333473021086189,0.0242547442497215,0.00133301410695425,0.0476773637565033,1.20996731940457e-14,5.54441834735003e-18,9.17469574512568e-10,-3.38059472667947,-0.951508425158661,-0.912909178091632,-2.88561519481588,-3.20397983019953,-6.10514944360997,-2.52813533672521,-31.5304347400591,-39.2185767440032,-20.2942384864737,-0.515163211370189,1.18844615851977
0.11544563590542,1.31013574881254,1.36169466869721,0.189384486022497,0.137746443726654,0.00757039327151503,0.270767122345387,6.87159153514329e-14,3.14876092700522e-17,5.21045160548186e-09,-3.38059472667947,-0.951508425158661,-0.912909178091632,-2.88561519481588,-3.20397983019953,-6.10514944360997,-2.52813533672521,-31.5304347400591,-39.2185767440032,-20.2942384864737,1.22163918205076,0.715323071244214
0.199261992598538,2.26132636227879,2.35031831967824,0.326882257229794,0.237753732612485,0.0130666840388189,0.467350679006314,1.18605351417326e-13,5.4348384121294e-17,8.99336697402018e-09,-3.38059472667947,-0.951508425158661,-0.912909178091632,-2.88561519481588,-3.20397983019953,-6.10514944360997,-2.52813533672521,-31.5304347400591,-39.2185767440032,-20.2942384864737,1.76745995225671,0.723970366132082
0.0410283625441853,0.465610709861881,0.48393429603146,0.0673055788712616,0.0489538732933955,0.00269045111415249,0.0962282512760688,2.44210312973968e-14,1.11904190976933e-17,1.85174862446754e-09,-3.38059472667947,-0.951508425158661,-0.912909178091632,-2.88561519481588,-3.20397983019953,-6.10514944360997,-2.52813533672521,-31.5304347400591,-39.2185767440032,-20.2942384864737,0.187103044609874,0.969893718318782
0.262332139604753,2.9770784444398,3.09423802057256,0.430346604586511,0.313007235157536,0.0172025338939012,0.615275908720189,1.56146163149977e-13,7.15506640512472e-17,1.18399358040082e-08,-3.38059472667947,-0.951508425158661,-0.912909178091632,-2.88561519481588,-3.20397983019953,-6.10514944360997,-2.52813533672521,-31.5304347400591,-39.2185767440032,-20.2942384864737,2.04245085700967,0.56731899704113
0.719762913476847,8.16823534488597,8.48968706630325,1.1807456241875,0.858800602380473,0.0471987379560648,1.68813772235376,4.28419550446201e-13,1.96314163016096e-16,3.24853321537784e-08,-3.38059472667947,-0.951508425158661,-0.912909178091632,-2.88561519481588,-3.20397983019953,-6.10514944360997,-2.52813533672521,-31.5304347400591,-39.2185767440032,-20.2942384864737,3.05176131864291,0.544346083945242
0.389708144927426,4.42260608873195,4.59665278062403,0.639302440036162,0.464988655777714,0.0255552658623684,0.914024615386992,2.31963310597e-13,1.06292262159523e-16,1.75888452905229e-08,-3.38059472667947,-0.951508425158661,-0.912909178091632,-2.88561519481588,-3.20397983019953,-6.10514944360997,-2.52813533672521,-31.5304347400591,-39.2185767440032,-20.2942384864737,2.4382375603302,0.665616784856484
1.20941380734852,13.7250425422136,14.2651761653813,1.98400061203576,1.44303809883861,0.0793077891409387,2.83656886440316,7.19871099144023e-13,3.2986564726271e-16,5.45849313815003e-08,-3.38059472667947,-0.951508425158661,-0.912909178091632,-2.88561519481588,-3.20397983019953,-6.10514944360997,-2.52813533672521,-31.5304347400591,-39.2185767440032,-20.2942384864737,3.57073051216428,0.235670711225777
0.220892049093552,2.50679523635706,2.60544734540435,0.362365600535226,0.263562099783989,0.0144850835553368,0.518081987361023,1.31480061834061e-13,6.02479468207635e-17,9.96960450528075e-09,-3.38059472667947,-0.951508425158661,-0.912909178091632,-2.88561519481588,-3.20397983019953,-6.10514944360997,-2.52813533672521,-31.5304347400591,-39.2185767440032,-20.2942384864737,1.87051356423685,0.728960662245564
0.268769428408531,3.05013206938729,3.1701665888222,0.440906749384713,0.320688024760429,0.0176246616552905,0.630373977620195,1.59977786485618e-13,7.33064240938172e-17,1.21304723974406e-08,-3.38059472667947,-0.951508425158661,-0.912909178091632,-2.88561519481588,-3.20397983019953,-6.10514944360997,-2.52813533672521,-31.5304347400591,-39.2185767440032,-20.2942384864737,2.06669331627896,0.342425422465738
0.0153114330793066,0.173761924263512,0.180600129495472,0.0251178648828959,0.0182691657288894,0.00100405328492277,0.0359115582096523,9.11371946747938e-15,4.17616844833131e-18,6.91056707727448e-10,-3.38059472667947,-0.951508425158661,-0.912909178091632,-2.88561519481588,-3.20397983019953,-6.10514944360997,-2.52813533672521,-31.5304347400591,-39.2185767440032,-20.2942384864737,-0.798560742878683,0.339650084426888
0.445678678005343,5.05778814382106,5.25683171158666,0.731120121633503,0.531771101250875,0.0292255557238519,1.04529835353038,2.65278267745381e-13,1.2155813394733e-16,2.01149845564058e-08,-3.38059472667947,-0.951508425158661,-0.912909178091632,-2.88561519481588,-3.20397983019953,-6.10514944360997,-2.52813533672521,-31.5304347400591,-39.2185767440032,-20.2942384864737,2.57243768716367,0.15555904813584
0.129289590632468,1.46724398292291,1.52498572078126,0.212095004527057,0.154264656093955,0.00847821608261436,0.303236845032815,7.69561577277866e-14,3.52635253865759e-17,5.83527605699133e-09,-3.38059472667947,-0.951508425158661,-0.912909178091632,-2.88561519481588,-3.20397983019953,-6.10514944360997,-2.52813533672521,-31.5304347400591,-39.2185767440032,-20.2942384864737,1.33489422468505,0.459640337826919
0.00488578464492009,0.0554463672368987,0.0576283967012916,0.00801495705349012,0.0058295790427574,0.00032038726203801,0.0114591585756269,2.90813213901574e-15,1.33258980879019e-18,2.20511968663922e-10,-3.38059472667947,-0.951508425158661,-0.912909178091632,-2.88561519481588,-3.20397983019953,-6.10514944360997,-2.52813533672521,-31.5304347400591,-39.2185767440032,-20.2942384864737,-1.94083065638608,0.506122161384218
0.0367767877780031,0.400854184266279,0.622115017260703,0.137290931401183,0.0446886601207842,0.00163447414783931,0.043013013879349,2.16601941072287e-14,2.44443789581403e-17,2.89222594335162e-09,-3.55471508591697,-1.16598423425423,-0.726456974318032,-2.23747970409804,-3.35986218431056,-6.66826083467153,-3.39807924691089,-31.7151268780159,-38.5019580700559,-19.9130660948688,0.251826686190497,0.829949525548358
0.0229395892829924,0.250033537592898,0.388045390720014,0.0856354719621909,0.0278746342656709,0.00101950626768793,0.0268294468285803,1.35105860688276e-14,1.52472265104391e-17,1.80403127251327e-09,-3.55471508591697,-1.16598423425423,-0.726456974318032,-2.23747970409804,-3.35986218431056,-6.66826083467153,-3.39807924691089,-31.7151268780159,-38.5019580700559,-19.9130660948688,-0.220175985491418,0.388339272624481
0.225193796383623,2.45453398747282,3.80937137223266,0.840667929942706,0.273640239833998,0.0100083085196194,0.263379823922132,1.32630978291434e-13,1.49679263209498e-16,1.77098485086324e-08,-3.55471508591697,-1.16598423425423,-0.726456974318032,-2.23747970409804,-3.35986218431056,-6.66826083467153,-3.39807924691089,-31.7151268780159,-38.5019580700559,-19.9130660948688,2.06392115567895,0.418063043975653
0.0506411723928129,0.551971150181601,0.856644523372445,0.189047878978045,0.0615357207062562,0.00225065026320309,0.0592283769900483,2.98258137841509e-14,3.36596011681815e-17,3.98255860409427e-09,-3.55471508591697,-1.16598423425423,-0.726456974318032,-2.23747970409804,-3.35986218431056,-6.66826083467153,-3.39807924691089,-31.7151268780159,-38.5019580700559,-19.9130660948688,0.571724736019608,0.450965724896828
0.330104203335211,3.59802090246585,5.58403260761524,1.23230755793315,0.401120256514433,0.0146708513451848,0.386079849208076,1.9441940288568e-13,2.19409924833816e-16,2.59602863267618e-08,-3.55471508591697,-1.16598423425423,-0.726456974318032,-2.23747970409804,-3.35986218431056,-6.66826083467153,-3.39807924691089,-31.7151268780159,-38.5019580700559,-19.9130660948688,2.4463681792337,0.842808723861875
0.542779144351178,5.91610372441979,9.18163540532895,2.02624151741936,0.6595484317167,0.0241227832290174,0.634818000156132,3.19677229424422e-13,3.60768296980823e-16,4.26856182295949e-08,-3.55471508591697,-1.16598423425423,-0.726456974318032,-2.23747970409804,-3.35986218431056,-6.66826083467153,-3.39807924691089,-31.7151268780159,-38.5019580700559,-19.9130660948688,2.94366231181247,0.622885163469086
0.440011716526733,4.79597453591163,7.44322473931962,1.64260181596177,0.534672418040468,0.0195554810210887,0.514624338163669,2.59150941810216e-13,2.92462006462526e-16,3.46037100792819e-08,-3.55471508591697,-1.16598423425423,-0.726456974318032,-2.23747970409804,-3.35986218431056,-6.66826083467153,-3.39807924691089,-31.7151268780159,-38.5019580700559,-19.9130660948688,2.73376116196246,0.338437826296822
0.221273000993524,2.41179868260442,3.74304731732848,0.826031261449809,0.268875954990826,0.00983405625096643,0.258794180729191,1.30321772013906e-13,1.47073233316092e-16,1.74015065671265e-08,-3.55471508591697,-1.16598423425423,-0.726456974318032,-2.23747970409804,-3.35986218431056,-6.66826083467153,-3.39807924691089,-31.7151268780159,-38.5019580700559,-19.9130660948688,2.04635704471224,0.23260060912208
0.312219564597938,3.01555725133652,9.35374801421153,1.47816593351897,0.586563839027758,0.0151935053733452,0.521931052802562,4.42170382132818e-13,3.35182885717501e-16,4.78519856934192e-08,-3.89081451768169,-1.62298127227619,-0.490988791577235,-2.33596382650932,-3.2602396810559,-6.91365313219958,-3.3769856942679,-31.1738470188638,-38.358621275208,-19.5819191333044,2.726765911691,0.360479279594866
0.210846555214844,2.03645104468783,6.31672633867101,0.998227627150011,0.396115358856067,0.010260402078689,0.352467868837083,2.98604291536929e-13,2.26354030412906e-16,3.23151637106411e-08,-3.89081451768169,-1.62298127227619,-0.490988791577235,-2.33596382650932,-3.2602396810559,-6.91365313219958,-3.3769856942679,-31.1738470188638,-38.358621275208,-19.5819191333044,2.33418988114825,0.225691374645008
0.16288532467427,1.57321986721214,4.87986165818328,0.771160956276835,0.30601106463414,0.0079264701392577,0.272292061846948,2.30680823438461e-13,1.74865317090749e-16,2.49644388429609e-08,-3.89081451768169,-1.62298127227619,-0.490988791577235,-2.33596382650932,-3.2602396810559,-6.91365313219958,-3.3769856942679,-31.1738470188638,-38.358621275208,-19.5819191333044,2.07610566230752,0.197036674827274
0.000482590411707614,0.0046610756674535,0.0144578675298602,0.00228476619441741,0.000906637881369572,2.34842426445845e-05,0.000806736509223358,6.83452323153356e-16,5.18084275160836e-19,7.39636848400326e-11,-3.89081451768169,-1.62298127227619,-0.490988791577235,-2.33596382650932,-3.2602396810559,-6.91365313219958,-3.3769856942679,-31.1738470188638,-38.358621275208,-19.5819191333044,-3.74552775527988,0.2505820999943
0.000293721434180626,0.00283689397189749,0.00879956477178604,0.00139058876246028,0.000551811582530356,1.42933329441952e-05,0.000491008106971093,4.15973031541099e-16,3.15324243157296e-19,4.50168902271114e-11,-3.89081451768169,-1.62298127227619,-0.490988791577235,-2.33596382650932,-3.2602396810559,-6.91365313219958,-3.3769856942679,-31.1738470188638,-38.358621275208,-19.5819191333044,-4.2420642248954,0.222221771388994
0.0047769836794161,0.0461382610424491,0.143113073848526,0.0226160540226941,0.00897447246645017,0.000232461816718805,0.00798558579834356,6.76524131884463e-15,5.1283242827976e-18,7.32139111716082e-10,-3.89081451768169,-1.62298127227619,-0.490988791577235,-2.33596382650932,-3.2602396810559,-6.91365313219958,-3.3769856942679,-31.1738470188638,-38.358621275208,-19.5819191333044,-1.4531314433908,0.22051630543672
0.0095824531492466,0.0925516506853586,0.287079550032248,0.0453669705900661,0.0180024609084438,0.00046630983423602,0.0160187907092179,1.35708246734266e-14,1.02872294468584e-17,1.46864406654367e-09,-3.89081451768169,-1.62298127227619,-0.490988791577235,-2.33596382650932,-3.2602396810559,-6.91365313219958,-3.3769856942679,-31.1738470188638,-38.358621275208,-19.5819191333044,-0.757007132239243,0.108592374213298
0.00045265446830592,0.0113741325896208,0.0278119516483925,0.00610617385310501,0.00115654329753266,2.41493114972671e-05,0.00158921087832424,1.72417450322316e-15,1.08997582563762e-18,9.13765713886704e-11,-4.67449544634884,-1.45052753260447,-0.556403394957099,-2.07256887226571,-3.73643359826785,-7.60536864739623,-3.418631648584,-30.9681419675188,-38.334490115906,-20.0901459605606,-3.0258860403058,0.106168464062579
0.094168972000505,0.781894701830876,2.2205045026246,0.683794965685874,0.0365439319155,0.00281418478946153,0.160510824781721,1.09122568043228e-13,1.27735046286623e-16,8.34549767362214e-09,-3.74400466810461,-1.62737533205594,-0.583605708661943,-1.7614372962276,-4.69058026019567,-7.25442278671169,-3.21073402672593,-31.2276447991344,-37.9779136383307,-19.982883776431,1.38134013216249,0.152323556267127
0.448644788450017,3.72514402186764,10.5790447922377,3.25777207933926,0.174104529921739,0.0134074877606231,0.764714146266214,5.19887500254481e-13,6.08562051825394e-16,3.97600606521673e-08,-3.74400466810461,-1.62737533205594,-0.583605708661943,-1.7614372962276,-4.69058026019567,-7.25442278671169,-3.21073402672593,-31.2276447991344,-37.9779136383307,-19.982883776431,2.94248084672868,0.105372507805744
0.0286373489382181,0.0978717733927211,0.296750201022001,0.0666874955776191,0.0113176189003155,0.000274915771098918,0.0280689060049755,1.17331038211362e-14,1.57233780562206e-17,1.56116713626115e-09,-2.91742583058186,-1.68847941622932,-0.579246892482041,-2.07212014063657,-3.84577689722912,-7.56342811852756,-2.9374751875856,-31.4407444862661,-38.055765345306,-19.6422144555518,-0.635617675598583,0.145448134893699
0.193450871320606,0.661142897038461,2.00460542196554,0.450487024951626,0.076452720615445,0.00185710959396408,0.189610928560225,7.92594022020241e-14,1.06214482061217e-16,1.05459881582742e-08,-2.91742583058186,-1.68847941622932,-0.579246892482041,-2.07212014063657,-3.84577689722912,-7.56342811852756,-2.9374751875856,-31.4407444862661,-38.055765345306,-19.6422144555518,1.27469413684883,0.382269813523222
0.18596508503258,0.635559272631446,1.92703509272271,0.433054952553629,0.073494301644476,0.00178524677195168,0.182273732922974,7.61923757153986e-14,1.0210440021989e-16,1.01378999805887e-08,-2.91742583058186,-1.68847941622932,-0.579246892482041,-2.07212014063657,-3.84577689722912,-7.56342811852756,-2.9374751875856,-31.4407444862661,-38.055765345306,-19.6422144555518,1.23522949281368,0.233818044721803
0.0558414609681987,0.19084527780797,0.578648701156841,0.130037427326059,0.022068815637871,0.000536072606947034,0.054733024431779,2.28789913646443e-14,3.06598353048984e-17,3.04420125942656e-09,-2.91742583058186,-1.68847941622932,-0.579246892482041,-2.07212014063657,-3.84577689722912,-7.56342811852756,-2.9374751875856,-31.4407444862661,-38.055765345306,-19.6422144555518,0.0321871731821923,0.286064861161035
0.109773407603877,0.37516454811274,1.13751034858702,0.255628188556033,0.0433829819698032,0.00105381406158378,0.107594437827554,4.49756292384073e-14,6.02712489902271e-17,5.98430520773046e-09,-2.91742583058186,-1.68847941622932,-0.579246892482041,-2.07212014063657,-3.84577689722912,-7.56342811852756,-2.9374751875856,-31.4407444862661,-38.055765345306,-19.6422144555518,0.708088861942541,0.966234013986041
0.0902739273037917,0.30852260016836,0.935449930516945,0.210219952301929,0.0356766929810185,0.000866620942755247,0.0884820164623724,3.69864320779896e-14,4.95650309908055e-17,4.921289637248e-09,-2.91742583058186,-1.68847941622932,-0.579246892482041,-2.07212014063657,-3.84577689722912,-7.56342811852756,-2.9374751875856,-31.4407444862661,-38.055765345306,-19.6422144555518,0.512519236153649,0.931266693937976
0.0583668449984067,0.19947609814219,0.604817611562575,0.135918262759172,0.0230668596290414,0.000560316048596725,0.0572082803335492,2.39136748850566e-14,3.20464010770922e-17,3.18187275139689e-09,-2.91742583058186,-1.68847941622932,-0.579246892482041,-2.07212014063657,-3.84577689722912,-7.56342811852756,-2.9374751875856,-31.4407444862661,-38.055765345306,-19.6422144555518,0.076418557588373,0.47371480464361
1.13153303053119,3.86715769638622,11.7253400444845,2.63498915811912,0.447187330094668,0.0108626072994218,1.10907243348627,4.63604174845575e-13,6.21269854989936e-16,6.16856045114488e-08,-2.91742583058186,-1.68847941622932,-0.579246892482041,-2.07212014063657,-3.84577689722912,-7.56342811852756,-2.9374751875856,-31.4407444862661,-38.055765345306,-19.6422144555518,3.04099920805564,0.714878919100322
0.0216038602728196,0.0738339334968124,0.223866737547576,0.0503086839326965,0.00853795013885291,0.000207394962376885,0.0211750300158939,8.85138970318682e-15,1.18616308819696e-17,1.17773599599134e-09,-2.91742583058186,-1.68847941622932,-0.579246892482041,-2.07212014063657,-3.84577689722912,-7.56342811852756,-2.9374751875856,-31.4407444862661,-38.055765345306,-19.6422144555518,-0.917457433343776,0.564767943143542
0.328147961893605,1.12148729391892,3.40038366913673,0.764154733903456,0.129685662721061,0.00315018859368384,0.32163432159824,1.34446596781646e-13,1.80170115409868e-16,1.78890097349649e-08,-2.91742583058186,-1.68847941622932,-0.579246892482041,-2.07212014063657,-3.84577689722912,-7.56342811852756,-2.9374751875856,-31.4407444862661,-38.055765345306,-19.6422144555518,1.80313516160151,0.38595600860993
0.32488828093207,1.11034692065713,3.36660571773871,0.756563948870393,0.128397421028757,0.0031188959727429,0.318439344342736,1.33111062014514e-13,1.78380382840297e-16,1.77113079929907e-08,-2.91742583058186,-1.68847941622932,-0.579246892482041,-2.07212014063657,-3.84577689722912,-7.56342811852756,-2.9374751875856,-31.4407444862661,-38.055765345306,-19.6422144555518,1.79315192385531,1.13321139749239
0.252407101189514,0.862633292754466,2.61553044518754,0.587777782107183,0.0997525079978315,0.00242308368012907,0.247396894648364,1.03414555929662e-13,1.38584485758073e-16,1.37599912682606e-08,-2.91742583058186,-1.68847941622932,-0.579246892482041,-2.07212014063657,-3.84577689722912,-7.56342811852756,-2.9374751875856,-31.4407444862661,-38.055765345306,-19.6422144555518,1.54071381653628,0.876018383510865
0.186446821536536,0.637205668254583,1.93202701445041,0.434176767322392,0.0736846862423625,0.00178987139564632,0.182745907099356,7.63897495864066e-14,1.02368898347546e-16,1.01641618807365e-08,-2.91742583058186,-1.68847941622932,-0.579246892482041,-2.07212014063657,-3.84577689722912,-7.56342811852756,-2.9374751875856,-31.4407444862661,-38.055765345306,-19.6422144555518,1.2378166108094,1.06891499405195
0.411523539913095,1.78814806282626,2.27915083287955,0.956652859972613,0.129544928036147,0.00253985354733479,0.220804595436164,1.92982891323588e-13,1.85353258622638e-16,7.97073467084903e-09,-2.64373886847082,-1.17466933059498,-0.932046881231545,-1.80016450418986,-3.79957733647315,-7.73149867124838,-3.26632696523675,-31.0320246690316,-37.9801179766401,-20.403338981968,1.75584981310476,0.265039678644289
0.387381151087335,1.68324479090189,2.14544245349607,0.900529982234897,0.121945061394948,0.00239085081491955,0.207850900494046,1.81661381015727e-13,1.74479347398182e-16,7.50312454169032e-09,-2.64373886847082,-1.17466933059498,-0.932046881231545,-1.80016450418986,-3.79957733647315,-7.73149867124838,-3.26632696523675,-31.0320246690316,-37.9801179766401,-20.403338981968,1.69539268436651,1.28961507577742
1.23181810818743,5.35248400219054,6.82220819694634,2.86355992275051,0.387768311412908,0.00760257260717521,0.660936915265418,5.77657890853493e-13,5.54820024222992e-16,2.3858891049544e-08,-2.64373886847082,-1.17466933059498,-0.932046881231545,-1.80016450418986,-3.79957733647315,-7.73149867124838,-3.26632696523675,-31.0320246690316,-37.9801179766401,-20.403338981968,2.85223008322411,1.45291510090889
0.975703326168848,4.23961655498591,5.40376146878666,2.2681797927315,0.307145047400848,0.0060218755763999,0.523517508247348,4.57553531440435e-13,4.39464024324186e-16,1.88982441490445e-08,-2.64373886847082,-1.17466933059498,-0.932046881231545,-1.80016450418986,-3.79957733647315,-7.73149867124838,-3.26632696523675,-31.0320246690316,-37.9801179766401,-20.403338981968,2.61914216060451,1.99009702544777
0.136277930703509,0.592153532322628,0.754751379062291,0.316800035755411,0.042899404319931,0.000841084293243216,0.0731204668443036,6.39071803676469e-14,6.13805920788393e-17,2.63954578967563e-09,-2.64373886847082,-1.17466933059498,-0.932046881231545,-1.80016450418986,-3.79957733647315,-7.73149867124838,-3.26632696523675,-31.0320246690316,-37.9801179766401,-20.403338981968,0.650679998012284,1.49440539517041
0.0898394082112942,0.390369318344239,0.497559780160856,0.208846198255709,0.0282808601277095,0.000554473602370596,0.0482036925239035,4.21299562962471e-14,4.04643366651864e-17,1.74008535693862e-09,-2.64373886847082,-1.17466933059498,-0.932046881231545,-1.80016450418986,-3.79957733647315,-7.73149867124838,-3.26632696523675,-31.0320246690316,-37.9801179766401,-20.403338981968,0.234007312756635,1.89861564240709
0.196336777450104,0.853120646107133,1.08737675114476,0.456416514362978,0.0618055378095599,0.00121175731717373,0.105345280426158,9.20716199940309e-14,8.84315426901938e-17,3.80281613905926e-09,-2.64373886847082,-1.17466933059498,-0.932046881231545,-1.80016450418986,-3.79957733647315,-7.73149867124838,-3.26632696523675,-31.0320246690316,-37.9801179766401,-20.403338981968,1.01581502650898,1.48986278135626
0.166877327484846,0.725113732095779,0.924220762695906,0.387933270200479,0.0525318949784845,0.00102993858448934,0.0895386951389002,7.82566877247889e-14,7.51627876404968e-17,3.23222068959405e-09,-2.64373886847082,-1.17466933059498,-0.932046881231545,-1.80016450418986,-3.79957733647315,-7.73149867124838,-3.26632696523675,-31.0320246690316,-37.9801179766401,-20.403338981968,0.853242566020661,0.315034354747005
0.351478544820498,1.5272411371133,1.94660217574941,0.817068581769463,0.110643154956911,0.00216926601346531,0.188587214014466,1.64824947394239e-13,1.58308546899116e-16,6.80773261197143e-09,-2.64373886847082,-1.17466933059498,-0.932046881231545,-1.80016450418986,-3.79957733647315,-7.73149867124838,-3.26632696523675,-31.0320246690316,-37.9801179766401,-20.403338981968,1.59813225995895,0.335503707068023
0.122477220623799,0.532186821791627,0.678318570676302,0.284718058694764,0.0385550307404721,0.000755908649441422,0.0657156408493537,5.74353733500859e-14,5.51646497657437e-17,2.37224200837088e-09,-2.64373886847082,-1.17466933059498,-0.932046881231545,-1.80016450418986,-3.79957733647315,-7.73149867124838,-3.26632696523675,-31.0320246690316,-37.9801179766401,-20.403338981968,0.543908648090416,2.06626663997373
0.279052490935008,1.21253615576317,1.54548319949315,0.648702534955431,0.0878439052699567,0.00172226468294757,0.149726726153673,1.30860938217677e-13,1.25687314345349e-16,5.40492377411063e-09,-2.64373886847082,-1.17466933059498,-0.932046881231545,-1.80016450418986,-3.79957733647315,-7.73149867124838,-3.26632696523675,-31.0320246690316,-37.9801179766401,-20.403338981968,1.36738349316602,1.94275222983042
0.453492812464185,1.97051253564914,2.51159027610159,1.05421720495625,0.142756581477669,0.00279888078497582,0.243323375888797,2.12664272285093e-13,2.04256530671205e-16,8.78363090493548e-09,-2.64373886847082,-1.17466933059498,-0.932046881231545,-1.80016450418986,-3.79957733647315,-7.73149867124838,-3.26632696523675,-31.0320246690316,-37.9801179766401,-20.403338981968,1.85296300988671,1.77129640576341
0.4311645175083,1.87349184667468,2.38792893693195,1.00231148108838,0.135727779762363,0.00266107433249045,0.231343040242494,2.0219347656871e-13,1.941997007984e-16,8.35115767440435e-09,-2.64373886847082,-1.17466933059498,-0.932046881231545,-1.80016450418986,-3.79957733647315,-7.73149867124838,-3.26632696523675,-31.0320246690316,-37.9801179766401,-20.403338981968,1.8024733179154,1.04640554453693
0.451703990074052,1.96273976208598,2.50168319753883,1.05005879871814,0.142193471848878,0.00278784047633614,0.242363576106155,2.11825408688165e-13,2.03450831781711e-16,8.74898348562131e-09,-2.64373886847082,-1.17466933059498,-0.932046881231545,-1.80016450418986,-3.79957733647315,-7.73149867124838,-3.26632696523675,-31.0320246690316,-37.9801179766401,-20.403338981968,1.8490106655706,0.695455531601687
0.170364614863388,0.790132748892146,1.25845805539338,0.470326027323875,0.0666149597765798,0.00279899445198348,0.303870786660197,1.38126530326641e-13,1.00071284554011e-16,5.06672386090052e-09,-2.88906753489495,-1.35480750055674,-0.889365983501407,-1.8735823390937,-3.82807929488085,-6.99774824008461,-2.31040590130505,-30.7298594329036,-37.9599020858098,-20.2198245989818,1.11925318949144,1.7964796007736
0.166844994213284,0.366000469688185,0.814067679697627,0.238489129592085,0.0420186787499735,0.00356800022175002,0.0707359139007931,8.46639068974967e-14,8.77282826264412e-17,1.71422530635076e-09,-2.32233244073292,-1.53676302706024,-0.737354136623935,-1.96507391270241,-3.70128339220027,-6.16739236689441,-3.18044422386947,-30.6317293775701,-37.5039296983942,-20.7159469395763,0.531642364779698,3.11422966096309
0.269832427919553,1.51742128833779,1.40181810783244,0.306355182584299,0.0455749581776249,0.009252485226679,0.266488958336106,1.80374930079474e-13,2.69283954267904e-16,1.59262455216677e-09,-2.6493516985493,-0.922385175248866,-1.00162750599708,-2.52240767130879,-4.42779442463376,-6.02226063894496,-2.66182001692474,-30.683136314012,-37.190162807518,-21.5972800683744,1.33939754855548,2.15381638001957
0.0616783174142478,0.346852276410373,0.320427692396211,0.070026691523406,0.0104175274939848,0.00211493379458412,0.0609140668761536,4.12301155824437e-14,6.15529472641861e-17,3.64042244320437e-10,-2.6493516985493,-0.922385175248866,-1.00162750599708,-2.52240767130879,-4.42779442463376,-6.02226063894496,-2.66182001692474,-30.683136314012,-37.190162807518,-21.5972800683744,-0.136471130825982,3.5837552350713
0.122143891482461,2.38036713775224,2.83817358128335,0.526666722935162,0.037668801242904,0.00356320105349904,0.320528203905165,1.77349828990808e-13,4.10565001940062e-16,2.13256838342686e-09,-3.9317892038238,-0.961978977618348,-0.786072972854357,-2.47042104775504,-5.10815679334272,-7.46632967876499,-2.96701871975377,-31.1898858909032,-37.2582311222912,-21.795172482784,1.82923371296471,3.0050464185772
0.0451700277565764,0.880283478593363,1.0495848616626,0.194766600316336,0.0139302979219657,0.00131770724295226,0.118534522614591,6.55857333585053e-14,1.51831027392592e-16,7.8864503089801e-10,-3.9317892038238,-0.961978977618348,-0.786072972854357,-2.47042104775504,-5.10815679334272,-7.46632967876499,-2.96701871975377,-31.1898858909032,-37.2582311222912,-21.795172482784,0.834467688999384,1.24045709370508
0.277873230891163,2.14920761280387,3.55024072917599,0.581042050501443,0.139111332152568,0.00979940577055246,0.503910216799816,2.94297772017034e-13,6.12245728969697e-16,4.27095474811484e-09,-3.25622350822135,-1.21053401291652,-0.708617822716043,-2.51856538361083,-3.94811395064321,-6.60106676574173,-2.66099040298981,-30.8298175450881,-37.0050311889827,-21.2470616752329,1.97563323493979,1.36105007985079
0.126273003979283,0.976657235292252,1.61332403371465,0.264040997831263,0.0632158979190941,0.00445311122590376,0.22899023632862,1.33736753331078e-13,2.7822078119058e-16,1.94083569753892e-09,-3.25622350822135,-1.21053401291652,-0.708617822716043,-2.51856538361083,-3.94811395064321,-6.60106676574173,-2.66099040298981,-30.8298175450881,-37.0050311889827,-21.2470616752329,1.1869144905334,1.11833025447239
0.397980946491211,2.08979765885463,2.41041151969516,0.516965245235642,0.109716442273285,0.008157019352461,0.24318087552276,1.29338132708919e-13,2.13514663033927e-16,7.03885685966105e-10,-2.67509885572183,-1.01668046039572,-0.873950219754705,-2.41352733838944,-3.96360374668676,-6.56262415990966,-3.16769747655343,-31.4300939438104,-37.8365738720072,-22.8281528585848,1.75374770774051,2.22779631659585
0.20901357220665,0.61919235384675,1.64395714499668,0.244145281653784,0.0225630512691399,0.00971373918325966,0.0848197751504502,7.67097393844234e-14,6.56581658972468e-17,2.83430475163829e-10,-2.60683523023174,-1.52081844511535,-0.544372911119824,-2.45147095415899,-4.83292075010003,-5.67569312488461,-3.50870570573548,-31.2402268542524,-38.303548835438,-23.0255334002475,1.04147913989378,10.6907567805224
0.107473592091574,1.21825327721254,2.08350607605578,0.259506710976745,0.0221204972908759,0.0202281160806538,0.0625440918108884,3.61363258932409e-13,2.7535764576572e-16,4.9373866902764e-10,-3.55854814540497,-1.13061993601393,-0.593985940700736,-2.67701074437885,-5.1392886499267,-5.22871978601868,-4.09992153084216,-29.9769307139353,-37.1564989199761,-22.7570527776316,1.32803802885033,10.3636578196496
0.137380602876039,1.55726040622672,2.66328979290601,0.331720450675793,0.028276036881218,0.0258570568650845,0.0799484307921242,4.61920937071543e-13,3.51982274395268e-16,6.31132864308053e-10,-3.55854814540497,-1.13061993601393,-0.593985940700736,-2.67701074437885,-5.1392886499267,-5.22871978601868,-4.09992153084216,-29.9769307139353,-37.1564989199761,-22.7570527776316,1.57354806358181,13.7590338570246
0.0706732880623718,0.801108096582554,1.3700874998886,0.170648362840159,0.0145461619612466,0.0133017557793085,0.0411282114157315,2.37627953031728e-13,1.81071739025861e-16,3.2467636472028e-10,-3.55854814540497,-1.13061993601393,-0.593985940700736,-2.67701074437885,-5.1392886499267,-5.22871978601868,-4.09992153084216,-29.9769307139353,-37.1564989199761,-22.7570527776316,0.908860547033087,4.42773803247951
0.04086625371167,0.463234237757877,0.792241947597253,0.0986760271455384,0.00841119978335699,0.0076916320351213,0.023782053566535,1.37406430121224e-13,1.04703259603736e-16,1.87741465815654e-10,-3.55854814540497,-1.13061993601393,-0.593985940700736,-2.67701074437885,-5.1392886499267,-5.22871978601868,-4.09992153084216,-29.9769307139353,-37.1564989199761,-22.7570527776316,0.361097496271113,4.32938990748212
0.095191070562879,0.640086441087435,2.01533235202709,0.142446296400568,0.0179343742901666,0.0325989431440102,0.098536104168932,2.6759064248972e-13,3.07079818901787e-16,4.93084286616173e-10,-3.46442561394348,-1.55870852330073,-0.411772354982108,-3.06134669342129,-5.13359253199811,-4.53603188578145,-3.42988873392835,-30.0618745112937,-36.8319804394272,-22.542897465483,1.11255647575108,4.35722500612482
0.0842050633024066,0.566214025875218,1.78274272234108,0.126006560643522,0.0158645670593124,0.0288366971271713,0.0871640463759326,2.36707990116516e-13,2.71639718269962e-16,4.36177399018857e-10,-3.46442561394348,-1.55870852330073,-0.411772354982108,-3.06134669342129,-5.13359253199811,-4.53603188578145,-3.42988873392835,-30.0618745112937,-36.8319804394272,-22.542897465483,0.989925388634495,3.420756936128
0.153825319100254,0.896118265560795,3.09378683998888,0.49769510156818,0.0480708329680975,0.0340396608624336,0.266870269061611,8.68511275282882e-13,9.35659214501613e-16,9.49303567015852e-10,-3.47945493922357,-1.71720020920683,-0.478121472163563,-2.30528496260626,-4.64259699629743,-4.98774626554255,-2.92850994962871,-29.3795131541377,-36.2127976780847,-22.3828098148283,1.60751732730272,1.52622544580252
0.149804997012041,0.872697647435261,3.01292876251644,0.484687525040898,0.0468144713189824,0.0331500127782237,0.25989544564716,8.45812183323864e-13,9.11205168645547e-16,9.24492917369769e-10,-3.47945493922357,-1.71720020920683,-0.478121472163563,-2.30528496260626,-4.64259699629743,-4.98774626554255,-2.92850994962871,-29.3795131541377,-36.2127976780847,-22.3828098148283,1.58103408865898,1.81664880196795
0.219254956540354,1.27728239095995,4.40972983585874,0.709389835840739,0.0685177736339339,0.0485184390105319,0.380383603864856,1.23793276055451e-12,1.33364209229061e-15,1.35309007351391e-09,-3.47945493922357,-1.71720020920683,-0.478121472163563,-2.30528496260626,-4.64259699629743,-4.98774626554255,-2.92850994962871,-29.3795131541377,-36.2127976780847,-22.3828098148283,1.96193489803571,2.19679812070021
0.394727272472342,2.29950648466995,7.93888839693373,1.27712285021698,0.123353352321694,0.0873483153924415,0.684809068018216,2.22866488305774e-12,2.40097151667944e-15,2.4359839456092e-09,-3.47945493922357,-1.71720020920683,-0.478121472163563,-2.30528496260626,-4.64259699629743,-4.98774626554255,-2.92850994962871,-29.3795131541377,-36.2127976780847,-22.3828098148283,2.54989473723546,1.00402411210939
0.541876389649357,3.15673215099558,10.8984012060151,1.75321739204824,0.16933785392776,0.119910614461346,0.94009684978849,3.05948173533982e-12,3.29602200770244e-15,3.34408660800858e-09,-3.47945493922357,-1.71720020920683,-0.478121472163563,-2.30528496260626,-4.64259699629743,-4.98774626554255,-2.92850994962871,-29.3795131541377,-36.2127976780847,-22.3828098148283,2.8667375722931,1.4898171241508
0.275247705979256,1.60347138120328,5.53587494878368,0.890551931145179,0.086015660987236,0.060908949316662,0.477524960019108,1.55407274652185e-12,1.67422407361999e-15,1.69863862872108e-09,-3.47945493922357,-1.71720020920683,-0.478121472163563,-2.30528496260626,-4.64259699629743,-4.98774626554255,-2.92850994962871,-29.3795131541377,-36.2127976780847,-22.3828098148283,2.18937110149253,1.59314417223642
0.292498491778706,1.70396682851054,5.88282858683217,0.946366095164512,0.0914065787346146,0.0647263371280991,0.507453205087937,1.65147219975846e-12,1.7791538523135e-15,1.80509855735332e-09,-3.47945493922357,-1.71720020920683,-0.478121472163563,-2.30528496260626,-4.64259699629743,-4.98774626554255,-2.92850994962871,-29.3795131541377,-36.2127976780847,-22.3828098148283,2.25015917058793,1.51752178047292
0.449548542076503,2.6188709515917,9.04147231123914,1.45449467368095,0.14048514902236,0.099479591545735,0.779918033532706,2.53819059088679e-12,2.73442784464831e-15,2.77430293683879e-09,-3.47945493922357,-1.71720020920683,-0.478121472163563,-2.30528496260626,-4.64259699629743,-4.98774626554255,-2.92850994962871,-29.3795131541377,-36.2127976780847,-22.3828098148283,2.67994349959389,0.999458408374604
0.120203942424419,0.805478553208405,2.09940388940256,0.634227452325209,0.0878283584068709,0.0333770533003775,0.308469120166695,1.34728952681109e-12,7.29609772297799e-16,1.20438668172156e-09,-3.52686305581681,-1.62461629942911,-0.66664415502632,-1.86364522854224,-3.84066843907189,-4.80818423931538,-2.58443113462104,-28.7412238969137,-36.2623194384438,-21.9455929746713,1.40829759726994,1.29897516769564
0.221343607814639,1.48320866511152,3.86584351368204,1.16786679073374,0.161727189026579,0.0614605248939512,0.56801521297885,2.48089969946497e-12,1.34350384887547e-15,2.21775831939766e-09,-3.52686305581681,-1.62461629942911,-0.66664415502632,-1.86364522854224,-3.84066843907189,-4.80818423931538,-2.58443113462104,-28.7412238969137,-36.2623194384438,-21.9455929746713,2.01882405741485,0.861331928303973
0.177820754276707,1.19156494368136,3.10570165683001,0.938228827447782,0.129926728057316,0.049375525242351,0.456326227849004,1.9930797198045e-12,1.07933032328976e-15,1.78167990055077e-09,-3.52686305581681,-1.62461629942911,-0.66664415502632,-1.86364522854224,-3.84066843907189,-4.80818423931538,-2.58443113462104,-28.7412238969137,-36.2623194384438,-21.9455929746713,1.79988382131772,1.63575622365086
0.0777664705300986,0.521107901349358,1.35821860251093,0.410316246587671,0.0568209437061473,0.0215934317919514,0.199565457330754,8.7163489956367e-13,4.72024259034142e-16,7.79183273875021e-10,-3.52686305581681,-1.62461629942911,-0.66664415502632,-1.86364522854224,-3.84066843907189,-4.80818423931538,-2.58443113462104,-28.7412238969137,-36.2623194384438,-21.9455929746713,0.972818145074588,1.58679114833651
0.0864518193628248,0.579307841141628,1.50991125711507,0.456142419603579,0.063166991221594,0.024005094380344,0.221853926899516,9.68983449727828e-13,5.24742291873676e-16,8.66206363544637e-10,-3.52686305581681,-1.62461629942911,-0.66664415502632,-1.86364522854224,-3.84066843907189,-4.80818423931538,-2.58443113462104,-28.7412238969137,-36.2623194384438,-21.9455929746713,1.07869503400365,0.789805218707206
0.0144830742256345,0.0970501086568701,0.252951956038558,0.0764164891990686,0.0105822205850042,0.00402151818511507,0.0371666775114261,1.62331566059027e-13,8.79088678358578e-17,1.45113557475096e-10,-3.52686305581681,-1.62461629942911,-0.66664415502632,-1.86364522854224,-3.84066843907189,-4.80818423931538,-2.58443113462104,-28.7412238969137,-36.2623194384438,-21.9455929746713,-0.707911550341827,1.36584164187242
0.341728363023997,1.48993470311876,3.8089944115693,0.779392678252092,0.321138628389863,0.0288274392200442,0.196418851339513,1.75981386244528e-12,1.25517733170101e-15,1.19762287470605e-09,-3.0148427447619,-1.54237133150003,-0.603738406756297,-2.19034390729106,-3.07698601202262,-5.48753122181002,-3.5686095303378,-29.0069166995326,-36.2526031592356,-22.4840308096365,1.94110362708689,1.02526041974897
0.514447584291781,2.24299002280391,5.73416837944796,1.17331987603655,0.483451212934114,0.043397645828504,0.295694517969768,2.64927377501466e-12,1.88957960772499e-15,1.80293549336390e-09,-3.0148427447619,-1.54237133150003,-0.603738406756297,-2.19034390729106,-3.07698601202262,-5.48753122181002,-3.5686095303378,-29.0069166995326,-36.2526031592356,-22.4840308096365,2.35018113888015,0.648027828752091
0.420128139576047,1.83175750871787,4.68285898667355,0.958201985388756,0.394814680577046,0.035441068751464,0.241481526030482,2.16355270451272e-12,1.54314178822944e-15,1.47238311099344e-09,-3.0148427447619,-1.54237133150003,-0.603738406756297,-2.19034390729106,-3.07698601202262,-5.48753122181002,-3.5686095303378,-29.0069166995326,-36.2526031592356,-22.4840308096365,2.14764722475408,0.521442465002956
0.146113595158623,0.637054864565018,1.62862064620142,0.333246749704894,0.137309994181129,0.0123258155875155,0.083983267505741,7.52447727711167e-13,5.36679106391772e-16,5.12070412648828e-10,-3.0148427447619,-1.54237133150003,-0.603738406756297,-2.19034390729106,-3.07698601202262,-5.48753122181002,-3.5686095303378,-29.0069166995326,-36.2526031592356,-22.4840308096365,1.09147183399652,1.00038851679384
0.704805884217613,3.07295167590283,7.85595216759202,1.60747718125353,0.662340090637587,0.059455845600343,0.405108785733514,3.62957044128076e-12,2.58877068701878e-15,2.47006611244371e-09,-3.0148427447619,-1.54237133150003,-0.603738406756297,-2.19034390729106,-3.07698601202262,-5.48753122181002,-3.5686095303378,-29.0069166995326,-36.2526031592356,-22.4840308096365,2.66500988914329,1.06069050548982
0.196260500313918,0.855695230216001,2.18757126945009,0.447618674730896,0.184435460142048,0.0165560961754223,0.112806738351627,1.01069149205688e-12,7.20870017701836e-16,6.87815499121145e-10,-3.0148427447619,-1.54237133150003,-0.603738406756297,-2.19034390729106,-3.07698601202262,-5.48753122181002,-3.5686095303378,-29.0069166995326,-36.2526031592356,-22.4840308096365,1.38653032579525,1.00005092671102
0.184459283357348,0.804241957426372,2.05603179453055,0.420703197159697,0.173345287253771,0.0155605719481454,0.106023627173773,9.49918236333775e-13,6.77523835139484e-16,6.46456897068072e-10,-3.0148427447619,-1.54237133150003,-0.603738406756297,-2.19034390729106,-3.07698601202262,-5.48753122181002,-3.5686095303378,-29.0069166995326,-36.2526031592356,-22.4840308096365,1.32451621849548,2.22777668187189
0.221136392449716,0.964154050069831,2.46484452031397,0.504354053743811,0.207812536044593,0.0186545707130443,0.127104919854975,1.13879598837051e-12,8.12239828619466e-16,7.74995671076784e-10,-3.0148427447619,-1.54237133150003,-0.603738406756297,-2.19034390729106,-3.07698601202262,-5.48753122181002,-3.5686095303378,-29.0069166995326,-36.2526031592356,-22.4840308096365,1.5058671373383,1.16460770896252
0.141835376075529,0.618401841377125,1.5809344885914,0.323489255185518,0.133289545318944,0.0119649146090408,0.0815242299513394,7.30415991210328e-13,5.20965094345388e-16,4.97076945347554e-10,-3.0148427447619,-1.54237133150003,-0.603738406756297,-2.19034390729106,-3.07698601202262,-5.48753122181002,-3.5686095303378,-29.0069166995326,-36.2526031592356,-22.4840308096365,1.06175452743403,0.463892866383339
0.0104971816467813,0.0457676825010352,0.117004353621681,0.0239413153926853,0.0098647079984106,0.000885518729632347,0.00603357691213418,5.40578066600657e-14,3.85564263182407e-17,3.67884735960504e-11,-3.0148427447619,-1.54237133150003,-0.603738406756297,-2.19034390729106,-3.07698601202262,-5.48753122181002,-3.5686095303378,-29.0069166995326,-36.2526031592356,-22.4840308096365,-1.54180572767866,0.641562628779381
0.0419897344703988,0.57030735105225,1.54813418208991,0.224845794281412,0.119033642393676,0.0165682600021771,0.0254170867177423,7.92418317147677e-13,3.58029119355825e-16,1.1170956235901e-10,-4.10496988219998,-1.49621962535888,-0.49758932190736,-2.42698024474762,-3.06298889088973,-5.03490623623356,-4.60697339995455,-28.7983267385715,-36.5005571260722,-23.8497585802612,0.934639774254957,0.780564909579904
0.261998772985625,2.91218139234699,7.57180219374118,1.08562595812638,0.601129153795998,0.127809236214575,0.157395153493297,5.92894609601905e-12,3.81070966469338e-15,8.95009748366478e-10,-3.88242919998044,-1.4741113217651,-0.51858263186497,-2.46085700091722,-3.05195921085864,-4.60023021028801,-4.39200947598134,-28.3941883843126,-35.7439747009054,-23.3772002471709,2.54301374148746,1.61284474919218
0.0365490104885782,0.406251323395978,1.05627165594272,0.151445573878358,0.083857933747978,0.0178294770685814,0.0219567330423853,8.27092091234735e-13,5.3159664038368e-16,1.24854480452933e-10,-3.88242919998044,-1.4741113217651,-0.51858263186497,-2.46085700091722,-3.05195921085864,-4.60023021028801,-4.39200947598134,-28.3941883843126,-35.7439747009054,-23.3772002471709,0.573328034011702,1.256498704217
0.27044120593779,2.44130277246492,6.91778124569257,0.731643137659454,0.311725458003743,0.10147617898096,0.0542722713451884,5.18715388501101e-12,1.58396732081896e-15,3.58286108268173e-10,-3.68989524329757,-1.4896628657372,-0.44809959671557,-2.6946570864519,-3.54782710654226,-4.67012588358445,-5.29593652479554,-28.3670306392568,-36.4610384182248,-24.131883949297,2.38219468569743,0.658240934238789
0.104758915344303,0.945670352206962,2.67969245801477,0.283411476644348,0.120750906846607,0.0393081165514959,0.0210230695417824,2.0093114613708e-12,6.13570324442295e-16,1.38786779754781e-10,-3.68989524329757,-1.4896628657372,-0.44809959671557,-2.6946570864519,-3.54782710654226,-4.67012588358445,-5.29593652479554,-28.3670306392568,-36.4610384182248,-24.131883949297,1.43380163018144,1.81482438741964
0.107412523805553,0.969624770214459,2.74757073411914,0.290590465563495,0.123809602395894,0.0403038155842132,0.0215555969647149,2.06020857000976e-12,6.29112442257861e-16,1.42302335178932e-10,-3.68989524329757,-1.4896628657372,-0.44809959671557,-2.6946570864519,-3.54782710654226,-4.67012588358445,-5.29593652479554,-28.3670306392568,-36.4610384182248,-24.131883949297,1.45881674858214,1.1536168553777
0.0821275320476169,0.741374344151054,2.10079044346781,0.222185243654652,0.0946647255675587,0.0308162660066144,0.0164813926514743,1.57523386811534e-12,4.81018883390357e-16,1.08804254651116e-10,-3.68989524329757,-1.4896628657372,-0.44809959671557,-2.6946570864519,-3.54782710654226,-4.67012588358445,-5.29593652479554,-28.3670306392568,-36.4610384182248,-24.131883949297,1.19041327227496,1.73950118297873
0.0715597062132384,0.645977407804271,1.83046955390032,0.193595379824945,0.0824836663354711,0.0268509583454154,0.0143606362777432,1.37253939098183e-12,4.19123394070535e-16,9.4803780211854e-11,-3.68989524329757,-1.4896628657372,-0.44809959671557,-2.6946570864519,-3.54782710654226,-4.67012588358445,-5.29593652479554,-28.3670306392568,-36.4610384182248,-24.131883949297,1.0526721174869,1.18934665446102
0.192105434155661,1.73415706894043,4.91398256042151,0.519716003039164,0.221431324562858,0.0720826745021954,0.0385518109684054,3.68464726244966e-12,1.12515668164969e-15,2.54505256113347e-10,-3.68989524329757,-1.4896628657372,-0.44809959671557,-2.6946570864519,-3.54782710654226,-4.67012588358445,-5.29593652479554,-28.3670306392568,-36.4610384182248,-24.131883949297,2.04018432185049,0.64217944391675
0.0790218264598642,1.4000870177501,1.96481566932252,0.347308355655645,0.15227872562909,0.060514617380914,0.0102353388824767,2.4474540815892e-12,2.06655639352723e-15,1.22289304850698e-10,-3.9278845883661,-1.05331901776816,-0.714454974033055,-2.44739566861604,-3.27189612409974,-4.19472374151994,-5.97176235825166,-28.1258261900283,-35.2027461589156,-24.2144849351699,1.38985340799358,0.665580894209704
0.37308162959019,4.50298293578816,12.6622557689428,0.735991769497571,0.43487874163862,0.274481651258269,0.0328009976403411,1.8559906667869e-11,1.32485458714102e-14,3.22607335676624e-10,-3.9312636667485,-1.44056557776165,-0.40668004790829,-3.25184197261683,-3.77799367115973,-4.23817649405207,-6.36260197774371,-27.6553230468072,-34.9001942236081,-24.799890840816,2.94530562955317,0.822944585005578
0.431210530759086,5.20458127052037,14.6351296812194,0.85066477786102,0.50263609388599,0.317247940223484,0.0379116377760427,2.14516785880935e-11,1.53127681555166e-14,3.72871965303407e-10,-3.9312636667485,-1.44056557776165,-0.40668004790829,-3.25184197261683,-3.77799367115973,-4.23817649405207,-6.36260197774371,-27.6553230468072,-34.9001942236081,-24.799890840816,3.09010482904598,1.30107862892349
0.040776709514821,0.758204213193766,2.31160471217847,0.203020726954055,0.0590362067510481,0.0598078151999696,0.0188690399402417,2.69632237962271e-12,2.12671967138546e-15,1.21115160854597e-10,-4.43840080541969,-1.51555911870693,-0.400814635676963,-2.83320380155911,-4.0683609491791,-4.05537553723043,-5.20898939809517,-27.8778889526444,-35.0229522623123,-24.0730358799802,1.23875659962853,0.637632654764627
0.0866228262695093,1.37916144515479,3.92393992856676,0.511072518003146,0.0956499449991806,0.185431878026743,0.0295377018700174,3.8843865052578e-12,2.38599858444379e-15,1.20797011880239e-10,-4.2725808437573,-1.50491326236309,-0.459292695538635,-2.49763271334728,-4.17344908651818,-3.51145662713938,-5.34847673052928,-28.1004449866837,-35.4955475929115,-24.663298495225,1.8263889284005,0.767490280047981
0.0177684118954055,0.282898973436044,0.804893858885137,0.104833187733317,0.0196200896889525,0.0380365098809703,0.00605888858483134,7.96780506464144e-13,4.89425333437483e-16,2.47783541043128e-11,-4.2725808437573,-1.50491326236309,-0.459292695538635,-2.49763271334728,-4.17344908651818,-3.51145662713938,-5.34847673052928,-28.1004449866837,-35.4955475929115,-24.663298495225,0.242247832965181,0.39942025639988
0.0561675825872814,0.772126432200307,3.48282694892268,0.397649640995758,0.113350453782805,0.218176830031253,0.0169962913048576,3.40315406553127e-12,1.21782510114771e-15,4.19729797218988e-11,-4.50024710400881,-1.87943856329636,-0.372987287550035,-2.54301555360401,-3.79810249186939,-3.14328099127254,-5.69559171047372,-28.0271500412002,-35.9625414242605,-25.5148266378419,1.62083159320997,0.437627975366062
0.159611470620814,2.19415238598145,9.8971525144689,1.13000134717465,0.32210808780485,0.619993296712777,0.0482983764888318,9.67074600913385e-12,3.4606946996708e-15,1.19274654723468e-10,-4.50024710400881,-1.87943856329636,-0.372987287550035,-2.54301555360401,-3.79810249186939,-3.14328099127254,-5.69559171047372,-28.0271500412002,-35.9625414242605,-25.5148266378419,2.66523437851751,0.809421150345945
0.0946564423252438,1.56908598402314,5.4583272161108,0.458507236988815,0.111950031860843,0.471213011285156,0.0133598708230996,2.34240745531807e-12,2.04882541720941e-15,1.20370267375858e-10,-4.4588388782089,-1.65084426523182,-0.404195167140419,-2.88111674263654,-4.29104019061902,-2.85378257322252,-6.41683731913053,-28.8811794276602,-35.9228472724642,-24.9417861015366,2.10133753928047,0.836115936359743
0.164291905327535,2.72340814428794,9.47382931586079,0.795815115388785,0.194307789138099,0.817868087342187,0.0231882646182172,4.06563541195965e-12,3.55607524652388e-15,2.08922500002839e-10,-4.4588388782089,-1.65084426523182,-0.404195167140419,-2.88111674263654,-4.29104019061902,-2.85378257322252,-6.41683731913053,-28.8811794276602,-35.9228472724642,-24.9417861015366,2.65272835542108,1.01584978567969
0.112531293351377,1.86539099531055,6.48907360212674,0.545091397076072,0.13309059126416,0.560196520187346,0.0158827387317703,2.78474590875843e-12,2.43572406046645e-15,1.43100897689707e-10,-4.4588388782089,-1.65084426523182,-0.404195167140419,-2.88111674263654,-4.29104019061902,-2.85378257322252,-6.41683731913053,-28.8811794276602,-35.9228472724642,-24.9417861015366,2.27431494531441,1.70020311757281
0.127554673964624,4.1149301045297,5.56458514166919,1.06083348028244,0.313321506520051,0.899870302521857,0.073732031526168,3.80792206022005e-12,1.74319663770218e-15,3.03022403188141e-10,-4.55693658558461,-1.08310454624342,-0.781303960514368,-2.43867149339107,-3.65825183294205,-2.60323102904619,-5.10504434846519,-28.7916638612828,-36.4807822137668,-24.4149407699325,2.49772639469471,0.754152547908859
0.462144167743045,8.07562999667493,13.8028618374649,1.50484973535182,0.384560448102941,1.83329418796739,0.109369754953343,7.96455483418656e-12,5.86270773005014e-15,5.40991252145236e-10,-4.03659565497604,-1.17586638556007,-0.639841319600166,-2.85602422019353,-4.22037155995128,-2.65860281846504,-5.47773815995612,-28.8207373341646,-36.0348820978584,-24.6023352767894,3.26471726978961,0.525119894603185
0.652027233749995,11.3936971513359,19.474100183213,2.12315350628078,0.54256637362918,2.58654727564354,0.154306953880662,1.12369840821451e-11,8.27154245433369e-15,7.63270542484335e-10,-4.03659565497604,-1.17586638556007,-0.639841319600166,-2.85602422019353,-4.22037155995128,-2.65860281846504,-5.47773815995612,-28.8207373341646,-36.0348820978584,-24.6023352767894,3.60892670660344,0.566771317671892
0.189622209517643,3.3135088790472,5.66344734386458,0.617454361055813,0.157788861035501,0.75221828789045,0.0448754653551899,3.26793366853132e-12,2.40552552887866e-15,2.2197392874713e-10,-4.03659565497604,-1.17586638556007,-0.639841319600166,-2.85602422019353,-4.22037155995128,-2.65860281846504,-5.47773815995612,-28.8207373341646,-36.0348820978584,-24.6023352767894,2.37387409776075,0.95867764389134
0.0881568581721744,1.54047636637852,2.63298126062704,0.287059393906721,0.073357283826826,0.349712204539544,0.0208629571651506,1.51928809217880e-12,1.1183477579886e-15,1.03197427159292e-10,-4.03659565497604,-1.17586638556007,-0.639841319600166,-2.85602422019353,-4.22037155995128,-2.65860281846504,-5.47773815995612,-28.8207373341646,-36.0348820978584,-24.6023352767894,1.60795808297053,1.06740067610367
0.0360716890932196,0.630326280854207,1.0773532926516,0.1174578747812,0.0300160553561963,0.143093914368157,0.00853662573769,6.21656543125338e-13,4.5760129683248e-16,4.22259321043401e-11,-4.03659565497604,-1.17586638556007,-0.639841319600166,-2.85602422019353,-4.22037155995128,-2.65860281846504,-5.47773815995612,-28.8207373341646,-36.0348820978584,-24.6023352767894,0.714348698014211,1.59344073308003
0.0870995064017696,1.52199992056331,2.60140133077144,0.28361640870226,0.0724774378847792,0.345517762651882,0.0206127272323714,1.50106577814304e-12,1.1049343151056e-15,1.01959679075133e-10,-4.03659565497604,-1.17586638556007,-0.639841319600166,-2.85602422019353,-4.22037155995128,-2.65860281846504,-5.47773815995612,-28.8207373341646,-36.0348820978584,-24.6023352767894,1.59589159280725,0.888183867169956
0.142703944759967,2.49364665267871,4.26213932938397,0.464677493506958,0.118747128652423,0.566096752461732,0.0337719191513218,2.4593481264648e-12,1.81032582135297e-15,1.6705087102751e-10,-4.03659565497604,-1.17586638556007,-0.639841319600166,-2.85602422019353,-4.22037155995128,-2.65860281846504,-5.47773815995612,-28.8207373341646,-36.0348820978584,-24.6023352767894,2.08961254382249,1.94910162378723
0.0903275160991676,1.57840701982234,2.69781231023003,0.294127564912595,0.0751635366010616,0.358323055523678,0.0213766590403083,1.5566970335709e-12,1.1458844746587e-15,1.05738424172492e-10,-4.03659565497604,-1.17586638556007,-0.639841319600166,-2.85602422019353,-4.22037155995128,-2.65860281846504,-5.47773815995612,-28.8207373341646,-36.0348820978584,-24.6023352767894,1.6322825087057,2.32868357315368
0.0444923282604646,0.777470767351307,1.32885255872749,0.144877449681835,0.0370230566287287,0.176498011881001,0.0105294308114179,7.66777150649073e-13,5.64424556290381e-16,5.20832286903785e-11,-4.03659565497604,-1.17586638556007,-0.639841319600166,-2.85602422019353,-4.22037155995128,-2.65860281846504,-5.47773815995612,-28.8207373341646,-36.0348820978584,-24.6023352767894,0.924157151662503,0.555962249521538
0.00922890426256559,0.161268325559947,0.275639723139839,0.0300514755058664,0.00767957664822177,0.0366104296598551,0.00218408684591661,1.5905018214907e-13,1.1707681744481e-16,1.08034609574687e-11,-4.03659565497604,-1.17586638556007,-0.639841319600166,-2.85602422019353,-4.22037155995128,-2.65860281846504,-5.47773815995612,-28.8207373341646,-36.0348820978584,-24.6023352767894,-0.648819297320116,0.735547957310206
0.0767258134451876,1.3407272531496,2.29157019880399,0.249837232873705,0.0638452570842555,0.304366034830805,0.0181577178742236,1.32228640115942e-12,9.7333484002678e-16,8.98161153699826e-11,-4.03659565497604,-1.17586638556007,-0.639841319600166,-2.85602422019353,-4.22037155995128,-2.65860281846504,-5.47773815995612,-28.8207373341646,-36.0348820978584,-24.6023352767894,1.46907857853132,0.298717180292393
0.0374109328061207,0.653728581382159,1.11735249036114,0.12181876622504,0.0311304698577738,0.148406602240264,0.00885356743451618,6.4473695987025e-13,4.7459078845885e-16,4.37936661227272e-11,-4.03659565497604,-1.17586638556007,-0.639841319600166,-2.85602422019353,-4.22037155995128,-2.65860281846504,-5.47773815995612,-28.8207373341646,-36.0348820978584,-24.6023352767894,0.750803358716199,0.579644711372281
0.0763199926672508,1.3336358330337,2.27944954789112,0.248515785297593,0.0635075645824222,0.302756171663687,0.0180616774562417,1.31529251902408e-12,9.68186644338312e-16,8.93410569225834e-11,-4.03659565497604,-1.17586638556007,-0.639841319600166,-2.85602422019353,-4.22037155995128,-2.65860281846504,-5.47773815995612,-28.8207373341646,-36.0348820978584,-24.6023352767894,1.46377530705493,0.338900901771427
0.203622541817674,3.55815440608631,6.08159532863667,0.663042724659816,0.169438849153243,0.807756645023911,0.0481887451059605,3.50921425169867e-12,2.58313213332747e-15,2.38362877975749e-10,-4.03659565497604,-1.17586638556007,-0.639841319600166,-2.85602422019353,-4.22037155995128,-2.65860281846504,-5.47773815995612,-28.8207373341646,-36.0348820978584,-24.6023352767894,2.44510837073852,0.273085740881705
0.00472069438588241,0.0824906681695124,0.140992999443109,0.0153716874367693,0.00392819486883874,0.0187266705605607,0.00111718641980277,8.1356061411343e-14,5.98861857382677e-17,5.52609887794467e-12,-4.03659565497604,-1.17586638556007,-0.639841319600166,-2.85602422019353,-4.22037155995128,-2.65860281846504,-5.47773815995612,-28.8207373341646,-36.0348820978584,-24.6023352767894,-1.31920371957602,0.897004255238906
0.286089616521923,4.99920598415135,8.54463980205636,0.931574849927118,0.238061537516667,1.13489786914087,0.0677051739211731,4.93044508039138e-12,3.62929995300239e-15,3.34899779486128e-10,-4.03659565497604,-1.17586638556007,-0.639841319600166,-2.85602422019353,-4.22037155995128,-2.65860281846504,-5.47773815995612,-28.8207373341646,-36.0348820978584,-24.6023352767894,2.78514548221388,0.322516999069781
0.0194363348570261,0.339635680275619,0.580505096425666,0.0632892621119641,0.0161734068366576,0.0771026061040457,0.00459974901530294,3.34964207165906e-13,2.46567107330643e-16,2.27523960385951e-11,-4.03659565497604,-1.17586638556007,-0.639841319600166,-2.85602422019353,-4.22037155995128,-2.65860281846504,-5.47773815995612,-28.8207373341646,-36.0348820978584,-24.6023352767894,0.0959846210898152,0.907718619766808
0.12849337727864,2.24532742021404,3.83771224955162,0.418404554874171,0.106922199161038,0.509724406796384,0.0304088857265554,2.21444436735716e-12,1.63005219758737e-15,1.50415818089458e-10,-4.03659565497604,-1.17586638556007,-0.639841319600166,-2.85602422019353,-4.22037155995128,-2.65860281846504,-5.47773815995612,-28.8207373341646,-36.0348820978584,-24.6023352767894,1.98471774031339,0.87619103549117
0.053405548972004,0.933222754651325,1.59506375989667,0.1739009855503,0.044439945967849,0.211856146565114,0.0126388088650822,9.20386868268045e-13,6.77496648534633e-16,6.25171468699186e-11,-4.03659565497604,-1.17586638556007,-0.639841319600166,-2.85602422019353,-4.22037155995128,-2.65860281846504,-5.47773815995612,-28.8207373341646,-36.0348820978584,-24.6023352767894,1.10675502989485,1.14787693050094
0.0466750277059083,2.59135460906889,2.88627432455816,0.213794332719755,0.0474563928702985,0.354675395667322,0.0180836394374883,7.80244038974698e-13,1.92940663515512e-15,1.82935955770706e-10,-4.88234898963831,-0.865622239604573,-0.757836484286982,-3.36054378180956,-4.86574702811443,-2.85435527988338,-5.83055064163005,-29.6969726473562,-35.6993668758648,-24.2396879864823,1.81780299367581,2.29711220731619
0.0437895332154873,2.43115460888231,2.70784210778838,0.200577364257881,0.0445225936441833,0.332749026249091,0.0169656916926597,7.32008612317195e-13,1.810128886664e-15,1.71626681445209e-10,-4.88234898963831,-0.865622239604573,-0.757836484286982,-3.36054378180956,-4.86574702811443,-2.85435527988338,-5.83055064163005,-29.6969726473562,-35.6993668758648,-24.2396879864823,1.7539885317983,0.724364301580277
0.819691621054429,45.5085248929733,50.6878087959952,3.75458637675586,0.833413701355485,6.22869367865137,0.31757898074482,1.37023914619823e-11,3.38836103624484e-14,3.21266162024902e-09,-4.88234898963831,-0.865622239604573,-0.757836484286982,-3.36054378180956,-4.86574702811443,-2.85435527988338,-5.83055064163005,-29.6969726473562,-35.6993668758648,-24.2396879864823,4.68352190829686,0.590000759946373
0.0377698748307315,2.0969487119165,2.33560054109869,0.17300440049493,0.038402162927957,0.287006691978872,0.0146334524393127,6.31380871912548e-13,1.56129413712522e-15,1.48033509375403e-10,-4.88234898963831,-0.865622239604573,-0.757836484286982,-3.36054378180956,-4.86574702811443,-2.85435527988338,-5.83055064163005,-29.6969726473562,-35.6993668758648,-24.2396879864823,1.60610553338859,2.28500594332122
0.013787510339057,0.991803369021834,1.00750885973828,0.0966337662350271,0.0090398897891194,0.103625010637524,0.00396720490274576,2.32532273177864e-13,1.12538413345388e-15,6.5362902592542e-11,-5.08436262949364,-0.808600893033767,-0.792889676392187,-3.13719753687163,-5.50647878109857,-3.06734704784976,-6.33006397194706,-29.8901178551264,-35.2210224505539,-24.2514367420294,0.800370484977113,0.515540793065369
0.0479819125466037,3.45157474740196,3.50623142315605,0.336295154564878,0.0314597190229291,0.360625383102388,0.0138062691535232,8.09235527046311e-13,3.91644914453878e-15,2.27469426956893e-10,-5.08436262949364,-0.808600893033767,-0.792889676392187,-3.13719753687163,-5.50647878109857,-3.06734704784976,-6.33006397194706,-29.8901178551264,-35.2210224505539,-24.2514367420294,2.04743146845841,0.62235900853821
0.0675193693431538,5.44412777399071,5.02003808196766,0.427739924767455,0.0483936737729051,0.811187222243888,0.0170605809203428,7.1622824290276e-13,9.04414772665877e-15,7.53424334031745e-10,-5.16649213280346,-0.77661380864658,-0.85771384404431,-3.32039128427689,-5.49953754474237,-2.68040776170952,-6.54213604966411,-30.4359288675127,-34.8078098701798,-23.477543886007,2.47115136376851,1.18554208073827
0.0128616296880135,1.68913704242322,1.23843389607147,0.185262809363542,0.0287597817354202,0.0696320800191857,0.00316624718294038,1.38337910109407e-13,7.13403930351057e-15,1.98534387823445e-10,-5.52513830464286,-0.647413689056028,-0.957783867454696,-2.85761133262673,-4.72040879712204,-3.83616135980897,-6.92683970815582,-30.7807085405593,-33.7455302604583,-23.5116902541923,1.17163146179219,1.0315270185897
0.00211400265500521,0.377521516820304,0.386806108048673,0.0342476932723663,0.00303516942588255,0.0143504501556373,0.000521273110125352,2.65602043990806e-14,2.33751929451537e-15,1.73030405885453e-11,-5.95900779511117,-0.773963373209628,-0.749667383787042,-3.17397172574565,-5.59732369150647,-4.04380962702942,-7.35907210935389,-31.0591980340753,-33.4895218179176,-24.5799745327966,-0.200164340508286,1.12659324058363
0.000655349024323713,0.117033134808804,0.119911394109165,0.0106169177783401,0.00094091429696165,0.00444869522081076,0.000161596686417593,8.23376640401285e-15,7.24640049704537e-16,5.36400970958516e-12,-5.95900779511117,-0.773963373209628,-0.749667383787042,-3.17397172574565,-5.59732369150647,-4.04380962702942,-7.35907210935389,-31.0591980340753,-33.4895218179176,-24.5799745327966,-1.37133480757524,2.11647859108624
0.00363142896066485,0.648505604384869,0.664454654115155,0.0588306097396698,0.00521380714805546,0.0246511706928912,0.000895441764958603,4.56250588085291e-14,4.01538533649339e-15,2.97231238343208e-11,-5.95900779511117,-0.773963373209628,-0.749667383787042,-3.17397172574565,-5.59732369150647,-4.04380962702942,-7.35907210935389,-31.0591980340753,-33.4895218179176,-24.5799745327966,0.340878740020462,0.457231404295635
0.0126614979040068,1.06400867491721,2.29068541004284,0.194930628913603,0.0147734968796361,0.0978852842715807,0.002816054262563,3.18666504529435e-13,4.81618527861794e-15,3.90509895435279e-10,-5.67149370745376,-1.2402606120368,-0.473453077561997,-2.93741568891384,-5.5172246109407,-3.62626321066021,-7.17472272753662,-30.0769354353671,-34.269098372211,-22.9658719625873,1.30230415604069,1.5790176543509
0.0109534368697666,0.920471806570487,1.98166743126493,0.168634102692806,0.0127805230189691,0.0846803664050375,0.00243616298961433,2.7567776469542e-13,4.16647238757953e-15,3.37829340501321e-10,-5.67149370745376,-1.2402606120368,-0.473453077561997,-2.93741568891384,-5.5172246109407,-3.62626321066021,-7.17472272753662,-30.0769354353671,-34.269098372211,-22.9658719625873,1.15739170487252,4.49438093479683
0.00755235369220871,0.634661862717688,1.36635227090713,0.116272582135351,0.00881212274816593,0.0583867954396949,0.00167972525593495,1.90078786120915e-13,2.87276710442142e-15,2.32932064831078e-10,-5.67149370745376,-1.2402606120368,-0.473453077561997,-2.93741568891384,-5.5172246109407,-3.62626321066021,-7.17472272753662,-30.0769354353671,-34.269098372211,-22.9658719625873,0.785597690461877,1.52406401264791
0.00802646092674965,0.67450345288475,1.45212652393726,0.123571720207499,0.00936531335825062,0.0620520901607536,0.00178517183965381,2.02011189091614e-13,3.05310819050726e-15,2.47554629079744e-10,-5.67149370745376,-1.2402606120368,-0.473453077561997,-2.93741568891384,-5.5172246109407,-3.62626321066021,-7.17472272753662,-30.0769354353671,-34.269098372211,-22.9658719625873,0.846482127866169,1.30932853686999
0.00939833828671442,0.789789134167618,1.70032302301379,0.144692516387992,0.010966026484797,0.0726579921151662,0.0020902922224499,2.36538807092064e-13,3.57494341057555e-15,2.89866501533661e-10,-5.67149370745376,-1.2402606120368,-0.473453077561997,-2.93741568891384,-5.5172246109407,-3.62626321066021,-7.17472272753662,-30.0769354353671,-34.269098372211,-22.9658719625873,1.00427132411141,1.34705504026211
0.117576417348228,2.35035264713875,8.40323193240696,1.21809789834137,0.188664965096676,0.56163203834407,0.0112589067843974,4.06518921827041e-13,3.45913640494597e-14,1.42935829928222e-09,-4.69407401480763,-1.69884183891744,-0.42479083271902,-2.35611667606323,-4.22118972683742,-3.13031559799175,-7.04000296783087,-31.0845531372736,-33.5485795563745,-22.9194474535775,2.55340721842747,2.41303720363822
0.130102975870144,2.60075855884743,9.29850990522328,1.34787370673162,0.208765277554057,0.62146815816105,0.012458427554875,4.49829333722402e-13,3.82767182717704e-14,1.58164173152625e-09,-4.69407401480763,-1.69884183891744,-0.42479083271902,-2.35611667606323,-4.22118972683742,-3.13031559799175,-7.04000296783087,-31.0845531372736,-33.5485795563745,-22.9194474535775,2.65464499479599,1.32803877274753
0.029559140686177,0.590887238493917,2.11260319467742,0.306234259885378,0.0474310611908552,0.141196345404097,0.00283053028080354,1.02200341470598e-13,8.69639524256311e-15,3.59345896161333e-10,-4.69407401480763,-1.69884183891744,-0.42479083271902,-2.35611667606323,-4.22118972683742,-3.13031559799175,-7.04000296783087,-31.0845531372736,-33.5485795563745,-22.9194474535775,1.17271176132655,1.70151462900991
0.0304850067423946,0.60939530146442,2.17877519909985,0.315826281165327,0.0489167203997351,0.145618967321952,0.00291918955327414,1.05401511224012e-13,8.96878804491232e-15,3.70601506438681e-10,-4.69407401480763,-1.69884183891744,-0.42479083271902,-2.35611667606323,-4.22118972683742,-3.13031559799175,-7.04000296783087,-31.0845531372736,-33.5485795563745,-22.9194474535775,1.20355371635614,2.05766481383958
0.0788880677958119,1.57697251841244,5.63816065618233,0.817284552068707,0.126585032040572,0.376827830924334,0.00755417984104491,2.72754460364201e-13,2.32091258930039e-14,9.59030024569647e-10,-4.69407401480763,-1.69884183891744,-0.42479083271902,-2.35611667606323,-4.22118972683742,-3.13031559799175,-7.04000296783087,-31.0845531372736,-33.5485795563745,-22.9194474535775,2.15434872024837,4.55363707250219
0.139322244845761,2.78505175071558,9.95741461755098,1.44338582061227,0.223558661284658,0.665506213951463,0.0133412482119235,4.81704835362338e-13,4.09890571624932e-14,1.69371895688161e-09,-4.69407401480763,-1.69884183891744,-0.42479083271902,-2.35611667606323,-4.22118972683742,-3.13031559799175,-7.04000296783087,-31.0845531372736,-33.5485795563745,-22.9194474535775,2.7231082940686,5.5241676499123
0.0583933436453065,1.51388312871137,1.99784949692443,0.347088773170015,0.0481532861765208,0.32696656596972,0.00420112880792663,2.05298960494608e-13,1.2583043582459e-14,2.60091063340322e-10,-4.29836242665376,-1.04313109401553,-0.765737701808977,-2.51598375362665,-4.49117494666676,-2.57570641038663,-6.93021107834476,-30.6721181865803,-33.4642352870419,-23.5277983549509,1.45780905233348,5.73287381286707
0.073588360595606,1.90782323156401,2.51772650815213,0.437407625668214,0.0606836527215383,0.412049251802362,0.00529433942855132,2.5872150816619e-13,1.58573818646304e-14,3.27771519182746e-10,-4.29836242665376,-1.04313109401553,-0.765737701808977,-2.51598375362665,-4.49117494666676,-2.57570641038663,-6.93021107834476,-30.6721181865803,-33.4642352870419,-23.5277983549509,1.68909401681892,10.5085674542243
0.0474403357654181,1.22991970406616,1.6231071047853,0.281984330947215,0.0391210354094191,0.26563650418597,0.00341311096094134,1.66790442371565e-13,1.02228058069205e-14,2.11305032460515e-10,-4.29836242665376,-1.04313109401553,-0.765737701808977,-2.51598375362665,-4.49117494666676,-2.57570641038663,-6.93021107834476,-30.6721181865803,-33.4642352870419,-23.5277983549509,1.25007998002192,9.7533448844837
0.100369922898381,3.48117500719393,3.90984828699795,0.842402245859195,0.26173560044916,0.368297683942287,0.00950233747143247,3.20642735606452e-13,6.18018927415975e-14,8.92194307704674e-10,-4.49314965496041,-0.946887083087467,-0.830758393664547,-2.36575461777098,-3.53467740898513,-3.19312070968921,-6.85047442664615,-30.9627058304136,-32.6090993696591,-23.031594138951,2.19425696562974,4.43868435635854
0.11478036979806,3.98097899369741,4.4711983358829,0.963348765310194,0.29931385958409,0.421175419268421,0.0108666199736074,3.66678489961896e-13,7.06749980298634e-14,1.02028964068995e-09,-4.49314965496041,-0.946887083087467,-0.830758393664547,-2.36575461777098,-3.53467740898513,-3.19312070968921,-6.85047442664615,-30.9627058304136,-32.6090993696591,-23.031594138951,2.32841485045204,7.64586859027025
0.0512438615504254,4.03796661950859,3.46220669432518,0.788685461521468,0.134364883972453,0.259226881982501,0.00388211238566258,8.39850387025503e-14,4.05878355119785e-14,4.38382390675885e-10,-5.13879230744452,-0.771891611415271,-0.92572670597624,-2.40502055690054,-4.17482902968102,-3.51768447321093,-7.71900870888184,-32.2757705872964,-33.0029408558105,-23.7155624130369,2.1676328646815,4.57898585127197
0.00780412532019244,0.977593132791419,0.869178250797421,0.247133820165995,0.0516822272413561,0.100539290388164,0.0045776143744017,3.44740460937009e-14,1.18646082920534e-14,2.29641607377212e-10,-5.66780742042792,-0.83736633768212,-0.954911675539111,-2.21252992955045,-3.77734594619491,-3.11191130128169,-6.20128191804615,-31.8132742636564,-32.8799211418353,-23.0092058736352,0.814704622533946,3.46157623477018
0.0109536736952748,1.37212509333136,1.21995669618871,0.346870804106754,0.0725398721599331,0.141114415169242,0.00642502421511079,4.83869026153659e-14,1.66528653015275e-14,3.2231917490612e-10,-5.66780742042792,-0.83736633768212,-0.954911675539111,-2.21252992955045,-3.77734594619491,-3.11191130128169,-6.20128191804615,-31.8132742636564,-32.8799211418353,-23.0092058736352,1.15372703872703,4.49410487245922
0.00862836313122131,1.08084227228999,0.960977081471951,0.273235020570577,0.057140679547381,0.11115781344257,0.00506108211702351,3.81150450684432e-14,1.31176966736628e-14,2.53895356262561e-10,-5.66780742042792,-0.83736633768212,-0.954911675539111,-2.21252992955045,-3.77734594619491,-3.11191130128169,-6.20128191804615,-31.8132742636564,-32.8799211418353,-23.0092058736352,0.915106956618484,4.80683668932159
0.00992613401279498,1.24340910069297,1.10551528127039,0.314331628134484,0.0657350686501756,0.127876786827357,0.00582230703313302,4.38478352729617e-14,1.50906971741628e-14,2.92083132473794e-10,-5.66780742042792,-0.83736633768212,-0.954911675539111,-2.21252992955045,-3.77734594619491,-3.11191130128169,-6.20128191804615,-31.8132742636564,-32.8799211418353,-23.0092058736352,1.05522321970818,2.63789340720494
0.012146210545348,1.52150965436805,1.35277453942301,0.384634957724939,0.0804373568812132,0.156477675464137,0.00712452269865952,5.36548306215306e-14,1.8465878550219e-14,3.57410369354112e-10,-5.66780742042792,-0.83736633768212,-0.954911675539111,-2.21252992955045,-3.77734594619491,-3.11191130128169,-6.20128191804615,-31.8132742636564,-32.8799211418353,-23.0092058736352,1.257069373313,4.24316245396323
0.0102214861465238,1.28040674051066,1.13840989026642,0.323684566241939,0.0676910157249999,0.131681760827825,0.00599554978839338,4.51525276829741e-14,1.55397208931756e-14,3.00774066556603e-10,-5.66780742042792,-0.83736633768212,-0.954911675539111,-2.21252992955045,-3.77734594619491,-3.11191130128169,-6.20128191804615,-31.8132742636564,-32.8799211418353,-23.0092058736352,1.08454413116067,7.39630311218893
0.0102329184797232,1.28183882546175,1.13968315728419,0.32404659479236,0.0677667254833737,0.131829041736344,0.00600225557676035,4.52030290223944e-14,1.55571014643107e-14,3.01110470607572e-10,-5.66780742042792,-0.83736633768212,-0.954911675539111,-2.21252992955045,-3.77734594619491,-3.11191130128169,-6.20128191804615,-31.8132742636564,-32.8799211418353,-23.0092058736352,1.08566196710835,3.7686224120579
0.00676570764475276,1.6541668487355,1.62984441695487,0.152126856488445,0.0703661271329191,0.0709072524999325,0.0132898841033441,1.72121515993457e-13,1.35547347644872e-14,3.60699965639507e-10,-6.27611843183114,-0.776932545395927,-0.791745452265801,-3.16327053685301,-3.93427329309536,-3.92661257152389,-5.60098213969405,-30.6708056920165,-33.2122704923156,-23.0232046360876,1.28023001280792,2.72895161144267
0.00643054504869287,1.57222200505483,1.54910446857949,0.144590729474349,0.0668802990299504,0.06739461789093,0.0126315239891783,1.63594884757348e-13,1.28832543619764e-14,3.42831452361933e-10,-6.27611843183114,-0.776932545395927,-0.791745452265801,-3.16327053685301,-3.93427329309536,-3.92661257152389,-5.60098213969405,-30.6708056920165,-33.2122704923156,-23.0232046360876,1.22942245402127,1.43385179927454
0.00291415494421341,0.712489920331554,0.702013657012109,0.0655247395041181,0.0303084035043372,0.0305414793696452,0.00572427652823868,7.41369259765242e-14,5.8383541538433e-15,1.55362253800783e-10,-6.27611843183114,-0.776932545395927,-0.791745452265801,-3.16327053685301,-3.93427329309536,-3.92661257152389,-5.60098213969405,-30.6708056920165,-33.2122704923156,-23.0232046360876,0.437943031553444,1.89948754992005
0.00320151566854497,0.78274755024652,0.77123823732148,0.0719860419969486,0.0332970725871648,0.0335531317360528,0.0062887393934323,8.14474640763025e-14,6.41406605340579e-15,1.70682307346539e-10,-6.27611843183114,-0.776932545395927,-0.791745452265801,-3.16327053685301,-3.93427329309536,-3.92661257152389,-5.60098213969405,-30.6708056920165,-33.2122704923156,-23.0232046360876,0.531987496939929,1.82647984277529
0.00141206585858759,0.536690992724161,0.54230375691642,0.0844717122651591,0.0385198577220141,0.0176578339787439,0.00672205321286025,9.42876214383978e-14,4.4317620297468e-15,8.57628184606561e-11,-6.7679077527231,-0.827539036425084,-0.817135251197057,-2.67654482054198,-3.46178763945588,-4.24178199637236,-5.20756788726968,-30.1976327355567,-33.2551853943399,-23.3846418084163,0.205206253783502,1.98817318273381
0.0021169744889716,0.804609171129119,0.813023848486668,0.126640311298199,0.0577491167429575,0.0264726916497273,0.0100777276630487,1.41356359547247e-13,6.6441144378005e-15,1.28575942601653e-10,-6.7679077527231,-0.827539036425084,-0.817135251197057,-2.67654482054198,-3.46178763945588,-4.24178199637236,-5.20756788726968,-30.1976327355567,-33.2551853943399,-23.3846418084163,0.61014041526444,0.6881371720247
0.00290401661718704,1.10374424230079,1.11528730198426,0.173722248582393,0.0792189020335771,0.0363146258270796,0.0138243936095781,1.93909383041119e-13,9.11424244098382e-15,1.76377502813968e-10,-6.7679077527231,-0.827539036425084,-0.817135251197057,-2.67654482054198,-3.46178763945588,-4.24178199637236,-5.20756788726968,-30.1976327355567,-33.2551853943399,-23.3846418084163,0.926247292858982,1.97273389546035
0.0404563299252062,4.0970968410264,12.7155743813721,0.4646201031283,0.452373127788642,0.291450857465313,0.174344060172285,1.89870789330511e-12,3.88672477257729e-14,4.51057578151736e-10,-6.11092519976562,-1.4931144043459,-0.360565468310304,-3.66992822951589,-3.69664097542296,-4.13627691211753,-4.65011761454253,-29.8932405569437,-33.7820174994006,-24.4228191565217,2.90339303968923,1.56683652645346
0.0120568775766386,1.22102511827477,3.78952129163168,0.138467026381769,0.134817157927874,0.0868587762301253,0.0519583707567519,5.65856781020412e-13,1.15832960734917e-14,1.34425095154323e-10,-6.11092519976562,-1.4931144043459,-0.360565468310304,-3.66992822951589,-3.69664097542296,-4.13627691211753,-4.65011761454253,-29.8932405569437,-33.7820174994006,-24.4228191565217,1.69280517115048,1.96606451359459
0.00538578281956569,0.54542944991035,1.69277149387283,0.0618529405331489,0.0602225516793424,0.038799639606122,0.0232096990929518,2.52767079219539e-13,5.17423492027754e-15,6.0047418031633e-11,-6.11092519976562,-1.4931144043459,-0.360565468310304,-3.66992822951589,-3.69664097542296,-4.13627691211753,-4.65011761454253,-29.8932405569437,-33.7820174994006,-24.4228191565217,0.88693259121947,0.771430447781989
0.00504267060594694,0.510681761003969,1.58493005394261,0.0579124735562668,0.056385951929831,0.0363278299028967,0.0217310781570541,2.36664039979654e-13,4.84459979447366e-15,5.62219755262135e-11,-6.11092519976562,-1.4931144043459,-0.360565468310304,-3.66992822951589,-3.69664097542296,-4.13627691211753,-4.65011761454253,-29.8932405569437,-33.7820174994006,-24.4228191565217,0.821105744661127,2.49825327498505
0.00483492564452525,0.371674383741735,1.22339755337753,0.0311955819281362,0.0438466289435932,0.0201831129477426,0.023644433821545,1.41581197741092e-13,2.19807656590543e-15,5.67635157388e-11,-5.87350229936493,-1.53134989112234,-0.339980902611997,-4.00909156964248,-3.66867021069958,-4.44452178747918,-4.28624031870917,-30.1275157773634,-34.2928064757655,-24.1337400957065,0.541612770581435,2.08855719166352
0.00659262143116842,0.603980608874082,1.9107562182891,0.0459083353893974,0.116735341795686,0.0322124067908964,0.0369074375991829,3.80817057126623e-13,1.39273418784282e-14,1.02845938424892e-10,-6.03452921643482,-1.51693818219738,-0.365225906615178,-4.09383357562676,-3.16057093850825,-4.44812859269881,-4.31206718341446,-29.6091822962437,-32.9176474413752,-24.0105139870091,1.01272499612159,1.73638000242382
0.0102066643679263,0.680980300045585,1.98495646994722,0.0319646935413234,0.0826607159442538,0.0391364333260306,0.0389691487075527,4.45473287125457e-13,1.25634210608513e-14,8.13580011241673e-11,-5.63863416941063,-1.43814166800149,-0.368322782369321,-4.49704307889958,-3.54693057539199,-4.29462121399635,-4.29890477145569,-29.493558878127,-33.0619066602727,-24.2860816995475,1.0539197667704,4.01995200280995
0.00859633580255785,0.57354049502343,1.67178538982299,0.0269215514101298,0.0696191474826582,0.0329617895580247,0.0328208978128667,3.75189957184586e-13,1.05812616516896e-14,6.85219649316557e-11,-5.63863416941063,-1.43814166800149,-0.368322782369321,-4.49704307889958,-3.54693057539199,-4.29462121399635,-4.29890477145569,-29.493558878127,-33.0619066602727,-24.2860816995475,0.882214933424552,4.60746839062783
0.00526758653965075,0.35144906631394,1.0244218488994,0.0164967499050374,0.0426606047744775,0.0201980335559935,0.0201116991598754,2.29905579966944e-13,6.48389182660574e-15,4.19882829655177e-11,-5.63863416941063,-1.43814166800149,-0.368322782369321,-4.49704307889958,-3.54693057539199,-4.29462121399635,-4.29890477145569,-29.493558878127,-33.0619066602727,-24.2860816995475,0.392451185969482,1.36454088608468
0.00139822452491076,0.0932883968926154,0.271921826476633,0.00437888587589712,0.0113238014020657,0.00536135204621298,0.00533843550386725,6.10259780079335e-14,1.72107975836494e-15,1.11453407664703e-11,-5.63863416941063,-1.43814166800149,-0.368322782369321,-4.49704307889958,-3.54693057539199,-4.29462121399635,-4.29890477145569,-29.493558878127,-33.0619066602727,-24.2860816995475,-0.933917874284317,0.863949431874482
0.151068275239919,10.0791517867017,29.3792310133705,0.473107662581187,1.22345668845897,0.579256186789528,0.576780216396395,6.59342550373026e-12,1.85950500806101e-13,1.20417527840121e-09,-5.63863416941063,-1.43814166800149,-0.368322782369321,-4.49704307889958,-3.54693057539199,-4.29462121399635,-4.29890477145569,-29.493558878127,-33.0619066602727,-24.2860816995475,3.74861077895939,0.517271188155987
0.00281492948667462,0.187809793419543,0.547437663824662,0.00881564780994851,0.0227972703239178,0.0107935654785425,0.0107474295042177,1.22858540876082e-13,3.4649071550576e-15,2.24379903253208e-11,-5.63863416941063,-1.43814166800149,-0.368322782369321,-4.49704307889958,-3.54693057539199,-4.29462121399635,-4.29890477145569,-29.493558878127,-33.0619066602727,-24.2860816995475,-0.234183897432265,0.651421464745031
0.00713907674553656,0.476313362424366,1.3883827335435,0.0223577842978908,0.0578172430967201,0.0273740755049314,0.0272570678630014,3.11587397237128e-13,8.78751606859492e-15,5.69060559798626e-11,-5.63863416941063,-1.43814166800149,-0.368322782369321,-4.49704307889958,-3.54693057539199,-4.29462121399635,-4.29890477145569,-29.493558878127,-33.0619066602727,-24.2860816995475,0.69646235107125,0.782721949322401
0.0934525552183017,2.75247041455988,8.29207582115631,0.144885132604654,0.446981155973297,0.156431217404306,0.179953301844941,1.97810280745769e-12,4.65523622339756e-14,1.51841476563638e-10,-4.86071366823488,-1.477913424954,-0.375111927516305,-4.42222630538294,-3.29565110785697,-4.34555113695703,-4.20547016188607,-29.4392951745603,-33.1886109122508,-25.098596322584,2.4904122659405,1.60976637653791
0.0401887097895401,1.18368336143021,3.56595737752551,0.0623069806220469,0.192221560093694,0.0672723050065399,0.0773878360695645,8.50671225383712e-13,2.00195636327812e-14,6.5298514539025e-11,-4.86071366823488,-1.477913424954,-0.375111927516305,-4.42222630538294,-3.29565110785697,-4.34555113695703,-4.20547016188607,-29.4392951745603,-33.1886109122508,-25.098596322584,1.64654449442523,0.428382092581888
0.0451606531069373,1.33012266265677,4.00711953590676,0.070015284211619,0.216002236462066,0.0755948933422876,0.0869618665972637,9.55911954347087e-13,2.24962824959263e-14,7.33769155302102e-11,-4.86071366823488,-1.477913424954,-0.375111927516305,-4.42222630538294,-3.29565110785697,-4.34555113695703,-4.20547016188607,-29.4392951745603,-33.1886109122508,-25.098596322584,1.76318459049645,2.03927198486647
0.0529977707940065,1.56095032187585,4.70250955417537,0.0821656404290264,0.253486967779278,0.0887135272615552,0.102053109436382,1.12179960143126e-12,2.64002564491958e-14,8.6110644627588e-11,-4.86071366823488,-1.477913424954,-0.375111927516305,-4.42222630538294,-3.29565110785697,-4.34555113695703,-4.20547016188607,-29.4392951745603,-33.1886109122508,-25.098596322584,1.92320824142986,0.737912242397846
0.0207139611948481,0.610091026660287,1.83795655862957,0.0321141033273266,0.0990743409640447,0.0346733180211755,0.0398870389642477,4.38450769991085e-13,1.03184318779786e-14,3.36559920267614e-11,-4.86071366823488,-1.477913424954,-0.375111927516305,-4.42222630538294,-3.29565110785697,-4.34555113695703,-4.20547016188607,-29.4392951745603,-33.1886109122508,-25.098596322584,0.983766316039679,1.61635523410066
0.110313099784746,3.24906625385071,9.78811746072786,0.171025051728209,0.527624704809858,0.184654260706517,0.212420157979028,2.334988613996e-12,5.4951257013104e-14,1.79236446948938e-10,-4.86071366823488,-1.477913424954,-0.375111927516305,-4.42222630538294,-3.29565110785697,-4.34555113695703,-4.20547016188607,-29.4392951745603,-33.1886109122508,-25.098596322584,2.65628107350775,1.53596559364252
0.0460280401534913,1.35566992755537,4.08408307253252,0.071360046663175,0.220150926284825,0.0770468216639499,0.0886321169466555,9.74271867010072e-13,2.29283618103326e-14,7.47862438208414e-11,-4.86071366823488,-1.477913424954,-0.375111927516305,-4.42222630538294,-3.29565110785697,-4.34555113695703,-4.20547016188607,-29.4392951745603,-33.1886109122508,-25.098596322584,1.78220916858455,1.24082110562417
0.123429173080208,3.63537568773004,10.9519109384745,0.191359691206245,0.590358544347378,0.20660939407211,0.237676617700703,2.61261549480164e-12,6.14848846245848e-14,2.00547409835374e-10,-4.86071366823488,-1.477913424954,-0.375111927516305,-4.42222630538294,-3.29565110785697,-4.34555113695703,-4.20547016188607,-29.4392951745603,-33.1886109122508,-25.098596322584,2.76862588348203,1.11087745063783
0.0820780368041756,2.5762974376478,4.83742395841522,0.0429212358060018,0.264379354626534,0.0282691735246914,0.0498835702986517,1.2602952079812e-12,1.11353566674367e-14,5.41646969556075e-11,-4.56457168776362,-1.11813360533819,-0.488104532798421,-5.21287544023099,-3.39485712975677,-5.63047021460986,-5.06255045481233,-29.4641620021988,-34.1931379353522,-25.7034786392246,2.06448687184012,0.954171799653341
0.0579456466594827,1.81882056180071,3.41513601385486,0.0303016356267965,0.186647162429108,0.0199575380235464,0.03521692100818,8.897461934007e-13,7.86136545173525e-15,3.82393209366811e-11,-4.56457168776362,-1.11813360533819,-0.488104532798421,-5.21287544023099,-3.39485712975677,-5.63047021460986,-5.06255045481233,-29.4641620021988,-34.1931379353522,-25.7034786392246,1.71632185338964,0.353345070246202
0.0897780989205686,2.81798999113226,5.29124164720806,0.046947845051141,0.289181817406841,0.0309212154179271,0.0545633434126638,1.37852843777446e-12,1.2180008091447e-14,5.92460993296536e-11,-4.56457168776362,-1.11813360533819,-0.488104532798421,-5.21287544023099,-3.39485712975677,-5.63047021460986,-5.06255045481233,-29.4641620021988,-34.1931379353522,-25.7034786392246,2.15415746704551,0.749386146764446
0.180106438456335,1.76454533319805,5.80077673066192,0.0583179386984669,0.219322090671919,0.0282453355430309,0.0510087477069388,7.00459845182594e-13,9.88989301983592e-15,1.41542000615283e-10,-3.80635804127603,-1.52425770756516,-0.33415893551227,-4.93399629976079,-3.60936465915133,-5.65897771172138,-5.06790890047877,-30.0791901170344,-34.3394138295159,-24.7705753819305,2.09215076317793,0.792207254850395
0.147141952014556,1.44158447066224,4.7390732872503,0.0476441342747334,0.179180049408414,0.023075653723036,0.0416727284807013,5.72256215887407e-13,8.07976758979991e-15,1.15635878656428e-10,-3.80635804127603,-1.52425770756516,-0.33415893551227,-4.93399629976079,-3.60936465915133,-5.65897771172138,-5.06790890047877,-30.0791901170344,-34.3394138295159,-24.7705753819305,1.89000054308595,1.3563255831958
0.22411474210161,2.19570508231529,7.21817383167286,0.0725676988747578,0.272912585521143,0.0351469727848431,0.0634725356586195,8.7161446809515e-13,1.23064496891398e-14,1.7612723474142e-10,-3.80635804127603,-1.52425770756516,-0.33415893551227,-4.93399629976079,-3.60936465915133,-5.65897771172138,-5.06790890047877,-30.0791901170344,-34.3394138295159,-24.7705753819305,2.31076092452307,1.04256169898173
0.552176925372402,2.07282909151519,7.70748830189517,0.096934169383317,0.359360248280289,0.0235554877539855,0.132136344247624,4.15309630882445e-13,2.36925558582822e-14,1.59006994605618e-10,-2.98672203860197,-1.66392088646636,-0.350642908500362,-4.72655846854957,-3.41626518805789,-6.14123173154035,-4.41675625003571,-30.9025873258825,-33.7664507664369,-24.9549081949669,2.39283527152132,1.23524251980122
0.0398180729742932,0.149473938943619,0.555795285082573,0.00699002738588599,0.0259138546588746,0.00169861159935413,0.00952849414027902,2.99484249151684e-14,1.70849572802477e-15,1.14661656865859e-11,-2.98672203860197,-1.66392088646636,-0.350642908500362,-4.72655846854957,-3.41626518805789,-6.14123173154035,-4.41675625003571,-30.9025873258825,-33.7664507664369,-24.9549081949669,-0.23671233632815,1.55828714330444
0.0476257346748627,0.123820882448476,0.671793680272618,0.00693786047392085,0.0189515979200574,0.00135129437661207,0.00597015541366651,1.90610277531751e-14,2.09573874373727e-15,1.25033174695943e-11,-2.9125077736367,-1.95704500827731,-0.265929763230442,-4.83888759528094,-3.83399278227678,-6.47481810262037,-4.98910807370279,-31.4592563303722,-33.6669960356105,-24.9731528634907,-0.131874245773723,2.30457994211572
0.0537772921341456,0.56985199042569,0.804589256832898,0.00832815328746544,0.0276874689188043,0.000856726887151294,0.00531187538788633,2.35441016616715e-14,3.72068285905933e-15,1.56173110007274e-11,-3.30844033250901,-0.947914970095521,-0.602959724042516,-5.1736498938661,-3.97231170605192,-7.44792772723133,-5.623346677992,-31.765437418348,-33.6104055315113,-25.2681774896816,0.385536352303105,1.21897886018584
0.0286277838819222,0.494973869696003,0.616405967412909,0.0124787394166638,0.0134920988534002,0.0010390393670762,0.00661325853013702,1.13309873223258e-14,2.60857648995297e-15,1.34022616139232e-11,-3.71347972336504,-0.863352461345156,-0.643951649556254,-4.5438310844681,-4.4657531900391,-7.02956083323826,-5.1787809318701,-32.271337336407,-33.7400738835578,-25.1956998010999,0.160102155045424,0.640408212919484
0.148516405846183,1.62353000373502,1.75863828789511,0.0480761578534502,0.0242624277437378,0.00372941950933012,0.0419200384349501,2.86208053996725e-14,8.42957005435259e-15,1.78741425798899e-11,-3.20142331863393,-0.80976067558486,-0.729823659340973,-4.32933237235326,-5.01318977746709,-6.88586615383414,-4.46635479097658,-32.4790059489008,-33.7013940949248,-26.0420294649286,1.29436346887108,0.641085985810869
0.606423007488021,6.62920666577208,7.18088155683947,0.196304832909525,0.0990684787817767,0.0152279863099758,0.171168132146051,1.16864630464964e-13,3.44196669389225e-14,7.29837975663962e-11,-3.20142331863393,-0.80976067558486,-0.729823659340973,-4.32933237235326,-5.01318977746709,-6.88586615383414,-4.46635479097658,-32.4790059489008,-33.7013940949248,-26.0420294649286,2.70124581436842,0.359711548608053
0.744322808665455,8.13667961763259,8.81380465959037,0.240944295947919,0.121596521679667,0.0186908105408322,0.210091542207005,1.43439495050904e-13,4.22466543204405e-14,8.95802179681715e-11,-3.20142331863393,-0.80976067558486,-0.729823659340973,-4.32933237235326,-5.01318977746709,-6.88586615383414,-4.46635479097658,-32.4790059489008,-33.7013940949248,-26.0420294649286,2.9061428629999,0.480368209689092
0.653149165613072,7.14000087226437,7.73418346484594,0.211430529906474,0.106701911794057,0.0164013344307759,0.184356993897448,1.25869294098937e-13,3.70717740986785e-14,7.86073514611939e-11,-3.20142331863393,-0.80976067558486,-0.729823659340973,-4.32933237235326,-5.01318977746709,-6.88586615383414,-4.46635479097658,-32.4790059489008,-33.7013940949248,-26.0420294649286,2.77547357410222,0.823657527722092
1.09844000697098,7.02906835016417,14.3932182681274,0.319209308935803,0.637608761123743,0.0156504598220214,0.572636315769812,1.48507959260017e-13,7.43838377660003e-14,3.33627179323349e-10,-3.08690205545696,-1.23073888104732,-0.514035911171525,-4.32270130371675,-3.63082346403448,-7.33804803404653,-3.7382975189661,-32.7189308936114,-33.4103307642161,-25.0017900291886,3.18079305321774,0.679240736010433
0.338395142908595,6.34715378656032,12.5216842743072,0.153926276487147,0.750516817435597,0.0238941541198172,0.22188714142895,8.6731911856588e-14,6.3166538034103e-14,2.21545561793969e-10,-4.09698831572576,-1.1654408214318,-0.485985427939803,-4.88472882656862,-3.30044053111679,-6.74756875872641,-4.51903370958205,-33.0894018179482,-33.4064490067235,-25.2438401622749,3.0134473112657,0.549726602329704
0.0554432186590135,1.05001446418716,2.57268148655509,0.0921199400430128,0.109826380208226,0.00694592020774188,0.0286134487524072,5.54895795616297e-14,2.22294834803252e-14,3.88538558618614e-11,-4.25737589989799,-1.3161760912414,-0.420031295785211,-3.7496438856196,-3.57383455259056,-6.3345808429705,-4.91885846631682,-31.8875611781652,-32.8023369331898,-25.3361938247886,1.3649800307323,0.418498712842646
0.00853678918824456,0.161674454372899,0.396124900942236,0.0141840341740889,0.0169103576203218,0.00106948799088562,0.00440571427590142,8.54392754099148e-15,3.42275248127662e-15,5.98246610975259e-12,-4.25737589989799,-1.3161760912414,-0.420031295785211,-3.7496438856196,-3.57383455259056,-6.3345808429705,-4.91885846631682,-31.8875611781652,-32.8023369331898,-25.3361938247886,-0.505994415252806,0.645724266922055
0.0354960363433143,0.442080096436256,0.668121523162504,0.0624078859372262,0.0434727216497712,0.00178991546610119,0.00455870048079657,2.57940645590404e-14,4.15378793172153e-15,1.25724667403959e-11,-3.56779927321141,-1.04572923184102,-0.632750233265199,-3.0035286665686,-3.3650866582768,-6.55505191806249,-5.62018271052852,-31.5180970174772,-33.3442207545196,-25.328976904469,0.229465032176059,0.423441836736461
0.0150527556025407,0.55281046628452,0.799577804825118,0.18059075343267,0.0867784388575422,0.00118872944633325,0.00731840533133463,2.89743631327382e-14,4.51200803705315e-15,1.50454066301879e-11,-4.69291118351534,-1.08945704896929,-0.720388410070973,-2.20823881394692,-2.94111406391332,-7.23158720988723,-5.41407980113474,-31.669081961297,-33.528751074937,-25.4166653540977,0.496716975482298,1.05626681350044
0.164191688552941,6.02991812965289,8.72159446218149,1.96983871432505,0.946557479721727,0.0129663631151439,0.0798273326555481,3.16045097198509e-13,4.92158537565809e-14,1.64111527802871e-10,-4.69291118351534,-1.08945704896929,-0.720388410070973,-2.20823881394692,-2.94111406391332,-7.23158720988723,-5.41407980113474,-31.669081961297,-33.528751074937,-25.4166653540977,2.88619048244423,0.492670990142718
0.0168565251292185,0.619053664502942,0.895391097529347,0.202230917296531,0.0971770866345303,0.00133117472395396,0.00819536878368149,3.24463568761899e-14,5.05268130753313e-15,1.68482955305716e-11,-4.69291118351534,-1.08945704896929,-0.720388410070973,-2.20823881394692,-2.94111406391332,-7.23158720988723,-5.41407980113474,-31.669081961297,-33.528751074937,-25.4166653540977,0.609893734395244,0.167350392150921
0.261691021616657,9.61056829076262,13.9005998723166,3.13955663721403,1.50863661900522,0.020665971829387,0.127229925093483,5.0371711925081e-13,7.84409196519283e-14,2.61563260286201e-10,-4.69291118351534,-1.08945704896929,-0.720388410070973,-2.20823881394692,-2.94111406391332,-7.23158720988723,-5.41407980113474,-31.669081961297,-33.528751074937,-25.4166653540977,3.35232040555818,0.499971096688407
0.0580398525944377,1.48530057377828,2.82878716809816,1.51125638099979,0.345399445058203,0.00405040001491999,0.0195294880992587,1.35566809387574e-13,1.64237755924217e-14,1.01922752045823e-10,-4.67958491236768,-1.43734236331671,-0.793111464388122,-1.42001817640431,-2.89601324160962,-7.34189915529962,-5.76878926710715,-31.4622713395679,-33.5730059003557,-24.8397654441244,1.83295952167463,0.370248860396067
0.0390768308096213,1.00001699915636,1.90455407143459,1.01749241720075,0.232549103296138,0.00272703649336085,0.0131487326059539,9.12738581687246e-14,1.10577313930283e-14,6.86221270266856e-11,-4.67958491236768,-1.43734236331671,-0.793111464388122,-1.42001817640431,-2.89601324160962,-7.34189915529962,-5.76878926710715,-31.4622713395679,-33.5730059003557,-24.8397654441244,1.43735936232859,0.303258582460964
0.00421761542624825,0.107933193014053,0.205561107832436,0.109819338619955,0.0250993405836918,0.000294332752785796,0.00141916056971617,9.8513114868779e-15,1.19347596865667e-15,7.40647937750507e-12,-4.67958491236768,-1.43734236331671,-0.793111464388122,-1.42001817640431,-2.89601324160962,-7.34189915529962,-5.76878926710715,-31.4622713395679,-33.5730059003557,-24.8397654441244,-0.788900463145941,0.199867715749883
0.00353993307260047,0.0905905923057785,0.17253174851547,0.0921736738661593,0.0210664028966979,0.000247039651707365,0.0011911312266177,8.26841231750449e-15,1.00170940823777e-15,6.21641345884541e-12,-4.67958491236768,-1.43734236331671,-0.793111464388122,-1.42001817640431,-2.89601324160962,-7.34189915529962,-5.76878926710715,-31.4622713395679,-33.5730059003557,-24.8397654441244,-0.964062545692561,0.0851494667516072
0.0146316457023195,0.374439127349858,0.713127441933694,0.380982496400718,0.0870740031196037,0.00102109180712596,0.00492331627050691,3.41759228406957e-14,4.14037691036014e-15,2.56943725781061e-11,-4.67958491236768,-1.43734236331671,-0.793111464388122,-1.42001817640431,-2.89601324160962,-7.34189915529962,-5.76878926710715,-31.4622713395679,-33.5730059003557,-24.8397654441244,0.455016330288076,0.200581521309087
0.0420475625571002,1.07604113381267,2.04934368532026,1.09484508280773,0.250228147110497,0.00293435355872957,0.0141483366317236,9.82127562973302e-14,1.18983715632715e-14,7.38389761701303e-11,-4.67958491236768,-1.43734236331671,-0.793111464388122,-1.42001817640431,-2.89601324160962,-7.34189915529962,-5.76878926710715,-31.4622713395679,-33.5730059003557,-24.8397654441244,1.51063105277605,0.178415220108712
0.00517405906980613,0.200590496252094,0.287477199449612,0.10437612775458,0.0252308338138104,0.000285601766492557,0.00369539207617378,3.01504406573187e-15,2.21344478362216e-15,8.49884992451236e-12,-4.79701740879276,-1.13940941135701,-0.779531358322562,-1.79267392120589,-3.2126080985398,-7.69383177249065,-5.13358825045669,-32.9680815795093,-33.2771459974827,-25.0240098947558,-0.467080369829296,0.0741203451113055
0.0108465772297323,0.474473909720586,0.613653385236313,0.180812810726113,0.0942470952988663,0.00340914782133835,0.0117741595182017,5.04460937310864e-15,6.44798525751092e-15,9.7566363774908e-12,-4.85264605212305,-1.07428898788769,-0.817065370056099,-2.03903331840926,-2.69057561290018,-6.01003326534531,-4.77058836078496,-33.2491965132855,-33.0037490167362,-25.6818137490182,0.328740340661071,0.173583270521574
0.00134168656785149,0.0586908900370041,0.0759069415954804,0.0223659606444057,0.0116580612614722,0.000421700573630888,0.00145642550075697,6.24001884889971e-16,7.97594948754203e-16,1.20686440504086e-12,-4.85264605212305,-1.07428898788769,-0.817065370056099,-2.03903331840926,-2.69057561290018,-6.01003326534531,-4.77058836078496,-33.2491965132855,-33.0037490167362,-25.6818137490182,-1.76118177158545,0.0524907046889321
0.000883068253866093,0.02080438242521,0.0356080890980643,0.0135392017626246,0.00186490355836191,0.000170552767188794,0.000976083848345171,5.44925248312014e-16,1.8853110703605e-16,4.25810674725761e-13,-4.42633844221268,-1.26682200050956,-0.729412824641032,-1.69639634681342,-3.67877631811917,-6.07069620370468,-4.32619244461317,-32.5401134272589,-33.6014990361174,-25.8790119525156,-2.60576962043836,0.252483952053461
0.00108959550561018,0.0256699994459791,0.0439359173821021,0.0167056774213313,0.00230105716822168,0.000210440730696305,0.00120436508684284,6.72369433342035e-16,2.32623747932108e-16,5.25396984197762e-13,-4.42633844221268,-1.26682200050956,-0.729412824641032,-1.69639634681342,-3.67877631811917,-6.07069620370468,-4.32619244461317,-32.5401134272589,-33.6014990361174,-25.8790119525156,-2.39561030517196,0.329873751653414
0.000291543186144801,0.0055391967007377,0.0127952492639264,0.00162524983533357,0.000692368174148953,5.33247500526019e-05,0.000324618115265595,1.49096393727223e-16,2.55368491758176e-17,6.87482374767843e-14,-4.2922854322727,-1.34786880916905,-0.51064434877176,-2.57405675076307,-3.42735572082952,-5.99107300142971,-4.18482411704128,-32.5939016599206,-34.3583722196786,-26.4602883159597,-3.84803697943423,0.289066545338066
0.000717485916581532,0.0136319276554118,0.0314890266084207,0.00399972945071378,0.00170391364864351,0.000131231868848993,0.000798883105622044,3.66925271439017e-16,6.2846022504589e-17,1.691889727613e-13,-4.2922854322727,-1.34786880916905,-0.51064434877176,-2.57405675076307,-3.42735572082952,-5.99107300142971,-4.18482411704128,-32.5939016599206,-34.3583722196786,-26.4602883159597,-2.94747180670824,0.144061066349424
0.00219294730154213,0.0416650672520286,0.0962440855398695,0.0122249032393999,0.00520789711895201,0.000401101354072401,0.00244173231868919,1.12148233891971e-15,1.92084628114695e-16,5.17114681547087e-13,-4.2922854322727,-1.34786880916905,-0.51064434877176,-2.57405675076307,-3.42735572082952,-5.99107300142971,-4.18482411704128,-32.5939016599206,-34.3583722196786,-26.4602883159597,-1.83022340786697,0.50271980032299
0.00284046339667118,0.0712055647512946,0.0668737080542788,0.0115413489719377,0.00456129863952312,0.000535003199047206,0.00234472797577084,4.17982189755077e-15,2.21147017052832e-16,5.2825234035926e-13,-4.03059463999622,-0.808990874717709,-0.871755960485839,-2.62862569713743,-3.55695447435027,-5.7000443992774,-4.22239245333484,-31.275314325242,-34.2145105257317,-26.4360088757422,-1.83319343228126,0.231372543975094
0.111354691177009,2.79147187119441,2.62165008602916,0.452455522589148,0.17881659801195,0.0209737312856879,0.0919203746621207,1.63861564673614e-13,8.66962687056432e-15,2.07090773615229e-11,-4.03059463999622,-0.808990874717709,-0.871755960485839,-2.62862569713743,-3.55695447435027,-5.7000443992774,-4.22239245333484,-31.275314325242,-34.2145105257317,-26.4360088757422,1.83555988384357,0.614997657149106
0.0755885610828535,2.42060197157666,2.36696404995923,0.515192836892785,0.0475273773780932,0.0118225926842199,0.0913541599237698,1.74731866771578e-13,4.07653230832254e-15,2.01560868705287e-11,-4.29246660646459,-0.826000032970603,-0.848408148394201,-2.37323029862706,-4.75646565891375,-6.14775923462234,-4.10302774968605,-31.0855400766589,-34.8435459831077,-26.3375310860021,1.7100162907918,0.484659366448287
0.0823127405659636,2.63593299363714,2.57752356946841,0.561023172251101,0.0517553003769384,0.0128743025464736,0.0994808097641187,1.90275600066132e-13,4.43917097371281e-15,2.19491246510208e-11,-4.29246660646459,-0.826000032970603,-0.848408148394201,-2.37323029862706,-4.75646565891375,-6.14775923462234,-4.10302774968605,-31.0855400766589,-34.8435459831077,-26.3375310860021,1.79523722957501,0.375092573822697
0.104095136471712,3.33347915300011,3.25961286039129,0.709486566450435,0.0654512900290864,0.0162812253770035,0.125806386684619,2.40628175175969e-13,5.61390746016509e-15,2.77575149396422e-11,-4.29246660646459,-0.826000032970603,-0.848408148394201,-2.37323029862706,-4.75646565891375,-6.14775923462234,-4.10302774968605,-31.0855400766589,-34.8435459831077,-26.3375310860021,2.03001658223975,0.564422339266769
0.01204482812982,0.411344986933035,1.17185301371794,0.249383846978399,0.0144523197543352,0.00803627903264201,0.0332884990627818,8.08133021630941e-14,1.595993634579e-15,5.25457040317543e-12,-5.06118628804673,-1.53038940832997,-0.483480107650122,-2.03082839138558,-4.87896671669953,-5.46585548582815,-4.04460969116434,-30.7887011882258,-34.7133462602734,-26.6139892410741,0.642066376023402,0.779806355478278
0.00629736206775625,0.215062289769052,0.61267646478933,0.130384623287802,0.00755606383346496,0.00420158413226116,0.0174041280648505,4.22513811012427e-14,8.34428658213521e-16,2.74723159041092e-12,-5.06118628804673,-1.53038940832997,-0.483480107650122,-2.03082839138558,-4.87896671669953,-5.46585548582815,-4.04460969116434,-30.7887011882258,-34.7133462602734,-26.6139892410741,-0.00643816462913627,1.93504522011749
0.0158499151078325,0.62115582996597,0.558699970736118,0.188890442914494,0.0112848626668983,0.00729304720616832,0.0205432757954492,6.74623088302314e-14,8.27324765462953e-16,8.02894213251908e-12,-4.49786243383272,-0.829444593791473,-0.935413974082381,-2.01985939830033,-4.83756433749958,-5.27410512138261,-4.23849290267249,-30.6804786398758,-35.0816056520445,-25.9012396352474,0.353271299186821,1.40184323173111
0.00336924685198142,0.132040286049769,0.118763924273295,0.0401528037108878,0.00239884489959828,0.00155029703147065,0.00436692353443581,1.43405923695662e-14,1.758660120662e-16,1.70672762728949e-12,-4.49786243383272,-0.829444593791473,-0.935413974082381,-2.01985939830033,-4.83756433749958,-5.27410512138261,-4.23849290267249,-30.6804786398758,-35.0816056520445,-25.9012396352474,-1.1952036118208,2.19220823157723
0.00540591259511546,0.275434832563786,0.306386974280092,0.102750005491656,0.00206164433399628,0.00345139520433093,0.0180527441383492,6.75061097639324e-14,5.60929582124268e-16,3.75047898294536e-12,-4.88275013459198,-0.951892355996187,-0.845394489368311,-1.93794450736727,-5.84673952941082,-5.33146485784517,-3.67694571114142,-29.9890464213155,-34.7794244335171,-25.9716256905257,-0.33751186479175,1.23812618298855
0.0309448202026088,1.57665911559933,1.75383705613099,0.588167194680373,0.011801377124537,0.0197566649787621,0.103338504220301,3.86422161377517e-13,3.21090375764559e-15,2.14686966832893e-11,-4.88275013459198,-0.951892355996187,-0.845394489368311,-1.93794450736727,-5.84673952941082,-5.33146485784517,-3.67694571114142,-29.9890464213155,-34.7794244335171,-25.9716256905257,1.40720048055998,1.27018598526216
0.0269127190571695,1.3712208876713,1.52531259366398,0.511529178887972,0.0102636610896707,0.0171823772314314,0.0898735269314836,3.36071465225079e-13,2.79252392430578e-15,1.86713316987456e-11,-4.88275013459198,-0.951892355996187,-0.845394489368311,-1.93794450736727,-5.84673952941082,-5.33146485784517,-3.67694571114142,-29.9890464213155,-34.7794244335171,-25.9716256905257,1.26759385787406,1.08539122894393
0.0101296286372362,0.59888020324825,1.16042627719338,0.332877052347313,0.00723146320559461,0.0139585152568048,0.0502772219696841,3.22248533144505e-13,7.98182974955488e-16,2.52380598893759e-11,-5.36875837519673,-1.28916144954841,-0.627680336149904,-1.87644982345045,-5.70578163764012,-5.04813329836955,-3.76667090208902,-29.5399210591224,-35.5406615649052,-25.1791357018194,0.776467754102931,2.58576652941524
0.0259413311362139,1.53369390130227,2.97177748502838,0.852476843114016,0.0185193148074637,0.0357468649063391,0.128756750166545,8.25257885144113e-13,2.04409555395687e-15,6.46330573678888e-11,-5.36875837519673,-1.28916144954841,-0.627680336149904,-1.87644982345045,-5.70578163764012,-5.04813329836955,-3.76667090208902,-29.5399210591224,-35.5406615649052,-25.1791357018194,1.71684058975443,1.77267655488689
0.0489042089232486,1.74578538384179,3.30983439026701,0.595907624767159,0.0584964326241162,0.0363617851835179,0.390395364575912,2.48890790226926e-12,3.23456308950579e-15,7.13707543237187e-11,-4.84012959644363,-1.26503325118798,-0.625339627303094,-2.3399073982191,-4.66102728967647,-5.13647469571002,-2.76283308032691,-28.5414148774167,-35.1871203157071,-25.185370716091,1.8222377822884,1.37888940590812
0.053036026401507,4.32135833870752,8.91152207826359,1.52591259211783,0.156659148115961,0.240591030611592,0.739854672978335,1.03417833814616e-11,6.02957906626919e-15,1.22477261679059e-10,-5.70617583900338,-1.30582220298754,-0.582046931095891,-2.34679933393933,-4.62307485092402,-4.19404874146711,-3.07069348601476,-28.0642207737681,-35.5114911792741,-25.5924877081967,2.7693919860771,1.36068210880494
0.00657982723917364,0.33670638223545,0.541751416908206,0.202040988842167,0.0208961453899542,0.0257402365891291,0.0442175327603411,1.35196211571428e-12,1.35654002144586e-15,8.15825124737713e-12,-5.18750759795887,-1.25230480626106,-0.776708831665471,-1.76304549562972,-4.03195137664809,-3.82346069388408,-3.28239470828929,-27.4932249681463,-34.3975998472919,-25.6957520863638,0.163760808524542,0.697091797251917
0.0458198025171589,2.34471504790343,3.77258277973306,1.40694852199224,0.145514041681403,0.179246736181323,0.30791668918184,9.41462973129497e-12,9.44650879573518e-15,5.68114400959761e-11,-5.18750759795887,-1.25230480626106,-0.776708831665471,-1.76304549562972,-4.03195137664809,-3.82346069388408,-3.28239470828929,-27.4932249681463,-34.3975998472919,-25.6957520863638,2.10446868602245,5.63154814653814
0.00411938383325049,0.583361361749182,1.09339035684589,0.508735606431579,0.0596380424512166,0.0257129162150597,0.0151922313626688,1.35504037700277e-12,1.17319817381014e-15,4.77112745420592e-12,-6.32066895529806,-1.36756572663071,-0.739333985436994,-1.50444410810854,-3.64807888583043,-4.48937911032535,-5.01558834980112,-28.1558071369714,-35.207660166836,-26.8970557488492,0.828617273456603,6.43269765820559
0.00391000900145205,0.486481499265122,0.910661678582201,0.405206044333944,0.0636600055120539,0.0351122817660112,0.0195844862570053,9.83100685652336e-13,1.14606404813403e-15,8.23768907398622e-12,-6.19894207260332,-1.37528287608865,-0.748310294150784,-1.55808605958136,-3.40892524031983,-4.00393077162769,-4.58774401343823,-28.3027913228765,-35.0571693595332,-26.1770277333048,0.654726469777463,4.82740724092178
0.00458928681261124,0.570996928223861,1.06886905649467,0.47560165589428,0.0747195271618893,0.0412122661634802,0.0229868587201877,1.15389274307497e-12,1.34516739489758e-15,9.66880583129019e-12,-6.19894207260332,-1.37528287608865,-0.748310294150783,-1.55808605958136,-3.40892524031983,-4.00393077162769,-4.58774401343823,-28.3027913228765,-35.0571693595332,-26.1770277333048,0.81491142710508,6.04709914062921
0.0165031411716421,2.05331313988865,3.84366845080546,1.71027037297416,0.268692490877331,0.14819989995618,0.0826610735047962,4.14941484667515e-12,4.83724123680421e-15,3.47691643844302e-11,-6.19894207260332,-1.37528287608865,-0.748310294150783,-1.55808605958136,-3.40892524031983,-4.00393077162769,-4.58774401343823,-28.3027913228765,-35.0571693595332,-26.1770277333048,2.0947375304478,6.79020663675152
0.00777172509232189,0.966954417083196,1.81007568407769,0.805407348459074,0.126533739956007,0.069790888243031,0.0389270825737939,1.9540589968273e-12,2.27797294507084e-15,1.63736336298124e-11,-6.19894207260332,-1.37528287608865,-0.748310294150783,-1.55808605958136,-3.40892524031983,-4.00393077162769,-4.58774401343823,-28.3027913228765,-35.0571693595332,-26.1770277333048,1.34167895296188,0.894242061534943
0.00641053246907,0.79759546473749,1.49304675685427,0.664342844965705,0.104371762869253,0.0575672389093117,0.0321091294147824,1.6118118560338e-12,1.87899331931682e-15,1.35058444262611e-11,-6.19894207260332,-1.37528287608865,-0.748310294150783,-1.55808605958136,-3.40892524031983,-4.00393077162769,-4.58774401343823,-28.3027913228765,-35.0571693595332,-26.1770277333048,1.14912912960143,0.332574336222776
0.00220629115481249,0.437357366731603,1.43117776929514,0.307917351609344,0.0770229394410317,0.0322023090275311,0.0289403293110396,1.88364386149253e-12,6.45820334875626e-16,1.9034731355998e-11,-6.95663981990279,-1.66720208142489,-0.481699716006624,-2.01812130713411,-3.40384942286318,-4.27591455625872,-4.38271661493301,-27.838010427007,-35.8162077643657,-25.5249532755393,0.840197436185516,0.488912349560971
0.0102766340841273,2.03715706881858,6.66625083108477,1.43424132564758,0.358763422041028,0.149994412939598,0.134800510782529,8.77378249337019e-12,3.00815205242909e-15,8.86614482447495e-11,-6.95663981990279,-1.66720208142489,-0.481699716006624,-2.01812130713411,-3.40384942286318,-4.27591455625872,-4.38271661493301,-27.838010427007,-35.8162077643657,-25.5249532755393,2.3787573236098,0.861262301023545
0.0165986899228915,3.2903904364731,10.7672443708294,2.31656852274143,0.579470160111297,0.242269086372939,0.21772808699908,1.41713029641955e-11,4.85872930284647e-15,1.43204854379522e-10,-6.95663981990279,-1.66720208142489,-0.481699716006624,-2.01812130713411,-3.40384942286318,-4.27591455625872,-4.38271661493301,-27.838010427007,-35.8162077643657,-25.5249532755393,2.85820831286104,0.954604810847821
0.00154753235533296,0.306770334633327,1.00385386551835,0.21597877657466,0.0540252770482496,0.0225872795745176,0.0202992682471371,1.32122173232923e-12,4.52990015289679e-16,1.33513034234964e-11,-6.95663981990279,-1.66720208142489,-0.481699716006624,-2.01812130713411,-3.40384942286318,-4.27591455625872,-4.38271661493301,-27.838010427007,-35.8162077643657,-25.5249532755393,0.485546174409846,2.02775481850418
0.00118877882475668,0.2356539277637,0.771137491481791,0.165909937394213,0.0415009774336863,0.0173510295759009,0.0155934318058638,1.01493220014996e-12,3.4797652930928e-16,1.02561647503254e-11,-6.95663981990279,-1.66720208142489,-0.481699716006624,-2.01812130713411,-3.40384942286318,-4.27591455625872,-4.38271661493301,-27.838010427007,-35.8162077643657,-25.5249532755393,0.221811123459289,0.633154280889319
0.00404913851973788,0.225143007001935,0.643332818874301,0.194220797861715,0.0448278617636365,0.0171369033512404,0.0160682359636579,9.56166809311229e-13,3.84552710954929e-16,1.08337532476915e-11,-5.64446253021922,-1.62623089055558,-0.57630448398235,-1.77397103234717,-3.24013681705637,-4.20173244864402,-4.26612227583037,-27.8110554089066,-35.6296622032868,-25.3835659532403,0.135211398553462,0.686840800801088
0.000328075852888323,0.0521649669065524,0.189672718536136,0.0259784137351309,0.00913443804902561,0.00321442155061047,0.00514447558609602,3.29658923344356e-13,1.05683703352514e-16,1.49337012820942e-12,-6.76923399866888,-1.70031242262027,-0.409423507267988,-2.39745760791647,-3.44267188845613,-4.4870761406885,-4.01680012295011,-27.487686121729,-35.5330492523729,-25.9769540002058,-1.25303171884159,0.963552087945986
0.0131737030978275,2.09465518441811,7.61620234392382,1.04314873065539,0.366788270956119,0.129073306572841,0.206573551112037,1.32372704100423e-11,4.24367023049032e-15,5.99654455242466e-11,-6.76923399866888,-1.70031242262027,-0.409423507267988,-2.39745760791647,-3.44267188845613,-4.4870761406885,-4.01680012295011,-27.487686121729,-35.5330492523729,-25.9769540002058,2.43970137267143,0.704625500801465
0.00174961272911287,0.278193257168865,1.01151547666396,0.138541629787724,0.0487135183621952,0.0171423553796177,0.0274352406335369,1.75805516764217e-12,5.63606102117761e-16,7.96407099940248e-12,-6.76923399866888,-1.70031242262027,-0.409423507267988,-2.39745760791647,-3.44267188845613,-4.4870761406885,-4.01680012295011,-27.487686121729,-35.5330492523729,-25.9769540002058,0.420873185482436,0.513185835474453
0.00259271492867118,0.412248835937021,1.49894387100072,0.205301976726699,0.0721875556711346,0.0254029020055525,0.0406557158499437,2.60522560377377e-12,8.3519622973469e-16,1.18017921506651e-11,-6.76923399866888,-1.70031242262027,-0.409423507267988,-2.39745760791647,-3.44267188845613,-4.4870761406885,-4.01680012295011,-27.487686121729,-35.5330492523729,-25.9769540002058,0.814184281391677,0.639155016185994
0.00178378885170558,0.28362735507137,1.03127395027338,0.141247837650203,0.0496650656090609,0.0174772061893045,0.0279711478841247,1.79239620090874e-12,5.74615321997946e-16,8.11963746407414e-12,-6.76923399866888,-1.70031242262027,-0.409423507267988,-2.39745760791647,-3.44267188845613,-4.4870761406885,-4.01680012295011,-27.487686121729,-35.5330492523729,-25.9769540002058,0.440218390172578,0.580439069204266
0.0173552274310916,2.75952910471214,10.0336953746748,1.37425925956722,0.483212185232115,0.170043045165036,0.27214299078813,1.74389719296946e-11,5.59067267918451e-15,7.89993472110105e-11,-6.76923399866888,-1.70031242262027,-0.409423507267988,-2.39745760791647,-3.44267188845613,-4.4870761406885,-4.01680012295011,-27.487686121729,-35.5330492523729,-25.9769540002058,2.71537247355833,0.904617776559438
0.0246782839446873,3.92391532004439,14.2674237173708,1.95412940313641,0.687104076281237,0.24179288736282,0.386974012693966,2.47973645227746e-11,7.94966291087338e-15,1.12333205062219e-10,-6.76923399866888,-1.70031242262027,-0.409423507267988,-2.39745760791647,-3.44267188845613,-4.4870761406885,-4.01680012295011,-27.487686121729,-35.5330492523729,-25.9769540002058,3.06740238408146,1.4213206655212
0.0267445240812998,4.25245320967709,15.4619931451707,2.11774291102638,0.744633279836249,0.262037494716243,0.419374208698128,2.6873574925978e-11,8.61526480668601e-15,1.21738533953567e-10,-6.76923399866888,-1.70031242262027,-0.409423507267988,-2.39745760791647,-3.44267188845613,-4.4870761406885,-4.01680012295011,-27.487686121729,-35.5330492523729,-25.9769540002058,3.14780846483224,0.670379936979126
0.0108330735703369,1.72248862364533,6.26299831608515,0.857807926903789,0.301619392398451,0.106140286879611,0.169870723536459,1.08853465997789e-11,3.4896787542397e-15,4.93111221816837e-11,-6.76923399866888,-1.70031242262027,-0.409423507267988,-2.39745760791647,-3.44267188845613,-4.4870761406885,-4.01680012295011,-27.487686121729,-35.5330492523729,-25.9769540002058,2.2440825419441,3.81260461026029
0.0131191987893669,2.08598884880675,7.58469139830974,1.03883285229046,0.365270737054567,0.128539284266186,0.20571888265124,1.31825031009382e-11,4.22611265313109e-15,5.97173470878723e-11,-6.76923399866888,-1.70031242262027,-0.409423507267988,-2.39745760791647,-3.44267188845613,-4.4870761406885,-4.01680012295011,-27.487686121729,-35.5330492523729,-25.9769540002058,2.43555543345434,1.84379518578705
0.00399446380193764,0.635130779065379,2.30934645673421,0.316298296211589,0.111215689349423,0.0391369569416391,0.0626361901605954,4.01373836169834e-12,1.28674428117706e-15,1.8182419911465e-11,-6.76923399866888,-1.70031242262027,-0.409423507267988,-2.39745760791647,-3.44267188845613,-4.4870761406885,-4.01680012295011,-27.487686121729,-35.5330492523729,-25.9769540002058,1.24638807260983,1.21944736251369
0.0113971381638554,1.11825798137294,5.22838298057522,0.880690906037651,0.228697180751908,0.13229876376511,0.0512933633298925,6.7837819329498e-12,3.00703255553307e-15,2.16072830199458e-11,-6.50923174527951,-1.9230666512408,-0.380736703188151,-2.16188731098257,-3.51019525722984,-4.05753130400809,-5.00503265688622,-27.7513251141973,-35.4726614163047,-26.5928294331446,2.03483875192414,1.81248039233708
0.00835453601549757,0.819725657939861,3.83260370156416,0.645579950618393,0.16764373702988,0.0969800287397343,0.03759998739461,4.97277032754151e-12,2.20426930197681e-15,1.58389607629466e-11,-6.50923174527951,-1.9230666512408,-0.380736703188151,-2.16188731098257,-3.51019525722984,-4.05753130400809,-5.00503265688622,-27.7513251141973,-35.4726614163047,-26.5928294331446,1.72428109305014,4.18018327774549
0.00801490278233951,0.786401715713471,3.67679856957823,0.619335476301229,0.160828590824209,0.0930375428073571,0.0360714518467537,4.77061450931745e-12,2.11466012339494e-15,1.51950665426328e-11,-6.50923174527951,-1.9230666512408,-0.380736703188151,-2.16188731098257,-3.51019525722984,-4.05753130400809,-5.00503265688622,-27.7513251141973,-35.4726614163047,-26.5928294331446,1.68277912282051,1.81067504888106
0.00752833969356252,0.738661392691689,3.45359006444617,0.58173729320133,0.151065121691744,0.087389485004296,0.0338816514831236,4.48100339436638e-12,1.98628482187291e-15,1.42726151153433e-11,-6.50923174527951,-1.9230666512408,-0.380736703188151,-2.16188731098257,-3.51019525722984,-4.05753130400809,-5.00503265688622,-27.7513251141973,-35.4726614163047,-26.5928294331446,1.62015099157442,1.5553551508334
0.0453638698453015,4.3752522749975,11.2533693151119,2.76594024536884,0.625939666062617,0.158816484879122,0.2961068859283,2.98842194043765e-11,1.20731208318008e-14,5.76374325028605e-11,-6.06451929619959,-1.49551580604406,-0.550812408560301,-1.95409935730362,-3.43998127966633,-4.81148591354217,-4.18851477577803,-27.2051705410219,-35.0192748192262,-26.5483288765071,2.97147998704777,0.383599680424748
0.00355826081221184,0.343186962813243,0.882694161143248,0.21695540564723,0.0490975878414893,0.0124572810125269,0.0232260945112883,2.34406471874549e-12,9.46994003893266e-16,4.52097711440453e-12,-6.06451929619959,-1.49551580604406,-0.550812408560301,-1.95409935730362,-3.43998127966633,-4.81148591354217,-4.18851477577803,-27.2051705410219,-35.0192748192262,-26.5483288765071,0.426035906813297,2.95757108757794
0.00696147649340163,0.6714201404987,1.72692643343418,0.424457350441036,0.0960558322392306,0.024371757304237,0.0454401516659347,4.58599082522434e-12,1.85272436322545e-15,8.84496038095931e-12,-6.06451929619959,-1.49551580604406,-0.550812408560301,-1.95409935730362,-3.43998127966633,-4.81148591354217,-4.18851477577803,-27.2051705410219,-35.0192748192262,-26.5483288765071,1.09715560892186,1.2397706794905
0.0148103986754832,1.4284325988833,3.67400062136716,0.903024320591978,0.204356815959482,0.0518504145550155,0.0966729920994201,9.75660156405876e-12,3.94163314077956e-15,1.88174720743546e-11,-6.06451929619959,-1.49551580604406,-0.550812408560301,-1.95409935730362,-3.43998127966633,-4.81148591354217,-4.18851477577803,-27.2051705410219,-35.0192748192262,-26.5483288765071,1.85209356447874,3.42098349537939
0.025971779855578,2.63235496605373,3.84053657632913,1.37882453322924,0.420363135584794,0.130735705021991,0.242431130369224,1.3873990831877e-11,1.10648781079885e-14,2.57665283946604e-11,-5.81075396593707,-1.19213037545239,-0.814397155086983,-1.83877789666691,-3.02664557807201,-4.19458675797374,-3.57704685276109,-27.1610144371228,-34.2950096828096,-26.5419540606748,2.16000924534386,2.13938454295278
0.00494129358902048,2.27616135396632,4.36917247811344,1.33853711997886,0.428892172938432,0.0398956036424591,0.0761798760714403,1.60224392384826e-11,7.49712392946197e-15,1.63720905711341e-11,-7.45416051522005,-1.32154198587441,-0.669458766384249,-1.85245507716961,-2.99058213006243,-5.36552153884056,-4.718690338003,-27.0010633170854,-34.6682893172699,-26.9794754185225,2.14403239328397,0.812252726688784
0.00640289325565167,2.94943377063636,5.66154276990392,1.73446692521886,0.555755441775653,0.0516964407984289,0.098713344173281,2.07617633502133e-11,9.71472011932253e-15,2.12148390720523e-11,-7.45416051522005,-1.32154198587441,-0.669458766384249,-1.85245507716961,-2.99058213006243,-5.36552153884056,-4.718690338003,-27.0010633170854,-34.6682893172699,-26.9794754185225,2.40315519564572,0.655003668491267
0.00756530338388369,1.28994412951148,4.05129535982293,0.623876894362225,0.469140502583346,0.0811088893480435,0.0892404601990159,1.93896444328171e-11,1.34055348102787e-14,1.84523090780789e-11,-6.77309495217345,-1.63431321626785,-0.489875451335781,-2.3607143379991,-2.64576509957903,-4.40087483739783,-4.3053328758091,-26.5551941077471,-33.8320208509378,-26.6047437232369,1.88891212324729,1.09849428570081
0.00109776834812935,0.187178195556518,0.587865891064087,0.0905280691345531,0.0680749427258411,0.0117693590012381,0.012949295964478,2.81354717183889e-12,1.94521898960721e-15,2.67753450561769e-12,-6.77309495217345,-1.63431321626785,-0.489875451335781,-2.3607143379991,-2.64576509957903,-4.40087483739783,-4.3053328758091,-26.5551941077471,-33.8320208509378,-26.6047437232369,-0.0413809821827332,0.657288582165106
0.0226722325428142,3.86579516874692,12.1412064839595,1.86967809608289,1.40595320902545,0.243072816419453,0.267442079080401,5.81082483010269e-11,4.01746482800539e-14,5.52991758745993e-11,-6.77309495217345,-1.63431321626785,-0.489875451335781,-2.3607143379991,-2.64576509957903,-4.40087483739783,-4.3053328758091,-26.5551941077471,-33.8320208509378,-26.6047437232369,2.98648061291547,0.523359328709573
0.0228080246637068,3.88894880056986,12.2139245180366,1.88087626783656,1.41437396634473,0.244528666574951,0.269043885477969,5.84562794119132e-11,4.04152686373902e-14,5.56303824446379e-11,-6.77309495217345,-1.63431321626785,-0.489875451335781,-2.3607143379991,-2.64576509957903,-4.40087483739783,-4.3053328758091,-26.5551941077471,-33.8320208509378,-26.6047437232369,2.9924521061632,0.355405658041293
0.0677030190300352,11.5439008214849,36.2556414362301,5.58316661052682,4.19840775213633,0.725855448273722,0.798626078628118,1.73520796114687e-10,1.199681139426e-13,1.65132443375977e-10,-6.77309495217345,-1.63431321626785,-0.489875451335781,-2.3607143379991,-2.64576509957903,-4.40087483739783,-4.3053328758091,-26.5551941077471,-33.8320208509378,-26.6047437232369,4.08047044635506,0.138234879706169
0.00552998815271873,1.26027039127377,3.49890056014345,0.495991768898522,0.204211006416046,0.0683491879130496,0.0613837304557867,6.63753264687928e-12,1.75558556249775e-14,1.88629023801318e-11,-6.91937800056957,-1.49048210056394,-0.469359601279606,-2.42300434211143,-3.31040986928148,-4.40493399193803,-4.51241884998545,-27.4600892055759,-33.3951972415579,-26.415632354536,1.72180839475387,0.400757057328455
0.0198604690691682,4.52615094887245,12.5659955196578,1.78131108290498,0.733405979272426,0.245470133924703,0.220454302323949,2.38381183084688e-11,6.30503209037133e-14,6.77444650746976e-11,-6.91937800056957,-1.49048210056394,-0.469359601279606,-2.42300434211143,-3.31040986928148,-4.40493399193803,-4.51241884998545,-27.4600892055759,-33.3951972415579,-26.415632354536,3.00035399871548,0.61694642656703
0.000942323086730073,0.214753061385089,0.596220947485211,0.084518172870114,0.0347980394525107,0.0116468636009743,0.0104599331428343,1.1310512933023e-12,2.99155940407993e-15,3.21428326872545e-12,-6.91937800056957,-1.49048210056394,-0.469359601279606,-2.42300434211143,-3.31040986928148,-4.40493399193803,-4.51241884998545,-27.4600892055759,-33.3951972415579,-26.415632354536,-0.0477843620787797,0.634128842264265
0.00821471657443301,1.87211324609693,5.19756564208416,0.736788523271954,0.303352465278394,0.101531719651574,0.0911846344060923,9.85995773261336e-12,2.60789669341252e-14,2.80205657850821e-11,-6.91937800056957,-1.49048210056394,-0.469359601279606,-2.42300434211143,-3.31040986928148,-4.40493399193803,-4.51241884998545,-27.4600892055759,-33.3951972415579,-26.415632354536,2.11754997149951,0.298038549385329
0.0227504182197868,5.18476309165268,14.3945066163614,2.0405143491068,0.840125814512736,0.281189139481284,0.252533188352897,2.73068656737992e-11,7.2224939121809e-14,7.76021405716806e-11,-6.91937800056957,-1.49048210056394,-0.469359601279606,-2.42300434211143,-3.31040986928148,-4.40493399193803,-4.51241884998545,-27.4600892055759,-33.3951972415579,-26.415632354536,3.13620625010275,0.712265000525204
0.000700586595821198,0.159661923109666,0.443270901284418,0.0628365152567487,0.0258712116306979,0.00865906464258972,0.00777662041421971,8.40899885010249e-13,2.22412721137288e-15,2.38971516770919e-12,-6.91937800056957,-1.49048210056394,-0.469359601279606,-2.42300434211143,-3.31040986928148,-4.40493399193803,-4.51241884998545,-27.4600892055759,-33.3951972415579,-26.415632354536,-0.344214579241982,0.390883038888728
0.00158206095335682,0.360547712154812,1.00099200993041,0.141897087134798,0.0584222335698297,0.0195538540779191,0.0175611231784892,1.89891568250398e-12,5.02251233095168e-15,5.39644218006441e-12,-6.91937800056957,-1.49048210056394,-0.469359601279606,-2.42300434211143,-3.31040986928148,-4.40493399193803,-4.51241884998545,-27.4600892055759,-33.3951972415579,-26.415632354536,0.470351119493325,0.864916410626008
0.00741434149745988,1.6897097791154,4.69115717830303,0.665001850453311,0.273796271763106,0.0916392958296419,0.0823003462970311,8.8992837571102e-12,2.35380448002753e-14,2.52904700728495e-11,-6.91937800056957,-1.49048210056394,-0.469359601279606,-2.42300434211143,-3.31040986928148,-4.40493399193803,-4.51241884998545,-27.4600892055759,-33.3951972415579,-26.415632354536,2.01503888641784,3.06588220319488
0.00206140859680093,0.469789834466137,1.30428194325974,0.184890395442755,0.0761235490134728,0.0254784639057597,0.0228819567367536,2.47426693908863e-12,6.54428015216136e-15,7.03150676876288e-12,-6.91937800056957,-1.49048210056394,-0.469359601279606,-2.42300434211143,-3.31040986928148,-4.40493399193803,-4.51241884998545,-27.4600892055759,-33.3951972415579,-26.415632354536,0.735012255569395,5.84758540086271
0.00158307604779664,0.230511546606048,0.523543782411665,0.102645539195861,0.020030437420354,0.00668834888926888,0.00471486066683285,4.94652767830985e-13,6.4891859343144e-15,4.33692767263351e-12,-6.33153427911513,-1.35060314424359,-0.530283438323552,-2.15962241308611,-3.79365111146162,-4.89053705828176,-5.2401847345553,-28.218069177802,-32.5517881260911,-26.047003748213,-0.116851179820931,11.3628773270205
0.00311240236415676,0.453196600138479,1.0293118314724,0.201805983552082,0.0393807870878813,0.0131496101682791,0.00926963900852691,9.72510730723669e-13,1.27580463816149e-14,8.52660487174236e-12,-6.33153427911513,-1.35060314424359,-0.530283438323552,-2.15962241308611,-3.79365111146162,-4.89053705828176,-5.2401847345553,-28.218069177802,-32.5517881260911,-26.047003748213,0.559173892486188,11.7671697376666
0.0045398606885778,0.661048665448888,1.50139081431253,0.29436137884958,0.057442215455315,0.0191804886670772,0.01352102485744,1.41853871031505e-12,1.86093398135037e-14,1.24372088615691e-11,-6.33153427911513,-1.35060314424359,-0.530283438323552,-2.15962241308611,-3.79365111146162,-4.89053705828176,-5.2401847345553,-28.218069177802,-32.5517881260911,-26.047003748213,0.936675326380162,16.051353260818
0.00503123296235955,0.732597333591779,1.66389399863268,0.326221612006681,0.0636594793661557,0.0212564907682649,0.0149844743295297,1.57207438890727e-12,2.06235235616405e-14,1.37833514014016e-11,-6.33153427911513,-1.35060314424359,-0.530283438323552,-2.15962241308611,-3.79365111146162,-4.89053705828176,-5.2401847345553,-28.218069177802,-32.5517881260911,-26.047003748213,1.03944407594868,13.0266405876152
0.00409733667189632,0.596612787186725,1.35504238220537,0.265668432378303,0.051843021635486,0.0173108659034925,0.0122030596950687,1.28026630704811e-12,1.6795389922314e-14,1.12248889250619e-11,-6.33153427911513,-1.35060314424359,-0.530283438323552,-2.15962241308611,-3.79365111146162,-4.89053705828176,-5.2401847345553,-28.218069177802,-32.5517881260911,-26.047003748213,0.834116170546407,15.6951174121873
0.00666268436934877,0.970152811461031,2.20343613978552,0.432003775520134,0.084302003367153,0.028149221045512,0.0198434108786415,2.08184266894168e-12,2.73110048974152e-14,1.82528061464065e-11,-6.33153427911513,-1.35060314424359,-0.530283438323552,-2.15962241308611,-3.79365111146162,-4.89053705828176,-5.2401847345553,-28.218069177802,-32.5517881260911,-26.047003748213,1.32030146193983,5.64549895080119
0.00256209133067084,0.373065865029593,0.847316834848518,0.166124202606553,0.0324177793831585,0.0108245972955931,0.00763065277667898,8.0055886760211e-13,1.05022668042754e-14,7.01899621769034e-12,-6.33153427911513,-1.35060314424359,-0.530283438323552,-2.15962241308611,-3.79365111146162,-4.89053705828176,-5.2401847345553,-28.218069177802,-32.5517881260911,-26.047003748213,0.364602851165303,2.27070493798222
0.00151545816619667,0.220665713559981,0.501181671923807,0.0982612432387775,0.019174877924163,0.00640266963594223,0.00451347495906855,4.73524678416174e-13,6.21201352254219e-15,4.15168460595714e-12,-6.33153427911513,-1.35060314424359,-0.530283438323552,-2.15962241308611,-3.79365111146162,-4.89053705828176,-5.2401847345553,-28.218069177802,-32.5517881260911,-26.047003748213,-0.160503186693566,2.95931675460215
0.00099855457049027,0.145399432159066,0.330234948287266,0.0647455770979058,0.0126345698065816,0.00421880007704527,0.00297398578839186,3.12011405144287e-13,4.09317435033496e-15,2.73559754467983e-12,-6.33153427911513,-1.35060314424359,-0.530283438323552,-2.15962241308611,-3.79365111146162,-4.89053705828176,-5.2401847345553,-28.218069177802,-32.5517881260911,-26.047003748213,-0.577667475017689,1.48612706940263
0.000587248682948476,0.0855092225905544,0.194210756403668,0.0380767921965609,0.00743037456119469,0.00248107100210995,0.00174899728963548,1.83493513675396e-13,2.40719067074373e-15,1.60880146430211e-12,-6.33153427911513,-1.35060314424359,-0.530283438323552,-2.15962241308611,-3.79365111146162,-4.89053705828176,-5.2401847345553,-28.218069177802,-32.5517881260911,-26.047003748213,-1.10852789805682,1.8831233735081
0.000581172400594665,0.144496268953218,0.362456979120965,0.0397937620508043,0.0218915648593498,0.00226917047400874,0.00240752411319487,3.46181739351054e-13,4.20067761959741e-15,2.42191473764812e-12,-6.89515680071135,-1.37919527853884,-0.459543176400108,-2.66873879775028,-3.26634756897787,-5.5330346306096,-5.47385008486008,-28.1365061858956,-32.5482242310184,-26.1911563610834,-0.555306313617117,2.43632180634783
0.000856075102879458,0.2468741918947,0.211065170452385,0.0467957302465648,0.0177708236881754,0.00532625456945036,0.00263415898467532,2.9449582746984e-13,5.00335693475052e-15,1.92381455932941e-12,-6.43076617228586,-0.766490140293407,-0.92320205211508,-2.42957703789175,-3.39781100877402,-4.60272071886254,-5.30680504245926,-28.2211252837267,-32.2962810444293,-26.3443248748385,-0.632386276376625,0.529290818902961
0.0393310180623507,4.07110307241264,6.30211926513251,1.07296174097362,0.395015939298994,0.167224268530212,0.090291969239038,5.08471384773058e-12,1.14128828360631e-13,3.77134679083660e-11,-5.73208672983021,-1.09243093419492,-0.655458953970056,-2.42592211520766,-3.42517408433103,-4.28476436424406,-4.90105167883556,-28.5011272839023,-32.2977934333211,-26.4973487684121,2.49634492209155,1.01066561024886
0.037270675973361,4.70116977945182,6.76617521790484,1.42547042195802,0.44265493657064,0.174454830139523,0.0751513204193778,4.97893591250133e-12,7.54415335555096e-14,6.23048250611808e-11,-5.90126004784711,-1.06390025239614,-0.699775652543171,-2.25720973947436,-3.4266763560653,-4.35780104330596,-5.19996321187614,-28.6375165393011,-32.8271300480332,-26.1106938637085,2.61171161938943,0.932574899166848
0.026511665427128,3.85252232086698,7.89824228734901,0.984090806026996,0.415660859204298,0.083571222514014,0.047320581025078,9.46274876397623e-13,1.69105762216407e-14,1.92555463854055e-11,-6.21852976541648,-1.23963124530121,-0.521719087917147,-2.604396431002,-3.46624492087106,-5.07041537381501,-5.63916928867296,-30.2746026284108,-34.299196484151,-27.2615813001394,2.5883593273621,0.926380170046782
0.00971647436683516,1.41194201779799,2.8946906009742,0.360667386878505,0.152338905107885,0.0306286922484923,0.0173429018941767,3.46807921432556e-13,6.19769364688243e-15,7.05712069984682e-12,-6.21852976541648,-1.23963124530121,-0.521719087917147,-2.604396431002,-3.46624492087106,-5.07041537381501,-5.63916928867296,-30.2746026284108,-34.299196484151,-27.2615813001394,1.58459731964668,1.43835374402468
0.00835274822533624,0.680098386846373,2.36245257424009,0.245352040117661,0.243698081282505,0.0235159586563758,0.0148625059830998,6.5500773339218e-13,1.0467949993304e-14,7.12047436413256e-12,-6.06006151807824,-1.66041465732994,-0.415196546802109,-2.67995805393934,-2.68672204424917,-5.02497284914047,-5.48381046699248,-29.3290262052302,-33.4653550399461,-26.9429436211387,1.27489685259065,1.272423766058
0.0047374501850383,0.385733191243161,1.33991844157704,0.139156962055821,0.138218881872116,0.0133376081359756,0.00842960661811813,3.71502459316063e-13,5.9371347363644e-15,4.03853817736285e-12,-6.06006151807824,-1.66041465732994,-0.415196546802109,-2.67995805393934,-2.68672204424917,-5.02497284914047,-5.48381046699248,-29.3290262052302,-33.4653550399461,-26.9429436211387,0.707805294417867,4.06833326424734
0.00790856276510561,0.643931869334551,2.23682121846921,0.232304620763201,0.230738616748012,0.0222654185183571,0.01407214227499,6.20175495706754e-13,9.91128156992895e-15,6.74181920810871e-12,-6.06006151807824,-1.66041465732994,-0.415196546802109,-2.67995805393934,-2.68672204424917,-5.02497284914047,-5.48381046699248,-29.3290262052302,-33.4653550399461,-26.9429436211387,1.22025230589691,5.43242729375192
0.00309678053284536,0.252146405947798,0.87587904535248,0.0909642432685297,0.0903510382030037,0.00871853921771109,0.00551027254217377,2.42844048798132e-13,3.88099136757562e-15,2.63991512740497e-12,-6.06006151807824,-1.66041465732994,-0.415196546802109,-2.67995805393934,-2.68672204424917,-5.02497284914047,-5.48381046699248,-29.3290262052302,-33.4653550399461,-26.9429436211387,0.28266927314134,4.16931918867955
0.00662222924803138,0.539195879896369,1.87300061155501,0.194520104317635,0.193208812000695,0.0186439319142149,0.0117832980433649,5.19303497811563e-13,8.29920437471313e-15,5.64525738378976e-12,-6.06006151807824,-1.66041465732994,-0.415196546802109,-2.67995805393934,-2.68672204424917,-5.02497284914047,-5.48381046699248,-29.3290262052302,-33.4653550399461,-26.9429436211387,1.04273829677496,4.25240681827694
0.00599809428075021,0.517623709907412,0.687745091594632,0.124291411270044,0.116365690515665,0.031602224396955,0.00615231965087959,1.88427069882639e-13,2.64196056715282e-15,6.31803184731349e-12,-5.51494095920846,-1.05713420857758,-0.772964495233943,-2.48375385876193,-2.5496450212812,-3.85315524768553,-5.48955356840056,-29.6986928391885,-33.9658825934269,-26.1862408519619,0.398627479127542,2.18603710632614
0.00297698745652986,0.25690814773323,0.341343169202588,0.0616885889061142,0.0577548776029313,0.0156848861029257,0.00305353293428724,9.35205412344955e-14,1.31126372826482e-15,3.1357795791526e-12,-5.51494095920846,-1.05713420857758,-0.772964495233943,-2.48375385876193,-2.5496450212812,-3.85315524768553,-5.48955356840056,-29.6986928391885,-33.9658825934269,-26.1862408519619,-0.301902451208816,3.41296713229511
0.00448346661237186,0.359565349859223,0.352029869950632,0.0497392471963123,0.06923922928087,0.0119943654666884,0.00336447529689314,1.47484266826905e-13,2.26395562556473e-15,2.95744819995898e-12,-5.24532910123267,-0.860829705337236,-0.882009616024966,-2.83893134235099,-2.50815804671659,-4.26128865076229,-5.53245362449958,-29.3830252572553,-33.5596332016324,-26.3846646808733,-0.162029633145,8.33277327801683
0.00410724323533884,0.329392962757062,0.322489811344227,0.0455654528605545,0.0634291231921281,0.0109878762762049,0.00308215039797487,1.35108345754639e-13,2.07397918444381e-15,2.70927836947145e-12,-5.24532910123267,-0.860829705337236,-0.882009616024966,-2.83893134235099,-2.50815804671659,-4.26128865076229,-5.53245362449958,-29.3830252572553,-33.5596332016324,-26.3846646808733,-0.249674119951483,4.62923674439349
0.00694726089973654,0.557156885942676,0.545480442365457,0.0770723989057355,0.107288183876183,0.018585615423997,0.00521335156455416,2.28531127548829e-13,3.50806457503734e-15,4.5826513318679e-12,-5.24532910123267,-0.860829705337236,-0.882009616024966,-2.83893134235099,-2.50815804671659,-4.26128865076229,-5.53245362449958,-29.3830252572553,-33.5596332016324,-26.3846646808733,0.275921288997626,2.70384621328331
0.0117616275813272,0.209715398190631,0.586715903252094,0.0515781602739082,0.0544970627647415,0.0083484165911266,0.00204822625522165,1.37119289147512e-13,3.72281134831096e-15,1.93854282059431e-12,-4.36458895528882,-1.48367992312687,-0.454890566115274,-2.88633295556957,-2.83128448196373,-4.7073593968801,-6.112457110698,-29.5396011332116,-33.1459732822326,-26.8907605574663,-0.0783239910264781,2.90778455260231
0.0879242443286269,1.52168873332947,3.55754384254217,0.466499384762701,0.323567372901597,0.0766623359126991,0.0241664073507168,2.43349784760897e-12,4.11497175784259e-14,2.5324979827793e-11,-4.23266804443081,-1.38156762235816,-0.532317974390994,-2.5638869268045,-2.92973627355005,-4.36973309769003,-5.52418008543459,-28.5430797993935,-32.6229476803051,-26.2006182115997,1.80138834927224,1.63490481702792
0.0244623862114377,0.423366021198539,0.989784013555113,0.129790005073126,0.090023293367812,0.0213290848648992,0.00672360615061533,6.77050620650386e-13,1.14487226086662e-14,7.04594554181043e-12,-4.23266804443081,-1.38156762235816,-0.532317974390994,-2.5638869268045,-2.92973627355005,-4.36973309769003,-5.52418008543459,-28.5430797993935,-32.6229476803051,-26.2006182115997,0.522049446609217,2.74247229475151
0.118742335843095,1.0578306019482,2.06364025013757,0.125186230680453,0.258779230320771,0.0587418366647569,0.0089469322514143,1.11380526029968e-12,1.44118769437902e-14,6.15593390631217e-12,-3.43693178375746,-1.24991219630186,-0.581660870324793,-3.38408521029344,-2.65791237869821,-4.14073549133807,-6.02257697599648,-28.8293712062644,-33.1768561458546,-27.1197370418146,1.30613240533858,2.68615714796624
0.118256637948626,1.58997360568743,1.73462465243249,0.533652516315964,0.459043879984048,0.0508862573377079,0.00722984380850576,1.46607869226797e-12,3.99897668049973e-14,6.20103152570576e-12,-3.63756727810547,-1.0389517438942,-0.951878108453353,-2.13067953013252,-2.28127863418908,-4.48083154503767,-6.43220700608633,-28.7510989954784,-32.3528219631938,-27.3089746223944,1.50266915979197,3.74974160353302
0.140450764436381,1.88837609648164,2.06017491001372,0.633807160089707,0.545196151116783,0.0604364699213953,0.00858672381757888,1.74122887835167e-12,4.74949517830404e-14,7.36482647559987e-12,-3.63756727810547,-1.0389517438942,-0.951878108453353,-2.13067953013252,-2.28127863418908,-4.48083154503767,-6.43220700608633,-28.7510989954784,-32.3528219631938,-27.3089746223944,1.67466899542403,2.02190328590465
0.0948078653981336,1.41753082545778,1.92603528139855,0.512008948658817,0.544568845821471,0.0267814576497673,0.00312458031384422,1.39222965859604e-12,4.23126340844188e-14,4.30354928718070e-12,-3.86548905711145,-1.16066964954534,-0.854122520592043,-2.17899932852946,-2.11734705827823,-5.12963166194725,-7.27804145666597,-28.8097007352845,-32.3032768276186,-27.6811671703571,1.50958615228335,1.09630545739608
0.0833504327998295,1.56086369719628,3.57611497958334,0.364403273249589,0.291725806698747,0.0379663330436638,0.0012818012309087,2.19482940471243e-12,2.1948103331235e-14,6.45302365551461e-12,-4.2623123798502,-1.33237158250923,-0.503333892689125,-2.78710503367453,-3.00955183863339,-5.04866638710737,-8.43709988120843,-28.6225276949814,-33.2277065703335,-27.5440832137758,1.77761090261082,1.53310873669196
0.0137538648607776,0.257562050204198,0.590103740359852,0.0601311019840335,0.0481384101672489,0.00626492024577581,0.000211513249734832,3.6217432844497e-13,3.62171181394042e-15,1.06482968738143e-12,-4.2623123798502,-1.33237158250923,-0.503333892689125,-2.78710503367453,-3.00955183863339,-5.04866638710737,-8.43709988120843,-28.6225276949814,-33.2277065703335,-27.5440832137758,-0.0241230337313336,0.774316512870268
0.00633634387642551,0.118657681759329,0.271858147475904,0.0277021290885147,0.0221771497373038,0.00288622066869511,9.74432058411536e-05,1.66852089319646e-13,1.66850639487393e-15,4.90562262852853e-13,-4.2623123798502,-1.33237158250923,-0.503333892689125,-2.78710503367453,-3.00955183863339,-5.04866638710737,-8.43709988120843,-28.6225276949814,-33.2277065703335,-27.5440832137758,-0.799140972666819,0.901040445222335
0.00761842359202483,0.142666575507926,0.326865234085585,0.0333073074809687,0.0266644178500385,0.00347021122322368,0.000117159616450861,2.00612517003814e-13,2.00610773816188e-15,5.89821384312806e-13,-4.2623123798502,-1.33237158250923,-0.503333892689125,-2.78710503367453,-3.00955183863339,-5.04866638710737,-8.43709988120843,-28.6225276949814,-33.2277065703335,-27.5440832137758,-0.614873428522555,1.10584303493724
0.017835397756511,0.333994964969767,0.765220178724935,0.0779753278281033,0.0624237406277972,0.00812406880737032,0.000274280936884216,4.69651495808580e-13,4.69647414853474e-15,1.3808235873793e-12,-4.2623123798502,-1.33237158250923,-0.503333892689125,-2.78710503367453,-3.00955183863339,-5.04866638710737,-8.43709988120843,-28.6225276949814,-33.2277065703335,-27.5440832137758,0.23574222144935,0.730911447957445
0.00518554832402261,0.0971072837553455,0.222483752225081,0.0226709174672891,0.0181493750804366,0.00236203038269356,7.97457433800192e-05,1.36548708372698e-13,1.36547521856412e-15,4.01467213518783e-13,-4.2623123798502,-1.33237158250923,-0.503333892689125,-2.78710503367453,-3.00955183863339,-5.04866638710737,-8.43709988120843,-28.6225276949814,-33.2277065703335,-27.5440832137758,-0.999567311060577,0.730568546805648
0.00827681982846296,0.154996046985236,0.355113445456991,0.0361857777611346,0.02896879908419,0.00377011237487501,0.000127284736116632,2.17949768547027e-13,2.17947874710366e-15,6.40794682779537e-13,-4.2623123798502,-1.33237158250923,-0.503333892689125,-2.78710503367453,-3.00955183863339,-5.04866638710737,-8.43709988120843,-28.6225276949814,-33.2277065703335,-27.5440832137758,-0.53198408319993,0.284791544265709
0.00344549395214842,0.0645221176203515,0.14782745716429,0.0150635003556588,0.0120591995614474,0.00156943121340894,5.29863881997907e-05,9.07286403430608e-14,9.07278519722981e-16,2.66751512035241e-13,-4.2623123798502,-1.33237158250923,-0.503333892689125,-2.78710503367453,-3.00955183863339,-5.04866638710737,-8.43709988120843,-28.6225276949814,-33.2277065703335,-27.5440832137758,-1.40837562260832,0.914784991560667
0.00121364184851447,0.0227272905384157,0.0520707889393311,0.00530597199433211,0.00424773615934922,0.000552816932901666,1.86639416623562e-05,3.1958284155599e-14,3.19580064596392e-16,9.39606345727624e-14,-4.2623123798502,-1.33237158250923,-0.503333892689125,-2.78710503367453,-3.00955183863339,-5.04866638710737,-8.43709988120843,-28.6225276949814,-33.2277065703335,-27.5440832137758,-2.45181726771904,0.722882198431834
0.000226110198427734,0.00423425756095676,0.0097011621952326,0.000988540714840163,0.00079138377358587,0.000102993767515192,3.47722646337924e-06,5.95405801198874e-15,5.95400627523569e-17,1.75055414854458e-14,-4.2623123798502,-1.33237158250923,-0.503333892689125,-2.78710503367453,-3.00955183863339,-5.04866638710737,-8.43709988120843,-28.6225276949814,-33.2277065703335,-27.5440832137758,-4.13217569401929,0.586533155539703
0.000163085210215542,0.0031918578881636,0.00297391272455733,0.000646755834495942,0.000307843810973072,2.20296003771853e-05,2.72451315145951e-06,1.45806474449938e-15,2.40618120708827e-17,5.02713367544569e-15,-3.80248076924033,-0.828395159186555,-0.899119815071157,-2.42478475323383,-3.16716104839222,-5.80436657480054,-7.8944638433744,-29.2429093934809,-33.3471486890644,-28.0051694566076,-4.91875696245113,0.377149870014674
0.000425404972648832,0.00239071768593724,0.00388941707631476,0.000285716336927476,0.00120084821134082,1.32221284221129e-05,7.54760542039973e-06,3.16196550517461e-15,2.77572704093841e-17,8.53462107139497e-15,-2.96041661211729,-1.23410931731209,-0.747443630627082,-3.35845871445639,-1.92267477529915,-6.43156638253933,-6.99222785407037,-28.5855302115616,-33.3209815174802,-27.5925930828737,-4.80205235380072,0.304577674857011
0.00453986397636275,0.0102137812867521,0.0352993985147222,0.00209611615101591,0.0105129198208811,3.33220277772945e-05,4.49411569375154e-05,3.18137576422578e-14,1.42908734253223e-16,6.67981270581889e-14,-2.62610761826022,-1.81526675379964,-0.575138744159972,-3.39891848822662,-1.78639970881047,-7.54054127458441,-7.24140593721942,-28.3101269581513,-33.7155748591176,-27.5683507425411,-2.76875061027108,0.451707465534612
0.00563138827187317,0.0126694915198264,0.0437864702191465,0.00260008757327837,0.0130405522479739,4.13336781447864e-05,5.57464068130735e-05,3.94627730265967e-14,1.77268432316909e-16,8.28584713676721e-14,-2.62610761826022,-1.81526675379964,-0.575138744159972,-3.39891848822662,-1.78639970881047,-7.54054127458441,-7.24140593721942,-28.3101269581513,-33.7155748591176,-27.5683507425411,-2.55329166426516,0.573947058626866
0.0369375754978118,0.175230887884551,0.288093595766725,0.0203738881728264,0.0455285771476986,0.000190312095210079,0.000121248154385344,2.1496529372438e-13,1.3205943720004e-15,1.21359021224356e-12,-2.73020552462813,-1.1733304000523,-0.676149451085563,-3.32518077429316,-2.52109466574216,-7.99852481178149,-8.44935083457092,-28.5999793890953,-33.6923740625846,-26.8691176167128,-0.568320415255785,0.529060314725053
0.0252307895801435,0.11969420300525,0.196786843646729,0.0139167034785055,0.0310990078372892,0.000129995657919838,8.28204512355876e-05,1.46835411363555e-13,9.02052673236158e-16,8.28961805667313e-13,-2.73020552462813,-1.1733304000523,-0.676149451085563,-3.32518077429316,-2.52109466574216,-7.99852481178149,-8.44935083457092,-28.5999793890953,-33.6923740625846,-26.8691176167128,-0.949484696901646,0.444727946065967
0.0322117993652601,0.15281193004852,0.251235035872991,0.0177672624493778,0.039703672282289,0.000165963654762681,0.000105735722224111,1.87462734589987e-13,1.15163814572205e-15,1.05832404811595e-12,-2.73020552462813,-1.1733304000523,-0.676149451085563,-3.32518077429316,-2.52109466574216,-7.99852481178149,-8.44935083457092,-28.5999793890953,-33.6923740625846,-26.8691176167128,-0.705216929011442,0.631598609532099
0.647233019054199,1.17953184984011,1.52660102518105,0.201819160246987,0.558394219384101,0.00327858127170819,0.000522205854681571,5.32982890152758e-12,1.5963247550942e-14,1.16568695259247e-11,-1.85026594974886,-1.25009943119292,-0.992173341598443,-3.01560028238103,-1.99790713321914,-7.13556154279722,-8.97266574371838,-27.3729190328185,-33.1837043964787,-26.5903425043454,1.41521705352575,0.602093833572892
0.4709245677782,0.858223406738867,1.11074977139407,0.146842942202726,0.406285755936198,0.00238548470620531,0.000379955223493583,3.87796558255236e-12,1.16148052277201e-14,8.48149906067023e-12,-1.85026594974886,-1.25009943119292,-0.992173341598443,-3.01560028238103,-1.99790713321914,-7.13556154279722,-8.97266574371838,-27.3729190328185,-33.1837043964787,-26.5903425043454,1.09720859862007,0.671510344835342
0.452686904593484,0.824986683704457,1.06773337004393,0.141156103366559,0.390551383001546,0.00229310119177258,0.00036524056245128,3.72778223053445e-12,1.11649945357474e-14,8.15303303075002e-12,-1.85026594974886,-1.25009943119292,-0.992173341598443,-3.01560028238103,-1.99790713321914,-7.13556154279722,-8.97266574371838,-27.3729190328185,-33.1837043964787,-26.5903425043454,1.0577113974509,1.20682548862976
0.292223727376853,0.532555020483479,0.689255691014699,0.0911207332246784,0.252113281199033,0.00148026941073951,0.000235774345283032,2.40640143817329e-12,7.20735741695076e-15,5.26304091745681e-12,-1.85026594974886,-1.25009943119292,-0.992173341598443,-3.01560028238103,-1.99790713321914,-7.13556154279722,-8.97266574371838,-27.3729190328185,-33.1837043964787,-26.5903425043454,0.620030369308321,0.852115078726791
0.356668397519861,0.650000420746275,0.841258596632116,0.111215766740833,0.307712316196593,0.00180671611906881,0.000287770122786595,2.93708985388414e-12,8.79681004459166e-15,6.42370962468078e-12,-1.85026594974886,-1.25009943119292,-0.992173341598443,-3.01560028238103,-1.99790713321914,-7.13556154279722,-8.97266574371838,-27.3729190328185,-33.1837043964787,-26.5903425043454,0.819317162402218,1.91440372488415
0.0571755898340114,0.255926392967765,0.260262044925994,0.0391349793992812,0.0544039016666372,0.000303298585768675,9.25359064958926e-05,5.35142529524394e-13,2.57688217297748e-15,2.41276013050626e-12,-2.45711078048234,-0.958347960964311,-0.941548848069779,-2.83622115577499,-2.50680196352706,-7.6962753637422,-8.88339636808176,-27.8517258308178,-33.1876787444882,-26.3457322990419,-0.40451744235188,0.972218182722169
0.0752123820052082,0.336661741295343,0.342365131715462,0.0514806236173495,0.071566328333544,0.00039897811567312,0.000121727575854883,7.03960282258066e-13,3.38979356293587e-15,3.17389706252971e-12,-2.45711078048234,-0.958347960964311,-0.941548848069779,-2.83622115577499,-2.50680196352706,-7.6962753637422,-8.88339636808176,-27.8517258308178,-33.1876787444882,-26.3457322990419,-0.130328626773461,2.65872481873081
0.0254736515697992,0.114023830465117,0.115955509484651,0.0174359518161987,0.0242387711104843,0.000135129738371114,4.12278639645913e-05,2.38424026352173e-13,1.14808782561623e-15,1.07496592627119e-12,-2.45711078048234,-0.958347960964311,-0.941548848069779,-2.83622115577499,-2.50680196352706,-7.6962753637422,-8.88339636808176,-27.8517258308178,-33.1876787444882,-26.3457322990419,-1.21299985230128,8.73095310538708
0.0149347116788881,0.0933544844843252,0.113491340324276,0.0280986114290635,0.00424878936734566,8.89095975675818e-05,2.69450105551525e-05,2.78189486922643e-13,9.30326200017523e-16,1.26758021552002e-12,-2.83460547088046,-1.00188970899772,-0.80656707999116,-2.20257345751656,-4.09165952968415,-7.95842880044851,-9.15225075316667,-27.541012244091,-33.2415347348552,-26.0244497133588,-1.36946166168268,2.38129874124771
0.17207007822529,0.480391714514105,0.500011340025071,0.110740507671534,0.0322063748641513,0.000586153280442131,9.23446514716994e-05,2.34904884838432e-12,3.80618041158794e-15,5.20459971236625e-12,-2.01921206194739,-0.992512044324837,-0.952483109110388,-2.45992419158567,-3.6949494772225,-7.70128784021395,-9.54934137718477,-27.0363692234158,-33.461508833615,-26.2408369296068,0.259358608343396,1.00534895256459
0.135898649516778,0.379406959739043,0.394902277916757,0.0874613738459492,0.0254361647010979,0.000462936031897539,7.2932572324809e-05,1.85524740522523e-12,3.00607045156785e-15,4.11052333724126e-12,-2.01921206194739,-0.992512044324837,-0.952483109110388,-2.45992419158567,-3.6949494772225,-7.70128784021395,-9.54934137718477,-27.0363692234158,-33.461508833615,-26.2408369296068,0.0233661667424234,8.1831023819592
0.0780646752020105,0.259012380751645,0.536514346056191,0.104819928516518,0.0433217496418845,0.00169844603677348,0.00013878113154382,2.3664175373936e-12,1.16737067998587e-14,3.57695525931324e-12,-2.57351444342258,-1.37417623311084,-0.645958793998455,-2.27880818438816,-3.16239728570211,-6.40133835879176,-8.90590927583392,-26.7929407087959,-32.1047341809138,-26.3798059804256,0.0232968168156589,3.25301357940532
0.176470214738991,0.585514130853936,1.2128251557325,0.236952184152035,0.0979315989260054,0.00383944640846061,0.000313723665945994,5.34943890953648e-12,2.63891643747982e-14,8.08593721922656e-12,-2.57351444342258,-1.37417623311084,-0.645958793998455,-2.27880818438816,-3.16239728570211,-6.40133835879176,-8.90590927583392,-26.7929407087959,-32.1047341809138,-26.3798059804256,0.838911271553184,2.87082247336781
0.726936302314402,2.41191680910755,4.99600816696503,0.976080551766581,0.403411048761409,0.015815886999564,0.0012923264246525,2.20360209007896e-11,1.08705265645853e-13,3.33085178798291e-11,-2.57351444342258,-1.37417623311084,-0.645958793998455,-2.27880818438816,-3.16239728570211,-6.40133835879176,-8.90590927583392,-26.7929407087959,-32.1047341809138,-26.3798059804256,2.25459802096122,1.99116967442711
0.133650380823723,0.44344132907665,0.918537693037814,0.179456627826811,0.0741688647599569,0.00290781917731559,0.000237599798295211,4.05141767697314e-12,1.99859328869075e-14,6.12391496358038e-12,-2.57351444342258,-1.37417623311084,-0.645958793998455,-2.27880818438816,-3.16239728570211,-6.40133835879176,-8.90590927583392,-26.7929407087959,-32.1047341809138,-26.3798059804256,0.560986456431889,3.68643204880616
0.149682054706047,0.496633147385626,1.02871842467992,0.200982867524814,0.0830655925113134,0.00325661884756101,0.00026610044645871,4.5373946458228e-12,2.23832919988094e-14,6.85849279997796e-12,-2.57351444342258,-1.37417623311084,-0.645958793998455,-2.27880818438816,-3.16239728570211,-6.40133835879176,-8.90590927583392,-26.7929407087959,-32.1047341809138,-26.3798059804256,0.674272573637334,2.8256788858917
0.154485529828333,0.512570695631168,1.06173122217586,0.207432646732196,0.0857312661482074,0.00336112761882118,0.000274639926205322,4.68300503541831e-12,2.31015984549994e-14,7.0785899893556e-12,-2.57351444342258,-1.37417623311084,-0.645958793998455,-2.27880818438816,-3.16239728570211,-6.40133835879176,-8.90590927583392,-26.7929407087959,-32.1047341809138,-26.3798059804256,0.705859598323012,1.00908494258072
2.15912221599064,7.1637957123416,14.838978587562,2.89912224386909,1.19819818433022,0.04697582563649,0.0038384252992942,6.545066208339e-11,3.22872792710817e-13,9.89318606143239e-11,-2.57351444342258,-1.37417623311084,-0.645958793998455,-2.27880818438816,-3.16239728570211,-6.40133835879176,-8.90590927583392,-26.7929407087959,-32.1047341809138,-26.3798059804256,3.34321620103751,1.16163019762208
1.359342834526,4.51019136270229,9.34234248774666,1.82523296709734,0.75436309447821,0.0295750983904387,0.00241660054619228,4.12065087650528e-11,2.0327465207127e-13,6.22856431360942e-11,-2.57351444342258,-1.37417623311084,-0.645958793998455,-2.27880818438816,-3.16239728570211,-6.40133835879176,-8.90590927583392,-26.7929407087959,-32.1047341809138,-26.3798059804256,2.88051581647966,1.35459605278737
1.3152737125929,4.36397352268709,9.03946905524953,1.76605995191654,0.729907071797234,0.0286162905135384,0.00233825573027918,3.98706171760575e-11,1.96684603409146e-13,6.02663779939029e-11,-2.57351444342258,-1.37417623311084,-0.645958793998455,-2.27880818438816,-3.16239728570211,-6.40133835879176,-8.90590927583392,-26.7929407087959,-32.1047341809138,-26.3798059804256,2.84755923385132,0.299658581700473
0.282938807868415,0.833986801657812,1.92296006443407,0.171437029374278,0.0468729483861126,0.00300420556255316,0.000554894818074406,7.28213708349171e-12,2.87278113914111e-14,9.54451159513574e-12,-2.44478994941815,-1.36380302018449,-0.528399619019506,-2.94580457354734,-4.24257988149786,-6.99000743589541,-8.67899729724703,-26.8278620594598,-32.3631760214166,-26.557320146806,1.18226531808553,0.596634520172503
0.218257963565645,0.643334374459912,1.48336437423823,0.132245898655144,0.0361576212826498,0.00231743320456901,0.000428043837105489,5.61741396389828e-12,2.21605288409334e-14,7.36260140373469e-12,-2.44478994941815,-1.36380302018449,-0.528399619019506,-2.94580457354734,-4.24257988149786,-6.99000743589541,-8.67899729724703,-26.8278620594598,-32.3631760214166,-26.557320146806,0.922712352763332,0.74225910709794
0.017411653023878,0.0681246306896845,0.231271470988735,0.018068236569896,0.00346164549913634,0.000153246997438642,0.000155355234656364,4.18041667452386e-13,2.96163912615008e-15,5.26532976068724e-13,-2.96781632367254,-1.60361718785078,-0.38136380014932,-2.93080050873561,-4.58321196594722,-7.70066031667843,-7.68699696757237,-27.420396025222,-32.3702342617766,-27.1896631734573,-1.08279925923149,0.702573211679663
0.0242416401436113,0.157635536202076,0.428239702490601,0.0764181344202874,0.0140364998140784,0.000651613304908093,0.000641000947558693,1.00879657368691e-12,3.94057484931389e-15,4.25838152437895e-12,-3.36566801287585,-1.49345419895627,-0.494056743119147,-2.21751980494941,-3.91207876795274,-6.98204381811324,-6.99846417829005,-27.2682475621863,-32.8134343368983,-25.8281165071874,-0.354015444503958,0.481996382989796
0.00945476013458224,0.0614812436224399,0.167022678464293,0.0298047131545467,0.00547453629725605,0.000254143179335663,0.000250004132117462,3.93452323039774e-13,1.53690879709099e-15,1.66086022381412e-12,-3.36566801287585,-1.49345419895627,-0.494056743119147,-2.21751980494941,-3.91207876795274,-6.98204381811324,-6.99846417829005,-27.2682475621863,-32.8134343368983,-25.8281165071874,-1.29556893347873,0.312701859895568
0.00925377099258935,0.0601742763140751,0.163472112996735,0.0291711250318438,0.00535815869089353,0.000248740607633057,0.000244689548215415,3.8508831975495e-13,1.50423721409453e-15,1.62555368334108e-12,-3.36566801287585,-1.49345419895627,-0.494056743119147,-2.21751980494941,-3.91207876795274,-6.98204381811324,-6.99846417829005,-27.2682475621863,-32.8134343368983,-25.8281165071874,-1.31705612278426,1.18402930223291
0.0264884952754351,0.144793714481602,0.390453939303464,0.0874963539172269,0.00903958015941177,0.00071218796312237,0.000622881119706956,7.5086454551409e-13,1.36033945313401e-15,2.58131384008583e-12,-3.21493393572405,-1.51633436316709,-0.52433442470572,-2.02004731092235,-4.29003170311766,-6.83105784316114,-6.96504403139323,-27.5014402798264,-33.8149312833326,-26.2666117611887,-0.416110845081826,1.89121010468613
0.0313507915387688,0.171372420805135,0.462126667797023,0.103557409491856,0.0106989087235365,0.000842919015825562,0.000737218778730606,8.88695171072831e-13,1.61004685897418e-15,3.05514644207515e-12,-3.21493393572405,-1.51633436316709,-0.52433442470572,-2.02004731092235,-4.29003170311766,-6.83105784316114,-6.96504403139323,-27.5014402798264,-33.8149312833326,-26.2666117611887,-0.247581828052322,3.26473893823338
0.0578769902399059,0.316372233028391,0.853136374838047,0.191178304733338,0.019751355719489,0.00155612069926969,0.00136098650040471,1.64062848872025e-12,2.97232260395744e-15,5.64013449519466e-12,-3.21493393572405,-1.51633436316709,-0.52433442470572,-2.02004731092235,-4.29003170311766,-6.83105784316114,-6.96504403139323,-27.5014402798264,-33.8149312833326,-26.2666117611887,0.36549855715152,7.7711201419056
0.0747945183447682,0.408848295133043,1.10250937330906,0.247060000204367,0.0255247056139553,0.00201097703432323,0.00175880482640087,2.12018657307318e-12,3.84113680768045e-15,7.28875398010818e-12,-3.21493393572405,-1.51633436316709,-0.52433442470572,-2.02004731092235,-4.29003170311766,-6.83105784316114,-6.96504403139323,-27.5014402798264,-33.8149312833326,-26.2666117611887,0.621923254876074,3.9552742758794
0.0804466166037612,0.439744285751791,1.18582418631019,0.265729916502045,0.0274535654736704,0.00216294324850727,0.00189171480319068,2.28040557178601e-12,4.13140517418252e-15,7.83955308401177e-12,-3.21493393572405,-1.51633436316709,-0.52433442470572,-2.02004731092235,-4.29003170311766,-6.83105784316114,-6.96504403139323,-27.5014402798264,-33.8149312833326,-26.2666117611887,0.694772473407318,1.66690378380462
0.123064936603201,0.672708249673408,1.81403997423035,0.406506037276514,0.0419976804144565,0.00330880881000809,0.00289389128038374,3.48849931755005e-12,6.32010564654546e-15,1.19927244178996e-11,-3.21493393572405,-1.51633436316709,-0.52433442470572,-2.02004731092235,-4.29003170311766,-6.83105784316114,-6.96504403139323,-27.5014402798264,-33.8149312833326,-26.2666117611887,1.11989081266653,0.580451942897376
0.0143959352426074,0.0786923120977277,0.212203432735056,0.0475524121645664,0.00491282004666885,0.000387059049261367,0.000338522674463125,4.08078951287773e-13,7.39315633887377e-16,1.40288931086183e-12,-3.21493393572405,-1.51633436316709,-0.52433442470572,-2.02004731092235,-4.29003170311766,-6.83105784316114,-6.96504403139323,-27.5014402798264,-33.8149312833326,-26.2666117611887,-1.0258754513421,0.383964076052893
0.0297762049410663,0.162765278727657,0.438916457724519,0.0983562614163113,0.0101615583901234,0.000800583593971023,0.00070019212799586,8.44060651906585e-13,1.5291826102142e-15,2.90170238514405e-12,-3.21493393572405,-1.51633436316709,-0.52433442470572,-2.02004731092235,-4.29003170311766,-6.83105784316114,-6.96504403139323,-27.5014402798264,-33.8149312833326,-26.2666117611887,-0.299111760621729,1.32448956811882
0.0181623757611374,0.0992807565292135,0.267722688257889,0.0599936553983073,0.00619817206945751,0.000488326168183032,0.000427091113821298,5.14845553872958e-13,9.3274442559343e-16,1.76993035782375e-12,-3.21493393572405,-1.51633436316709,-0.52433442470572,-2.02004731092235,-4.29003170311766,-6.83105784316114,-6.96504403139323,-27.5014402798264,-33.8149312833326,-26.2666117611887,-0.793469154790458,1.6424620346509
0.038560964048644,0.210785292276401,0.568408290451109,0.127373930557639,0.0131594838407138,0.00103677668951271,0.000906767115830612,1.09308061646755e-12,1.98033146846583e-15,3.75778046849368e-12,-3.21493393572405,-1.51633436316709,-0.52433442470572,-2.02004731092235,-4.29003170311766,-6.83105784316114,-6.96504403139323,-27.5014402798264,-33.8149312833326,-26.2666117611887,-0.0405808725667574,1.56996870704238
0.036064642424973,0.197139682109664,0.531611235669569,0.119128122783179,0.0123075781667145,0.000969658863680254,0.000848065721435331,1.02231784259443e-12,1.85213072481919e-15,3.51451298615906e-12,-3.21493393572405,-1.51633436316709,-0.52433442470572,-2.02004731092235,-4.29003170311766,-6.83105784316114,-6.96504403139323,-27.5014402798264,-33.8149312833326,-26.2666117611887,-0.107508392089633,1.01539039253232
0.0873105313518008,0.477264412958691,1.28700179283511,0.288402684728675,0.0297959751472698,0.00234749119706459,0.0020531208347291,2.47497571154453e-12,4.48390741855747e-15,8.50844416113969e-12,-3.21493393572405,-1.51633436316709,-0.52433442470572,-2.02004731092235,-4.29003170311766,-6.83105784316114,-6.96504403139323,-27.5014402798264,-33.8149312833326,-26.2666117611887,0.776649746353012,0.975568076883538
0.00655866290432383,0.0358515330551987,0.0966780385570497,0.0216644654493716,0.0022382380896199,0.000176340736839379,0.000154227986570997,1.85917221406015e-13,3.36825773445586e-16,6.39144170000823e-13,-3.21493393572405,-1.51633436316709,-0.52433442470572,-2.02004731092235,-4.29003170311766,-6.83105784316114,-6.96504403139323,-27.5014402798264,-33.8149312833326,-26.2666117611887,-1.81203458663774,0.353800196850093
0.0214643494921647,0.117330292248953,0.316395466282838,0.0709006797192881,0.00732501811773321,0.000577105312537252,0.000504737543844548,6.08446001126246e-13,1.10232012601814e-15,2.09170894142662e-12,-3.21493393572405,-1.51633436316709,-0.52433442470572,-2.02004731092235,-4.29003170311766,-6.83105784316114,-6.96504403139323,-27.5014402798264,-33.8149312833326,-26.2666117611887,-0.626427947553728,0.700461779735464
0.273857761177731,1.49698508987456,4.03680316865097,0.904602369663772,0.0934579015795939,0.0073631287504389,0.00643980819405091,7.762996019367e-12,1.40642008239141e-14,2.66875419608519e-11,-3.21493393572405,-1.51633436316709,-0.52433442470572,-2.02004731092235,-4.29003170311766,-6.83105784316114,-6.96504403139323,-27.5014402798264,-33.8149312833326,-26.2666117611887,1.91978750855135,0.664756985146577
0.248731625532465,1.35963842397993,3.66643110560421,0.821606139257689,0.0848832462471608,0.00668757012846865,0.00584896317466069,7.05075003386911e-12,1.27738265211219e-14,2.42389905797869e-11,-3.21493393572405,-1.51633436316709,-0.52433442470572,-2.02004731092235,-4.29003170311766,-6.83105784316114,-6.96504403139323,-27.5014402798264,-33.8149312833326,-26.2666117611887,1.82355316284613,0.430055373343435
0.105791095222901,0.578284476982209,1.55941473622764,0.34944737376223,0.0361027334877055,0.00284437239034693,0.00248769419184698,2.99884088575043e-12,5.43299266815771e-15,1.03093820701081e-11,-3.21493393572405,-1.51633436316709,-0.52433442470572,-2.02004731092235,-4.29003170311766,-6.83105784316114,-6.96504403139323,-27.5014402798264,-33.8149312833326,-26.2666117611887,0.968645006488791,0.252561205110019
0.225789253690225,1.23422883753443,3.32824883554242,0.745823280868187,0.0770538317349937,0.00607072568707549,0.00530946970350528,6.40040680269606e-12,1.15956012863192e-14,2.20032478037263e-11,-3.21493393572405,-1.51633436316709,-0.52433442470572,-2.02004731092235,-4.29003170311766,-6.83105784316114,-6.96504403139323,-27.5014402798264,-33.8149312833326,-26.2666117611887,1.72678071516472,0.618480733127631
0.0895593213647707,0.48955694432679,1.32015010534211,0.295830850232769,0.0305634070973504,0.00240795371719544,0.00210600148448664,2.53872175198538e-12,4.5993959634766e-15,8.72758959479177e-12,-3.21493393572405,-1.51633436316709,-0.52433442470572,-2.02004731092235,-4.29003170311766,-6.83105784316114,-6.96504403139323,-27.5014402798264,-33.8149312833326,-26.2666117611887,0.802079871007073,1.41431209762106
0.341854707037389,1.86867590364286,5.03911285424982,1.1292087422932,0.116662837771782,0.0091913415600673,0.00803876703762839,9.69049304471169e-12,1.7556242451182e-14,3.33138699423388e-11,-3.21493393572405,-1.51633436316709,-0.52433442470572,-2.02004731092235,-4.29003170311766,-6.83105784316114,-6.96504403139323,-27.5014402798264,-33.8149312833326,-26.2666117611887,2.14156447031331,1.75724652167033
0.593976815636335,3.24684768076264,8.7555214106561,1.96201426842623,0.202703135151516,0.0159700705559616,0.0139674579532135,1.68373524838269e-11,3.05041901457628e-14,5.7883264373801e-11,-3.21493393572405,-1.51633436316709,-0.52433442470572,-2.02004731092235,-4.29003170311766,-6.83105784316114,-6.96504403139323,-27.5014402798264,-33.8149312833326,-26.2666117611887,2.69401894442757,1.25831218949258
0.0687821615317457,0.36276365823787,0.893224398302155,0.267720676755327,0.0350875252361672,0.000974050863396397,0.00100494921869989,1.16230206804391e-12,1.53991904627082e-15,8.02002763907023e-12,-3.16511930429605,-1.50231219256842,-0.601225900352467,-1.8061195494779,-3.83821807463162,-7.42235549111151,-7.39112672397703,-27.9689269925665,-34.595355003796,-26.0373877043604,0.488308456572488,1.08541184864089
0.0236404377096671,0.124681915702013,0.307001339861514,0.092015630818801,0.0120595869082879,0.000334781406245021,0.000345401174912022,3.9948336934319e-13,5.29270373023872e-16,2.7564845246066e-12,-3.16511930429605,-1.50231219256842,-0.601225900352467,-1.8061195494779,-3.83821807463162,-7.42235549111151,-7.39112672397703,-27.9689269925665,-34.595355003796,-26.0373877043604,-0.579677266682244,0.712718703798782
0.21581019550573,1.13820348566038,2.80257159320453,0.839997614277172,0.110090254688122,0.00305617187045046,0.00315311822907536,3.64682689457931e-12,4.83163400273948e-15,2.51635554074622e-11,-3.16511930429605,-1.50231219256842,-0.601225900352467,-1.8061195494779,-3.83821807463162,-7.42235549111151,-7.39112672397703,-27.9689269925665,-34.595355003796,-26.0373877043604,1.63176332218286,1.01168349489168
0.100418392148607,1.0761535048488,1.98415087893282,1.02146789605792,0.136847305088046,0.00213252291260951,0.00284403285722902,1.01120290603854e-12,4.43255056571293e-15,3.44782833314473e-11,-3.76259416052261,-1.39079114668909,-0.778993206931846,-1.44294355420561,-3.45307379689284,-7.61463379492563,-7.32671647468536,-29.0840647584231,-34.5139854888175,-25.5548757194957,1.46418426075224,4.28283925028627
0.0669391404786602,0.71736650125876,1.32263972340034,0.680912943591784,0.0912227410080257,0.00142154487606093,0.00189583910758343,6.74070276683695e-13,2.95474881292588e-15,2.29833061653816e-11,-3.76259416052261,-1.39079114668909,-0.778993206931846,-1.44294355420561,-3.45307379689284,-7.61463379492563,-7.32671647468536,-29.0840647584231,-34.5139854888175,-25.5548757194957,1.05862273706584,2.00447843500418
0.232098832836688,2.48733291864386,4.58600355292169,2.36093708913739,0.316297633413384,0.00492893849845442,0.00657346420897859,2.33721143339247e-12,1.02450337112457e-14,7.96902753391928e-11,-3.76259416052261,-1.39079114668909,-0.778993206931846,-1.44294355420561,-3.45307379689284,-7.61463379492563,-7.32671647468536,-29.0840647584231,-34.5139854888175,-25.5548757194957,2.30200216609942,3.53639015473598
0.166286312193432,1.78204006105296,3.28562452986528,1.69148425726721,0.226610217608589,0.00353131894684245,0.00470953303938277,1.67448610286042e-12,7.34001482609412e-15,5.70937899250774e-11,-3.76259416052261,-1.39079114668909,-0.778993206931846,-1.44294355420561,-3.45307379689284,-7.61463379492563,-7.32671647468536,-29.0840647584231,-34.5139854888175,-25.5548757194957,1.96854995643504,2.70543866677315
0.0526350455566493,1.0488987784496,1.70983201892453,0.435731820755245,0.255126790232088,0.00147824338998816,0.00112473296024413,3.85493660028032e-13,1.05521998890107e-14,4.89031349849743e-11,-4.1985143997462,-1.2064004526037,-0.717746152844871,-2.08486959887653,-2.62013592478555,-7.77104207877186,-8.04435092416109,-29.8383929321307,-33.4365833204276,-24.9953208953676,1.25414128398705,0.669045786501669
0.071925808814089,1.43332056059305,2.33648607304829,0.595427690855251,0.348630851242175,0.00202002012774067,0.0015369479974774,5.26777226028579e-13,1.44195849696411e-14,6.68261516664442e-11,-4.1985143997462,-1.2064004526037,-0.717746152844871,-2.08486959887653,-2.62013592478555,-7.77104207877186,-8.04435092416109,-29.8383929321307,-33.4365833204276,-24.9953208953676,1.56639427538125,1.31936867815384
0.0274883972068051,0.547782298786534,0.892951477405408,0.227558829633263,0.133238728566293,0.00077200543939104,0.000587386332353439,2.01322193901226e-13,5.51083520280313e-15,2.55394250144267e-11,-4.1985143997462,-1.2064004526037,-0.717746152844871,-2.08486959887653,-2.62013592478555,-7.77104207877186,-8.04435092416109,-29.8383929321307,-33.4365833204276,-24.9953208953676,0.60452311665086,1.46189680581194
0.111553747194051,2.22301677382199,3.6237865240967,0.92348200448729,0.540711025496296,0.00313296184460477,0.00238373834355009,8.17008170903808e-13,2.23641383095771e-14,1.03644404586655e-10,-4.1985143997462,-1.2064004526037,-0.717746152844871,-2.08486959887653,-2.62013592478555,-7.77104207877186,-8.04435092416109,-29.8383929321307,-33.4365833204276,-24.9953208953676,2.00526563313624,0.740994147907121
0.11096268230055,2.21123817197561,3.60458597682857,0.918588956908323,0.537846080904664,0.00311636192030278,0.00237110816226435,8.12679272416115e-13,2.22456424512066e-14,1.03095247158062e-10,-4.1985143997462,-1.2064004526037,-0.717746152844871,-2.08486959887653,-2.62013592478555,-7.77104207877186,-8.04435092416109,-29.8383929321307,-33.4365833204276,-24.9953208953676,1.99995307005948,1.1653691326315
0.0621689063530521,0.937980654865635,2.78705632394007,0.902320559241449,0.127972950712467,0.00197388178525406,0.00215940008473922,6.99354792507834e-13,1.14204927934312e-14,1.13278523027727e-10,-4.35101290248316,-1.63713855439387,-0.548126642576252,-1.6758980352636,-3.62904896034779,-7.80086582604828,-7.71103743480387,-29.5617308103004,-33.6764796402194,-24.4742841247067,1.57311260039466,1.07860093154402
0.0632636420223368,0.954497607474533,2.83613375105123,0.918209571277801,0.130226433394838,0.00200863997747635,0.00219742507883507,7.11669769266402e-13,1.16215968751208e-14,1.15273250729998e-10,-4.35101290248316,-1.63713855439387,-0.548126642576252,-1.6758980352636,-3.62904896034779,-7.80086582604828,-7.71103743480387,-29.5617308103004,-33.6764796402194,-24.4742841247067,1.59056841199978,2.69386550732478
0.0492939999902833,0.743728997406797,2.20986924918739,0.715453950337937,0.101470316935488,0.00156509957165037,0.00171219784938242,5.54521498887413e-13,9.0553590962565e-15,8.98190404270142e-11,-4.35101290248316,-1.63713855439387,-0.548126642576252,-1.6758980352636,-3.62904896034779,-7.80086582604828,-7.71103743480387,-29.5617308103004,-33.6764796402194,-24.4742841247067,1.34105999309208,2.35490883341216
0.0450729846548809,0.680043934233666,2.02063948508034,0.654190062303979,0.0927814752111961,0.00143108104414864,0.00156558338553467,5.07038159108222e-13,8.27995418652291e-15,8.2127890446727e-11,-4.35101290248316,-1.63713855439387,-0.548126642576252,-1.6758980352636,-3.62904896034779,-7.80086582604828,-7.71103743480387,-29.5617308103004,-33.6764796402194,-24.4742841247067,1.25154068066196,2.97525704921958
0.0251322855827652,0.379186301835836,1.1266901667971,0.364770418402947,0.0517341052440271,0.000797957751611434,0.000872955031714966,2.82719857884703e-13,4.6168270155895e-15,4.57937634443668e-11,-4.35101290248316,-1.63713855439387,-0.548126642576252,-1.6758980352636,-3.62904896034779,-7.80086582604828,-7.71103743480387,-29.5617308103004,-33.6764796402194,-24.4742841247067,0.667410921289475,2.32648507874696
0.0412960165440107,0.623058485560629,1.8513165312722,0.599371083203983,0.0850066922489536,0.00131116115179612,0.00143439263863053,4.64550026302959e-13,7.58612121403574e-15,7.52458429052681e-11,-4.35101290248316,-1.63713855439387,-0.548126642576252,-1.6758980352636,-3.62904896034779,-7.80086582604828,-7.71103743480387,-29.5617308103004,-33.6764796402194,-24.4742841247067,1.16402366709737,0.419635640332563
0.32527403600643,1.73815315650774,5.47311129841359,1.1726779072462,0.207590789558597,0.00833672052099206,0.00595619613080047,3.47834602401095e-12,1.86089791392006e-14,3.79513033933251e-10,-3.31262684354748,-1.63671643409203,-0.489692331463095,-2.03024963623712,-3.7617260742868,-6.97662494217063,-7.3128628140736,-28.5740037949045,-33.8046717605823,-23.8816717539916,2.18953957932411,0.387574759063351
0.264932471912747,1.4157084837458,4.45779479710343,0.955134509162182,0.169080636436013,0.00679017606935122,0.00485126259539176,2.8330782918403e-12,1.5156828696354e-14,3.09109597056971e-10,-3.31262684354748,-1.63671643409203,-0.489692331463095,-2.03024963623712,-3.7617260742868,-6.97662494217063,-7.3128628140736,-28.5740037949045,-33.8046717605823,-23.8816717539916,1.98434653510791,0.173322192278804
0.301581669279355,1.61154925501777,5.07445986710922,1.08726219017167,0.192470255575097,0.00772948902379205,0.00552235768257424,3.22498965220726e-12,1.72535350847181e-14,3.51869997655145e-10,-3.31262684354748,-1.63671643409203,-0.489692331463095,-2.03024963623712,-3.7617260742868,-6.97662494217063,-7.3128628140736,-28.5740037949045,-33.8046717605823,-23.8816717539916,2.1139124206006,0.170861091320259
0.376169124652448,2.01011909657149,6.32947994105796,1.35616487342183,0.240072175919458,0.00964115334674819,0.0068881522555253,4.02259705433314e-12,2.15206952249037e-14,4.38894808579322e-10,-3.31262684354748,-1.63671643409203,-0.489692331463095,-2.03024963623712,-3.7617260742868,-6.97662494217063,-7.3128628140736,-28.5740037949045,-33.8046717605823,-23.8816717539916,2.33491040643329,0.592991888928071
0.0145551226465107,0.0777775954146239,0.244906747505782,0.0524741260457832,0.0092891195356633,0.000373045420847312,0.000266523471270113,1.55646462312416e-13,8.32700872848237e-16,1.69821693199596e-11,-3.31262684354748,-1.63671643409203,-0.489692331463095,-2.03024963623712,-3.7617260742868,-6.97662494217063,-7.3128628140736,-28.5740037949045,-33.8046717605823,-23.8816717539916,-0.917185431854796,1.04991408706803
0.727191980275391,2.39527736304581,7.78879151604914,2.37819816771429,0.461437265015246,0.00536561947929023,0.00919283607299907,3.16682619591769e-12,3.169931691654e-14,4.31110689985741e-10,-2.94072693900095,-1.74866314123467,-0.569476459476749,-1.75581904602671,-3.39557134600503,-7.84990561737947,-7.31149296057651,-29.100453404198,-33.7046434372309,-24.1868184120822,2.62216217459711,1.2880002318526
0.910474440640518,2.99898634260534,9.75188917258805,2.97760248354494,0.577738543811144,0.00671797754459087,0.0115098110381994,3.96499739758128e-12,3.9688856067064e-14,5.3976841737208e-10,-2.94072693900095,-1.74866314123467,-0.569476459476749,-1.75581904602671,-3.39557134600503,-7.84990561737947,-7.31149296057651,-29.100453404198,-33.7046434372309,-24.1868184120822,2.84693748700829,0.360265584681708
1.16451093284167,3.83575005241214,12.4728175228621,3.80839976496787,0.73893655940391,0.00859239748867341,0.0147212268578301,5.07129317647172e-12,5.07626625625661e-14,6.90372178696456e-10,-2.94072693900095,-1.74866314123467,-0.569476459476749,-1.75581904602671,-3.39557134600503,-7.84990561737947,-7.31149296057651,-29.100453404198,-33.7046434372309,-24.1868184120822,3.09302813774197,0.349170063299811
4.48865569691451,14.7850576917175,48.0769925396501,14.6796348742181,2.84826162081016,0.0331197525501734,0.0567435795898654,1.95475099162409e-11,1.95666788585651e-13,2.66106820082423e-09,-2.94072693900095,-1.74866314123467,-0.569476459476749,-1.75581904602671,-3.39557134600503,-7.84990561737947,-7.31149296057651,-29.100453404198,-33.7046434372309,-24.1868184120822,4.44228019657529,0.322594299926332
0.121569711495023,0.400435078871143,1.30210613315948,0.397579831693865,0.0771416581900584,0.000897007708806636,0.00153682996997892,5.29420232119169e-13,5.29939399314287e-15,7.20717549499638e-11,-2.94072693900095,-1.74866314123467,-0.569476459476749,-1.75581904602671,-3.39557134600503,-7.84990561737947,-7.31149296057651,-29.100453404198,-33.7046434372309,-24.1868184120822,0.833459515424393,0.112311746177935
0.600253187971702,1.9771572187859,6.42917835285381,1.96305937155461,0.380888674362788,0.00442899576074439,0.00758813258258053,2.61402431739142e-12,2.61658771710774e-14,3.5585591295248e-10,-2.94072693900095,-1.74866314123467,-0.569476459476749,-1.75581904602671,-3.39557134600503,-7.84990561737947,-7.31149296057651,-29.100453404198,-33.7046434372309,-24.1868184120822,2.4303232061793,0.240754447880321
0.670133435515827,2.20733381534722,7.17765013743671,2.19159472559677,0.425230954228331,0.00494461038193203,0.00847152744643816,2.91834367803143e-12,2.92120550349595e-14,3.97283929971746e-10,-2.94072693900095,-1.74866314123467,-0.569476459476749,-1.75581904602671,-3.39557134600503,-7.84990561737947,-7.31149296057651,-29.100453404198,-33.7046434372309,-24.1868184120822,2.54044851006092,0.349616937495286
0.0235942778388735,0.0793724199531156,0.491076542228102,0.0273652906098043,0.0336244491525413,0.000123812447627149,0.000365020079620313,9.8483717133626e-14,8.35613820390911e-16,2.00732791633023e-11,-3.32442736033786,-2.11128062635876,-0.288831572385863,-3.17615613421354,-2.9701781228084,-8.57441895604044,-7.49323449277005,-29.5265614682191,-34.296041404399,-24.2093078796869,-0.422323700466479,0.248473645710051
0.139913726103257,0.470677301560636,2.91207678803521,0.162275777256804,0.199392496826093,0.000734206022484723,0.00216456378919304,5.84007017242221e-13,4.95517786103395e-15,1.19034254916724e-10,-3.32442736033786,-2.11128062635876,-0.288831572385863,-3.17615613421354,-2.9701781228084,-8.57441895604044,-7.49323449277005,-29.5265614682191,-34.296041404399,-24.2093078796869,1.35769807189022,0.627840381066749
0.181321121289397,0.609974006563574,3.77390441376487,0.210301209965612,0.258402603576706,0.000951493916730585,0.00280516532787681,7.56843593237495e-13,6.42166019714172e-15,1.54262381357921e-10,-3.32442736033786,-2.11128062635876,-0.288831572385863,-3.17615613421354,-2.9701781228084,-8.57441895604044,-7.49323449277005,-29.5265614682191,-34.296041404399,-24.2093078796869,1.6169416914452,1.92792333828052
0.0949996070667925,0.500705193738044,2.15551779416638,0.118078450873295,0.0816705245814372,0.000478431178708151,0.000732604385329293,4.4837041209266e-13,1.28037838309133e-14,9.16854844480936e-11,-3.43642728678315,-1.77428255000006,-0.314513792844597,-3.21895080076799,-3.58760688170256,-8.72754294782056,-8.30144948491098,-29.5157014546642,-33.0715804191335,-24.1952018063638,1.08254476325398,0.487921965105064
0.225094725198228,1.18638488589273,5.10734413034612,0.279778383003938,0.193512424472751,0.00113360821189354,0.00173585331441184,1.0623813909678e-12,3.03376434061523e-14,2.17242150401736e-10,-3.43642728678315,-1.77428255000006,-0.314513792844597,-3.21895080076799,-3.58760688170256,-8.72754294782056,-8.30144948491098,-29.5157014546642,-33.0715804191335,-24.1952018063638,1.94519332229044,0.608293036991375
0.0107550618806522,0.120754748594491,0.486981699060062,0.0210412251024944,0.0474318960683534,8.50335643013534e-05,0.000152085996510565,9.2716331791803e-14,2.65202095565058e-15,3.03167034778426e-11,-4.15725140129841,-1.73886630007143,-0.344401374220795,-3.48614430418594,-2.673333002434,-8.99733714396569,-8.41593706926969,-29.6341043975557,-33.1883270594723,-23.8441949240939,-0.375127361316968,0.195421402048235
0.00140402369315885,0.0438203578411737,0.147409849418265,0.0120660566810682,0.0159189019087554,2.79080302420255e-05,6.64227269389426e-05,2.86358873219867e-14,3.05358230474634e-16,7.18770567774659e-12,-5.05752339147447,-1.61676707211003,-0.403648773862725,-2.90646929481181,-2.62935836994835,-8.97570638167786,-8.10858158028998,-29.6732259556451,-34.2141563537781,-24.147759387603,-1.51088970657716,0.275614864846186
0.00239830225131422,0.0748523428599939,0.251800147994878,0.0206107995496744,0.0271920897576325,4.76714830991261e-05,0.000113460888396897,4.89147821132466e-14,5.21601832770342e-16,1.2277777642014e-11,-5.05752339147447,-1.61676707211003,-0.403648773862725,-2.90646929481181,-2.62935836994835,-8.97570638167786,-8.10858158028998,-29.6732259556451,-34.2141563537781,-24.147759387603,-0.97547079576161,0.184807037579806
0.0414067666992553,0.544733466178945,0.95005506208541,0.237868422230746,0.0944706637045633,0.000204632156149206,0.000397675489082152,2.36938003444029e-13,1.0386158584954e-15,3.65325404680886e-11,-3.80978762507139,-1.23293531723338,-0.676711996383722,-2.06151426636377,-2.98494259007318,-9.11977321127283,-8.45535089973316,-29.6964545372461,-35.1263641338978,-24.6582943932405,0.625476660406455,0.511034115562256
0.412373609376678,5.42504821079209,9.4616814180227,2.36895241167896,0.940841598548718,0.00203794953222701,0.00396048496093737,2.35968628964395e-12,1.03436661315386e-14,3.63830764231012e-10,-3.80978762507139,-1.23293531723338,-0.676711996383722,-2.06151426636377,-2.98494259007318,-9.11977321127283,-8.45535089973316,-29.6964545372461,-35.1263641338978,-24.6582943932405,2.92396210340237,0.762433923151223
0.514887000259643,4.04539564475979,7.80618916726485,3.30617170960645,1.77269287050808,0.00170646520413526,0.00319921706648761,2.11658127002587e-12,2.1854267290736e-14,4.86586567949904e-10,-3.52316134041951,-1.46177416450858,-0.804436619017087,-1.66356258422412,-2.28685373485115,-9.23268470107274,-8.60420268688898,-29.7405724584297,-34.3137337141444,-24.3029598108985,2.85935352105411,0.575841327903037
0.525951748524516,2.26948598976427,6.66002473359825,2.8049253142549,1.22840990937153,0.000665360820946968,0.00146695745506589,1.8726240579813e-12,1.57022153781903e-14,4.54988450699722e-10,-3.2445634121502,-1.78246423922937,-0.70589441055604,-1.57064069616883,-2.3962970324098,-9.91719868542076,-9.12658239041519,-29.6056980379754,-34.3869921944749,-24.1127666892322,2.60201760885493,1.76372815460377
0.457379566368984,1.97359647684579,5.79170852308305,2.43922665440381,1.06825311114167,0.000578612856820744,0.00127569946589598,1.62847634220136e-12,1.36550025375081e-14,3.95668273501775e-10,-3.2445634121502,-1.78246423922937,-0.70589441055604,-1.57064069616883,-2.3962970324098,-9.91719868542076,-9.12658239041519,-29.6056980379754,-34.3869921944749,-24.1127666892322,2.46232174031982,0.54633507224123
0.424425613155507,1.83139990589581,5.37441902060056,2.26348167811547,0.991286045638103,0.000536924109849034,0.00118378600144602,1.51114549242994e-12,1.26711669054896e-14,3.67160585944705e-10,-3.2445634121502,-1.78246423922937,-0.70589441055604,-1.57064069616883,-2.3962970324098,-9.91719868542076,-9.12658239041519,-29.6056980379754,-34.3869921944749,-24.1127666892322,2.38754488953712,0.484404124896547
0.249155696756317,2.16734073775801,7.25067948351541,0.701316849864056,1.39034779645315,0.000487433873243422,0.000726582843955978,6.46283224444713e-13,1.05453805039587e-14,6.09494779032389e-10,-3.85438587350919,-1.69120763417519,-0.483613397419386,-2.81950408087294,-2.13515465463842,-10.0910645051144,-9.69186663361555,-30.5322471430351,-34.6477970815622,-23.6830993167871,2.46470858375854,0.279118981727972
0.44130026217037,3.8387564412006,12.8422781363017,1.24216027864777,2.4625599778393,0.000863334448513217,0.00128691097053207,1.14468567284137e-12,1.86777956180337e-14,1.07952661440259e-09,-3.85438587350919,-1.69120763417519,-0.483613397419386,-2.81950408087294,-2.13515465463842,-10.0910645051144,-9.69186663361555,-30.5322471430351,-34.6477970815622,-23.6830993167871,3.03635610488887,0.547176741335196
0.435724874159619,4.16476599306726,5.47264438981616,0.576880880112897,1.98556254868109,0.000557618118872507,0.000596461157261644,7.1399288559833e-13,2.17886732938736e-14,8.0298610208963e-10,-3.36735212897825,-1.10994778169403,-0.836845936913187,-3.08672735232879,-1.85070559776859,-10.0284440762517,-9.9611043078943,-30.5045112683657,-33.9939940054133,-23.4792915812134,2.53660787159693,0.649391980812195
0.170171751288958,1.62654363975862,2.13733375170027,0.225300035586137,0.775458726919157,0.000217776990634296,0.000232947085939991,2.78848941053604e-13,8.50953643588208e-15,3.13605119553559e-10,-3.36735212897825,-1.10994778169403,-0.836845936913187,-3.08672735232879,-1.85070559776859,-10.0284440762517,-9.9611043078943,-30.5045112683657,-33.9939940054133,-23.4792915812134,1.59640507873485,2.07352006159373
0.0424867255824146,0.589845390549146,0.710437453953597,0.0654857228840273,0.0917042960560427,0.000104666060965672,6.55148941718421e-05,8.42965594919381e-14,2.03972497596002e-15,7.18680830308897e-11,-3.56411520881144,-0.933446444074464,-0.747425984083672,-3.13147474907065,-2.7947376695215,-9.57028726542736,-10.0387846669705,-30.5099869611398,-34.2315130295832,-23.7617404752683,0.405551617734312,0.641424805101237
0.0456614638679763,0.633920445010711,0.763523516803708,0.0703790167010415,0.0985567219761072,0.000112487029665698,7.04103677568425e-05,9.05954566437335e-14,2.19213947447522e-15,7.72382863492299e-11,-3.56411520881144,-0.933446444074464,-0.747425984083672,-3.13147474907065,-2.7947376695215,-9.57028726542736,-10.0387846669705,-30.5099869611398,-34.2315130295832,-23.7617404752683,0.477614630600486,1.52703871826385
0.106862402471973,1.48357621485404,1.78688877749092,0.164709366962784,0.230654192791123,0.000263255559913028,0.000164782738441907,2.12022290349403e-13,5.13030619152714e-15,1.80762247701077e-10,-3.56411520881144,-0.933446444074464,-0.747425984083672,-3.13147474907065,-2.7947376695215,-9.57028726542736,-10.0387846669705,-30.5099869611398,-34.2315130295832,-23.7617404752683,1.32790197853155,2.47666070348804
0.283646202299932,2.15841326101796,3.3246321823771,0.225568182201876,0.449904223908336,0.000400102712893415,0.000340977519822212,4.70691518825191e-13,6.17756390181466e-15,3.68434951348707e-10,-3.12300712989711,-1.09360619555075,-0.661620499767149,-3.35211235155844,-2.66170010054421,-9.68676880750011,-9.84667355304334,-30.2475530107975,-34.580831937714,-23.5847364885942,1.86297954591444,2.48995458640906
0.0870986160627584,0.662779217214343,1.02088749877411,0.0692647260505213,0.138151101426592,0.000122858660871907,0.000104703217755839,1.44534210399198e-13,1.89693097289687e-15,1.13134510920366e-10,-3.12300712989711,-1.09360619555075,-0.661620499767149,-3.35211235155844,-2.66170010054421,-9.68676880750011,-9.84667355304334,-30.2475530107975,-34.580831937714,-23.5847364885942,0.682292845585872,1.55780508081292
0.062657794811197,0.476796142976819,0.734415336489546,0.0498282887686779,0.0993843961870881,8.83831811764219e-05,7.53223533367088e-05,1.03976335190744e-13,1.36463146079307e-15,8.13877337179005e-11,-3.12300712989711,-1.09360619555075,-0.661620499767149,-3.35211235155844,-2.66170010054421,-9.68676880750011,-9.84667355304334,-30.2475530107975,-34.580831937714,-23.5847364885942,0.35293994289278,4.73114948768814
0.062867480238647,0.478391749770003,0.736873070506865,0.0499950400254217,0.0997169878408345,8.86789570679964e-05,7.55744209350585e-05,1.04324293850236e-13,1.36919822430638e-15,8.16600992198346e-11,-3.12300712989711,-1.09360619555075,-0.661620499767149,-3.35211235155844,-2.66170010054421,-9.68676880750011,-9.84667355304334,-30.2475530107975,-34.580831937714,-23.5847364885942,0.356280873592289,2.06393622044613
0.0182970416435659,0.13923182119361,0.214460595619643,0.0145506281760367,0.0290217752034715,2.58092508912688e-05,2.19952878942823e-05,3.03626921544716e-14,3.9849341556765e-16,2.37664724333032e-11,-3.12300712989711,-1.09360619555075,-0.661620499767149,-3.35211235155844,-2.66170010054421,-9.68676880750011,-9.84667355304334,-30.2475530107975,-34.580831937714,-23.5847364885942,-0.878008761127381,2.29364382771093
0.0667510256390649,0.683034428976367,1.51297128955642,0.259402259896607,0.14021532747935,0.000136876708208534,0.000206492774918987,1.57587422978714e-13,2.31022440247027e-15,1.19335529791524e-10,-3.68613290982379,-1.36055730560768,-0.565271834595493,-2.32872258850628,-2.94392327792487,-9.87577727079225,-9.46459242784428,-30.4581433174891,-34.6807790245518,-23.8284293056743,0.979347293383215,1.19288052255498
0.0627983018223351,0.642587912548891,1.42337929313385,0.244041514784598,0.131912346976923,0.000128771427138893,0.000194265113971599,1.48255737748989e-13,2.17342232444662e-15,1.12268965850776e-10,-3.68613290982379,-1.36055730560768,-0.565271834595493,-2.32872258850628,-2.94392327792487,-9.87577727079225,-9.46459242784428,-30.4581433174891,-34.6807790245518,-23.8284293056743,0.918305662904571,0.781197811511875
0.517380880975244,5.63997591980501,7.16452459236962,2.06569080343364,0.814772800270685,0.00121455516545962,0.0016760766048787,7.33066500553692e-13,1.72420536386249e-14,1.08946807483669e-09,-3.44431033907293,-1.05545458108136,-0.816192669344285,-2.0598696770658,-2.9901803543237,-9.4987117652349,-9.17663394804267,-30.726874350372,-34.4767593932436,-23.4229106415995,2.78533437704409,1.74077020893779
0.0448835611723407,0.489276302073499,0.621533167608,0.179201750486585,0.0706827526242865,0.000105364467591715,0.000145402139102627,6.35946095630266e-14,1.49577380549365e-15,9.4512976378392e-11,-3.44431033907293,-1.05545458108136,-0.816192669344285,-2.0598696770658,-2.9901803543237,-9.4987117652349,-9.17663394804267,-30.726874350372,-34.4767593932436,-23.4229106415995,0.340626666917103,1.98554713386918
0.0880935594651416,2.41201541027773,3.37718949490833,0.738015932973329,0.261508415451434,0.000263943163693464,0.00112118361966356,2.93193835248209e-13,2.22707273860287e-15,3.91029898129151e-10,-4.35771399775003,-1.04789547636672,-0.711314290999021,-2.23214800943524,-3.26964695875161,-10.1681349112512,-8.72172849264284,-30.786300595091,-35.6664464892365,-23.5905952372784,1.92835814421528,1.10524663328833
0.0607821890688994,1.66422582530125,2.33017001069465,0.50921116420089,0.180433780262528,0.000182113691130936,0.000773586572788098,2.02295868575319e-13,1.53662035102027e-15,2.69800123232429e-10,-4.35771399775003,-1.04789547636672,-0.711314290999021,-2.23214800943524,-3.26964695875161,-10.1681349112512,-8.72172849264284,-30.786300595091,-35.6664464892365,-23.5905952372784,1.55725552187811,0.720878484993308
0.0156074289551678,0.427333841239276,0.598332561766648,0.130753386644809,0.046331128406178,4.67624897956135e-05,0.000198638740401006,5.19447957547941e-14,3.94567772681376e-16,6.92782922094566e-11,-4.35771399775003,-1.04789547636672,-0.711314290999021,-2.23214800943524,-3.26964695875161,-10.1681349112512,-8.72172849264284,-30.786300595091,-35.6664464892365,-23.5905952372784,0.197705734743828,0.746308676675119
0.0112118279796845,0.30698160034143,0.42982106639354,0.0939286337957267,0.0332826529780708,3.35925278273699e-05,0.00014269508410864,3.73153141440225e-14,2.83443609215731e-16,4.97670883019821e-11,-4.35771399775003,-1.04789547636672,-0.711314290999021,-2.23214800943524,-3.26964695875161,-10.1681349112512,-8.72172849264284,-30.786300595091,-35.6664464892365,-23.5905952372784,-0.133071990565591,0.255402104226805
0.00107056564874516,0.0293122545866599,0.0410416276116361,0.00896881123733561,0.00317800674805134,3.2075952656125e-06,1.36252942489231e-05,3.56306692959526e-15,2.70647205730002e-17,4.7520293096459e-12,-4.35771399775003,-1.04789547636672,-0.711314290999021,-2.23214800943524,-3.26964695875161,-10.1681349112512,-8.72172849264284,-30.786300595091,-35.6664464892365,-23.5905952372784,-2.48185412875408,0.210741527475957
0.00424752543067863,0.116297909365297,0.162834812793777,0.0355842295689124,0.0126089086615459,1.27263026587702e-05,5.40590704461851e-05,1.41366551527271e-14,1.07380700139945e-16,1.88539258323018e-11,-4.35771399775003,-1.04789547636672,-0.711314290999021,-2.23214800943524,-3.26964695875161,-10.1681349112512,-8.72172849264284,-30.786300595091,-35.6664464892365,-23.5905952372784,-1.1037047194751,0.132081256745493
0.00882041867405354,0.241504440234783,0.338143054583848,0.0738942728216452,0.0261836815889214,2.64274621671044e-05,0.000112259159420577,2.93562026014397e-14,2.22986948096033e-16,3.91520950738333e-11,-4.35771399775003,-1.04789547636672,-0.711314290999021,-2.23214800943524,-3.26964695875161,-10.1681349112512,-8.72172849264284,-30.786300595091,-35.6664464892365,-23.5905952372784,-0.372971943626459,0.351972460070307
0.0261726706374707,0.71661180782101,1.00336584044532,0.219265154640049,0.0776943702592189,7.84177360104804e-05,0.000333104596746293,8.71081351403977e-14,6.6166518445889e-16,1.16175311739874e-10,-4.35771399775003,-1.04789547636672,-0.711314290999021,-2.23214800943524,-3.26964695875161,-10.1681349112512,-8.72172849264284,-30.786300595091,-35.6664464892365,-23.5905952372784,0.714674479681793,0.196184804266379
0.0996382435750985,1.80992771835498,5.88640806603857,0.653494161030975,0.312371246018334,0.000206951733385176,0.00217875173732555,5.35056192954325e-13,1.73096918818632e-15,4.37616023859941e-10,-4.47688732691612,-1.57739120059401,-0.398032134812595,-2.59609979133978,-3.33424101791141,-10.6537030744039,-8.29968127419865,-30.4270827304347,-36.1607730293468,-23.7203573583592,2.17067811046383,0.251542125369352
0.0319834751728546,0.58097951316291,1.88951329812971,0.209768995568317,0.100269912769096,6.64306734965192e-05,0.000699370538843791,1.7175088449385e-13,5.55634142763729e-16,1.40472982382699e-10,-4.47688732691612,-1.57739120059401,-0.398032134812595,-2.59609979133978,-3.33424101791141,-10.6537030744039,-8.29968127419865,-30.4270827304347,-36.1607730293468,-23.7203573583592,1.03435141650458,0.600281136279
0.0478397183366519,1.05774698257204,1.87683457065843,0.454197735734319,0.132276087128609,9.27150603275063e-05,0.000826429905978023,3.01309615955977e-13,2.91891678369647e-16,2.24609474435649e-10,-4.3124126176871,-1.21637240278962,-0.642926941969491,-2.06173619521455,-3.29537753224342,-10.5584931962265,-8.37090901327189,-30.1031515951132,-37.0426624656546,-23.4891714516362,1.27251356071821,1.24877554822287
0.0896571210680247,1.98233920627293,3.51740332461902,0.851218669286264,0.2479005640175,0.000173758660745372,0.00154882446449817,5.64688791155114e-13,5.47038495548299e-16,4.20943925731144e-10,-4.3124126176871,-1.21637240278962,-0.642926941969491,-2.06173619521455,-3.29537753224342,-10.5584931962265,-8.37090901327189,-30.1031515951132,-37.0426624656546,-23.4891714516362,1.90064996748136,0.857259068064498
0.213107427345406,4.71185337363481,8.36057152534499,2.02327510139817,0.589238766602394,0.000413009705523943,0.0036814253358459,1.34221770786672e-12,1.300264441424e-15,1.00054826655852e-09,-4.3124126176871,-1.21637240278962,-0.642926941969491,-2.06173619521455,-3.29537753224342,-10.5584931962265,-8.37090901327189,-30.1031515951132,-37.0426624656546,-23.4891714516362,2.76645373100509,1.23097056637532
0.253035329176366,5.59466830546467,9.92701190366948,2.40235681915883,0.69963880249492,0.000490391386598182,0.00437117881482446,1.59369621118804e-12,1.54388256219141e-15,1.18801143225821e-09,-4.3124126176871,-1.21637240278962,-0.642926941969491,-2.06173619521455,-3.29537753224342,-10.5584931962265,-8.37090901327189,-30.1031515951132,-37.0426624656546,-23.4891714516362,2.93818645869688,1.04264382125676
0.343010687033634,2.35944871327872,4.94480518961767,1.42930370745997,0.824894666776803,0.000233002270884966,0.00770892825902469,1.21207025230736e-12,4.97266254061561e-16,1.93246516987831e-09,-3.36347797051379,-1.4350563000633,-0.695146726872165,-1.93629688791601,-2.48598387317766,-10.6579466539033,-7.15886040342546,-29.732175561756,-37.530890364531,-22.3579536547229,2.29348429574467,0.671813625383474
0.285870759819934,1.96640344431896,4.12108214161545,1.19120526651394,0.687480810589942,0.000194187932725034,0.0064247478638724,1.0101593247101e-12,4.14429891706119e-16,1.61054832202502e-09,-3.36347797051379,-1.4350563000633,-0.695146726872165,-1.93629688791601,-2.48598387317766,-10.6579466539033,-7.15886040342546,-29.732175561756,-37.530890364531,-22.3579536547229,2.11126251147753,1.05272104803109
0.146045719298839,1.00459664233646,2.10537938906706,0.608563219582775,0.351220354085881,9.92067755787474e-05,0.00328227666125752,5.16070427338015e-13,2.1172403806281e-16,8.22797295896371e-10,-3.36347797051379,-1.4350563000633,-0.695146726872165,-1.93629688791601,-2.48598387317766,-10.6579466539033,-7.15886040342546,-29.732175561756,-37.530890364531,-22.3579536547229,1.43964241010251,0.790315822337437
0.358644386813103,2.46698738254717,5.17017892496972,1.49444833968514,0.862491616544169,0.000243622020323247,0.00806028486270753,1.26731384427842e-12,5.19930595495615e-16,2.02054283463397e-09,-3.36347797051379,-1.4350563000633,-0.695146726872165,-1.93629688791601,-2.48598387317766,-10.6579466539033,-7.15886040342546,-29.732175561756,-37.530890364531,-22.3579536547229,2.33805402310501,0.860255725160933
0.281586733860877,1.93693515100087,4.0593240839351,1.17335400293061,0.677178303118468,0.000191277854949841,0.00632846733960137,9.95021194554477e-13,4.08219293548419e-16,1.58641283218263e-09,-3.36347797051379,-1.4350563000633,-0.695146726872165,-1.93629688791601,-2.48598387317766,-10.6579466539033,-7.15886040342546,-29.732175561756,-37.530890364531,-22.3579536547229,2.09616320483679,1.02571414665442
0.358610803269123,2.46675637327362,5.16969478821004,1.49430839919427,0.862410852628153,0.000243599207500477,0.00805953009575416,1.26719517271464e-12,5.19881909073456e-16,2.02035363053196e-09,-3.36347797051379,-1.4350563000633,-0.695146726872165,-1.93629688791601,-2.48598387317766,-10.6579466539033,-7.15886040342546,-29.732175561756,-37.530890364531,-22.3579536547229,2.33796037848739,0.567852968346153
0.719331141668275,4.94802348961244,10.3698004080733,2.99740709704786,1.72989485412286,0.000488631392148281,0.0161664705364102,2.5418446460501e-12,1.0428220337407e-15,4.05259203118192e-09,-3.36347797051379,-1.4350563000633,-0.695146726872165,-1.93629688791601,-2.48598387317766,-10.6579466539033,-7.15886040342546,-29.732175561756,-37.530890364531,-22.3579536547229,3.03404450187662,0.374219592456373
0.0321553500760473,0.495946896461389,0.828297098874339,0.179862001989019,0.0606708544156027,3.75661848739287e-05,0.00232863241850974,2.46755417729059e-13,1.94862982057956e-17,1.17120310741233e-10,-3.90674146572505,-1.17085145498719,-0.657948407302342,-2.18513041115155,-3.27185688753958,-10.6589712840876,-6.53203916198205,-29.4999437939017,-38.946385144827,-23.3373844459447,0.46956503341236,1.24075856383403
0.0224780304925546,0.346689102590459,0.57901678574045,0.125731598492927,0.0424116457242096,2.62604464603269e-05,0.00162781839990613,1.72493093398118e-13,1.36217955712187e-17,8.18723450347365e-11,-3.90674146572505,-1.17085145498719,-0.657948407302342,-2.18513041115155,-3.27185688753958,-10.6589712840876,-6.53203916198205,-29.4999437939017,-38.946385144827,-23.3373844459447,0.111524596389121,0.3898172455352
0.00417358339090639,0.0643711147584328,0.107508299751742,0.023345075154872,0.00787473529917126,4.87587928225785e-06,0.000302243376683308,3.20274638781591e-14,2.52921179056107e-18,1.52015568946183e-11,-3.90674146572505,-1.17085145498719,-0.657948407302342,-2.18513041115155,-3.27185688753958,-10.6589712840876,-6.53203916198205,-29.4999437939017,-38.946385144827,-23.3373844459447,-1.57223882009944,0.506179474435531
0.0100192473060356,0.154531503919434,0.258088108413278,0.0560429873916697,0.0189043594058463,1.17052028886638e-05,0.000725575807158768,7.68862272836264e-14,6.0717124939174e-18,3.64933783989575e-11,-3.90674146572505,-1.17085145498719,-0.657948407302342,-2.18513041115155,-3.27185688753958,-10.6589712840876,-6.53203916198205,-29.4999437939017,-38.946385144827,-23.3373844459447,-0.696505839580079,0.931604380205744
0.0894322861642586,1.37935567990131,2.30370694146897,0.500242416702549,0.168741226610624,0.000104481207257863,0.00647652475656492,6.86290184331247e-13,5.41963994576737e-17,3.25741661063711e-10,-3.90674146572505,-1.17085145498719,-0.657948407302342,-2.18513041115155,-3.27185688753958,-10.6589712840876,-6.53203916198205,-29.4999437939017,-38.946385144827,-23.3373844459447,1.49246794650297,0.805986448565395
0.0208738805581568,0.321947553220236,0.537695116603627,0.116758733386219,0.0393849286491203,2.43863635205185e-05,0.00151164875682793,1.60183083206152e-13,1.26496729255452e-17,7.60295058696251e-11,-3.90674146572505,-1.17085145498719,-0.657948407302342,-2.18513041115155,-3.27185688753958,-10.6589712840876,-6.53203916198205,-29.4999437939017,-38.946385144827,-23.3373844459447,0.0374848300853462,1.00367105617577
0.0171796745714443,0.563283228846364,0.905621818156814,0.167062235980828,0.0812932649909317,7.10119542169417e-05,0.00352150297062393,4.91713794945291e-13,3.45711512370448e-17,1.25590779733494e-10,-4.61678216792411,-1.12672656959294,-0.651887342363674,-2.34214272847381,-3.06244597032775,-10.1054161888707,-6.20162126323927,-28.8936334283005,-38.4562659819205,-23.3507461373821,0.552753863027884,1.18453652926337
0.0364387507921538,1.19474540195594,1.92085872212067,0.354345430605767,0.172426142984619,0.000150619087236728,0.00746924329833839,1.0429438788589e-12,7.33267419755691e-17,2.66382876198819e-10,-4.61678216792411,-1.12672656959294,-0.651887342363674,-2.34214272847381,-3.06244597032775,-10.1054161888707,-6.20162126323927,-28.8936334283005,-38.4562659819205,-23.3507461373821,1.30465967952091,0.893254479330006
0.0431700158425853,1.41544857628324,2.27569550718992,0.419803026186412,0.20427811498754,0.000178442680960551,0.00884902321049997,1.23560503020759e-12,8.68722594478209e-17,3.15591306938346e-10,-4.61678216792411,-1.12672656959294,-0.651887342363674,-2.34214272847381,-3.06244597032775,-10.1054161888707,-6.20162126323927,-28.8936334283005,-38.4562659819205,-23.3507461373821,1.47417306549065,1.4429738674241
0.0255544630575716,0.837873872560434,1.34709648893387,0.248502130813556,0.120922298522067,0.000105629029999155,0.00523817358679877,7.3141560135917e-13,5.14239779962555e-17,1.86814070762771e-10,-4.61678216792411,-1.12672656959294,-0.651887342363674,-2.34214272847381,-3.06244597032775,-10.1054161888707,-6.20162126323927,-28.8936334283005,-38.4562659819205,-23.3507461373821,0.949838869694029,4.43250266700734
0.0294584395743279,0.965876559023079,1.55289353686067,0.286466007451245,0.139395698362979,0.000121766064523238,0.00603841371031395,8.43154569431492e-13,5.92800617669569e-17,2.15353811301025e-10,-4.61678216792411,-1.12672656959294,-0.651887342363674,-2.34214272847381,-3.06244597032775,-10.1054161888707,-6.20162126323927,-28.8936334283005,-38.4562659819205,-23.3507461373821,1.09200733096764,3.02705736533349
0.103580399775913,3.39617038660054,5.46021227470701,1.00725849714959,0.490136693325155,0.000428148191985297,0.0212319903961154,2.96466101519889e-12,2.08437805440083e-16,7.57217089233271e-10,-4.61678216792411,-1.12672656959294,-0.651887342363674,-2.34214272847381,-3.06244597032775,-10.1054161888707,-6.20162126323927,-28.8936334283005,-38.4562659819205,-23.3507461373821,2.34937500951622,1.28923837540799
0.152325180899475,4.9944030880702,8.02977999982281,1.48127283851751,0.720794287700618,0.00062963409039776,0.0312237333022561,4.35982605225284e-12,3.06528324747145e-16,1.11356231822976e-09,-4.61678216792411,-1.12672656959294,-0.651887342363674,-2.34214272847381,-3.06244597032775,-10.1054161888707,-6.20162126323927,-28.8936334283005,-38.4562659819205,-23.3507461373821,2.73504447266469,1.05948829817878
0.106893920827186,3.50481335471088,5.63488362523088,1.03948054149002,0.505816090728985,0.000441844586769223,0.021911198501994,3.05950006491294e-12,2.15105698764507e-16,7.81440347407464e-10,-4.61678216792411,-1.12672656959294,-0.651887342363674,-2.34214272847381,-3.06244597032775,-10.1054161888707,-6.20162126323927,-28.8936334283005,-38.4562659819205,-23.3507461373821,2.38086383750921,1.87037597503409
0.0800917680906608,2.62603051917582,4.22201551816475,0.77884536201426,0.378989794009757,0.000331058248231402,0.0164172725205512,2.29237329659302e-12,1.611709590883e-16,5.85505130665265e-10,-4.61678216792411,-1.12672656959294,-0.651887342363674,-2.34214272847381,-3.06244597032775,-10.1054161888707,-6.20162126323927,-28.8936334283005,-38.4562659819205,-23.3507461373821,2.09219996733131,1.55726857697385
0.0584479366940259,1.91637754041874,3.08106690125203,0.56837182520326,0.276572387100881,0.000241593761705461,0.011980703233865,1.67288714573861e-12,1.17616457200011e-16,4.27279452395323e-10,-4.61678216792411,-1.12672656959294,-0.651887342363674,-2.34214272847381,-3.06244597032775,-10.1054161888707,-6.20162126323927,-28.8936334283005,-38.4562659819205,-23.3507461373821,1.77716327587813,1.59793711675162
0.0143531816947766,0.470608828801149,0.756624023854597,0.139576254334536,0.0679184578336497,5.93286838547625e-05,0.00294212627636587,4.10814384831769e-13,2.88833186588814e-17,1.04927906125753e-10,-4.61678216792411,-1.12672656959294,-0.651887342363674,-2.34214272847381,-3.06244597032775,-10.1054161888707,-6.20162126323927,-28.8936334283005,-38.4562659819205,-23.3507461373821,0.372998527461509,0.553926099558661
0.0627313150896743,2.05681996865204,3.30686401483464,0.610025162078363,0.296841095540368,0.000259299048802762,0.0128587134477287,1.79548529143409e-12,1.26236022239246e-16,4.58592783178507e-10,-4.61678216792411,-1.12672656959294,-0.651887342363674,-2.34214272847381,-3.06244597032775,-10.1054161888707,-6.20162126323927,-28.8936334283005,-38.4562659819205,-23.3507461373821,1.84788765511709,1.3728498217313
0.0737156413799859,2.41697153926405,3.88589975296174,0.716841278016476,0.348818316887122,0.000304702614067502,0.0151102891397346,2.10987685587642e-12,1.48340096669772e-16,5.3889291330672e-10,-4.61678216792411,-1.12672656959294,-0.651887342363674,-2.34214272847381,-3.06244597032775,-10.1054161888707,-6.20162126323927,-28.8936334283005,-38.4562659819205,-23.3507461373821,2.00924189601287,0.979952035168263
0.134723258591544,2.26881669446517,4.34859413712391,0.496617330756889,0.126401435118152,0.000498439161580231,0.0146784659754963,8.89142680122554e-13,6.45404351987825e-17,6.16528699360824e-10,-4.00470489757032,-1.1809139410639,-0.530319750675887,-2.70010786436351,-4.06846480022327,-9.60420137565096,-6.22154611551029,-29.748691033871,-39.2794121008778,-23.2070885989943,2.00017235667228,1.48692745075444
0.271303698198812,4.56890937896479,8.75713431890992,1.00008060844531,0.254545333624704,0.00100374938431247,0.0295592768811453,1.79054232999968e-12,1.29970570307223e-16,1.24155634246805e-09,-4.00470489757032,-1.1809139410639,-0.530319750675887,-2.70010786436351,-4.06846480022327,-9.60420137565096,-6.22154611551029,-29.748691033871,-39.2794121008778,-23.2070885989943,2.70018846956013,1.11637140968087
0.058377002215737,0.983102090793752,1.88429148932534,0.215189502696515,0.0547710687457188,0.000215978921117081,0.00636033339553556,3.85274857142436e-13,2.79660480899357e-17,2.67148357491638e-10,-4.00470489757032,-1.1809139410639,-0.530319750675887,-2.70010786436351,-4.06846480022327,-9.60420137565096,-6.22154611551029,-29.748691033871,-39.2794121008778,-23.2070885989943,1.16387163318796,0.901181850073835
0.0683443234440128,1.15095747848424,2.20601644691058,0.251931075866075,0.0641227109247238,0.000252855280018739,0.00744630019180833,4.51056896585385e-13,3.27409864084136e-17,3.12761413894997e-10,-4.00470489757032,-1.1809139410639,-0.530319750675887,-2.70010786436351,-4.06846480022327,-9.60420137565096,-6.22154611551029,-29.748691033871,-39.2794121008778,-23.2070885989943,1.32150812701457,1.69851955330618
0.0686417056630761,0.832923738444215,1.79792461509947,0.304119911569128,0.06623166630711,0.000139962749997865,0.00695352857759243,3.66471276358342e-13,4.87541232729435e-17,7.39988287691695e-10,-3.80278898832617,-1.30674720511222,-0.537301005534268,-2.31426722301697,-3.8385306010198,-9.99806825582086,-6.09244005285873,-29.7587902631026,-38.6836759136866,-22.148320770918,1.12393401361878,1.10563305911802
0.0112354011988835,0.310475408805371,0.324391921276423,0.0729319208599657,0.0334825050650188,9.01895942967415e-05,0.00155383388689163,1.69053531732216e-13,1.51925966840449e-17,1.6203162867276e-10,-4.20653649813154,-0.887501413324515,-0.843653694522908,-2.33607969781169,-3.11458304731446,-9.03144733399938,-6.18488076052744,-29.1264118082173,-38.4435742588382,-22.2610803949171,-0.28214916611493,1.19047918897123
0.039515877753146,1.09196886542247,1.140914443406,0.2565078734608,0.117760866176266,0.000317204603533877,0.00546496816946842,5.94575892343897e-13,5.3433676527655e-17,5.69879251967631e-10,-4.20653649813154,-0.887501413324515,-0.843653694522908,-2.33607969781169,-3.11458304731446,-9.03144733399938,-6.18488076052744,-29.1264118082173,-38.4435742588382,-22.2610803949171,0.975483778722884,1.01549170335
0.0386101771933655,1.06694103182975,1.11476478132562,0.250628734800821,0.115061797131606,0.000309934300979034,0.00533971156347347,5.80948263422382e-13,5.22089812027898e-17,5.56817667944656e-10,-4.20653649813154,-0.887501413324515,-0.843653694522908,-2.33607969781169,-3.11458304731446,-9.03144733399938,-6.18488076052744,-29.1264118082173,-38.4435742588382,-22.2610803949171,0.95229711872777,2.20003067880193
0.0137667429715829,0.972448118224059,1.06208776413672,0.243211272514185,0.084060429361803,0.000279620721037963,0.00475120753970022,3.56007263475052e-13,3.40978723891028e-17,4.10083587917681e-10,-5.15285424750787,-0.895293276321735,-0.807118162703965,-2.28117950170507,-3.34357406415584,-9.049431163312,-6.21671119689871,-29.5311799837862,-38.7846514073706,-22.4820148265787,0.867354722539236,1.09236821219397
0.0109584046573748,0.774074158993078,0.845427820151886,0.193597537699874,0.0669125734765856,0.000222579663036201,0.00378198786297371,2.83383779458745e-13,2.71420977617304e-17,3.26428837164044e-10,-5.15285424750787,-0.895293276321735,-0.807118162703965,-2.28117950170507,-3.34357406415584,-9.049431163312,-6.21671119689871,-29.5311799837862,-38.7846514073706,-22.4820148265787,0.639205678992142,1.3535301860175
0.0812991476991596,0.916777369560591,1.64476198237343,0.343856935654337,0.152373414627977,0.000393779089101731,0.0049419515332565,1.88978025104274e-13,5.61914657698788e-17,5.28471586890829e-10,-3.65524429572177,-1.23251516732125,-0.648028867651073,-2.21315414267181,-3.02704564547843,-8.98534504330272,-6.45561952840827,-30.4427702057337,-38.563391332986,-22.5066566236927,1.14562454983327,1.21909954402629
0.0103672094885407,0.116906798085488,0.209738878114083,0.0438483918577786,0.01943054945395,5.02144293570076e-05,0.000630194144433997,2.4098343345941e-14,7.16549574738679e-18,6.73903208716592e-11,-3.65524429572177,-1.23251516732125,-0.648028867651073,-2.21315414267181,-3.02704564547843,-8.98534504330272,-6.45561952840827,-30.4427702057337,-38.563391332986,-22.5066566236927,-0.913863091875493,0.578090137362746
0.00399461737293178,0.0450456728170016,0.0808150512652244,0.0168953418066657,0.00748683727286042,1.9348256838359e-05,0.000242821800838354,9.28539749244721e-15,2.76095643961074e-18,2.59663457962272e-11,-3.65524429572177,-1.23251516732125,-0.648028867651073,-2.21315414267181,-3.02704564547843,-8.98534504330272,-6.45561952840827,-30.4427702057337,-38.563391332986,-22.5066566236927,-1.86756318511666,0.813339057257322
0.0071599714557021,0.125195337968909,0.283845991208337,0.0361669616065342,0.0124206248566366,3.89756035923954e-05,0.000349877546793006,1.51089555690566e-14,1.33044835499341e-17,1.22382501901336e-10,-4.17391357557492,-1.31254434860311,-0.493987763311634,-2.55427353060722,-3.6230611841477,-9.38723894740853,-7.19259162192762,-31.0581530337748,-38.0930948773796,-22.0585340053159,-0.765335709076389,0.847409522187326
0.00759391130931019,0.173479702504478,0.255375036744404,0.0377090115970615,0.0183978779033701,4.85545617071468e-05,0.000235700236616319,1.68657683050639e-14,5.56179007093938e-18,1.45658927582245e-10,-4.1728373791117,-1.04412355770879,-0.657450964783323,-2.5702850615106,-3.28794883518002,-9.22525129151131,-7.64537862695811,-31.0059192540726,-39.0230405450649,-21.9421822224615,-0.707571117176932,0.444420584506347
0.0215842865497425,0.493083926965282,0.72585624801601,0.107180881981156,0.0522925607633399,0.000138007349638037,0.000669934272307279,4.79378229676919e-14,1.58083582663771e-17,4.14008526490014e-10,-4.1728373791117,-1.04412355770879,-0.657450964783323,-2.5702850615106,-3.28794883518002,-9.22525129151131,-7.64537862695811,-31.0059192540726,-39.0230405450649,-21.9421822224615,0.337047675532717,0.444332837536171
0.222757752620083,5.08880695086868,7.4911026667787,1.10614600760317,0.539678403895619,0.0014242864585575,0.00691396736966135,4.94735912867587e-13,1.63148054577383e-16,4.27271981929686e-09,-4.1728373791117,-1.04412355770879,-0.657450964783323,-2.5702850615106,-3.28794883518002,-9.22525129151131,-7.64537862695811,-31.0059192540726,-39.0230405450649,-21.9421822224615,2.6711669700054,0.708914832770241
0.132106569421645,1.7018306086009,4.31994804063655,1.60365222089885,0.342165073527319,0.000271273177378409,0.00359078168801589,4.75635684507473e-13,1.81671158483361e-16,5.64315015055599e-09,-4.11645037370908,-1.56059953540283,-0.629060661136482,-1.62002036964275,-3.164766022925,-10.3046882458933,-7.72168939547929,-30.4664282380949,-38.3366374782966,-21.0851274257175,2.09230403568974,0.437510886826496
0.0351721641247791,0.453096812220121,1.15014659877234,0.426957715724917,0.0910983168858075,7.22239988455898e-05,0.000956012735930249,1.2663364458208e-13,4.83682819930117e-17,1.5024370411333e-09,-4.11645037370908,-1.56059953540283,-0.629060661136482,-1.62002036964275,-3.164766022925,-10.3046882458933,-7.72168939547929,-30.4664282380949,-38.3366374782966,-21.0851274257175,0.768950072580449,0.370012194480668
0.19101357329001,2.46068569569493,6.24623525750238,2.31872905616577,0.494738252878918,0.000392235292882375,0.00519192984977983,6.87724100926706e-13,2.62679269453171e-16,8.15946004493812e-09,-4.11645037370908,-1.56059953540283,-0.629060661136482,-1.62002036964275,-3.164766022925,-10.3046882458933,-7.72168939547929,-30.4664282380949,-38.3366374782966,-21.0851274257175,2.46103958459423,0.435705569661929
0.0607432684468473,0.78251031694998,1.98633394733982,0.737367397971967,0.157329230525002,0.000124732778302137,0.00165105957231401,2.18699692175971e-13,8.35333170569516e-17,2.59474896654856e-09,-4.11645037370908,-1.56059953540283,-0.629060661136482,-1.62002036964275,-3.164766022925,-10.3046882458933,-7.72168939547929,-30.4664282380949,-38.3366374782966,-21.0851274257175,1.3153513633487,0.255403756501508
0.279674468799632,3.60283802335592,9.14548896997612,3.39499076376554,0.724376051845767,0.000574295298977497,0.00760181696919268,1.00693824681956e-12,3.84604527749721e-16,1.19467565286327e-08,-4.11645037370908,-1.56059953540283,-0.629060661136482,-1.62002036964275,-3.164766022925,-10.3046882458933,-7.72168939547929,-30.4664282380949,-38.3366374782966,-21.0851274257175,2.84232141010936,0.356116863108562
0.319775263261434,3.99295506590522,9.74039606560123,2.57064013869883,0.774068342119703,0.000598261139959073,0.00574414314369606,1.49449926190596e-12,5.09457236670518e-16,6.54404376287525e-09,-3.99684708356545,-1.47217867653834,-0.580428470692159,-1.91255530224195,-3.11280536331739,-10.278193461779,-8.01628477832611,-30.0859401583997,-38.0698960080437,-21.7014208015267,2.85671025133928,0.202586417412529
0.185722588535829,2.31907228590375,5.65713417672553,1.49300460543418,0.449571911022321,0.000347464673784838,0.0033361465258036,8.6799169096184e-13,2.95888167764257e-16,3.80072159033545e-09,-3.99684708356545,-1.47217867653834,-0.580428470692159,-1.91255530224195,-3.11280536331739,-10.278193461779,-8.01628477832611,-30.0859401583997,-38.0698960080437,-21.7014208015267,2.3133459054789,1.04180692744965
0.100299236699786,1.25241190078987,3.0551277812089,0.806295149636169,0.242790712065182,0.000187647834523026,0.00180168149009075,4.68757757209666e-13,1.59794011106667e-16,2.05257463523614e-09,-3.99684708356545,-1.47217867653834,-0.580428470692159,-1.91255530224195,-3.11280536331739,-10.278193461779,-8.01628477832611,-30.0859401583997,-38.0698960080437,-21.7014208015267,1.69724988935062,0.488342850077843
0.240725257644313,3.00587708754808,7.33252262396713,1.93516535140234,0.582714870408004,0.000450368066580206,0.0043241629265162,1.12505175103998e-12,3.83516921557519e-16,4.92632420903018e-09,-3.99684708356545,-1.47217867653834,-0.580428470692159,-1.91255530224195,-3.11280536331739,-10.278193461779,-8.01628477832611,-30.0859401583997,-38.0698960080437,-21.7014208015267,2.57274807799391,0.506392040580001
0.224061884251056,2.79780564222405,6.82495410542718,1.80121022287255,0.542378448869059,0.000419192894804447,0.0040248377033845,1.04717393465389e-12,3.56969289086031e-16,4.58531645373844e-09,-3.99684708356545,-1.47217867653834,-0.580428470692159,-1.91255530224195,-3.11280536331739,-10.278193461779,-8.01628477832611,-30.0859401583997,-38.0698960080437,-21.7014208015267,2.50101408726104,0.362764858582501
2.14415317680415,26.7735133796055,65.3111843435961,17.2366247582606,5.190273562413,0.00401145326476672,0.0385155582203505,1.00208981378503e-11,3.41600642060887e-15,4.38790420503629e-08,-3.99684708356545,-1.47217867653834,-0.580428470692159,-1.91255530224195,-3.11280536331739,-10.278193461779,-8.01628477832611,-30.0859401583997,-38.0698960080437,-21.7014208015267,4.7595917686269,0.259116845156094
0.0249388622385885,0.155305616000567,0.347144656183827,0.0866015279789558,0.0507345528070451,3.89131154574645e-05,0.00029819135264769,4.97171445549683e-14,1.84526557310359e-17,1.63693326602703e-10,-3.28345343104439,-1.4544858585403,-0.650139180622932,-2.0385632907998,-2.57327355690818,-9.74630467720458,-7.70990062588199,-30.2245520317581,-38.1234488430326,-22.1251518697305,-0.407874528670807,0.373285997523345
0.0221115098591866,0.137698409275064,0.307788399259673,0.0767833961873511,0.0449827082672035,3.45014831814594e-05,0.000264384997635994,4.4080644958084e-14,1.63606533137525e-17,1.45135193836477e-10,-3.28345343104439,-1.4544858585403,-0.650139180622932,-2.0385632907998,-2.57327355690818,-9.74630467720458,-7.70990062588199,-30.2245520317581,-38.1234488430326,-22.1251518697305,-0.528203566879522,0.0911181975490205
0.170694952773042,1.06299495682629,2.37604426881289,0.592747318904066,0.347254498321097,0.000266342238940881,0.00204098159613588,3.40290810407923e-13,1.26299875608306e-16,1.12040494816463e-09,-3.28345343104439,-1.4544858585403,-0.650139180622932,-2.0385632907998,-2.57327355690818,-9.74630467720458,-7.70990062588199,-30.2245520317581,-38.1234488430326,-22.1251518697305,1.51557621360502,0.365432770355105
0.511669271182998,4.06063129121817,15.866998526289,0.762363880465771,1.32975496304072,0.000404642288364905,0.0049148643144599,1.07120091774491e-12,5.05222689756661e-16,2.86101084207693e-09,-3.7852235702491,-1.71380830089304,-0.35090536499417,-3.38647805672576,-2.83015206592267,-10.9276538726151,-8.43063788504831,-30.6773874966565,-38.336679124868,-22.7872375861418,3.11514675286712,0.494761986275552
0.087824683855646,0.696980802816343,2.72346651986248,0.130854773885617,0.228243742221446,6.94542022586361e-05,0.000843604314194703,1.83864631404018e-13,8.67181703173036e-17,4.91073798768574e-10,-3.7852235702491,-1.71380830089304,-0.35090536499417,-3.38647805672576,-2.83015206592267,-10.9276538726151,-8.43063788504831,-30.6773874966565,-38.336679124868,-22.7872375861418,1.35281088970438,0.679823975698794
0.0324446320736759,0.257482119115396,1.00611656453155,0.0483410222208271,0.0843189398969598,2.565811727778e-05,0.00031164850686853,6.79241877724323e-14,3.20358583319443e-17,1.81414928270698e-10,-3.7852235702491,-1.71380830089304,-0.35090536499417,-3.38647805672576,-2.83015206592267,-10.9276538726151,-8.43063788504831,-30.6773874966565,-38.336679124868,-22.7872375861418,0.357003299275048,0.812748842388394
0.0301858023191411,0.200492054640833,0.84315136364667,0.0596026613045208,0.0533741621336786,2.8466271815697e-05,0.000304532415950344,3.08809063056011e-14,1.90245565220808e-17,1.35106430444092e-10,-3.67192983384542,-1.77852690756666,-0.342155030362747,-2.99160129996675,-3.10197475210566,-10.6383368633964,-8.26827926697685,-31.2801845677296,-38.6723473275079,-22.8965045212529,0.171546246819424,0.648354668169275
1.072136347205,7.12105700665583,29.9469669086065,2.11696144098197,1.89573822223182,0.0010110622325143,0.0108163522900791,1.09682498198408e-12,6.75712320684113e-16,4.79869686049003e-09,-3.67192983384542,-1.77852690756666,-0.342155030362747,-2.99160129996675,-3.10197475210566,-10.6383368633964,-8.26827926697685,-31.2801845677296,-38.6723473275079,-22.8965045212529,3.74158307796303,0.738578515674187
1.26263547849789,8.38633933496374,35.2679983201603,2.49310699050926,2.23257642889774,0.00119070960430533,0.0127382213885286,1.29171083469583e-12,7.95774111733173e-16,5.65133802468934e-09,-3.67192983384542,-1.77852690756666,-0.342155030362747,-2.99160129996675,-3.10197475210566,-10.6383368633964,-8.26827926697685,-31.2801845677296,-38.6723473275079,-22.8965045212529,3.90513101995682,1.46945658944462
0.340638340472653,2.63099987085138,15.9889647964064,0.624233707261618,1.88813344147115,0.000970154545671369,0.00467961799318425,1.12910375818847e-12,3.54429465050991e-16,1.76516869930657e-09,-4.14399196818466,-2.09969406557259,-0.295159234480912,-3.53828846840738,-2.43146927457248,-10.0051131922669,-8.43159681631557,-30.5766549507917,-38.6430803364983,-23.2220775893285,3.06705801854348,1.89025631602431
0.122016499887727,4.6530339631395,10.7971447130651,0.996415243099296,4.43028345729151,0.00236535129831425,0.0156077668524151,1.03816537192583e-12,4.3079174385466e-16,2.34844609637025e-09,-5.14892430408351,-1.50780583364354,-0.666043584915079,-3.04891650320963,-1.5568617378166,-9.09215403322709,-7.20531191914177,-30.6388913316982,-38.4262321991482,-22.9148372687614,3.04532530567122,1.83667083285866
0.111542701576903,5.09608691862597,5.09323598666807,0.648069510548696,1.16894847761446,0.00138467853326043,0.00990471747023198,3.92095888469129e-13,2.48209427211651e-16,6.99728941017332e-10,-4.68896132949346,-0.867140567509948,-0.86770015955719,-2.92937086089718,-2.33950893425794,-9.07790081411238,-7.11035766507245,-31.0628835134712,-38.427872361404,-23.5759416248747,2.49561354187964,1.90216733020362
0.0368408451941393,1.68315942334907,1.68221780420738,0.214047429151652,0.386085770694982,0.000457338102505294,0.00327137641328261,1.29503263988908e-13,8.19797705663948e-17,2.31109747472859e-10,-4.68896132949346,-0.867140567509948,-0.86770015955719,-2.92937086089718,-2.33950893425794,-9.07790081411238,-7.11035766507245,-31.0628835134712,-38.427872361404,-23.5759416248747,1.38781320393002,1.55864568664274
0.0150776351134896,0.688856715673991,0.688471344769514,0.0876019270655205,0.158011042970735,0.000187172063961428,0.00133885690239805,5.30010359464089e-14,3.35513764891673e-17,9.45849213068763e-11,-4.68896132949346,-0.867140567509948,-0.86770015955719,-2.92937086089718,-2.33950893425794,-9.07790081411238,-7.11035766507245,-31.0628835134712,-38.427872361404,-23.5759416248747,0.494418578080269,0.533588176165843
0.0115226164822754,0.52643744766378,0.526142939864493,0.0669470643828732,0.120755054384304,0.000143040463109092,0.00102317999439963,4.05044030961711e-14,2.56406021784692e-17,7.22836018395393e-11,-4.68896132949346,-0.867140567509948,-0.86770015955719,-2.92937086089718,-2.33950893425794,-9.07790081411238,-7.11035766507245,-31.0628835134712,-38.427872361404,-23.5759416248747,0.22551780518756,0.544264647266055
0.0125563947904089,0.573668006349916,0.573347076099188,0.0729533758016978,0.131588874637889,0.000155873670581979,0.00111497696474517,4.41383497235819e-14,2.79410083735687e-17,7.87686931146344e-11,-4.68896132949346,-0.867140567509948,-0.86770015955719,-2.92937086089718,-2.33950893425794,-9.07790081411238,-7.11035766507245,-31.0628835134712,-38.427872361404,-23.5759416248747,0.311436131367612,3.29789618426281
0.0227504770530531,1.03940828815797,1.03882680625758,0.132181579969679,0.238421117116603,0.000282421859534014,0.00202018638904965,7.99726776122885e-14,5.06253013267467e-17,1.42718142836055e-10,-4.68896132949346,-0.867140567509948,-0.86770015955719,-2.92937086089718,-2.33950893425794,-9.07790081411238,-7.11035766507245,-31.0628835134712,-38.427872361404,-23.5759416248747,0.905792165053398,3.01562748998244
0.0250614201230821,0.490307688801123,1.38847993198795,0.104784329967369,0.110327699889853,0.000157327816723654,0.000884617796879109,3.82143989364521e-14,3.54794009135691e-17,1.00474843609672e-10,-4.43784317375444,-1.46413966017065,-0.42320793690773,-3.00726855303951,-2.95571776352931,-9.50859643641115,-7.78177238572385,-31.6469815263638,-38.6289969133334,-23.7725312436568,0.751417511552481,1.50865920264831
0.163613145101325,3.20096716938353,9.06467261100621,0.684083092621965,0.720272908802504,0.00102711254109554,0.00577521542072119,2.49482190851231e-13,2.3162679294592e-16,6.55948668742895e-10,-4.43784317375444,-1.46413966017065,-0.42320793690773,-3.00726855303951,-2.95571776352931,-9.50859643641115,-7.78177238572385,-31.6469815263638,-38.6289969133334,-23.7725312436568,2.62759266474324,2.37411901188519
0.117966907325509,2.30793312596499,6.5357303239689,0.493231559972193,0.519324822153865,0.000740559628465361,0.00416399490333831,1.79879449596094e-13,1.67005508027087e-16,4.72946325724399e-10,-4.43784317375444,-1.46413966017065,-0.42320793690773,-3.00726855303951,-2.95571776352931,-9.50859643641115,-7.78177238572385,-31.6469815263638,-38.6289969133334,-23.7725312436568,2.30049203351153,1.69937075870775
0.189519963109172,3.70781442701039,10.4999901919293,0.792402116572193,0.834322297393947,0.00118974750333688,0.00668967406503169,2.8898567763146e-13,2.68303021905855e-16,7.59812834260207e-10,-4.43784317375444,-1.46413966017065,-0.42320793690773,-3.00726855303951,-2.95571776352931,-9.50859643641115,-7.78177238572385,-31.6469815263638,-38.6289969133334,-23.7725312436568,2.7745822599688,1.00179725491215
0.0999738781973573,1.95591314932248,5.5388610429219,0.41800088700884,0.440114246376007,0.000627604976451446,0.00352887711239288,1.52443143520801e-13,1.41532813704419e-16,4.00809679882439e-10,-4.43784317375444,-1.46413966017065,-0.42320793690773,-3.00726855303951,-2.95571776352931,-9.50859643641115,-7.78177238572385,-31.6469815263638,-38.6289969133334,-23.7725312436568,2.13499682861059,1.36577683454309
0.0795763861034894,1.55685167727636,4.40877710130465,0.332716911417124,0.350318521505442,0.000499555852259534,0.00280888660789159,1.21340440786877e-13,1.12656126107487e-16,3.19033195625135e-10,-4.43784317375444,-1.46413966017065,-0.42320793690773,-3.00726855303951,-2.95571776352931,-9.50859643641115,-7.78177238572385,-31.6469815263638,-38.6289969133334,-23.7725312436568,1.90680528661991,1.10163857164964
0.0472806999939617,0.925011057836563,2.61949653250077,0.197685384344701,0.208143467285463,0.000296813559115311,0.00166891375102237,7.20950178677167e-14,6.69351897187562e-17,1.89555137510893e-10,-4.43784317375444,-1.46413966017065,-0.42320793690773,-3.00726855303951,-2.95571776352931,-9.50859643641115,-7.78177238572385,-31.6469815263638,-38.6289969133334,-23.7725312436568,1.38619007304739,2.27149857004003
0.022844217008518,0.494878622993805,1.30199672580156,0.156104267049607,0.0693562307199193,0.000159168630563749,0.00148137841121798,3.94368657229247e-14,2.81317149144503e-17,7.15782626818977e-11,-4.49534494624996,-1.41973042016473,-0.45238863857237,-2.57351878408517,-3.38478695931188,-9.46183401577755,-7.23106993333091,-31.5803630054442,-38.8259217569615,-24.0765173494944,0.716287667610242,3.37538600730675
0.1446857215661,3.13435433697719,8.24630302185697,0.988699175340425,0.4392733742231,0.0010081075729239,0.00938243163508714,2.49776622735599e-13,1.78174523108907e-16,4.53346795852824e-10,-4.49534494624996,-1.41973042016473,-0.45238863857237,-2.57351878408517,-3.38478695931188,-9.46183401577755,-7.23106993333091,-31.5803630054442,-38.8259217569615,-24.0765173494944,2.56215361992104,1.87448998367816
0.045341618811798,0.982244122156862,2.58422686203213,0.309838598049527,0.137659512442607,0.000315920802675198,0.00294026690485506,7.82750107860632e-14,5.58363411491658e-17,1.42069842031495e-10,-4.49534494624996,-1.41973042016473,-0.45238863857237,-2.57351878408517,-3.38478695931188,-9.46183401577755,-7.23106993333091,-31.5803630054442,-38.8259217569615,-24.0765173494944,1.40181501554306,1.21002394778293
0.0161674318332832,0.350238154366073,0.921456108725711,0.110478949463144,0.0490851637401121,0.000112647677251399,0.00104840907761179,2.79104702102939e-14,1.99095282216564e-17,5.06577521226891e-11,-4.49534494624996,-1.41973042016473,-0.45238863857237,-2.57351878408517,-3.38478695931188,-9.46183401577755,-7.23106993333091,-31.5803630054442,-38.8259217569615,-24.0765173494944,0.370588505316933,1.52351045992216
0.146531525855187,3.1743403467651,8.35150387597101,1.00131234240838,0.444877332025201,0.00102096833943094,0.00950212646306782,2.52963106906731e-13,1.80447555274076e-16,4.59130293015997e-10,-4.49534494624996,-1.41973042016473,-0.45238863857237,-2.57351878408517,-3.38478695931188,-9.46183401577755,-7.23106993333091,-31.5803630054442,-38.8259217569615,-24.0765173494944,2.5748302661249,1.17023560582758
0.374976582678801,5.32440481347204,7.54372899170839,2.39737704345853,0.641408781646167,0.00183641378904461,0.00321804155349084,3.93777832633526e-13,2.83867383445365e-16,6.815066449115e-10,-3.77125591588019,-1.11806328149816,-0.769647593729453,-1.91598897358291,-3.2344525151733,-9.09030485160916,-8.52934653239286,-31.3533537359443,-38.5883887192194,-23.8970793291479,2.79036421472875,0.880880567444571
0.025487751044006,0.361908211370967,0.512759183814983,0.162953507138409,0.0435975687528205,0.000124823948030488,0.000218735371096222,2.67657017222557e-14,1.92949147572939e-17,4.63230839009994e-11,-3.77125591588019,-1.11806328149816,-0.769647593729453,-1.91598897358291,-3.2344525151733,-9.09030485160916,-8.52934653239286,-31.3533537359443,-38.5883887192194,-23.8970793291479,0.101698622441374,1.13641445285886
0.00553451984186066,0.0785863049786799,0.111342733692767,0.0353844251303765,0.00946696351917304,2.71048087342562e-05,4.74971388946258e-05,5.81201954646314e-15,4.18978074553841e-18,1.00587935963283e-11,-3.77125591588019,-1.11806328149816,-0.769647593729453,-1.91598897358291,-3.2344525151733,-9.09030485160916,-8.52934653239286,-31.3533537359443,-38.5883887192194,-23.8970793291479,-1.4254945501423,0.245167825939212
0.0200178255994775,0.218831423367304,0.461933774778763,0.075621717313321,0.0170109317842376,0.000162614942298205,0.000303157651631711,2.42463864276924e-14,1.77255378713615e-17,4.19817783158105e-11,-3.68031098052643,-1.28863246001184,-0.541512600927946,-2.35119062911843,-3.84307795357788,-8.49330432713784,-7.8704364434684,-31.1196876600398,-38.3407041147012,-23.6629642995267,-0.230821141881989,0.632554198221121
0.0651022510603471,0.711686601182258,1.50230745239812,0.245938001691599,0.0553231891388234,0.000528858578922675,0.000985933534554724,7.88544354469261e-14,5.76472410025989e-17,1.36533723819987e-10,-3.68031098052643,-1.28863246001184,-0.541512600927946,-2.35119062911843,-3.84307795357788,-8.49330432713784,-7.8704364434684,-31.1196876600398,-38.3407041147012,-23.6629642995267,0.948514828660952,0.74669149876086
0.0125194256086909,0.136860205524141,0.288899785880612,0.0472948702445626,0.0106388725363276,0.000101701639014033,0.000189598997575825,1.5164026165209e-14,1.10857970887875e-17,2.62559860926683e-11,-3.68031098052643,-1.28863246001184,-0.541512600927946,-2.35119062911843,-3.84307795357788,-8.49330432713784,-7.8704364434684,-31.1196876600398,-38.3407041147012,-23.6629642995267,-0.700162811736267,1.5494656862206
0.0423061571381349,0.462483626792139,0.976262020372096,0.159820767735956,0.0359513149694357,0.000343674355023663,0.000640700718658168,5.12428999415736e-14,3.74615807704588e-17,8.87253064295546e-11,-3.68031098052643,-1.28863246001184,-0.541512600927946,-2.35119062911843,-3.84307795357788,-8.49330432713784,-7.8704364434684,-31.1196876600398,-38.3407041147012,-23.6629642995267,0.517488335825026,2.10138153286263
0.0345998596037082,0.378239708791647,0.798430562506917,0.130708542195538,0.0294025866364947,0.000281072194630863,0.000523993584224296,4.19087259066395e-14,3.06377492750926e-17,7.25635073810894e-11,-3.68031098052643,-1.28863246001184,-0.541512600927946,-2.35119062911843,-3.84307795357788,-8.49330432713784,-7.8704364434684,-31.1196876600398,-38.3407041147012,-23.6629642995267,0.316405325903447,1.24029727492967
0.0321108437179805,0.271723620403953,0.790733627708277,0.13642744303851,0.0500970687368948,0.000277047452281334,0.000529776393491791,5.86221167886475e-14,3.68974349175032e-17,2.36395252709633e-10,-3.686904401242,-1.55131273660293,-0.483137027653894,-2.24030526439253,-3.24213568672829,-8.43966466445329,-7.79139844539434,-30.7160072558108,-38.0867325455731,-22.4138588180785,0.248342905879688,0.886391306385327
0.0170458320966348,0.144242712859705,0.419755792449976,0.072421618934462,0.0265937024178693,0.000147068834312307,0.000281228345525072,3.11191686118501e-14,1.95867628370067e-17,1.25488879131307e-10,-3.686904401242,-1.55131273660293,-0.483137027653894,-2.24030526439253,-3.24213568672829,-8.43966466445329,-7.79139844539434,-30.7160072558108,-38.0867325455731,-22.4138588180785,-0.384945155704104,0.812609652589642
0.0658534710322792,0.557255478000349,1.62165013488506,0.279787748557778,0.102739930904397,0.000568173684055507,0.00108647454700362,1.20223246193634e-13,7.56698946575674e-17,4.84803453413e-10,-3.686904401242,-1.55131273660293,-0.483137027653894,-2.24030526439253,-3.24213568672829,-8.43966466445329,-7.79139844539434,-30.7160072558108,-38.0867325455731,-22.4138588180785,0.966581260256306,0.984210088257347
0.078861196766547,0.920675283944144,1.58883944577196,0.432761914128017,0.1545965333773,0.000555615997514715,0.00177633260881011,1.52650948561139e-13,1.76296755716403e-16,9.98167383307688e-10,-3.69633891230824,-1.2389208113993,-0.693269096098112,-1.99384049159994,-3.02320950375217,-8.65170609177353,-7.48947730970935,-30.6668953992861,-37.4306359242186,-21.8813730724331,1.15627293749796,0.994317044732109
0.0609526631602141,0.71159978244189,1.2280310155638,0.334486315982515,0.119489315544862,0.000429441552138692,0.00137294648831954,1.179855522137e-13,1.36261649683445e-16,7.71494255563653e-10,-3.69633891230824,-1.2389208113993,-0.693269096098112,-1.99384049159994,-3.02320950375217,-8.65170609177353,-7.48947730970935,-30.6668953992861,-37.4306359242186,-21.8813730724331,0.89868118247789,2.09547197934217
0.066387221384501,0.775046238258026,1.33752263921558,0.364309218956519,0.130143019728416,0.000467730693220049,0.00149535882016451,1.28505180395402e-13,1.48410780345638e-16,8.40280921054263e-10,-3.69633891230824,-1.2389208113993,-0.693269096098112,-1.99384049159994,-3.02320950375217,-8.65170609177353,-7.48947730970935,-30.6668953992861,-37.4306359242186,-21.8813730724331,0.984088222259204,0.412437537565615
0.125774534282876,1.46837113576434,2.53401608821389,0.690205455110554,0.246563681310064,0.000886143581290073,0.00283304610841706,2.43460697406777e-13,2.81173038895839e-16,1.5919621172315e-09,-3.69633891230824,-1.2389208113993,-0.693269096098112,-1.99384049159994,-3.02320950375217,-8.65170609177353,-7.48947730970935,-30.6668953992861,-37.4306359242186,-21.8813730724331,1.62307452691688,1.11238724028402
0.044523432499495,0.519794595306334,0.897026531638574,0.24432860090965,0.0872820677431058,0.000313689525080601,0.00100288136939051,8.61836300096431e-14,9.95335732255707e-17,5.63545063175477e-10,-3.69633891230824,-1.2389208113993,-0.693269096098112,-1.99384049159994,-3.02320950375217,-8.65170609177353,-7.48947730970935,-30.6668953992861,-37.4306359242186,-21.8813730724331,0.584599256929735,1.76516489099408
0.0205853008526959,0.199721216759994,0.490484822387845,0.14188340822996,0.0605957758069723,0.000317331812918714,0.000704597777682577,6.30424658467763e-14,8.06082052858583e-17,4.80846481999045e-10,-3.79357322169001,-1.52122801400389,-0.622756156564353,-1.86314484041042,-2.71392530745686,-7.96595781603987,-7.16827865903975,-30.3053630475012,-36.9673264399725,-21.3658682739745,-0.0896047870351629,0.731234128397994
0.0736024718471175,0.714100577836558,1.7537220169659,0.507302255844907,0.21665939763532,0.00113461571408055,0.00251928006622413,2.25407505620815e-13,2.88213575436867e-16,1.7192602579566e-09,-3.79357322169001,-1.52122801400389,-0.622756156564353,-1.86314484041042,-2.71392530745686,-7.96595781603987,-7.16827865903975,-30.3053630475012,-36.9673264399725,-21.3658682739745,1.18449655275806,0.501090209962698
0.127292635416072,1.23500939878442,3.03299456831385,0.877359679348132,0.374704069313655,0.00196227410310076,0.00435699767865074,3.89833584565414e-13,4.98454259202771e-16,2.97339428567009e-09,-3.79357322169001,-1.52122801400389,-0.622756156564353,-1.86314484041042,-2.71392530745686,-7.96595781603987,-7.16827865903975,-30.3053630475012,-36.9673264399725,-21.3658682739745,1.73230659440663,0.730426333684812
0.595401853397779,5.77666478972965,14.1866069581858,4.10378477492344,1.75265047043617,0.00917839146028976,0.0203795332278188,1.82341765498273e-12,2.33148279783257e-15,1.39078310601683e-08,-3.79357322169001,-1.52122801400389,-0.622756156564353,-1.86314484041042,-2.71392530745686,-7.96595781603987,-7.16827865903975,-30.3053630475012,-36.9673264399725,-21.3658682739745,3.27505450414628,0.742859162060863
0.735736642061529,7.13821082426381,17.5303561890143,5.07103700268169,2.16574598225978,0.0113417163114007,0.0251829403255141,2.25319282245571e-12,2.88100770078651e-15,1.71858734805299e-08,-3.79357322169001,-1.52122801400389,-0.622756156564353,-1.86314484041042,-2.71392530745686,-7.96595781603987,-7.16827865903975,-30.3053630475012,-36.9673264399725,-21.3658682739745,3.48669017411676,0.471504879213844
0.083427778099064,0.80942695337609,1.98782904442094,0.575022807898279,0.245581591152828,0.00128607729667886,0.0028555826055803,2.55497497419081e-13,3.26687645309379e-16,1.94876693262796e-09,-3.79357322169001,-1.52122801400389,-0.622756156564353,-1.86314484041042,-2.71392530745686,-7.96595781603987,-7.16827865903975,-30.3053630475012,-36.9673264399725,-21.3658682739745,1.30979926734902,0.549547075990729
0.00786121048375614,0.0762704676631716,0.187308626454864,0.0541830961922688,0.0231405968488784,0.000121184149427636,0.000269075078201937,2.4074950227002e-14,3.0783036546535e-17,1.8362789217497e-10,-3.79357322169001,-1.52122801400389,-0.622756156564353,-1.86314484041042,-2.71392530745686,-7.96595781603987,-7.16827865903975,-30.3053630475012,-36.9673264399725,-21.3658682739745,-1.05224145714171,0.690691734071025
0.00828222869202015,0.0803552400662714,0.197340203966415,0.0570849482828855,0.0243799241310579,0.000127674337365924,0.000283485773291092,2.53643181213692e-14,3.24316654591596e-17,1.93462342773965e-10,-3.79357322169001,-1.52122801400389,-0.622756156564353,-1.86314484041042,-2.71392530745686,-7.96595781603987,-7.16827865903975,-30.3053630475012,-36.9673264399725,-21.3658682739745,-1.00006995941063,0.764337863834104
0.0629043378084705,0.610305915686636,1.49881817021742,0.433565771254963,0.185167910753607,0.000969699092573571,0.0021531022035385,1.92644479489608e-13,2.46321674466668e-16,1.46936543478894e-09,-3.79357322169001,-1.52122801400389,-0.622756156564353,-1.86314484041042,-2.71392530745686,-7.96595781603987,-7.16827865903975,-30.3053630475012,-36.9673264399725,-21.3658682739745,1.02743306760508,0.575682132543023
0.0801541901786216,0.777666185470871,1.90982944649333,0.552459726862134,0.23594531713716,0.00123561344400183,0.00274353358621947,2.45472137277508e-13,3.13868884534369e-16,1.87230007667462e-09,-3.79357322169001,-1.52122801400389,-0.622756156564353,-1.86314484041042,-2.71392530745686,-7.96595781603987,-7.16827865903975,-30.3053630475012,-36.9673264399725,-21.3658682739745,1.26977009960618,0.904911825878236
0.0279836204581264,0.271500658029729,0.666764173542573,0.192876046535538,0.0823737871834874,0.000431380288077914,0.000957828934704463,8.56998131639912e-14,1.09578647340235e-16,6.53661831185936e-10,-3.79357322169001,-1.52122801400389,-0.622756156564353,-1.86314484041042,-2.71392530745686,-7.96595781603987,-7.16827865903975,-30.3053630475012,-36.9673264399725,-21.3658682739745,0.217437298075051,1.26276828168313
0.0280901505956507,0.272534227023459,0.669302461224471,0.19361030148276,0.0826873738721785,0.000433022498794821,0.000961475269469883,8.60260616169329e-14,1.0999579952354e-16,6.56150239891838e-10,-3.79357322169001,-1.52122801400389,-0.622756156564353,-1.86314484041042,-2.71392530745686,-7.96595781603987,-7.16827865903975,-30.3053630475012,-36.9673264399725,-21.3658682739745,0.221236944993377,0.52588563463041
0.0369670245864467,0.358658791689938,0.880811245764028,0.254793820016426,0.10881772144699,0.000569863564986057,0.00126531468048651,1.13211480445417e-13,1.44755985253498e-16,8.63502741570919e-10,-3.79357322169001,-1.52122801400389,-0.622756156564353,-1.86314484041042,-2.71392530745686,-7.96595781603987,-7.16827865903975,-30.3053630475012,-36.9673264399725,-21.3658682739745,0.495844230579512,0.232944653111629
0.0155820404447155,0.0551086111634811,0.119626204246503,0.040046821191354,0.0144414268120559,0.000267629238578852,4.73382754476572e-05,2.00255505225756e-14,1.70920845019192e-17,4.02709491600667e-10,-2.75562918185721,-1.49244219296054,-0.717376262798529,-1.81169888000547,-2.83164724108491,-6.81990087381134,-8.55218428400083,-30.1357603109553,-37.2019091125629,-20.2267985788294,-1.40600709961474,0.786775166809951
0.0168279407036329,0.0595149553236548,0.12919121079188,0.0432488629950672,0.0155961265106041,0.000289028190713671,5.1123323358821e-05,2.16267425275355e-14,1.84587240368334e-17,4.34909116651951e-10,-2.75562918185721,-1.49244219296054,-0.717376262798529,-1.81169888000547,-2.83164724108491,-6.81990087381134,-8.55218428400083,-30.1357603109553,-37.2019091125629,-20.2267985788294,-1.32908545507573,0.492520078383109
0.0163417664745571,0.0577955151359011,0.125458761384297,0.0419993647352775,0.015145540493194,0.000280677908271145,4.96463249096641e-05,2.10019266299209e-14,1.79254350214761e-17,4.22344204032507e-10,-2.75562918185721,-1.49244219296054,-0.717376262798529,-1.81169888000547,-2.83164724108491,-6.81990087381134,-8.55218428400083,-30.1357603109553,-37.2019091125629,-20.2267985788294,-1.35840190615822,1.22493672091584
0.0161823288099543,0.0572316359511062,0.124234728967103,0.0415895999379028,0.0149977737502816,0.00027793948765609,4.91619529103438e-05,2.07970223351957e-14,1.77505463702851e-17,4.18223622964708e-10,-2.75562918185721,-1.49244219296054,-0.717376262798529,-1.81169888000547,-2.83164724108491,-6.81990087381134,-8.55218428400083,-30.1357603109553,-37.2019091125629,-20.2267985788294,-1.36820626445775,0.712652350962084
0.024524274413443,0.086734385494121,0.188277387059073,0.0630289233151059,0.0227290845070695,0.00042121652239675,7.45048032352667e-05,3.15178296474302e-14,2.69009037750882e-17,6.3381674023714e-10,-2.75562918185721,-1.49244219296054,-0.717376262798529,-1.81169888000547,-2.83164724108491,-6.81990087381134,-8.55218428400083,-30.1357603109553,-37.2019091125629,-20.2267985788294,-0.952462677699627,0.959605625772758
0.0258498187094133,0.0914224047202151,0.198453835596101,0.0664356552890271,0.0239575982568773,0.000443983400193772,7.85318099179503e-05,3.32213776752412e-14,2.83549055919971e-17,6.68074722779179e-10,-2.75562918185721,-1.49244219296054,-0.717376262798529,-1.81169888000547,-2.83164724108491,-6.81990087381134,-8.55218428400083,-30.1357603109553,-37.2019091125629,-20.2267985788294,-0.899822509370583,0.937977593643118
0.0944421011201268,0.334011007515792,0.725049464359256,0.242722122940976,0.0875288891812398,0.00162208971939477,0.000286915324892271,1.21374031478701e-13,1.03594415545973e-16,2.44080553267229e-09,-2.75562918185721,-1.49244219296054,-0.717376262798529,-1.81169888000547,-2.83164724108491,-6.81990087381134,-8.55218428400083,-30.1357603109553,-37.2019091125629,-20.2267985788294,0.395860863046153,0.238571057529505
0.0413692633863419,0.139354262433226,0.486365953634041,0.0858982640738976,0.0590340209561232,0.000753404896437004,0.00028113829216144,1.05146247749339e-13,5.32475734211737e-17,2.76806622283335e-09,-2.97826219487176,-1.76378102825626,-0.513839038122052,-2.24763674958329,-2.62268646558801,-6.98395285430891,-7.96970895747132,-29.6764692688425,-37.2646245305985,-19.4981619657446,-0.206954909298549,0.373905014007586
0.384268375163937,1.61979368871314,8.41225920373178,2.17634208260668,0.679572168796319,0.0152979571300643,0.00285128943712111,4.05652174619464e-13,1.61492011136775e-15,5.43835137191122e-08,-3.54345490475964,-2.10474203942083,-0.457350756975421,-1.80939530419065,-2.97333267026212,-6.76707680831817,-8.44702478085031,-31.1203211431659,-36.6465317340138,-19.3142456135583,2.58704082790888,2.06812815983256
0.418202597075174,1.76283548459282,9.15513446759522,2.36853191648107,0.739584270418778,0.0166488990904032,0.00310308296150666,4.41474771018244e-13,1.75753152820552e-15,5.91860484634035e-08,-3.54345490475964,-2.10474203942083,-0.457350756975421,-1.80939530419065,-2.97333267026212,-6.76707680831817,-8.44702478085031,-31.1203211431659,-36.6465317340138,-19.3142456135583,2.67166562287991,1.32201401758294
0.792819853720025,3.02795853507552,5.41209393385862,3.33267360115104,0.295256692432111,0.0194822619264864,0.00797642113428364,4.24217398828608e-13,1.38451079454893e-15,6.15671982074384e-08,-2.78847617881292,-1.44842828341678,-0.867680858319105,-1.35254205998326,-3.77622708222617,-6.49456779725173,-7.3875823725963,-31.0448472630609,-36.7697464596652,-19.1594535299319,2.55631692506583,0.671660620842674
0.0508304358755939,0.194132943857213,0.346988149157576,0.213669285629941,0.0189299325705462,0.00124907551308055,0.000511396077028761,2.71980515968304e-14,8.87657982215964e-17,3.94728702345075e-09,-2.78847617881292,-1.44842828341678,-0.867680858319105,-1.35254205998326,-3.77622708222617,-6.49456779725173,-7.3875823725963,-31.0448472630609,-36.7697464596652,-19.1594535299319,-0.190783793583018,0.689452607764098
0.0247125985974787,0.0924378267449281,0.249476890585634,0.0799998021345685,0.00641936361406407,0.000659833545727267,0.000582146215678572,2.56680437646141e-14,5.71717423200867e-17,1.52441710467333e-09,-2.91141919897662,-1.59219610201631,-0.5993660892485,-1.73670821589411,-4.25941338999362,-6.53450005646087,-6.65976601036236,-30.5045067082625,-36.6114490112209,-19.5126308246628,-0.7890229017351,0.461595963608194
0.0335784091878108,0.125600517429593,0.338978399294754,0.108700268020074,0.00872235339024115,0.000896553258326086,0.000790995077271434,3.48766267205416e-14,7.76824885505896e-17,2.07131197116767e-09,-2.91141919897662,-1.59219610201631,-0.5993660892485,-1.73670821589411,-4.25941338999362,-6.53450005646087,-6.65976601036236,-30.5045067082625,-36.6114490112209,-19.5126308246628,-0.482452803277854,0.243724115605144
1.0295696801723,3.85112004074343,10.3936395615165,3.33293038255954,0.26744181179376,0.0274898088908662,0.0242532201025129,1.06937518145415e-12,2.38187385366225e-15,6.35098581283087e-08,-2.91141919897662,-1.59219610201631,-0.5993660892485,-1.73670821589411,-4.25941338999362,-6.53450005646087,-6.65976601036236,-30.5045067082625,-36.6114490112209,-19.5126308246628,2.9405601276807,1.55580937715478
0.769239666309833,5.4788567902731,12.4849298037596,3.29713062171196,0.464212147918468,0.060828696832359,0.0194199695970403,1.48447437720251e-12,4.34631606567374e-15,1.26308061828854e-07,-3.37917886826485,-1.41592970565011,-0.592303868663493,-1.9237735882748,-3.88423978583869,-5.91651978391995,-7.05827955160234,-30.3527865310097,-36.1862739600043,-19.0013681487697,3.11682616993325,1.15704424744188
0.0516312018965209,0.367739696079033,0.837985818456434,0.221302702219525,0.0311578200939294,0.00408280912283169,0.00130346420628448,9.96376027347034e-14,2.91723804844076e-16,8.47777009826887e-09,-3.37917886826485,-1.41592970565011,-0.592303868663493,-1.9237735882748,-3.88423978583869,-5.91651978391995,-7.05827955160234,-30.3527865310097,-36.1862739600043,-19.0013681487697,0.415549766937228,1.97517579374121
0.18454955227872,0.65719192473437,2.11686959727418,0.480280258606021,0.0936471811045629,0.00816788503524784,0.00172998493987984,5.67930200996293e-13,4.68073333279201e-16,2.35397915144546e-08,-2.95465201664498,-1.68459392139351,-0.514876348750809,-1.99820021449108,-3.63303569198984,-6.07236001435722,-7.62445731690187,-29.4615926104303,-36.5627214363293,-18.8293883329235,1.26481474111976,1.46260738134944
0.298967582215622,1.06464133000295,3.42929786362745,0.778047011918392,0.15170706712881,0.013231854592176,0.00280255036308181,9.20038639826445e-13,7.58271970981235e-16,3.81341188208764e-08,-2.95465201664498,-1.68459392139351,-0.514876348750809,-1.99820021449108,-3.63303569198984,-6.07236001435722,-7.62445731690187,-29.4615926104303,-36.5627214363293,-18.8293883329235,1.74723188449204,0.904585635979196
0.557072725705226,5.66136289315057,6.54615622380277,1.12516098242132,0.55243469651584,0.04568482228096,0.00444378445059128,2.96061305905604e-12,4.73220675051243e-15,1.1636584426368e-07,-3.25867807559573,-0.939953937741745,-0.79474055348267,-2.55569247390869,-3.2670386437409,-5.75960774744872,-8.0898675066619,-29.2192433493054,-35.6580033525692,-18.6401453736836,2.67361859481351,0.462031792141673
0.29307605431344,6.50527643283313,8.38506379016756,3.27614540019648,1.10804441515951,0.0996709816444755,0.00187079746054467,2.62893324188566e-12,9.09428589921875e-15,3.80145209265125e-07,-4.20637446219063,-1.10643772307752,-0.852599326679567,-1.7923837811182,-2.87645465617275,-5.28493203068346,-9.26044181910872,-29.6434942930502,-35.3101814313554,-17.7617638571523,2.97905132957846,0.418035679782109
0.0062991526823366,0.174959061527621,0.363934934737029,0.0737908312642903,0.0278945776286808,0.00211837285689788,2.89322628518881e-05,3.57200296055888e-14,1.52759072187619e-16,1.78970280779535e-08,-4.63505746447752,-1.31092058153378,-0.578497493026079,-2.17423810768551,-3.14704027425019,-5.72482432030436,-10.0182705388376,-30.5307821250593,-35.9853870001949,-17.4063484820291,-0.432282685019579,0.601484485289362
0.00105321816684623,0.0292531505978523,0.0608499117492189,0.0123378250938675,0.00466397266372201,0.000354191887314469,4.83747360641458e-06,5.97238803345476e-15,2.55413129498706e-17,2.99238263538418e-09,-4.63505746447752,-1.31092058153378,-0.578497493026079,-2.17423810768551,-3.14704027425019,-5.72482432030436,-10.0182705388376,-30.5307821250593,-35.9853870001949,-17.4063484820291,-2.220847416824,0.562669040383235
0.00677185764388078,0.188088449021772,0.39124556808806,0.0793282890485587,0.0299878599969954,0.00227734111983014,3.11034158447562e-05,3.84005544432253e-14,1.64222514175056e-16,1.92400680701523e-08,-4.63505746447752,-1.31092058153378,-0.578497493026079,-2.17423810768551,-3.14704027425019,-5.72482432030436,-10.0182705388376,-30.5307821250593,-35.9853870001949,-17.4063484820291,-0.359922371736307,0.62362064153714
0.0417480520688422,0.777593419743898,1.0948664769802,0.164271926678033,0.168626524265674,0.00747637997841422,9.47185965064839e-05,5.64205117804178e-14,1.66497330096389e-16,3.42842709007419e-08,-3.98910944747036,-1.06455844979811,-0.722374544660441,-2.61923909643341,-2.59307588677665,-5.70901352591018,-10.0776071658892,-31.3189505801366,-37.1445593617209,-18.0015861239372,0.813006961662892,1.02469081748676
0.110776314506448,2.06330424906179,2.9051720304585,0.43588713035661,0.447441831666319,0.0198381907374462,0.000251330936804176,1.49708933659851e-13,4.41792124164921e-16,9.09715540658562e-08,-3.98910944747036,-1.06455844979811,-0.722374544660441,-2.61923909643341,-2.59307588677665,-5.70901352591018,-10.0776071658892,-31.3189505801366,-37.1445593617209,-18.0015861239372,1.78886715195743,1.1252106481966
0.162474468119111,3.02622687826197,4.26098559557862,0.639311119711726,0.656258279923135,0.0290964679848094,0.000368624470502307,2.19576535628903e-13,6.47971912702777e-16,1.33427032002934e-07,-3.98910944747036,-1.06455844979811,-0.722374544660441,-2.61923909643341,-2.59307588677665,-5.70901352591018,-10.0776071658892,-31.3189505801366,-37.1445593617209,-18.0015861239372,2.17187503864648,0.600153505141065
0.298580532659948,5.56131953359524,7.83044476779906,1.17486677672344,1.2060106984828,0.0534707945808355,0.000677423917912944,4.03517424778645e-13,1.19078278010823e-15,2.4519984430702e-07,-3.98910944747036,-1.06455844979811,-0.722374544660441,-2.61923909643341,-2.59307588677665,-5.70901352591018,-10.0776071658892,-31.3189505801366,-37.1445593617209,-18.0015861239372,2.78039385608939,0.108946956849615
0.032338729480565,0.236942556968538,0.405591431324409,0.0991532320648596,0.134374846908501,0.00328532136577129,3.51734439121968e-05,3.20054598532301e-14,5.23595628007705e-17,3.82371850443953e-08,-3.33906881688289,-1.34751664784766,-0.809988057817079,-2.21866793178108,-1.91470112434918,-5.6258699085523,-10.1627982993643,-30.9804489912143,-37.3959761877194,-16.9870364692913,-0.0924208950372537,0.935816223304938
0.0712305054823172,0.46483395425168,1.17461916373063,0.443611140409774,0.13376516521761,0.00637375229395286,6.02927950393219e-05,2.1879788578375e-14,7.6989596588303e-17,8.3745540910365e-08,-3.47234646968284,-1.59658738994299,-0.669568386061186,-1.64331927532981,-2.84218187997547,-5.8860792908351,-10.5468103117682,-32.28372544533,-37.9333737355565,-17.1259952756664,0.830512365146441,1.15481619475398
0.0176083248372342,0.114907892432007,0.290368229945298,0.109661569981282,0.033067019040637,0.00157560444172124,1.49045007221058e-05,5.40872793263659e-15,1.90319837917055e-17,2.07020668747839e-08,-3.47234646968284,-1.59658738994299,-0.669568386061186,-1.64331927532981,-2.84218187997547,-5.8860792908351,-10.5468103117682,-32.28372544533,-37.9333737355565,-17.1259952756664,-0.567037016969853,0.411134183582667
0.0233624074542671,0.15245771687668,0.385255324538977,0.145496990977806,0.0438727237977691,0.00209048352381638,1.97750224391561e-05,7.17620255984446e-15,2.52512924491615e-17,2.74671285284034e-08,-3.47234646968284,-1.59658738994299,-0.669568386061186,-1.64331927532981,-2.84218187997547,-5.8860792908351,-10.5468103117682,-32.28372544533,-37.9333737355565,-17.1259952756664,-0.284280597819539,0.670541266624092
0.0354162047757607,0.231118035721239,0.584027202313537,0.220565934260589,0.0665087865252678,0.00316906520463549,2.99779141135771e-05,1.08787529653913e-14,3.827965700807e-17,4.16387502216256e-08,-3.47234646968284,-1.59658738994299,-0.669568386061186,-1.64331927532981,-2.84218187997547,-5.8860792908351,-10.5468103117682,-32.28372544533,-37.9333737355565,-17.1259952756664,0.131760668126495,0.376491880382818
0.051058920719439,0.333198814989903,0.841981765401687,0.317986035548568,0.095884550019993,0.00456878567488294,4.32186325370153e-05,1.56837071815905e-14,5.51871095369332e-17,6.00298552564724e-08,-3.47234646968284,-1.59658738994299,-0.669568386061186,-1.64331927532981,-2.84218187997547,-5.8860792908351,-10.5468103117682,-32.28372544533,-37.9333737355565,-17.1259952756664,0.497571464794341,1.12996908273469
0.0653501288045029,0.426459963710277,1.0776494302022,0.406989182072951,0.122722290363312,0.00584757233656325,5.53153721867285e-05,2.00735203566267e-14,7.06337828095481e-17,7.68319956209454e-08,-3.47234646968284,-1.59658738994299,-0.669568386061186,-1.64331927532981,-2.84218187997547,-5.8860792908351,-10.5468103117682,-32.28372544533,-37.9333737355565,-17.1259952756664,0.744350601763679,0.889176096686416
0.117686742355858,0.767996709301082,1.94070085495234,0.732932465298226,0.221006244846343,0.0105306868030679,9.96155030441097e-05,3.61496949065328e-14,1.27201888522585e-16,1.38364031391253e-07,-3.47234646968284,-1.59658738994299,-0.669568386061186,-1.64331927532981,-2.84218187997547,-5.8860792908351,-10.5468103117682,-32.28372544533,-37.9333737355565,-17.1259952756664,1.33261755933513,0.530703463148902
0.0524619544954351,0.342354691866375,0.865118346414095,0.326723884721316,0.0985193347036227,0.00469433005629223,4.4406225230856e-05,1.61146753767374e-14,5.67035806567473e-17,6.16793988290009e-08,-3.47234646968284,-1.59658738994299,-0.669568386061186,-1.64331927532981,-2.84218187997547,-5.8860792908351,-10.5468103117682,-32.28372544533,-37.9333737355565,-17.1259952756664,0.524679421316075,0.503049132342914
0.0540200425566122,0.352522417472773,0.890811833818769,0.336427384885991,0.101445298874671,0.00483374879671621,4.57250630446503e-05,1.65932714099146e-14,5.83876424286921e-17,6.35112393667835e-08,-3.47234646968284,-1.59658738994299,-0.669568386061186,-1.64331927532981,-2.84218187997547,-5.8860792908351,-10.5468103117682,-32.28372544533,-37.9333737355565,-17.1259952756664,0.553946326858496,0.980908525827041
0.0917252419024501,0.598577907169174,1.51258546049757,0.571248777320688,0.172252633259109,0.0082076347350119,7.76404880536688e-05,2.8175132080512e-14,9.91413625835806e-17,1.07841155221925e-07,-3.47234646968284,-1.59658738994299,-0.669568386061186,-1.64331927532981,-2.84218187997547,-5.8860792908351,-10.5468103117682,-32.28372544533,-37.9333737355565,-17.1259952756664,1.08338879819613,1.6994041144902
0.0411116982673834,0.268285520960873,0.677948139092848,0.256036472422675,0.0772044656130972,0.00367870169340694,3.47988432844848e-05,1.26282308415121e-14,4.44356395231764e-17,4.83349287757116e-08,-3.47234646968284,-1.59658738994299,-0.669568386061186,-1.64331927532981,-2.84218187997547,-5.8860792908351,-10.5468103117682,-32.28372544533,-37.9333737355565,-17.1259952756664,0.280883901080359,2.6151576820273
0.0612909338179702,0.399970587509837,1.01071170193234,0.381709225052733,0.115099448375215,0.00548435290997309,5.18794817674415e-05,1.88266623215425e-14,6.62463959396909e-17,7.20596094430568e-08,-3.47234646968284,-1.59658738994299,-0.669568386061186,-1.64331927532981,-2.84218187997547,-5.8860792908351,-10.5468103117682,-32.28372544533,-37.9333737355565,-17.1259952756664,0.680223124139873,0.666549524172927
0.165406606065251,1.0794056034847,2.72762025169285,1.03012343729797,0.310620314127844,0.014800691469262,0.000140007803259486,5.0807747967936e-14,1.78779973380441e-16,1.94468165026863e-07,-3.47234646968284,-1.59658738994299,-0.669568386061186,-1.64331927532981,-2.84218187997547,-5.8860792908351,-10.5468103117682,-32.28372544533,-37.9333737355565,-17.1259952756664,1.67299791242773,2.77593284677782
0.695825947511754,1.74953498634266,5.99418561220498,0.591329741971362,0.277542746253483,0.104209371631943,0.000205087609876144,2.14338562273321e-13,5.51697420167193e-16,3.79438684248031e-07,-2.60472978906419,-1.68272403319311,-0.451284128979405,-2.76745554185658,-3.52385438083384,-4.50342727854918,-10.7341473685992,-31.4132936270685,-37.3756059935052,-17.0266468867267,2.24207406372826,3.91895069283051
0.498557112233316,1.25353633859338,4.29481521880287,0.423685908220509,0.198858508493754,0.0746656884156975,0.000146944630191382,1.5357290861221e-13,3.95289473766685e-16,2.71866628953373e-07,-2.60472978906419,-1.68272403319311,-0.451284128979405,-2.76745554185658,-3.52385438083384,-4.50342727854918,-10.7341473685992,-31.4132936270685,-37.3756059935052,-17.0266468867267,1.90869266109266,4.16394849363413
0.111630938497402,0.444004408537196,2.14077710955471,0.138623975991939,0.0411703291766965,0.0196293634389328,8.03010862211956e-05,8.95267721323738e-14,1.33430749517037e-16,7.93375431278023e-08,-3.25585868395169,-1.87522243063716,-0.302132744753751,-3.03929186340781,-4.25333909086043,-4.99403034236617,-10.4930290532403,-31.1075403275655,-37.6162507040248,-17.4128560318905,1.06330164317578,2.0784799420032
0.293883799916105,1.16890267623658,5.63589019493907,0.364946683888518,0.108386554346903,0.0516769991815673,0.000211403654522039,2.35691541633841e-13,3.51274800888945e-16,2.08866994797764e-07,-3.25585868395169,-1.87522243063716,-0.302132744753751,-3.03929186340781,-4.25333909086043,-4.99403034236617,-10.4930290532403,-31.1075403275655,-37.6162507040248,-17.4128560318905,2.03128785580037,2.28156843743625
0.583208049385951,2.31967005300925,11.1843406410361,0.724231290398631,0.215091512217981,0.102552239692711,0.000419527422137783,4.67726374479574e-13,6.97099641026019e-16,4.14493458475368e-07,-3.25585868395169,-1.87522243063716,-0.302132744753751,-3.03929186340781,-4.25333909086043,-4.99403034236617,-10.4930290532403,-31.1075403275655,-37.6162507040248,-17.4128560318905,2.71664738767087,3.52944300459594
0.139763346258441,0.555899132677296,2.68028000527652,0.173558970452749,0.0515457726124066,0.024576211183714,0.000100537975130641,1.12088650524323e-13,1.67056985252408e-16,9.93316069964158e-08,-3.25585868395169,-1.87522243063716,-0.302132744753751,-3.03929186340781,-4.25333909086043,-4.99403034236617,-10.4930290532403,-31.1075403275655,-37.6162507040248,-17.4128560318905,1.28805401339969,2.45141807741031
0.188946704830357,0.751522571184039,3.62348275550897,0.234635163214802,0.0696849649337934,0.0332246919145104,0.000135917746818427,1.51533157529657e-13,2.25845099787239e-16,1.34286852239296e-07,-3.25585868395169,-1.87522243063716,-0.302132744753751,-3.03929186340781,-4.25333909086043,-4.99403034236617,-10.4930290532403,-31.1075403275655,-37.6162507040248,-17.4128560318905,1.58956839523938,3.59065821962202
0.112562998419581,0.447711613009707,2.15865147819293,0.139781413652272,0.0415140798816984,0.0197932583519881,8.09715582711635e-05,9.027427383208e-14,1.34544826453817e-16,7.99999700971434e-08,-3.25585868395169,-1.87522243063716,-0.302132744753751,-3.03929186340781,-4.25333909086043,-4.99403034236617,-10.4930290532403,-31.1075403275655,-37.6162507040248,-17.4128560318905,1.07161645583224,5.23146827533163
0.207104138397116,0.823742518985961,3.97169283661369,0.257183174265449,0.0763815629111082,0.0364175241830349,0.000148979194281165,1.66095217468602e-13,2.47548401781557e-16,1.47191573708841e-07,-3.25585868395169,-1.87522243063716,-0.302132744753751,-3.03929186340781,-4.25333909086043,-4.99403034236617,-10.4930290532403,-31.1075403275655,-37.6162507040248,-17.4128560318905,1.68132515577461,1.15729715561951
0.282333515544534,1.1229622116139,5.41438722520383,0.350603470752655,0.104126722654517,0.0496459786347154,0.000203095022581061,2.26428341924902e-13,3.37468923042012e-16,2.00658059203361e-07,-3.25585868395169,-1.87522243063716,-0.302132744753751,-3.03929186340781,-4.25333909086043,-4.99403034236617,-10.4930290532403,-31.1075403275655,-37.6162507040248,-17.4128560318905,1.99119245632945,1.44845899844168
0.221713915631981,0.881851906825404,4.25186853970358,0.275325684181736,0.0817697585677415,0.0389865308667124,0.000159488655163612,1.77812096454091e-13,2.65011244546876e-16,1.57574930214311e-07,-3.25585868395169,-1.87522243063716,-0.302132744753751,-3.03929186340781,-4.25333909086043,-4.99403034236617,-10.4930290532403,-31.1075403275655,-37.6162507040248,-17.4128560318905,1.74949128747036,0.889553308493249
0.0750845830330416,0.298643783959798,1.43991763216553,0.0932404902784129,0.0276917585857013,0.0132029936221543,5.40116714700837e-05,6.02170011856511e-14,8.9747451075188e-17,5.33635784559459e-08,-3.25585868395169,-1.87522243063716,-0.302132744753751,-3.03929186340781,-4.25333909086043,-4.99403034236617,-10.4930290532403,-31.1075403275655,-37.6162507040248,-17.4128560318905,0.666718656820638,0.869497393143954
0.0468648399105234,0.167340901153241,0.476207949035981,0.051721734281598,0.00967867393353318,0.0120609655579865,5.02566814309967e-05,4.76312597377826e-14,2.36970279104982e-17,4.40846418587046e-08,-2.7912023819097,-1.51843703811507,-0.472615467576256,-2.69259200866314,-4.36854519256443,-4.14849584318593,-9.62908187121233,-30.4060019471866,-38.0118968533852,-16.6678691874707,-0.269285184850733,0.447500708248267
0.16274415914275,0.581112712651322,1.65369309680607,0.179610346928195,0.0336104349003871,0.0418832476955381,0.000174522763257238,1.65405650157672e-13,8.22909645875118e-17,1.53089565313828e-07,-2.7912023819097,-1.51843703811507,-0.472615467576256,-2.69259200866314,-4.36854519256443,-4.14849584318593,-9.62908187121233,-30.4060019471866,-38.0118968533852,-16.6678691874707,0.975626494848422,0.591062237413824
0.0635525737693837,0.226928012247161,0.645777108562795,0.0701389216241325,0.0131250771436554,0.0163556603376302,6.81521895763617e-05,6.45919020313218e-14,3.21351170146408e-17,5.97823967642119e-08,-2.7912023819097,-1.51843703811507,-0.472615467576256,-2.69259200866314,-4.36854519256443,-4.14849584318593,-9.62908187121233,-30.4060019471866,-38.0118968533852,-16.6678691874707,0.0353145996545485,2.58546257207072
0.0360449324902381,0.197200447557382,0.680024974581258,0.0622433410240654,0.00712506756092534,0.0210425161519205,7.86443763707309e-05,8.63085945900921e-14,3.2686732392068e-17,1.25015108972651e-07,-3.32674199150137,-1.62728756469944,-0.389378751605058,-2.78045671830416,-4.94788906808126,-3.86496330673723,-9.45432743042186,-30.0846002095358,-37.9633154130129,-15.8985842326113,0.00375299744402049,0.884399396789634
0.0162043829974927,0.0886535598412404,0.305712464268293,0.0279821563619425,0.00320314994823514,0.00945988707425079,3.53554163447365e-05,3.88009472092076e-14,1.46946684048048e-17,5.62018726714152e-08,-3.32674199150137,-1.62728756469944,-0.389378751605058,-2.78045671830416,-4.94788906808126,-3.86496330673723,-9.45432743042186,-30.0846002095358,-37.9633154130129,-15.8985842326113,-0.795731526435156,0.638053169383497
0.17751592587877,0.97118284356163,3.34902175267415,0.306539187295395,0.0350898969048976,0.103631259083056,0.000387311844470498,4.25056978095462e-13,1.60977290388905e-16,6.15680798517949e-07,-3.32674199150137,-1.62728756469944,-0.389378751605058,-2.78045671830416,-4.94788906808126,-3.86496330673723,-9.45432743042186,-30.0846002095358,-37.9633154130129,-15.8985842326113,1.59804704067049,1.26873419101162
0.178992129021405,1.09014932611026,2.05554671314527,0.155859492648007,0.0267253265379632,0.145616182180494,0.000686715276346433,4.35104958643547e-13,5.4174118045512e-17,6.53191243786677e-07,-3.0161200073426,-1.20939187799764,-0.575164708261273,-3.15450692703667,-4.91785016498687,-3.22248756933272,-8.5792973578455,-29.7588956699753,-38.750034967622,-15.53710244233,1.29570656128697,1.23816831725641
0.527582645026143,3.21323550978008,6.05876234795938,0.459398767047655,0.0787733993733313,0.429206418033087,0.00202410610933279,1.28247999618856e-12,1.59679225263541e-16,1.92529339691624e-06,-3.0161200073426,-1.20939187799764,-0.575164708261273,-3.15450692703667,-4.91785016498687,-3.22248756933272,-8.5792973578455,-29.7588956699753,-38.750034967622,-15.53710244233,2.37667025447409,2.20155886889541
0.0492794088383345,0.30013562400723,0.56592503490065,0.0429106223917702,0.00735791176965541,0.0400904744492524,0.000189063748465491,1.19791385586669e-13,1.4915005068752e-17,1.7983404369884e-07,-3.0161200073426,-1.20939187799764,-0.575164708261273,-3.15450692703667,-4.91785016498687,-3.22248756933272,-8.5792973578455,-29.7588956699753,-38.750034967622,-15.53710244233,0.00587105153842163,1.69557542774295
0.0231911848139204,0.14124562144054,0.266327709373733,0.0201939957849853,0.00346267732744916,0.0188668172802251,8.89745318711081e-05,5.63745431965278e-14,7.0190906750674e-18,8.46309775536541e-08,-3.0161200073426,-1.20939187799764,-0.575164708261273,-3.15450692703667,-4.91785016498687,-3.22248756933272,-8.5792973578455,-29.7588956699753,-38.750034967622,-15.53710244233,-0.747863030089455,1.18519085078388
0.0355727782753407,0.18899724809264,0.251286830071788,0.0331501769077774,0.00667066615453938,0.0243825836535109,0.000208171559051818,8.55043198224671e-14,6.0747736833959e-18,4.75473853722648e-08,-2.72048555222053,-1.05033378779632,-0.765471206412752,-2.79101818919139,-4.39434651420875,-3.09819714965216,-7.86145897850382,-29.4745204594163,-39.0266979025336,-16.2458499997917,-0.615689036588575,1.32470335377376
0.0146376950854291,0.386976349530401,0.467401421701512,0.046132825383756,0.01134675861475,0.0258696887598592,0.000232234320101026,3.24223716146978e-14,8.7425772710238e-18,3.52611987672986e-08,-4.17559189155557,-0.900828369336162,-0.712003484350444,-3.02766720418684,-4.43025982963713,-3.60611998297769,-8.3192003647616,-31.0113643976421,-39.2297633146183,-17.1119193318083,-0.0485633308081723,1.37891552248582
0.0120275681699188,0.317972494778661,0.384056535501137,0.0379066307185494,0.0093234564560899,0.0212567240455445,0.000190823357100143,2.66409624295564e-14,7.18364083240769e-18,2.8973582893451e-08,-4.17559189155557,-0.900828369336162,-0.712003484350444,-3.02766720418684,-4.43025982963713,-3.60611998297769,-8.3192003647616,-31.0113643976421,-39.2297633146183,-17.1119193318083,-0.244962025013381,0.909609463121971
0.0355388900307073,0.939540675644723,1.13480487393001,0.112005981717105,0.0275488185989058,0.0628090705947582,0.000563842183845061,7.87183427872105e-14,2.12261213535702e-17,8.56107370749486e-08,-4.17559189155557,-0.900828369336162,-0.712003484350444,-3.02766720418684,-4.43025982963713,-3.60611998297769,-8.3192003647616,-31.0113643976421,-39.2297633146183,-17.1119193318083,0.838464203262066,0.945530734259171
0.256634256891581,6.78463291636739,8.19467927350393,0.808820192767544,0.198936167766139,0.453558317218379,0.00407163025435445,5.68442722535148e-13,1.53278559784992e-16,6.18214240011049e-07,-4.17559189155557,-0.900828369336162,-0.712003484350444,-3.02766720418684,-4.43025982963713,-3.60611998297769,-8.3192003647616,-31.0113643976421,-39.2297633146183,-17.1119193318083,2.81548855892911,0.777359813398114
0.00508001347694681,0.134300179051482,0.16221170802713,0.0160104014540104,0.00393789366059217,0.00897807795404365,8.05969429638663e-05,1.12521871644394e-14,3.03411227661515e-18,1.22374023987893e-08,-4.17559189155557,-0.900828369336162,-0.712003484350444,-3.02766720418684,-4.43025982963713,-3.60611998297769,-8.3192003647616,-31.0113643976421,-39.2297633146183,-17.1119193318083,-1.10684947289741,0.324954607618102
0.016165333085289,0.427362474062958,0.516180971269433,0.0509473987633642,0.0125309436612321,0.0285695345595883,0.00025647105752365,3.58060769477524e-14,9.65498138779098e-18,3.89411734383901e-08,-4.17559189155557,-0.900828369336162,-0.712003484350444,-3.02766720418684,-4.43025982963713,-3.60611998297769,-8.3192003647616,-31.0113643976421,-39.2297633146183,-17.1119193318083,0.0507056288765622,0.230979696907462
0.169253950539529,4.47456211795153,5.40450778958513,0.53342844622604,0.13120123832041,0.299128175322684,0.00268529819063437,3.74896078215954e-13,1.01089395043544e-16,4.07721103445155e-07,-4.17559189155557,-0.900828369336162,-0.712003484350444,-3.02766720418684,-4.43025982963713,-3.60611998297769,-8.3192003647616,-31.0113643976421,-39.2297633146183,-17.1119193318083,2.3992368655382,0.243233925701996
0.129852324796489,3.43290240263319,4.14636053469525,0.40924849100555,0.100658127965554,0.229492362535495,0.00206017178159893,2.87621808284225e-13,7.75561983447418e-17,3.12805302222936e-07,-4.17559189155557,-0.900828369336162,-0.712003484350444,-3.02766720418684,-4.43025982963713,-3.60611998297769,-8.3192003647616,-31.0113643976421,-39.2297633146183,-17.1119193318083,2.13423445422997,0.3897013576381
0.214080406691348,3.60223248210204,3.45688819742239,0.478059008534062,0.119910652059779,0.0800106426883009,0.00211176240722446,1.80864589451503e-13,1.41763481514218e-16,4.64954073260832e-07,-3.61498973662749,-0.79203234712438,-0.833217314808555,-2.81160723959393,-4.19459451399575,-4.59918175385278,-8.23381855034576,-31.4146139025071,-38.5659577624234,-16.654913337718,2.0735861343001,0.574290034290709
0.125459713934714,1.72347404633311,2.76076070649943,0.283295891777091,0.0979211274783612,0.0639154027058964,0.00101165882298432,2.71546419677143e-13,5.2139568188297e-17,3.70192394471647e-07,-3.69631437316121,-1.07620174855077,-0.605037536663452,-2.88180717028078,-3.94413674271742,-4.37073869944798,-8.51670769311052,-30.5551870919951,-39.1131513439095,-16.4297867781087,1.62054379671366,0.281774426778844
0.345859093664044,4.75115997736499,7.61068366750837,0.780971495118809,0.269942528466555,0.176197781405248,0.0027888745529634,7.48581322655692e-13,1.4373493476179e-16,1.02052206256354e-06,-3.69631437316121,-1.07620174855077,-0.605037536663452,-2.88180717028078,-3.94413674271742,-4.37073869944798,-8.51670769311052,-30.5551870919951,-39.1131513439095,-16.4297867781087,2.634590542545,0.556482480402318
0.0200064070871789,0.274833428944931,0.440244129627595,0.045175720231334,0.0156149721478487,0.010192256347249,0.000161323962977413,4.33020931161525e-14,8.31442535464099e-18,5.90326528899251e-08,-3.69631437316121,-1.07620174855077,-0.605037536663452,-2.88180717028078,-3.94413674271742,-4.37073869944798,-8.51670769311052,-30.5551870919951,-39.1131513439095,-16.4297867781087,-0.215388329210499,0.238962581921112
0.0842649483490369,1.1575704020076,1.85426342083231,0.190275531000439,0.0657686717948148,0.0429287453223662,0.00067948009597712,1.82384004481052e-13,3.50195124995601e-17,2.48639519579905e-07,-3.69631437316121,-1.07620174855077,-0.605037536663452,-2.88180717028078,-3.94413674271742,-4.37073869944798,-8.51670769311052,-30.5551870919951,-39.1131513439095,-16.4297867781087,1.22252507614818,0.515684578178008
0.220132243586928,3.02401620954257,4.84404458824608,0.497072393201075,0.171812901610713,0.112146286294998,0.00177506164699161,4.76456710499379e-13,9.14843479630126e-17,6.49541432848051e-07,-3.69631437316121,-1.07620174855077,-0.605037536663452,-2.88180717028078,-3.94413674271742,-4.37073869944798,-8.51670769311052,-30.5551870919951,-39.1131513439095,-16.4297867781087,2.18278756715216,0.386482130615546
0.0730382620278943,1.00334637348095,1.60721842537079,0.164924970144667,0.0570062591610331,0.0372093143212561,0.000588952420491016,1.58084838001754e-13,3.03538348998611e-17,2.15513077944875e-07,-3.69631437316121,-1.07620174855077,-0.605037536663452,-2.88180717028078,-3.94413674271742,-4.37073869944798,-8.51670769311052,-30.5551870919951,-39.1131513439095,-16.4297867781087,1.07954253538386,1.05720028848026
0.136962736477772,1.68769671826613,2.56836466961322,0.344757213382917,0.0763512813061666,0.197731568058058,0.0027722736111347,2.93322626018599e-13,6.04469828994306e-17,8.23060726849624e-07,-3.6004074791967,-1.08899638177462,-0.669091711485296,-2.67727593154168,-4.18477155798451,-3.23320597751397,-7.50044858974229,-30.4698643715144,-38.9571261012893,-15.6225969443432,1.61236109253231,0.450481370445111
0.0300104968227,0.369798518222706,0.562765477232355,0.0755412422597887,0.0167296590589051,0.0433258180112144,0.00060744484622732,6.42711876422375e-14,1.32447995337737e-17,1.80344391206133e-07,-3.6004074791967,-1.08899638177462,-0.669091711485296,-2.67727593154168,-4.18477155798451,-3.23320597751397,-7.50044858974229,-30.4698643715144,-38.9571261012893,-15.6225969443432,0.0941994147680547,1.28877445729218
0.0350836579993192,0.432311561472283,0.657898856313145,0.0883112040411633,0.0195577447562907,0.0506498839598163,0.000710131103939884,7.51359892430952e-14,1.54837828862925e-17,2.10830929609454e-07,-3.6004074791967,-1.08899638177462,-0.669091711485296,-2.67727593154168,-4.18477155798451,-3.23320597751397,-7.50044858974229,-30.4698643715144,-38.9571261012893,-15.6225969443432,0.250387638203487,2.74077623225996
0.0341386532755331,0.420666924309689,0.64017785564094,0.0859324753184129,0.0190309421867965,0.0492855912283637,0.000691003188380349,7.31121448434478e-14,1.50667155448566e-17,2.05152039899464e-07,-3.6004074791967,-1.08899638177462,-0.669091711485296,-2.67727593154168,-4.18477155798451,-3.23320597751397,-7.50044858974229,-30.4698643715144,-38.9571261012893,-15.6225969443432,0.223082469688948,4.20011736347171
0.022084863561584,0.217488564721068,0.478010212736197,0.0783335759466531,0.0175745362919896,0.0152097919015558,0.000491676369876339,6.26730381960585e-14,5.48615431128721e-18,8.5711629385673e-08,-3.62556084203162,-1.33830703603243,-0.550821211363806,-2.35947698652135,-3.85400225635933,-3.99851388469232,-7.43038787291328,-30.2135430827777,-39.5570021837781,-16.0849753519681,-0.187301969798218,2.70500424857672
0.0166920125500802,0.164380542433499,0.361286020527573,0.0592054838440854,0.0132830515130739,0.0114957485065245,0.000371615070822972,4.73690560597345e-14,4.14650316314269e-18,6.47819077262553e-08,-3.62556084203162,-1.33830703603243,-0.550821211363806,-2.35947698652135,-3.85400225635933,-3.99851388469232,-7.43038787291328,-30.2135430827777,-39.5570021837781,-16.0849753519681,-0.467264122359511,1.63817423325186
0.13649006820367,1.3441345901694,2.95422456908015,0.484121402596937,0.108615099679135,0.0940003785044025,0.00303868489254733,3.87335300218521e-13,3.39058275834666e-17,5.29719647489599e-07,-3.62556084203162,-1.33830703603243,-0.550821211363806,-2.35947698652135,-3.85400225635933,-3.99851388469232,-7.43038787291328,-30.2135430827777,-39.5570021837781,-16.0849753519681,1.63405741461466,0.562644360779463
0.0457231597054152,0.450275110421814,0.989643301929868,0.162177076318247,0.0363852521608978,0.0314894290499791,0.0010179368833566,1.29754450448433e-13,1.13582005632072e-17,1.77452149889188e-07,-3.62556084203162,-1.33830703603243,-0.550821211363806,-2.35947698652135,-3.85400225635933,-3.99851388469232,-7.43038787291328,-30.2135430827777,-39.5570021837781,-16.0849753519681,0.540410509505333,0.944537723878781
0.0259709713080001,0.255758395719238,0.562122083538577,0.092117347598305,0.0206669955880829,0.0178861448690619,0.000578192971818577,7.37011425149272e-14,6.45151172486948e-18,1.00793661746199e-07,-3.62556084203162,-1.33830703603243,-0.550821211363806,-2.35947698652135,-3.85400225635933,-3.99851388469232,-7.43038787291328,-30.2135430827777,-39.5570021837781,-16.0849753519681,-0.0252150108200797,0.307454263241428
0.106291901306421,1.04674737935981,2.30060802567046,0.377010466932834,0.0845842163274066,0.0732029742988109,0.00236638166388776,3.01638104846468e-13,2.64042279899561e-17,4.12520187234567e-07,-3.62556084203162,-1.33830703603243,-0.550821211363806,-2.35947698652135,-3.85400225635933,-3.99851388469232,-7.43038787291328,-30.2135430827777,-39.5570021837781,-16.0849753519681,1.38399465834939,0.582794633566253
0.0531262986991395,0.523180160058452,1.14987866111322,0.188435529262338,0.0422764696708926,0.0365879528963615,0.00118275331955392,1.5076328356305e-13,1.31972322055909e-17,2.06183824139804e-07,-3.62556084203162,-1.33830703603243,-0.550821211363806,-2.35947698652135,-3.85400225635933,-3.99851388469232,-7.43038787291328,-30.2135430827777,-39.5570021837781,-16.0849753519681,0.690477636096714,0.880795859113764
0.0223889423535791,0.22048308899552,0.484591768816215,0.079412123662381,0.0178165139592113,0.0154192102271445,0.00049844609051272,6.35359614236424e-14,5.56169125861873e-18,8.68917629486829e-08,-3.62556084203162,-1.33830703603243,-0.550821211363806,-2.35947698652135,-3.85400225635933,-3.99851388469232,-7.43038787291328,-30.2135430827777,-39.5570021837781,-16.0849753519681,-0.173627244901798,2.34086610656261
0.0415557405714986,0.409234965279,0.899442658343845,0.147395511455151,0.0330689328814638,0.0286193376130688,0.000925157432589176,1.17928032873762e-13,1.03229619082468e-17,1.61278344544864e-07,-3.62556084203162,-1.33830703603243,-0.550821211363806,-2.35947698652135,-3.85400225635933,-3.99851388469232,-7.43038787291328,-30.2135430827777,-39.5570021837781,-16.0849753519681,0.4448412353732,3.00198334355853
0.10090196952195,0.494192624634797,0.724739932170223,0.111496735940219,0.015725762031032,0.0176975839731217,0.000505966141759829,1.53572230492518e-13,1.16239320930058e-17,3.7374947478637e-08,-2.67563895092319,-1.08686302803975,-0.7039755213825,-2.57579308124294,-4.53448813638045,-4.41636026606656,-7.97107392308747,-29.8866385002598,-39.37549870826,-17.4842983291441,0.382033118653724,1.77042266678777
0.108790879879096,0.532830535603011,0.781402932746155,0.120213986546069,0.0169552635714715,0.0190812502599492,0.000545524552314202,1.65579107716444e-13,1.25327365367022e-17,4.02970669541926e-08,-2.67563895092319,-1.08686302803975,-0.7039755213825,-2.57579308124294,-4.53448813638045,-4.41636026606656,-7.97107392308747,-29.8866385002598,-39.37549870826,-17.4842983291441,0.457311178208754,1.81213015005568
0.0360255244246502,0.176444013467843,0.258757447962776,0.0398082257751105,0.0056146458471451,0.00631865509366788,0.000180647569956991,5.48306456927253e-14,4.1501494124548e-18,1.33441605713033e-08,-2.67563895092319,-1.08686302803975,-0.7039755213825,-2.57579308124294,-4.53448813638045,-4.41636026606656,-7.97107392308747,-29.8866385002598,-39.37549870826,-17.4842983291441,-0.647888629037117,0.46582253170201
0.0478595558391314,0.234404141227894,0.343756731577014,0.0528848374803124,0.00745900193626389,0.00839427131494272,0.000239988524792834,7.28419749923483e-14,5.51343278739924e-18,1.77275864317921e-08,-2.67563895092319,-1.08686302803975,-0.7039755213825,-2.57579308124294,-4.53448813638045,-4.41636026606656,-7.97107392308747,-29.8866385002598,-39.37549870826,-17.4842983291441,-0.363845526041102,0.94316006741168
0.0337367439942471,0.165234139037516,0.242318020846123,0.037279122047177,0.00525793510541896,0.00591721710335902,0.000169170634380877,5.13471347417503e-14,3.88648133516303e-18,1.24963768384214e-08,-2.67563895092319,-1.08686302803975,-0.7039755213825,-2.57579308124294,-4.53448813638045,-4.41636026606656,-7.97107392308747,-29.8866385002598,-39.37549870826,-17.4842983291441,-0.713528758435788,6.10686718446723
0.055568174446983,0.272159028274912,0.399124766050961,0.0614028655966666,0.0086604046679389,0.00974631553940699,0.00027864287449276,8.45744491871792e-14,6.40146757654234e-18,2.05829243103914e-08,-2.67563895092319,-1.08686302803975,-0.7039755213825,-2.57579308124294,-4.53448813638045,-4.41636026606656,-7.97107392308747,-29.8866385002598,-39.37549870826,-17.4842983291441,-0.214505692719675,3.19377998563426
0.199192837450939,0.975596726354459,1.43072532862288,0.220108203077432,0.0310445789599585,0.0349371968092802,0.000998839090146001,3.03170379036255e-13,2.29470646302811e-17,7.37827207250894e-08,-2.67563895092319,-1.08686302803975,-0.7039755213825,-2.57579308124294,-4.53448813638045,-4.41636026606656,-7.97107392308747,-29.8866385002598,-39.37549870826,-17.4842983291441,1.06215705987351,2.05828692588217
0.193662523860166,0.948510632778424,1.39100321897877,0.213997203292012,0.0301826691687272,0.0339672138680739,0.000971107704490176,2.94753272834245e-13,2.23099711232195e-17,7.17342455469057e-08,-2.67563895092319,-1.08686302803975,-0.7039755213825,-2.57579308124294,-4.53448813638045,-4.41636026606656,-7.97107392308747,-29.8866385002598,-39.37549870826,-17.4842983291441,1.03400074846834,2.14351445319779
0.18216867655644,1.04777482451232,1.87305198794788,0.182032918760259,0.01840516442026,0.0177021042632185,0.000921248549848793,1.26157734112532e-13,2.13251060213303e-17,9.51698874481805e-08,-2.90340640230469,-1.15391547475076,-0.573014995867642,-2.90415191140852,-5.1957081541918,-5.23465593699788,-8.19036486403141,-30.901827588301,-39.5872307842924,-17.3681864289594,1.20058417545687,0.930800547294389
0.0829143038767127,0.476896038529805,0.852521984796189,0.0828525135438244,0.00837713389859035,0.0080571351775891,0.000419307444353518,5.74208524776935e-14,9.70614901683099e-18,4.33166948179818e-08,-2.90340640230469,-1.15391547475076,-0.573014995867642,-2.90415191140852,-5.1957081541918,-5.23465593699788,-8.19036486403141,-30.901827588301,-39.5872307842924,-17.3681864289594,0.413458714327887,0.463041606013299
0.051534055634459,0.296407083366355,0.52987136525216,0.0514956508441653,0.00520667320597884,0.00500778313369946,0.000260613816373438,3.56890098307225e-14,6.0327012354041e-18,2.69227968671122e-08,-2.90340640230469,-1.15391547475076,-0.573014995867642,-2.90415191140852,-5.1957081541918,-5.23465593699788,-8.19036486403141,-30.901827588301,-39.5872307842924,-17.3681864289594,-0.0621060130978517,0.616454567428818
0.0325296073923409,0.187099694202393,0.334468290296388,0.0325053653113547,0.00328658463079433,0.00316104015567337,0.000164506073183552,2.25278112448521e-14,3.80799454432549e-18,1.6994354533302e-08,-2.90340640230469,-1.15391547475076,-0.573014995867642,-2.90415191140852,-5.1957081541918,-5.23465593699788,-8.19036486403141,-30.901827588301,-39.5872307842924,-17.3681864289594,-0.522198205359977,1.28923834629226
0.127565024200839,0.733712421764962,1.31161913611407,0.127469958754448,0.0128883586853279,0.0123960353746304,0.000645111419690415,8.83429287043324e-14,1.49330703670871e-17,6.66434494942212e-08,-2.90340640230469,-1.15391547475076,-0.573014995867642,-2.90415191140852,-5.1957081541918,-5.23465593699788,-8.19036486403141,-30.901827588301,-39.5872307842924,-17.3681864289594,0.844277351650504,1.62970802769014
0.0287333321066022,0.165264756679075,0.295435120021655,0.02871191912871,0.00290303312161408,0.00279213995729483,0.000145307859923601,1.98987671239337e-14,3.36359337456976e-18,1.50110767355182e-08,-2.90340640230469,-1.15391547475076,-0.573014995867642,-2.90415191140852,-5.1957081541918,-5.23465593699788,-8.19036486403141,-30.901827588301,-39.5872307842924,-17.3681864289594,-0.646291030369566,0.834364091634379
0.282567860091962,1.62523818922815,2.90535289644842,0.282357281683627,0.0285488593493859,0.0274583194835512,0.00142897909928519,1.95687434503507e-13,3.30780773543941e-17,1.47621160507764e-07,-2.90340640230469,-1.15391547475076,-0.573014995867642,-2.90415191140852,-5.1957081541918,-5.23465593699788,-8.19036486403141,-30.901827588301,-39.5872307842924,-17.3681864289594,1.63956985777751,0.282038408640708
0.0309048229749365,0.17775446405637,0.317762313503153,0.0308817917341229,0.0031224267474793,0.00300315295077162,0.000156289346155363,2.14025951846828e-14,3.61779334937846e-18,1.614552281835e-08,-2.90340640230469,-1.15391547475076,-0.573014995867642,-2.90415191140852,-5.1957081541918,-5.23465593699788,-8.19036486403141,-30.901827588301,-39.5872307842924,-17.3681864289594,-0.573436621622202,0.751241668525124
0.0343698566162369,0.128822017238664,0.368996325676177,0.0357565834936319,0.00487845091963225,0.00423418529898167,0.00020370411634724,3.5358859585763e-14,3.51340560530932e-18,1.27362431885139e-08,-2.82111482060069,-1.49986299932748,-0.447508053209095,-2.78156033382907,-4.77346700471244,-4.91510380340693,-7.94938148774623,-30.423766869896,-39.6404853095889,-17.6293535741519,-0.549460539299228,0.504277819804064
0.0312448331513217,0.219589263298513,0.517257457850749,0.0950155462979575,0.00492731622538744,0.00354521519774419,0.00042842375990331,7.21726316444313e-14,9.79232685243941e-18,3.51766664098455e-08,-3.32894467913317,-1.37903988613101,-0.522257967695,-2.21675817903408,-5.17600423884893,-5.50519983976393,-7.61844118247518,-30.1227589074767,-39.0279759926473,-17.0259262837381,-0.136956576494284,0.475914540848787
0.231828232172463,1.62929308881249,3.837910781946,0.704989718475245,0.0365593570096547,0.0263045402733801,0.00317878871037795,5.35501454731088e-13,7.26564232896194e-17,2.6100137414784e-07,-3.32894467913317,-1.37903988613101,-0.522257967695,-2.21675817903408,-5.17600423884893,-5.50519983976393,-7.61844118247518,-30.1227589074767,-39.0279759926473,-17.0259262837381,1.86718611903481,0.880180541695802
0.283715097636104,1.99395493568006,4.69689658595346,0.86277769077261,0.0447419257193449,0.0321919170154521,0.00389025245492318,6.55355243360878e-13,8.8918092651328e-17,3.19417655285505e-07,-3.32894467913317,-1.37903988613101,-0.522257967695,-2.21675817903408,-5.17600423884893,-5.50519983976393,-7.61844118247518,-30.1227589074767,-39.0279759926473,-17.0259262837381,2.06915995745542,1.19666541384855
0.229430802574586,1.61244390940871,3.79822139288229,0.697699134401716,0.0361812818988154,0.0260325143737778,0.0031459155694829,5.29963617405378e-13,7.19050538035219e-17,2.5830225327889e-07,-3.32894467913317,-1.37903988613101,-0.522257967695,-2.21675817903408,-5.17600423884893,-5.50519983976393,-7.61844118247518,-30.1227589074767,-39.0279759926473,-17.0259262837381,1.85679087035098,1.06415092934409
0.152094272835167,1.06892135291766,2.51791701172995,0.462518725967743,0.0239852962152087,0.0172574750178263,0.0020854904205192,3.51323493244381e-13,4.76672998947686e-17,1.71233735589476e-07,-3.32894467913317,-1.37903988613101,-0.522257967695,-2.21675817903408,-5.17600423884893,-5.50519983976393,-7.61844118247518,-30.1227589074767,-39.0279759926473,-17.0259262837381,1.44568994476368,0.828840605334688
0.146034866612188,1.02633573429437,2.41760368812205,0.444092069959395,0.0230297266829888,0.0165699405724679,0.00200240488812869,3.37326833662393e-13,4.57682439459096e-17,1.64411816896065e-07,-3.32894467913317,-1.37903988613101,-0.522257967695,-2.21675817903408,-5.17600423884893,-5.50519983976393,-7.61844118247518,-30.1227589074767,-39.0279759926473,-17.0259262837381,1.40503480576047,1.58456741472494
0.441405545811576,1.44144278711431,3.39031168479263,0.611118805838063,0.0767886989771021,0.0253419417903683,0.0023068227486424,6.43986414875815e-13,1.51722912003633e-16,2.2094760107744e-07,-2.60766833781517,-1.42423256923553,-0.568955257134523,-2.28234101052283,-4.35657491510874,-5.46517159428802,-7.86176125143061,-29.8609758806593,-38.2143528806988,-17.1152173794554,1.78987711671714,0.371340133004343
0.276422514294634,0.902678371866424,2.12312348371107,0.382702479489468,0.0480875816855397,0.015869948470906,0.00144460745965342,4.03285245644714e-13,9.50138239315434e-17,1.383645765141e-07,-2.60766833781517,-1.42423256923553,-0.568955257134523,-2.28234101052283,-4.35657491510874,-5.46517159428802,-7.86176125143061,-29.8609758806593,-38.2143528806988,-17.1152173794554,1.32184360288909,0.537637237536382
0.222177078297778,0.725535847959582,1.70647956690509,0.307600554778456,0.0386508256339463,0.012755613604773,0.00116111621910387,3.24144137920835e-13,7.63682142638684e-17,1.11211770966837e-07,-2.60766833781517,-1.42423256923553,-0.568955257134523,-2.28234101052283,-4.35657491510874,-5.46517159428802,-7.86176125143061,-29.8609758806593,-38.2143528806988,-17.1152173794554,1.10338777274161,0.0812942816762002
0.392659240058255,1.75238953903454,2.62820002952401,0.263722206984807,0.0639227363921654,0.0120257520360027,0.00101937185545578,6.24979395112034e-13,2.65280402946182e-16,9.64699538129625e-08,-2.56678306023331,-1.07098963591953,-0.665670730890581,-2.96482891945679,-4.38205011215232,-6.05267486892082,-8.52053861272196,-29.73302765689,-37.4977142263519,-17.7860041798866,1.63196994335153,0.54394413131589
0.559391620114314,2.49649549356454,3.74419578737484,0.375704879893995,0.0910658388358532,0.017132170157296,0.00145222120237828,8.90360395741398e-13,3.77924722633873e-16,1.37433372885304e-07,-2.56678306023331,-1.07098963591953,-0.665670730890581,-2.96482891945679,-4.38205011215232,-6.05267486892082,-8.52053861272196,-29.73302765689,-37.4977142263519,-17.7860041798866,1.9858775817751,0.661438689498163
0.474372847972666,2.11706724707661,3.1751366219274,0.31860361768759,0.0772252564540662,0.0145283484007287,0.00123150630593589,7.55039549150924e-13,3.20486079070104e-16,1.16545650949809e-07,-2.56678306023331,-1.07098963591953,-0.665670730890581,-2.96482891945679,-4.38205011215232,-6.05267486892082,-8.52053861272196,-29.73302765689,-37.4977142263519,-17.7860041798866,1.82102139283776,1.24824715428447
0.156510987123174,0.698489144271581,1.04758054570912,0.105117666237449,0.025479116627608,0.00479337331212188,0.000406313869805521,2.49112034256768e-13,1.05738751298404e-16,3.84521899873125e-08,-2.56678306023331,-1.07098963591953,-0.665670730890581,-2.96482891945679,-4.38205011215232,-6.05267486892082,-8.52053861272196,-29.73302765689,-37.4977142263519,-17.7860041798866,0.712153994027,1.83612355104102
0.04773203573698,0.213022161632812,0.319486529120161,0.0320583257039017,0.0077705094560457,0.00146186201007617,0.000123915825402881,7.59730977372084e-14,3.22477415070355e-17,1.17269805805716e-08,-2.56678306023331,-1.07098963591953,-0.665670730890581,-2.96482891945679,-4.38205011215232,-6.05267486892082,-8.52053861272196,-29.73302765689,-37.4977142263519,-17.7860041798866,-0.475369437541038,1.25642969894611
0.0914549658227995,0.83485352353854,1.21299628020636,0.0699826686161473,0.0191762864853371,0.00221215280278807,0.000484164506171123,2.49377809012078e-13,7.70526695717514e-17,7.21405955375612e-08,-3.19443028540508,-0.983020671176917,-0.609428117394915,-3.46202933953209,-4.75660252292127,-6.91631079943544,-8.4356075009591,-29.8223290238668,-37.9045641462078,-17.2471705869477,0.802521680745659,1.4695940392187
0.185184828792247,1.69047361651899,2.45616524433326,0.141706121581371,0.0388295736345127,0.00447933181496495,0.000980372365523647,5.04958767968557e-13,1.56021986277677e-16,1.46075652791546e-07,-3.19443028540508,-0.983020671176917,-0.609428117394915,-3.46202933953209,-4.75660252292127,-6.91631079943544,-8.4356075009591,-29.8223290238668,-37.9045641462078,-17.2471705869477,1.50802940731114,2.7913786216792
0.0852676828282149,0.778372446073949,1.13093237925256,0.0652480697723479,0.0178789363611252,0.00206249208950725,0.000451408900298191,2.32506433433448e-13,7.18397577540115e-17,6.72600045715812e-08,-3.19443028540508,-0.983020671176917,-0.609428117394915,-3.46202933953209,-4.75660252292127,-6.91631079943544,-8.4356075009591,-29.8223290238668,-37.9045641462078,-17.2471705869477,0.732470524282221,7.35693270342861
0.148428735879517,1.35494286208014,1.9686575012934,0.113579825247502,0.0311225523543137,0.00359025932748539,0.000785784839151892,4.04732893561899e-13,1.25054230109678e-16,1.1708207755479e-07,-3.19443028540508,-0.983020671176917,-0.609428117394915,-3.46202933953209,-4.75660252292127,-6.91631079943544,-8.4356075009591,-29.8223290238668,-37.9045641462078,-17.2471705869477,1.28677995641294,5.64107919809599
0.147910791588428,1.3502147687227,1.96178784153472,0.113183486750639,0.0310139497429629,0.00357773106393063,0.000783042831217573,4.03320572083892e-13,1.24617851505643e-16,1.16673517896184e-07,-3.19443028540508,-0.983020671176917,-0.609428117394915,-3.46202933953209,-4.75660252292127,-6.91631079943544,-8.4356075009591,-29.8223290238668,-37.9045641462078,-17.2471705869477,1.28328433891685,3.5027977696221
0.135973442886118,1.24124378463047,1.80345899147004,0.104048854083368,0.0285109252594767,0.00328898524075861,0.000719846256953417,3.70770017414579e-13,1.14560392330555e-16,1.07257217351141e-07,-3.19443028540508,-0.983020671176917,-0.609428117394915,-3.46202933953209,-4.75660252292127,-6.91631079943544,-8.4356075009591,-29.8223290238668,-37.9045641462078,-17.2471705869477,1.19913460019458,8.04415054379799
0.0597544197059729,1.21523706809129,2.29634538496957,0.143219598294009,0.043357745495328,0.00543323750160744,0.00170529211054685,1.76525487076792e-12,2.30764707553513e-16,2.00287143029943e-07,-4.14327404488874,-1.1308227484269,-0.494443027819293,-3.269138098182,-4.4640318421935,-6.54098202169106,-7.69978078104434,-28.388487957224,-37.3308949884547,-16.7492757088593,1.32576192395702,4.62252435297783
0.0353758660482414,0.719769208850993,2.43779349886222,0.247246928180387,0.0933181521219769,0.00933673045292041,0.00139246995056121,2.44798244781125e-12,5.41592987747559e-16,2.21958690411678e-07,-4.60704723845622,-1.59414645868641,-0.374228470636077,-2.6626895295652,-3.63706243061375,-5.93912094366692,-7.84199796295183,-28.0010787183828,-36.4173386967358,-16.5860963486826,1.26532179706689,3.77276121328696
0.0286985686599305,0.583910681687494,1.97765290072121,0.200578352899278,0.0757040800708122,0.00757439548185198,0.00112963720601428,1.98591865598464e-12,4.39365739439836e-16,1.80063343403701e-07,-4.60704723845622,-1.59414645868641,-0.374228470636077,-2.6626895295652,-3.63706243061375,-5.93912094366692,-7.84199796295183,-28.0010787183828,-36.4173386967358,-16.5860963486826,1.0561392085197,3.94699454917366
0.0672070668291294,1.36741747198025,4.63131984868523,0.469719689769751,0.17728581619684,0.0177379195935242,0.00264541427472909,4.65067681289361e-12,1.02891830470246e-15,4.21677098151079e-07,-4.60704723845622,-1.59414645868641,-0.374228470636077,-2.6626895295652,-3.63706243061375,-5.93912094366692,-7.84199796295183,-28.0010787183828,-36.4173386967358,-16.5860963486826,1.9070703626219,3.28938286205022
0.0181846118281458,0.36999019758154,1.25312348349393,0.127094822456941,0.0479692672553629,0.00479945335610592,0.000715785318125711,1.2583610112854e-12,2.78400484601695e-16,1.14095655538604e-07,-4.60704723845622,-1.59414645868641,-0.374228470636077,-2.6626895295652,-3.63706243061375,-5.93912094366692,-7.84199796295183,-28.0010787183828,-36.4173386967358,-16.5860963486826,0.599867691968734,5.2829067285117
0.0484581237579221,1.72888140728168,2.80884627711947,0.178764713695084,0.114969136842868,0.00694046212732251,0.000918576445473941,2.37029447594302e-12,9.44573174206459e-16,1.32509063575194e-07,-4.61379325493462,-1.03926335925894,-0.553964151757767,-3.3084227596734,-3.74982953517321,-6.55712489098483,-8.57942340142296,-28.3547448903032,-36.1825364891938,-17.4233527627743,1.58673797325583,9.85706402503528
0.0373823468289286,1.33372155958729,2.16684546527163,0.137905556589596,0.0886913445009321,0.00535412315368892,0.000708623046264303,1.82853076666861e-12,7.28677861732429e-16,1.02222277471786e-07,-4.61379325493462,-1.03926335925894,-0.553964151757767,-3.3084227596734,-3.74982953517321,-6.55712489098483,-8.57942340142296,-28.3547448903032,-36.1825364891938,-17.4233527627743,1.32723655901952,13.4492549106403
0.0476212585968352,1.69902386214368,2.76033788657772,0.175677471570927,0.112983635594313,0.00682060129686166,0.000902712756057231,2.32935981494907e-12,9.28260524844726e-16,1.30220650194018e-07,-4.61379325493462,-1.03926335925894,-0.553964151757767,-3.3084227596734,-3.74982953517321,-6.55712489098483,-8.57942340142296,-28.3547448903032,-36.1825364891938,-17.4233527627743,1.56931724666687,10.9338916085964
0.0444184850397688,1.90421662338834,4.64432725816595,0.292115174446936,0.142448829666706,0.0198158308296417,0.00116554631950173,3.61590852758576e-12,1.73529496517781e-15,1.50463661750257e-07,-5.0669155152569,-1.30874524611076,-0.417169418415495,-3.18342307024096,-3.9015883826162,-5.87409007268667,-8.70738130690223,-28.2984939190896,-35.94041493601,-17.662360180872,1.9528159487963,7.20823723440531
0.0222729594129497,0.954839849405481,2.32882576767243,0.146476617078185,0.0714287531136663,0.00993634058899871,0.000584445098587497,1.81314116867673e-12,8.70136707595876e-16,7.54476661751698e-08,-5.0669155152569,-1.30874524611076,-0.417169418415495,-3.18342307024096,-3.9015883826162,-5.87409007268667,-8.70738130690223,-28.2984939190896,-35.94041493601,-17.662360180872,1.26253359658904,1.9262078163285
0.0237554329031656,3.24260659332263,5.4157876377371,0.971426366268824,0.23612545970766,0.0119595688476427,0.00104302034592189,4.30439180636821e-12,2.72704704904334e-15,7.43000641043867e-07,-6.03275195502582,-1.11643042370547,-0.603489609507135,-2.32179774107488,-3.73619994046139,-6.71903151481932,-9.15844253021952,-28.4641931983159,-35.8283649723365,-16.4053768636329,2.29280793418166,3.21362280383318
0.0117352310262253,1.60185409606793,2.67540984737647,0.479886553934874,0.11664644597884,0.00590805075930364,0.000515254122050361,2.1263780997395e-12,1.34716665742788e-15,3.67043792080143e-07,-6.03275195502582,-1.11643042370547,-0.603489609507135,-2.32179774107488,-3.73619994046139,-6.71903151481932,-9.15844253021952,-28.4641931983159,-35.8283649723365,-16.4053768636329,1.58759219209155,3.44527056226667
0.0156828933142274,1.10288375001664,3.09152769070613,0.545261547853548,0.0340321517822691,0.00408985772490086,0.000317963692436702,1.65173199834087e-12,1.10246027736087e-15,7.37490254636435e-07,-5.72250746402069,-1.46939436517654,-0.438657338507789,-2.17381240064735,-4.9477722660771,-7.06656780114994,-9.62089606195953,-28.6965193881271,-36.0085548023552,-15.6873356684017,1.56732270552965,0.734500758787707
0.0371597896208704,2.61322495191086,7.32521201872339,1.2919685163073,0.0806373910244859,0.00969070244829979,0.000753398220678076,3.9136919660561e-12,2.61222155575918e-15,1.74744431149516e-06,-5.72250746402069,-1.46939436517654,-0.438657338507789,-2.17381240064735,-4.9477722660771,-7.06656780114994,-9.62089606195953,-28.6965193881271,-36.0085548023552,-15.6873356684017,2.42997943752765,0.989963761101708
0.000913987895582287,0.150343855816583,0.196871859210136,0.0721232103973382,0.00662173386081389,0.000220205627633804,1.86626574391752e-05,8.38817129423168e-14,5.75708824384042e-17,9.73692575557523e-08,-6.1469880010116,-1.04412500732008,-0.774496993816208,-1.77867413804531,-4.16669280188502,-7.57024354815054,-10.0382807300783,-29.2586635388101,-36.5428095182964,-15.2940500780326,-0.85070522893164,0.307666711024811
0.00218147635231947,0.263169837561961,0.389112508811965,0.0706031293916236,0.0110734937218096,0.00032451814588626,8.18624103361396e-05,9.00166439157314e-14,8.29506582495094e-17,1.31297162167545e-07,-5.82197111834829,-1.02917339781449,-0.638104464231524,-2.34489852259274,-4.19741869214865,-7.72738681664517,-9.10468835550687,-29.7329995220691,-36.7225034345783,-15.540020382006,-0.305782287212168,0.665620933200665
0.0627300074388971,6.82477855883448,16.3143104506202,2.55021927319296,0.273491614766587,0.0088630180679568,0.00120256597564192,5.19626252126217e-12,1.19061045225243e-15,2.59476552483563e-06,-6.02838011693227,-1.3389048636921,-0.467422094241628,-2.32328541368385,-4.55594907522355,-7.98533269129018,-9.98276245073546,-29.2425462533187,-37.6237749928778,-16.1214791605916,3.25946475864474,0.985997543471253
0.0693467228806812,7.54465122457557,18.0351320205176,2.81921454250339,0.30233931086143,0.00979788275083102,0.00132941175783866,5.74436050287789e-12,1.31619517456005e-15,2.8684595002861e-06,-6.02838011693227,-1.3389048636921,-0.467422094241628,-2.32328541368385,-4.55594907522355,-7.98533269129018,-9.98276245073546,-29.2425462533187,-37.6237749928778,-16.1214791605916,3.35974372880974,0.90396586457336
0.0853979941801766,6.24440732623648,10.4911595991967,1.6365808134477,0.203686821525592,0.0075265395762075,0.0019385316838569,6.65592454391716e-12,1.88573929400539e-15,5.3807307584944e-06,-5.38738827700275,-1.09526937583899,-0.57642265159093,-2.43434641556723,-4.51812726453516,-7.81627550561676,-9.17278006765208,-28.6624693602126,-36.8314120636768,-15.0596419754858,2.92695561118774,0.513365161263831
0.120898424543191,11.772905514955,35.889494614099,3.27008034537078,0.701099438921558,0.0276048228717128,0.00254888178004406,2.61410847274516e-11,4.72639202416664e-15,2.07535753531619e-05,-6.05989837981966,-1.48129307880662,-0.366649203763438,-2.76227927224258,-4.30219937635226,-7.53685860709554,-9.91919436091823,-28.3146067390511,-36.9327080963639,-14.7298858472538,3.94709382729968,0.46867575094384
0.00277164783597716,0.269898869377173,0.822781938286919,0.0749679836355555,0.016073003019138,0.000632852312708031,5.84341995895648e-05,5.9929549279654e-13,1.08354548665613e-16,4.75784547513526e-07,-6.05989837981966,-1.48129307880662,-0.366649203763438,-2.76227927224258,-4.30219937635226,-7.53685860709554,-9.91919436091823,-28.3146067390511,-36.9327080963639,-14.7298858472538,0.171585130796218,0.153173896886391
0.00403608330374213,0.44712925870106,0.613921517049012,0.14192166590536,0.0166985247763342,0.000161914971736037,4.68558677194523e-05,5.93360343085304e-13,6.1959490582751e-17,3.30608608345827e-07,-5.71453621433894,-1.00696323462549,-0.689943859209846,-2.15453569995785,-4.29449057801693,-8.93049490415823,-10.1704899901192,-28.355030197084,-37.5221065578987,-15.124386291154,0.202055677809127,0.258286715367174
0.0341916875911034,2.65777280598229,3.60415674747301,1.32798450483512,0.110640568283629,0.00217788614508253,0.000505842536760214,2.42645382098306e-12,1.59739997035951e-16,1.82233363567885e-06,-5.4218425495272,-1.06858135109414,-0.763982000739886,-1.76240744923945,-4.24753828748789,-8.17547036300259,-9.6353549614604,-28.790660089548,-38.4190540311388,-15.2614624929881,2.04606983217977,0.536248211845392
0.0414701308551357,3.2235374680946,4.37137978468826,1.61067484728172,0.134192816086754,0.00264149650945162,0.000613522106378807,2.94297721345273e-12,1.93744124569141e-16,2.21025692668591e-06,-5.4218425495272,-1.06858135109414,-0.763982000739886,-1.76240744923945,-4.24753828748789,-8.17547036300259,-9.6353549614604,-28.790660089548,-38.4190540311388,-15.2614624929881,2.2390607002152,0.301038516372432
0.0605351847164212,8.69387021414177,22.9228846149567,3.40365546040992,0.157683136592593,0.0151816893436131,0.000610503506640925,8.42317181385777e-12,2.7593637253349e-16,6.82589498896675e-06,-6.36712164531147,-1.39997292363798,-0.430455388154829,-2.33774113839046,-5.40975885207888,-7.75025635363169,-10.9638176484295,-29.0626257865079,-39.3889524969348,-15.4573782194591,3.5625911278831,0.0755166253867509
0.156364986167496,22.4566407477653,59.2107970352738,8.79178846945104,0.40730232488181,0.0392149566460203,0.0015769568197125,2.17574151351855e-11,7.12755520222339e-16,1.76315803863573e-05,-6.36712164531147,-1.39997292363798,-0.430455388154829,-2.33774113839046,-5.40975885207888,-7.75025635363169,-10.9638176484295,-29.0626257865079,-39.3889524969348,-15.4573782194591,4.51155929576775,0.349485879172094
0.0690459921049648,9.91616523480082,26.1456757348917,3.88218470214288,0.179852240564897,0.0173161246218976,0.000696335866439472,9.60740860514166e-12,3.14731022770823e-16,7.78556625746397e-06,-6.36712164531147,-1.39997292363798,-0.430455388154829,-2.33774113839046,-5.40975885207888,-7.75025635363169,-10.9638176484295,-29.0626257865079,-39.3889524969348,-15.4573782194591,3.69413920112518,0.117964652160461
0.00731947244159659,1.05119929411839,2.77166779959556,0.411545161047507,0.0190658933015679,0.00183565900208302,7.38176254568223e-05,1.01846842049266e-12,3.33642109767135e-17,8.25337371894091e-07,-6.36712164531147,-1.39997292363798,-0.430455388154829,-2.33774113839046,-5.40975885207888,-7.75025635363169,-10.9638176484295,-29.0626257865079,-39.3889524969348,-15.4573782194591,1.44990462088519,0.178892512120875
0.00997310976531399,1.11910714624772,2.80100126410548,0.529962288523188,0.02148022729375,0.00225681863735918,6.01619421266472e-05,1.15866974953748e-12,3.63546745444706e-17,1.72739008261005e-06,-6.10834326547592,-1.38794925757006,-0.470503486518283,-2.13542986279856,-5.34110286185296,-7.59427957409951,-11.2189510302547,-28.9842289705927,-39.3536893140853,-14.7693793454417,1.50048043410121,0.623798214300792
0.00185721501252968,0.208402658904765,0.521608778026671,0.0986907736384329,0.00400009641338247,0.000420269860905144,1.12034926647609e-05,2.15770096192987e-13,6.77004955610207e-18,3.21678480374897e-07,-6.10834326547592,-1.38794925757006,-0.470503486518283,-2.13542986279856,-5.34110286185296,-7.59427957409951,-11.2189510302547,-28.9842289705927,-39.3536893140853,-14.7693793454417,-0.180333952954155,0.531293952534088
0.0121832590771953,1.18402513873489,1.73704865440958,0.321756967428328,0.0184970399042634,0.00163742121825267,1.88155703117474e-05,5.65349524293683e-13,2.43116720741245e-17,1.24487906760772e-06,-5.59406180709982,-1.01744956245571,-0.634181833266562,-2.3203281086832,-5.17651389560674,-7.6010020333347,-12.0671951535635,-29.3877015586984,-39.4419444373322,-14.7828414979488,1.18636933073173,0.596598712690636
0.00927965047652573,0.901839103417403,1.32306177448137,0.24507335657916,0.0140886821887586,0.00124717832001729,1.43312979641327e-05,4.30611049906625e-13,1.85175262151385e-17,9.48189852957006e-07,-5.59406180709982,-1.01744956245571,-0.634181833266562,-2.3203281086832,-5.17651389560674,-7.6010020333347,-12.0671951535635,-29.3877015586984,-39.4419444373322,-14.7828414979488,0.914130410038992,1.04362013448737
0.0130030858445747,1.26369967375336,1.85393683466596,0.34340839688716,0.019741728893861,0.00174760534350954,2.00816936115427e-05,6.03392602094494e-13,2.5947634947427e-17,1.32864853974227e-06,-5.59406180709982,-1.01744956245571,-0.634181833266562,-2.3203281086832,-5.17651389560674,-7.6010020333347,-12.0671951535635,-29.3877015586984,-39.4419444373322,-14.7828414979488,1.25149323007038,1.30960701938039
0.0157309544750322,1.74844937396145,1.61756894893411,0.291325425580819,0.0144409460413813,0.00216800439427975,1.78846897007755e-05,1.48357754919152e-12,3.22984775052185e-17,1.57971270315437e-06,-5.45767088404372,-0.746816675812944,-0.824621625595441,-2.53886033461084,-5.54323363126486,-7.43949416745747,-12.2371115340273,-28.5421106809983,-39.277057579769,-14.6638135598382,1.30554599893248,0.703838519900799
0.00484608360126682,0.538627954981893,0.498308883277851,0.0897458173806327,0.00444868313038415,0.000667876228315894,5.50956406429347e-06,4.57031443562802e-13,9.94988081825241e-18,4.86646874327922e-07,-5.45767088404372,-0.746816675812944,-0.824621625595441,-2.53886033461084,-5.54323363126486,-7.43949416745747,-12.2371115340273,-28.5421106809983,-39.277057579769,-14.6638135598382,0.128086478909835,1.62032291986123
0.00946416430377511,1.05191405761602,0.97317288214744,0.175269192847781,0.00868806061669715,0.00130432961530315,1.07599092044177e-05,8.92560060816772e-13,1.94316306970652e-17,9.50397548930868e-07,-5.45767088404372,-0.746816675812944,-0.824621625595441,-2.53886033461084,-5.54323363126486,-7.43949416745747,-12.2371115340273,-28.5421106809983,-39.277057579769,-14.6638135598382,0.797428092509949,1.37271549144957
0.00824256087765833,0.916136425749295,0.847558904105971,0.152646017720721,0.00756663412038897,0.00113597100743279,9.37105525736824e-06,7.77351322537169e-13,1.69234592544898e-17,8.27723336535396e-07,-5.45767088404372,-0.746816675812944,-0.824621625595441,-2.53886033461084,-5.54323363126486,-7.43949416745747,-12.2371115340273,-28.5421106809983,-39.277057579769,-14.6638135598382,0.659226686822539,1.08762768275959
0.00439573444548699,0.468271977134859,0.615688106914275,0.14039180923749,0.00594211931616039,0.000520554782291624,7.14361714275809e-06,1.71357042271042e-13,2.41928096055553e-17,3.34137684667798e-07,-5.63836794675969,-0.969953298420685,-0.696262057895512,-2.17456542213582,-5.33693671628793,-7.77186272036738,-12.0605386015447,-29.6062743429626,-38.4717235028969,-15.122959993648,0.211247294279309,0.778445332575901
0.0921167811787814,9.81308306605593,12.9023277730594,2.94204341304115,0.124522741665373,0.0109087187969594,0.000149701267291076,3.59094921726465e-12,5.06983253008578e-16,7.00217184723911e-06,-5.63836794675969,-0.969953298420685,-0.696262057895512,-2.17456542213582,-5.33693671628793,-7.77186272036738,-12.0605386015447,-29.6062743429626,-38.4717235028969,-15.122959993648,3.25366980050842,1.55376353244162
0.0255226656640637,3.50874025937855,3.82375922184948,1.79492340291507,0.0375392502680667,0.00656644568640462,3.54051171117928e-05,3.37271275397442e-12,9.69257035516005e-17,1.461794937661e-05,-5.88707672697168,-0.963631282336552,-0.877654326722935,-1.63392600637316,-5.50125657450397,-7.24467093922128,-12.4675425520227,-28.6341920788065,-39.0914752865727,-13.3521487299302,2.21888835493219,0.517094601691394
0.00784744069565678,0.763526653788069,1.23184218852453,0.383955984790048,0.015404877863438,0.00111486724439148,1.49436796270199e-05,9.45145481705953e-13,6.16713383183622e-17,9.88251112599604e-06,-5.72458404871542,-1.14682346726734,-0.668505459162035,-1.83424357824528,-5.05008729767495,-7.67603616682326,-11.9882383372809,-28.5644537527092,-38.2017286061766,-12.4017601382867,0.877016222338573,0.737215416395303
0.00605284441964163,0.588919142541156,0.950137682571658,0.296150799994028,0.0118820049271067,0.000859913217641897,1.15262760621283e-05,7.29004369266481e-13,4.75679945181016e-17,7.6225236533661e-06,-5.72458404871542,-1.14682346726734,-0.668505459162035,-1.83424357824528,-5.05008729767495,-7.67603616682326,-11.9882383372809,-28.5644537527092,-38.2017286061766,-12.4017601382867,0.617357083296086,2.20934463153942
0.00573752595878384,0.558239834645321,0.900640961542568,0.2807230427345,0.0112630206536365,0.000815116673495109,1.09258232212229e-05,6.9102742491784e-13,4.50899749660266e-17,7.22543391181714e-06,-5.72458404871542,-1.14682346726734,-0.668505459162035,-1.83424357824528,-5.05008729767495,-7.67603616682326,-11.9882383372809,-28.5644537527092,-38.2017286061766,-12.4017601382867,0.563856869516478,1.54630352365187
0.0101247572966061,0.985101048724393,1.58932111375289,0.495379488593032,0.0198753524365583,0.00143840020016297,1.92803151001259e-05,1.21942541312263e-12,7.95682766963605e-17,1.27504023938782e-05,-5.72458404871542,-1.14682346726734,-0.668505459162035,-1.83424357824528,-5.05008729767495,-7.67603616682326,-11.9882383372809,-28.5644537527092,-38.2017286061766,-12.4017601382867,1.13181241173301,0.530245910441771
0.00134055918057456,0.130431398597948,0.210432600753463,0.065590265706846,0.00263157776482352,0.000190450055954934,2.55279239340464e-06,1.61456900614837e-13,1.05351645163444e-17,1.68820530551018e-06,-5.72458404871542,-1.14682346726734,-0.668505459162035,-1.83424357824528,-5.05008729767495,-7.67603616682326,-11.9882383372809,-28.5644537527092,-38.2017286061766,-12.4017601382867,-0.890084404412646,0.96066450938957
0.00162567237372629,0.15817184682312,0.255187887661669,0.0795401534599063,0.00319126774377272,0.000230955409523856,3.09572611933317e-06,1.95795923582065e-13,1.27758074056396e-17,2.04725667177914e-06,-5.72458404871542,-1.14682346726734,-0.668505459162035,-1.83424357824528,-5.05008729767495,-7.67603616682326,-11.9882383372809,-28.5644537527092,-38.2017286061766,-12.4017601382867,-0.697249731616626,0.387570134958687
0.0168454732630088,1.63900159692829,2.64429709708046,0.824207601789548,0.0330684191486894,0.00239319634076306,3.20784017835596e-05,2.02886820801883e-12,1.32384929179639e-16,2.12139961804988e-05,-5.72458404871542,-1.14682346726734,-0.668505459162035,-1.83424357824528,-5.05008729767495,-7.67603616682326,-11.9882383372809,-28.5644537527092,-38.2017286061766,-12.4017601382867,1.64091074135943,0.803547180149174
0.000893472341917112,0.0869315199608612,0.140251703420003,0.0437154055988369,0.00175392625894079,0.000126933491619048,1.70141641727884e-06,1.07609777473e-13,7.02160579651987e-18,1.12517579962758e-06,-5.72458404871542,-1.14682346726734,-0.668505459162035,-1.83424357824528,-5.05008729767495,-7.67603616682326,-11.9882383372809,-28.5644537527092,-38.2017286061766,-12.4017601382867,-1.29581112989389,0.80192636042336
0.00553755532462059,0.53878343923184,0.869250821345061,0.270938971118421,0.0108704693346741,0.000786707320877487,1.05450242820985e-05,6.66942968764144e-13,4.35184490238115e-17,6.97360505529778e-06,-5.72458404871542,-1.14682346726734,-0.668505459162035,-1.83424357824528,-5.05008729767495,-7.67603616682326,-11.9882383372809,-28.5644537527092,-38.2017286061766,-12.4017601382867,0.528381895956764,0.537230826425106
0.0140197103561142,1.36406542596828,2.2007264989099,0.685949968278487,0.0275213198917511,0.00199174692209376,2.66973741058454e-05,1.68853342278091e-12,1.10177869961591e-16,1.76554304710098e-05,-5.72458404871542,-1.14682346726734,-0.668505459162035,-1.83424357824528,-5.05008729767495,-7.67603616682326,-11.9882383372809,-28.5644537527092,-38.2017286061766,-12.4017601382867,1.45729299179067,0.373312547964412
0.0448875026254912,4.36738626078602,7.04615958451127,2.19623517319157,0.0881161798295782,0.00637706078969077,8.54781175808831e-05,5.40624923932561e-12,3.5276116992068e-16,5.65281422719266e-05,-5.72458404871542,-1.14682346726734,-0.668505459162035,-1.83424357824528,-5.05008729767495,-7.67603616682326,-11.9882383372809,-28.5644537527092,-38.2017286061766,-12.4017601382867,2.62098818777596,0.356679508380182
0.0337481944703528,3.28357320490472,5.29758061862379,1.65121620478406,0.0662492185783669,0.00479452576088578,6.42658193561677e-05,4.06463135644229e-12,2.65219757565918e-16,4.25000863683019e-05,-5.72458404871542,-1.14682346726734,-0.668505459162035,-1.83424357824528,-5.05008729767495,-7.67603616682326,-11.9882383372809,-28.5644537527092,-38.2017286061766,-12.4017601382867,2.33575568844606,0.719215625718694
0.0111226516760108,1.08219244270747,1.74596433590844,0.544204007824234,0.0218342638360225,0.00158016868241177,2.11805797196065e-05,1.33961177712232e-12,8.74105126895962e-17,1.40070799132756e-05,-5.72458404871542,-1.14682346726734,-0.668505459162035,-1.83424357824528,-5.05008729767495,-7.67603616682326,-11.9882383372809,-28.5644537527092,-38.2017286061766,-12.4017601382867,1.22581249020155,0.688924614086861
0.00173740513831851,0.313607468574909,0.750023945360487,0.285974849156239,0.0145388903063065,0.000298487047307266,7.81939753867047e-06,3.99413094042184e-13,6.62645336676624e-17,4.46691491991143e-06,-6.66739086120391,-1.47164145771763,-0.599678428351047,-1.5638796945793,-4.54295641238766,-8.4288123012155,-12.0709313300025,-28.8608084727214,-37.5649051395072,-12.6308408446723,0.312028282536921,1.37957162697778
0.00156189886670417,0.281927996501249,0.674259287268651,0.257086722579463,0.0130702251258068,0.00026833498453118,7.0295107828326e-06,3.59065853537797e-13,5.95707343989841e-17,4.01568361759648e-06,-6.66739086120391,-1.47164145771763,-0.599678428351047,-1.5638796945793,-4.54295641238766,-8.4288123012155,-12.0709313300025,-28.8608084727214,-37.5649051395072,-12.6308408446723,0.205537885515096,0.689308762492985
0.00442326151357512,0.798413574084184,1.90948672742132,0.728063660124473,0.0370145756586259,0.000759918478158005,1.99074121684819e-05,1.01686620347203e-12,1.68702943845812e-16,1.13723232502818e-05,-6.66739086120391,-1.47164145771763,-0.599678428351047,-1.5638796945793,-4.54295641238766,-8.4288123012155,-12.0709313300025,-28.8608084727214,-37.5649051395072,-12.6308408446723,1.24651290519667,0.20399456964319
0.0226538924416017,4.08910374747407,9.77950474076891,3.72880414067305,0.189571476424937,0.00389194973341354,0.000101956525218179,5.20791672168991e-12,8.64018175894744e-16,5.82437612907e-05,-6.66739086120391,-1.47164145771763,-0.599678428351047,-1.5638796945793,-4.54295641238766,-8.4288123012155,-12.0709313300025,-28.8608084727214,-37.5649051395072,-12.6308408446723,2.87996727111235,0.967240211333623
0.0139706012193849,2.52174048887704,6.03099715461996,2.2995445841735,0.116908275543819,0.00240015608053128,6.2876344946424e-05,3.21170977085083e-12,5.32837940007114e-16,3.59187881114475e-05,-6.66739086120391,-1.47164145771763,-0.599678428351047,-1.5638796945793,-4.54295641238766,-8.4288123012155,-12.0709313300025,-28.8608084727214,-37.5649051395072,-12.6308408446723,2.39659079102737,0.13350179334671
0.0185887104651247,3.35532473368968,8.02459809443744,3.05967995260901,0.155553368887639,0.00319354949378971,8.36606924040341e-05,4.27336963462383e-12,7.08972365332594e-16,4.77920700746521e-05,-6.66739086120391,-1.47164145771763,-0.599678428351047,-1.5638796945793,-4.54295641238766,-8.4288123012155,-12.0709313300025,-28.8608084727214,-37.5649051395072,-12.6308408446723,2.68219001442296,0.806372684463579
0.00440672338198854,0.795428385732061,1.90234734787887,0.725341503051554,0.0368761818691144,0.000757077219112325,1.98329803491151e-05,1.01306424262767e-12,1.68072180442879e-16,1.13298032731606e-05,-6.66739086120391,-1.47164145771763,-0.599678428351047,-1.5638796945793,-4.54295641238766,-8.4288123012155,-12.0709313300025,-28.8608084727214,-37.5649051395072,-12.6308408446723,1.24276699823974,0.323840894302594
0.00775816310083754,1.40037452243271,3.34913715247317,1.27698455216884,0.0649215774800094,0.00133285619192905,3.49165316237091e-05,1.78352870027103e-12,2.9589590168486e-16,1.99464441205562e-05,-6.66739086120391,-1.47164145771763,-0.599678428351047,-1.5638796945793,-4.54295641238766,-8.4288123012155,-12.0709313300025,-28.8608084727214,-37.5649051395072,-12.6308408446723,1.80838117458617,0.343721127523381
0.000433156166598099,0.0781861443301072,0.186990063436529,0.0712969972702344,0.00362472163387575,7.44164399766487e-05,1.9494706146864e-06,9.95785271314657e-14,1.65205516847235e-17,1.11365604979233e-06,-6.66739086120391,-1.47164145771763,-0.599678428351047,-1.5638796945793,-4.54295641238766,-8.4288123012155,-12.0709313300025,-28.8608084727214,-37.5649051395072,-12.6308408446723,-1.07702137189136,0.502608954538544
0.0102622030802918,1.85236215723793,4.43011124614273,1.68914659751578,0.0858757935007621,0.00176305147760089,4.61862600366382e-05,2.35918393101767e-12,3.91399844814847e-16,2.63843976511325e-05,-6.66739086120391,-1.47164145771763,-0.599678428351047,-1.5638796945793,-4.54295641238766,-8.4288123012155,-12.0709313300025,-28.8608084727214,-37.5649051395072,-12.6308408446723,2.08810312408889,0.519155840123819
0.0116612994870541,2.10490376238226,5.03409000952723,1.91943622602816,0.0975836610195325,0.00200341692037657,5.24830590722318e-05,2.68082303082432e-12,4.44761302603519e-16,2.99815118048349e-05,-6.66739086120391,-1.47164145771763,-0.599678428351047,-1.5638796945793,-4.54295641238766,-8.4288123012155,-12.0709313300025,-28.8608084727214,-37.5649051395072,-12.6308408446723,2.2159112052236,1.01552490900493
0.0129482548559761,2.33720353318134,5.58965838101021,2.13126757116536,0.108353113995813,0.00222451647834009,5.82751540892105e-05,2.97668196116733e-12,4.93845707554255e-16,3.32903083612107e-05,-6.66739086120391,-1.47164145771763,-0.599678428351047,-1.5638796945793,-4.54295641238766,-8.4288123012155,-12.0709313300025,-28.8608084727214,-37.5649051395072,-12.6308408446723,2.32059660113007,1.08786801045935
0.0206269051534517,3.72322572728734,8.90447049025141,3.39516440910686,0.172609315334973,0.00354371233200077,9.28338289268488e-05,4.74193141608198e-12,7.86708995417971e-16,5.30323229449663e-05,-6.66739086120391,-1.47164145771763,-0.599678428351047,-1.5638796945793,-4.54295641238766,-8.4288123012155,-12.0709313300025,-28.8608084727214,-37.5649051395072,-12.6308408446723,2.78623188125302,0.57052059159079
0.000549517972013423,0.0991898414127711,0.237222527046793,0.0904500140406351,0.00459845624963411,9.4407454709906e-05,2.47317069752398e-06,1.26329011347398e-13,2.09585843591499e-17,1.41282535305604e-06,-6.66739086120391,-1.47164145771763,-0.599678428351047,-1.5638796945793,-4.54295641238766,-8.4288123012155,-12.0709313300025,-28.8608084727214,-37.5649051395072,-12.6308408446723,-0.839078217330639,1.07910072189388
0.00419857887108131,0.757857601737172,1.81249302211876,0.691081160546178,0.0351343945650498,0.000721317890960435,1.88962013328801e-05,9.6521377800328e-13,1.60133560574343e-16,1.07946581876747e-05,-6.66739086120391,-1.47164145771763,-0.599678428351047,-1.5638796945793,-4.54295641238766,-8.4288123012155,-12.0709313300025,-28.8608084727214,-37.5649051395072,-12.6308408446723,1.19438168622482,0.169098411730218
0.0100994239430368,1.8229799757044,4.35984079047654,1.66235334233561,0.0845136310617831,0.00173508594269432,4.54536532559129e-05,2.32176253895279e-12,3.85191457730491e-16,2.59658881504879e-05,-6.66739086120391,-1.47164145771763,-0.599678428351047,-1.5638796945793,-4.54295641238766,-8.4288123012155,-12.0709313300025,-28.8608084727214,-37.5649051395072,-12.6308408446723,2.07211396909952,0.242095016372402
0.00952313943822718,2.25716409991024,4.16586305729249,1.36746139139522,0.185747042743177,0.00275089480681252,0.000128478045197172,3.90878047702408e-12,7.77566850756013e-16,5.6670509047864e-05,-6.73205810062414,-1.2639181867192,-0.651103918215903,-1.7650713670731,-3.76139690514509,-7.97385642493935,-11.0377799117282,-28.3458230780462,-36.868389440861,-11.856283994159,2.07802738900516,0.888721795484355
0.0113550296791262,2.69135672236994,4.96721684708816,1.630509012818,0.221477717179299,0.00328006246029778,0.000153192340172391,4.66068134502292e-12,9.2714117283606e-16,6.75717620584877e-05,-6.73205810062414,-1.2639181867192,-0.651103918215903,-1.7650713670731,-3.76139690514509,-7.97385642493935,-11.0377799117282,-28.3458230780462,-36.868389440861,-11.856283994159,2.25396361094567,1.48477503905202
0.0060005712658154,1.13191448025607,3.89856265418064,0.539521829982984,0.34821523209564,0.00127562743510917,3.66806868779227e-05,4.89282712726275e-12,2.31143417957417e-16,6.41718194648037e-05,-6.89518107400576,-1.65537004123846,-0.418672535694442,-2.39635250243071,-2.83421497804465,-8.44359758613684,-11.9925406552153,-27.8225313055571,-37.7827737697531,-11.4332268634697,1.77928047068863,7.27355355302713
0.00568090541498442,1.91909585242161,2.03016456523255,0.557427873604576,0.257676337434339,0.00304682181317516,3.79811258098265e-05,9.18176752437353e-12,2.17797004898855e-16,7.73429491234164e-05,-6.73366320340268,-0.911164383567096,-0.854901692111687,-2.14744070721449,-2.91906953617712,-7.35667480861577,-11.7414397593406,-26.976819937545,-37.6259867635974,-11.0302796890795,1.56301854849668,4.32106097532167
0.00452440882538723,1.52841379625121,1.61687157327047,0.443948879029224,0.205219592656179,0.00242656169992751,3.02490762051515e-05,7.31257906712452e-12,1.73458739254505e-16,6.15977728959285e-05,-6.73366320340268,-0.911164383567096,-0.854901692111687,-2.14744070721449,-2.91906953617712,-7.35667480861577,-11.7414397593406,-26.976819937545,-37.6259867635974,-11.0302796890795,1.33539484671419,1.8826663245315
0.00399876123019202,1.35084208081414,1.42902279853991,0.39237072381436,0.181377099740559,0.00214464280811505,2.67347266452941e-05,6.46300075763568e-12,1.53306234767487e-16,5.4441319436099e-05,-6.73366320340268,-0.911164383567096,-0.854901692111687,-2.14744070721449,-2.91906953617712,-7.35667480861577,-11.7414397593406,-26.976819937545,-37.6259867635974,-11.0302796890795,1.21189254512383,2.93897575929447
0.00551876407869644,1.83952929405521,2.28758721212014,0.248967209127077,0.107569336705492,0.00141349408653604,5.89149500628521e-05,1.12355803110464e-11,2.11616578883909e-16,3.37418032947086e-05,-6.70160502776831,-0.89249396477371,-0.674506042261443,-2.89243776666128,-3.73162333194275,-8.06369424961995,-11.241419363632,-26.7139392447708,-37.5937593120841,-11.7987767207035,1.50200368521923,1.77515013235285
0.00494063601936781,1.64682609354052,2.0479468983417,0.22288620124259,0.0963007173215112,0.00126542097062299,5.27432084809353e-05,1.00585768827371e-11,1.89448303464384e-16,3.02071199890172e-05,-6.70160502776831,-0.89249396477371,-0.674506042261443,-2.89243776666128,-3.73162333194275,-8.06369424961995,-11.241419363632,-26.7139392447708,-37.5937593120841,-11.7987767207035,1.39134382055846,1.85331227202546
0.00984114383034002,2.22631639173618,4.11088621617063,0.460233379059169,0.159937232927676,0.00138590039703061,0.000130097925894025,9.4207160405422e-12,4.46030291739909e-16,1.80327518879777e-05,-6.56261897007187,-1.14108726091339,-0.52779700868198,-2.7174572106935,-3.77440947323678,-8.52284088272996,-10.8886587532898,-27.3295456557516,-37.2875804437987,-12.8647565424296,1.94143563831895,0.519005075929384
0.00162987790785997,0.368719730689267,0.680839823192693,0.0762232754566259,0.0264886040776488,0.000229531086889572,2.15466554425664e-05,1.56024718421083e-12,7.38709779346956e-17,2.98656176831016e-06,-6.56261897007187,-1.14108726091339,-0.52779700868198,-2.7174572106935,-3.77440947323678,-8.52284088272996,-10.8886587532898,-27.3295456557516,-37.2875804437987,-12.8647565424296,0.14336879994963,0.611700917566951
0.00301354582379114,0.319600920129288,0.816891682982566,0.0678303820041778,0.0298825268997825,0.00019352398868499,2.01173322435991e-05,6.3820643920961e-13,5.41792352541582e-17,3.98645348269464e-06,-6.01767992999966,-1.35372423710354,-0.415290822892367,-2.9037871232642,-3.72352340503956,-8.7631511316583,-11.0269708648025,-28.2931566424875,-37.667276003258,-12.6456506247923,0.213042051012157,0.523953640670132
0.00455754928689246,0.483349857873726,1.2354297312665,0.102583576693012,0.0451929710467503,0.000292676855836982,3.04245359394104e-05,9.65194316591059e-13,8.19382048374917e-17,6.02893046584848e-06,-6.01767992999966,-1.35372423710354,-0.415290822892367,-2.9037871232642,-3.72352340503956,-8.7631511316583,-11.0269708648025,-28.2931566424875,-37.667276003258,-12.6456506247923,0.626709692987753,1.43000971586066
0.00972368601325937,1.0312433188676,2.63583124220513,0.218865540905668,0.0964207368483673,0.000624436000657551,6.49117795444992e-05,2.05927481756609e-12,1.74817939681165e-16,1.28629276734945e-05,-6.01767992999966,-1.35372423710354,-0.415290822892367,-2.9037871232642,-3.72352340503956,-8.7631511316583,-11.0269708648025,-28.2931566424875,-37.667276003258,-12.6456506247923,1.38448941707547,0.428043108925931
0.0255958917639856,2.05297987118826,3.62973937634906,0.354760610531234,0.0971396354426091,0.00101682301064823,0.000112876543449888,3.92787810556748e-12,2.04090168859425e-16,4.37758895902576e-05,-5.4836256348791,-1.09900988313085,-0.529141367984994,-2.8546142700408,-4.14990801151383,-8.70937442442373,-10.9075180888812,-28.0812239746405,-37.946271990026,-11.8547295746549,1.81830221653519,0.34282257861217
0.177808265414184,3.73424593358379,7.39626517424725,1.95452267480562,0.357617686928919,0.00747624346883659,0.000279652572835328,1.80873500184139e-11,5.49280663346226e-16,0.000257747705050911,-4.33921070478024,-1.29461532868489,-0.611186068321024,-1.94201522742459,-3.64045201175514,-7.50818605813535,-10.7941237714825,-27.3479695509486,-37.7500833714605,-10.8756905738274,2.61216123494131,0.487996395972471
1.47809929975299,31.0423493906676,61.4842867364827,16.2477182388118,2.97283397595505,0.0621491369387642,0.00232471910751258,1.50358023764131e-10,4.56610586672505e-15,0.00214262650536099,-4.33921070478024,-1.29461532868489,-0.611186068321024,-1.94201522742459,-3.64045201175514,-7.50818605813535,-10.7941237714825,-27.3479695509486,-37.7500833714605,-10.8756905738274,4.72996771026796,1.18786573709701
0.418736553366493,8.79410902529948,17.4181249653081,4.60287988535474,0.842185807834599,0.0176064729891891,0.000658578802376621,4.25955148294239e-11,1.2935500566562e-15,0.000606993074251836,-4.33921070478024,-1.29461532868489,-0.611186068321024,-1.94201522742459,-3.64045201175514,-7.50818605813535,-10.7941237714825,-27.3479695509486,-37.7500833714605,-10.8756905738274,3.4686973970582,1.58622743347921
0.0282906467658301,0.594146916610825,1.17680201729446,0.310979416282637,0.0568996926804968,0.00118952717197661,4.44948503198701e-05,2.87783489203342e-12,8.73947292935529e-17,4.10096193296367e-05,-4.33921070478024,-1.29461532868489,-0.611186068321024,-1.94201522742459,-3.64045201175514,-7.50818605813535,-10.7941237714825,-27.3479695509486,-37.7500833714605,-10.8756905738274,0.773986672844951,2.49916741526651
0.0116441173776688,0.244544300943748,0.484358697525592,0.127995689006571,0.0234192843242177,0.000489596230481075,1.8313588378338e-05,1.18448501915699e-12,3.59707041873938e-17,1.68791058416014e-05,-4.33921070478024,-1.29461532868489,-0.611186068321024,-1.94201522742459,-3.64045201175514,-7.50818605813535,-10.7941237714825,-27.3479695509486,-37.7500833714605,-10.8756905738274,-0.113743467841261,1.81206599056901
0.0312242801931284,0.655757712211332,1.29883195050252,0.343226809506264,0.062799976326614,0.00131287665575741,4.91087985735616e-05,3.17625552226488e-12,9.64572332846223e-17,4.52621622673085e-05,-4.33921070478024,-1.29461532868489,-0.611186068321024,-1.94201522742459,-3.64045201175514,-7.50818605813535,-10.7941237714825,-27.3479695509486,-37.7500833714605,-10.8756905738274,0.872651429282339,1.74929645530471
0.0329651342321083,0.692318313603404,1.37124600882518,0.362362807963858,0.0663012769734127,0.00138607375156623,5.18467720293933e-05,3.35334198256329e-12,1.01835034249568e-16,4.77856733781699e-05,-4.33921070478024,-1.29461532868489,-0.611186068321024,-1.94201522742459,-3.64045201175514,-7.50818605813535,-10.7941237714825,-27.3479695509486,-37.7500833714605,-10.8756905738274,0.926905890313467,2.75958941740604
0.0897810902799166,1.88554041911121,3.73461126678492,0.986901122465307,0.180572628393117,0.00377499487027058,0.000141205544243146,9.13288255270347e-12,2.77349406170888e-16,0.000130145074655068,-4.33921070478024,-1.29461532868489,-0.611186068321024,-1.94201522742459,-3.64045201175514,-7.50818605813535,-10.7941237714825,-27.3479695509486,-37.7500833714605,-10.8756905738274,1.92882980298456,2.70458917823382
0.100332246534758,2.10713086231962,4.17350621564425,1.10288264951899,0.201793689660953,0.00421863573733142,0.000157800149596169,1.02061873050767e-11,3.09943763318622e-16,0.000145439843455518,-4.33921070478024,-1.29461532868489,-0.611186068321024,-1.94201522742459,-3.64045201175514,-7.50818605813535,-10.7941237714825,-27.3479695509486,-37.7500833714605,-10.8756905738274,2.03994256994072,2.74623052899876
0.150212384194898,3.15469015766563,6.24836322076143,1.65118033327444,0.302115344631063,0.00631592886674601,0.000236250433094215,1.52801893866113e-11,4.64032185687187e-16,0.000217745205523906,-4.33921070478024,-1.29461532868489,-0.611186068321024,-1.94201522742459,-3.64045201175514,-7.50818605813535,-10.7941237714825,-27.3479695509486,-37.7500833714605,-10.8756905738274,2.44350561309338,2.52616683336789
0.106809265562402,2.24315818314964,4.4429298566404,1.174080017792,0.214820623799617,0.00449097274646964,0.000167987049688607,1.08650549339579e-11,3.29952401835641e-16,0.000154828815256449,-4.33921070478024,-1.29461532868489,-0.611186068321024,-1.94201522742459,-3.64045201175514,-7.50818605813535,-10.7941237714825,-27.3479695509486,-37.7500833714605,-10.8756905738274,2.10250010476336,1.68676347946653
0.0604380322202225,1.26929125328596,2.51403224630302,0.664353280315136,0.121556268685175,0.00254121731969682,9.50554866958476e-05,6.14799228058909e-12,1.86703595313383e-16,8.76098985964952e-05,-4.33921070478024,-1.29461532868489,-0.611186068321024,-1.94201522742459,-3.64045201175514,-7.50818605813535,-10.7941237714825,-27.3479695509486,-37.7500833714605,-10.8756905738274,1.53307400509855,2.02427900275573
0.0379935721599456,0.797923212456474,1.58041322745753,0.417636931053225,0.0764147457507498,0.0015975027654474,5.97553785308223e-05,3.86485429406806e-12,1.17368753754474e-16,5.50748077323686e-05,-4.33921070478024,-1.29461532868489,-0.611186068321024,-1.94201522742459,-3.64045201175514,-7.50818605813535,-10.7941237714825,-27.3479695509486,-37.7500833714605,-10.8756905738274,1.06887241753075,2.16267551291417
0.110151303614356,2.31334610144647,4.58194813904194,1.21081671918994,0.221542313114701,0.00463149428015831,0.000173243326935142,1.1205020074947e-11,3.40276538758239e-16,0.000159673374287928,-4.33921070478024,-1.29461532868489,-0.611186068321024,-1.94201522742459,-3.64045201175514,-7.50818605813535,-10.7941237714825,-27.3479695509486,-37.7500833714605,-10.8756905738274,2.13331033387752,0.802505302202803
0.163826223027951,1.57480657432134,2.80719200452234,0.425317900016229,0.185545693765799,0.00365853210192883,8.56409623399973e-05,4.82923416195397e-12,2.20302486616124e-16,0.000117408938073556,-3.44999218726245,-1.18691070385057,-0.608858461552676,-2.49596154826384,-3.32549725832158,-7.25173643569543,-11.0063900158989,-27.6973763780692,-37.6925732913713,-10.6908906785944,1.6410431586317,1.53553919930588
0.152229269242648,1.46332894439344,2.60847610091902,0.395210436513828,0.172411259022121,0.00339955141541886,7.95785978172166e-05,4.48738165287775e-12,2.04707683117306e-16,0.000109097777603304,-3.44999218726245,-1.18691070385057,-0.608858461552676,-2.49596154826384,-3.32549725832158,-7.25173643569543,-11.0063900158989,-27.6973763780692,-37.6925732913713,-10.6908906785944,1.56762464298949,2.42315391846974
0.257357310030109,2.47388956599411,4.4098641210732,0.668138889078559,0.291476784074362,0.00574724829156663,0.000134534797231156,7.58632342524272e-12,3.46076801995223e-16,0.000184439633152909,-3.44999218726245,-1.18691070385057,-0.608858461552676,-2.49596154826384,-3.32549725832158,-7.25173643569543,-11.0063900158989,-27.6973763780692,-37.6925732913713,-10.6908906785944,2.09270233898872,2.64444888269548
0.0722950711903887,0.694948289091845,1.23878913925402,0.187689048138366,0.0818796825803636,0.00161447803576684,3.77926033741689e-05,2.1310985572435e-12,9.7217549540985e-17,5.18115316310958e-05,-3.44999218726245,-1.18691070385057,-0.608858461552676,-2.49596154826384,-3.32549725832158,-7.25173643569543,-11.0063900158989,-27.6973763780692,-37.6925732913713,-10.6908906785944,0.8229928634807,1.37697684969427
0.358668266896671,3.44775783918885,6.14584571687546,0.931157608711551,0.406219170430153,0.00800970286765854,0.0001874955972867,1.05727460188758e-11,4.82312963133814e-16,0.000257045908516343,-3.44999218726245,-1.18691070385057,-0.608858461552676,-2.49596154826384,-3.32549725832158,-7.25173643569543,-11.0063900158989,-27.6973763780692,-37.6925732913713,-10.6908906785944,2.4246348219318,1.6011940711689
0.067652279275413,0.491974211118922,0.822158963908237,0.173133525032461,0.120451870077877,0.000701390891183987,1.31241527610687e-05,2.07485630884302e-12,1.0283905455005e-16,2.12327708086443e-05,-3.20984783496432,-1.22580258249165,-0.712295118076159,-2.2701657633912,-2.63297862648415,-7.77891880916666,-11.7575299053108,-27.4176028155971,-37.3298400871472,-11.2764383791368,0.516473602203074,3.53758143581342
0.175062027833419,0.407122805436821,1.01054221533523,0.142083184655828,0.113426529459391,0.000495708939969196,1.66793055591525e-05,1.89328271885671e-12,1.18605304409348e-16,2.58657628701261e-05,-2.35713818974858,-1.51316367244351,-0.604036232982641,-2.56586585211531,-2.79112323585118,-8.22404488471229,-11.6158650616963,-27.6072321718708,-37.2852537297757,-11.1771136272932,0.614523266651647,4.13274151445218
0.0503484788111398,0.382757032257192,0.831895442642387,0.135312929122551,0.0883916455311947,0.000331194774402203,1.68913801328138e-05,2.6045456800567e-12,8.03672525792629e-17,9.78490427559602e-06,-3.38693420388701,-1.35850220295736,-0.582195847280908,-2.39831252076775,-2.82412515269221,-8.41095124467064,-11.3868544487903,-27.0719101903043,-37.4580722182296,-11.9328170712559,0.398147331321879,1.82050405299654
0.135882209963564,1.03299787104382,2.24514809332937,0.365187196911841,0.238554419531684,0.000893839872361709,4.55870388932892e-05,7.02923765154257e-12,2.16897911258323e-16,2.64078369127556e-05,-3.38693420388701,-1.35850220295736,-0.582195847280909,-2.39831252076775,-2.82412515269221,-8.41095124467064,-11.3868544487903,-27.0719101903043,-37.4580722182296,-11.9328170712559,1.39096733214775,1.73521974766162
0.456782908148664,3.47253530666966,7.54731083318716,1.2276166973497,0.80192676829894,0.00300474047652075,0.000153245816396028,2.36295510457231e-11,7.29126047497419e-16,8.87728316028911e-05,-3.38693420388701,-1.35850220295736,-0.582195847280909,-2.39831252076775,-2.82412515269221,-8.41095124467064,-11.3868544487903,-27.0719101903043,-37.4580722182296,-11.9328170712559,2.6033871660595,3.55863761294074
0.430224015430834,3.27063043890105,7.10848482820561,1.15623893872106,0.755300052134955,0.00283003477160663,0.000144335589843082,2.22556495708684e-11,6.86732209795077e-16,8.36112809652918e-05,-3.38693420388701,-1.35850220295736,-0.582195847280909,-2.39831252076775,-2.82412515269221,-8.41095124467064,-11.3868544487903,-27.0719101903043,-37.4580722182296,-11.9328170712559,2.54348496405497,2.1805943119627
0.076583012304668,0.582196070332222,1.26536214051383,0.205818963366183,0.134448917567845,0.000503766828356964,2.56927876094618e-05,3.96166793066485e-12,1.22243341576554e-16,1.4883417776113e-05,-3.38693420388701,-1.35850220295736,-0.582195847280909,-2.39831252076775,-2.82412515269221,-8.41095124467064,-11.3868544487903,-27.0719101903043,-37.4580722182296,-11.9328170712559,0.817554205576959,2.14162368827223
0.109057812730542,0.829074596310688,1.80193522301635,0.293095887556454,0.191461584399501,0.000717387665664651,3.65877383941386e-05,5.64160152860307e-12,1.74080269919063e-16,2.11946871737092e-05,-3.38693420388701,-1.35850220295736,-0.582195847280909,-2.39831252076775,-2.82412515269221,-8.41095124467064,-11.3868544487903,-27.0719101903043,-37.4580722182296,-11.9328170712559,1.17105705854921,1.92866606971725
0.0922988190596749,0.701670098050872,1.52503052227328,0.248055628619185,0.162039542999372,0.000607146179544463,3.09652739339927e-05,4.77465250455633e-12,1.47329227799736e-16,1.79376841281976e-05,-3.38693420388701,-1.35850220295736,-0.582195847280909,-2.39831252076775,-2.82412515269221,-8.41095124467064,-11.3868544487903,-27.0719101903043,-37.4580722182296,-11.9328170712559,1.00421027174543,0.828480068179616
0.0937401263399906,0.712627142041291,1.54884488541302,0.251929181792394,0.164569897942192,0.000616627169850823,3.14488172253665e-05,4.84921187038469e-12,1.49629871413537e-16,1.821779296371e-05,-3.38693420388701,-1.35850220295736,-0.582195847280909,-2.39831252076775,-2.82412515269221,-8.41095124467064,-11.3868544487903,-27.0719101903043,-37.4580722182296,-11.9328170712559,1.01970526516886,0.3991517841871
0.00285504258122538,0.021704481469179,0.0471731612941173,0.00767300588930086,0.00501230459737951,1.87806107736548e-05,9.57836476365949e-07,1.47692422827742e-13,4.55727628059188e-18,5.54859233480155e-07,-3.38693420388701,-1.35850220295736,-0.582195847280909,-2.39831252076775,-2.82412515269221,-8.41095124467064,-11.3868544487903,-27.0719101903043,-37.4580722182296,-11.9328170712559,-2.47173431748353,0.170357188426077
0.0184611189988027,0.140344321953282,0.305028495871554,0.0496147678260198,0.0324102877620671,0.000121438150394882,6.19350943760576e-06,9.55000605235873e-13,2.94680087364296e-17,3.58780019752462e-06,-3.38693420388701,-1.35850220295736,-0.582195847280909,-2.39831252076775,-2.82412515269221,-8.41095124467064,-11.3868544487903,-27.0719101903043,-37.4580722182296,-11.9328170712559,-0.60515423037098,1.12815771258314
0.0223275893061819,0.169737835622568,0.368913226925418,0.0600060136989952,0.0391982519853502,0.00014687198258649,7.49066917860133e-06,1.15501456343164e-12,3.563974625702e-17,4.33922392939254e-06,-3.38693420388701,-1.35850220295736,-0.582195847280909,-2.39831252076775,-2.82412515269221,-8.41095124467064,-11.3868544487903,-27.0719101903043,-37.4580722182296,-11.9328170712559,-0.414997972698226,0.275602748214655
0.028310512430726,0.215220955538929,0.467767583571577,0.0760852850456796,0.049701854726732,0.000186227945691788,9.49787637111965e-06,1.46451341912884e-12,4.51898082502765e-17,5.5019667062202e-06,-3.38693420388701,-1.35850220295736,-0.582195847280909,-2.39831252076775,-2.82412515269221,-8.41095124467064,-11.3868544487903,-27.0719101903043,-37.4580722182296,-11.9328170712559,-0.177587875438348,0.217518345494718
0.0373306331228298,0.348996788983904,0.453125208841689,0.119870303868473,0.0447168241804502,0.000278650146431744,2.09633327159174e-05,3.16019133204936e-12,3.15459590597862e-17,5.86878919109983e-06,-3.2922768540048,-1.05702838540809,-0.795922620448165,-2.1256807497497,-3.11174129626677,-8.18988934641154,-10.777071535496,-26.4847243700127,-37.9994220015894,-12.0501980440493,0.00433582796686383,0.215363822932359
0.0229932257102132,0.528415166062395,0.970452740752774,0.183122365964781,0.141926216017943,0.000583698326001996,6.66153036424245e-05,1.0248362147886e-11,7.54034284759423e-17,1.18447239259803e-05,-4.38642791663118,-1.25174528074255,-0.643864849187147,-2.31147295898021,-2.56632023778592,-8.0599985495227,-10.2304484982494,-25.917775489418,-37.7375512052653,-11.9575003037009,0.613872275855881,0.753504469323755
0.0162858213731758,0.374270018214396,0.687359841815864,0.129703338675577,0.100524608046287,0.000413426406233548,4.71828072108434e-05,7.25878993280845e-12,5.34073288611601e-17,8.38947351294923e-06,-4.38642791663118,-1.25174528074255,-0.643864849187147,-2.31147295898021,-2.56632023778592,-8.0599985495227,-10.2304484982494,-25.917775489418,-37.7375512052653,-11.9575003037009,0.268967512512494,0.638700336225042
0.165491828820866,3.80322418917952,6.98475285179588,1.31800799172142,1.02150213034276,0.00420112013282422,0.000479458105016788,7.37617338100954e-11,5.42709902260656e-16,8.52514148772979e-05,-4.38642791663118,-1.25174528074255,-0.643864849187147,-2.31147295898021,-2.56632023778592,-8.0599985495227,-10.2304484982494,-25.917775489418,-37.7375512052653,-11.9575003037009,2.5875944585637,0.369765655574417
0.624888622414653,11.8560189426426,18.5928254691522,3.81549191047952,2.23518981679032,0.00800731091817132,0.000771611493220905,2.34954392805125e-10,1.25690948103907e-15,0.000145132775480212,-4.08469703575998,-1.14167952021872,-0.6917394076552,-2.27544558892525,-2.81018903282553,-8.44191547634851,-10.7815445682315,-25.7861448802862,-37.9246356662951,-12.4523767280652,3.61451518649745,1.1867127482014
0.0240741815799439,0.45675972101639,0.716298937719433,0.146993947040917,0.0861119303262735,0.000308486104717728,2.97267617470645e-05,9.05174860367788e-12,4.84231365249738e-17,5.59132086068516e-06,-4.08469703575998,-1.14167952021872,-0.6917394076552,-2.27544558892525,-2.81018903282553,-8.44191547634851,-10.7815445682315,-25.7861448802862,-37.9246356662951,-12.4523767280652,0.358081719281665,2.91132800438187
0.272304619084338,5.166438635989,8.10210343967427,1.66265800661846,0.974017592591724,0.00348930620793997,0.00033624131758186,1.02384911710774e-10,5.47717217406343e-16,6.3243790535152e-05,-4.08469703575998,-1.14167952021872,-0.6917394076552,-2.27544558892525,-2.81018903282553,-8.44191547634851,-10.7815445682315,-25.7861448802862,-37.9246356662951,-12.4523767280652,2.78386311953197,0.955315849285949
0.0955345529971528,1.81257816094393,2.8425181807373,0.583322053013853,0.341721472197257,0.00122417794441632,0.000117965916562024,3.59204217939186e-11,1.92159500304154e-16,2.21882657699243e-05,-4.08469703575998,-1.14167952021872,-0.6917394076552,-2.27544558892525,-2.81018903282553,-8.44191547634851,-10.7815445682315,-25.7861448802862,-37.9246356662951,-12.4523767280652,1.73642975031505,0.615004525975843
0.1190502248821,1.0332216899683,1.83300586079984,0.152308632023858,0.279184746441768,0.000646276642649701,7.66292046057538e-05,3.37796666065559e-11,1.20911520437003e-16,3.75066831180651e-05,-3.35712834342793,-1.19623675132886,-0.622961360115023,-3.11076486926925,-2.50480006902332,-8.57320143280291,-10.7054508190563,-25.3400806004977,-37.8803911581861,-11.4199099507336,1.22891852634874,0.702412740061394
0.203967951092188,0.91263719303642,3.86502619204146,0.32942676141201,0.327374729702069,0.00147622722023454,0.000390014601955558,1.01475641861679e-10,7.11890383311653e-16,0.000163354178787423,-3.31975845208022,-1.82138290840477,-0.377997593369886,-2.84036727374748,-2.84661585391807,-8.24823167351471,-9.57929243074093,-24.7411683800164,-36.6085737824674,-10.4495558905531,1.72996605211114,1.46878675672344
0.0519594641437829,0.232488188727384,0.984589435569671,0.0839192525391085,0.0833965112580216,0.000376058958807625,9.9353597549756e-05,2.58502374836142e-11,1.81349288689317e-16,4.16133787195123e-05,-3.31975845208022,-1.82138290840477,-0.377997593369886,-2.84036727374748,-2.84661585391807,-8.24823167351471,-9.57929243074093,-24.7411683800164,-36.6085737824674,-10.4495558905531,0.362467051987083,1.0080948579184
0.244643324558217,0.844509913517918,2.30276438446718,0.212093255131479,0.146614864162049,0.000317502617006972,0.000429190222252531,4.31482996008498e-11,9.6596531499865e-16,9.41658090779763e-05,-2.73010080429939,-1.49114566088263,-0.488036549485376,-2.87287607533392,-3.24209295902191,-9.37717135412328,-9.07575718579813,-25.188524962876,-35.8955506031229,-10.5926002602233,1.32214685699942,3.73637769507007
0.326514210455096,1.12712859887655,3.07339387337133,0.28307112759836,0.195680126156316,0.000423756162146123,0.000572820479802156,5.75880539642471e-11,1.28922954559807e-15,0.000125678780970147,-2.73010080429939,-1.49114566088263,-0.488036549485376,-2.87287607533392,-3.24209295902191,-9.37717135412328,-9.07575718579813,-25.188524962876,-35.8955506031229,-10.5926002602233,1.61081899668568,0.903908335087232
0.200526067892489,0.692216934836803,1.88750004985395,0.173845849073691,0.120175370646628,0.000260246427933218,0.000351793075905993,3.53672386967031e-11,7.91769923364958e-16,7.71846093018081e-05,-2.73010080429939,-1.49114566088263,-0.488036549485376,-2.87287607533392,-3.24209295902191,-9.37717135412328,-9.07575718579813,-25.188524962876,-35.8955506031229,-10.5926002602233,1.12328977803911,1.14923384467306
0.416070722956714,1.43627810362713,3.91636617910756,0.360712045407958,0.249351387936962,0.000539984255189859,0.000729934022851578,7.33833397731084e-11,1.64284019475445e-15,0.000160150032017547,-2.73010080429939,-1.49114566088263,-0.488036549485376,-2.87287607533392,-3.24209295902191,-9.37717135412328,-9.07575718579813,-25.188524962876,-35.8955506031229,-10.5926002602233,1.85320077823643,1.06960709083852
0.652495435124317,2.25241732829928,6.14177088929373,0.565680183768983,0.391040833670257,0.000846820605512881,0.00114470591554247,1.15082104013148e-10,2.57635461610583e-15,0.000251152410061146,-2.73010080429939,-1.49114566088263,-0.488036549485376,-2.87287607533392,-3.24209295902191,-9.37717135412328,-9.07575718579813,-25.188524962876,-35.8955506031229,-10.5926002602233,2.30314966851157,1.06284903450745
0.440803158435531,1.52165458788241,4.14916620201683,0.382153802535418,0.264173548626086,0.000572082465936713,0.000773323391840773,7.77454556731677e-11,1.74049532133975e-15,0.000169669808621046,-2.73010080429939,-1.49114566088263,-0.488036549485376,-2.87287607533392,-3.24209295902191,-9.37717135412328,-9.07575718579813,-25.188524962876,-35.8955506031229,-10.5926002602233,1.91094394836516,0.38790115111399
0.210301905718945,0.725963173252646,1.97951748468789,0.182321000684694,0.126034035041352,0.000272933690497773,0.000368943325221066,3.70914254495892e-11,8.30369465299986e-16,8.09474329145338e-05,-2.73010080429939,-1.49114566088263,-0.488036549485376,-2.87287607533392,-3.24209295902191,-9.37717135412328,-9.07575718579813,-25.188524962876,-35.8955506031229,-10.5926002602233,1.17088966989139,0.462850829083113
0.236433804510545,0.816170611482997,2.22549029406032,0.204976020957515,0.141694894778872,0.000306848150533326,0.000414787843850384,4.17003678772445e-11,9.33550322138502e-16,9.10058777827863e-05,-2.73010080429939,-1.49114566088263,-0.488036549485376,-2.87287607533392,-3.24209295902191,-9.37717135412328,-9.07575718579813,-25.188524962876,-35.8955506031229,-10.5926002602233,1.28801379770961,0.464273641793181
0.120711902571884,0.416698058635589,1.13622994016197,0.104651048197689,0.0723427023004981,0.000156662132676927,0.000211771027829636,2.12902328194154e-11,4.76626579541878e-16,4.64632909626699e-05,-2.73010080429939,-1.49114566088263,-0.488036549485376,-2.87287607533392,-3.24209295902191,-9.37717135412328,-9.07575718579813,-25.188524962876,-35.8955506031229,-10.5926002602233,0.615752261416174,0.59565577743511
0.519755431412234,1.79419820763579,4.89232354183714,0.450601386813046,0.311489684468614,0.000674548181418708,0.000911833378358511,9.16704476373615e-11,2.0522355144291e-15,0.000200059375460125,-2.73010080429939,-1.49114566088263,-0.488036549485376,-2.87287607533392,-3.24209295902191,-9.37717135412328,-9.07575718579813,-25.188524962876,-35.8955506031229,-10.5926002602233,2.07570390204836,0.581224739952569
0.197796140330164,0.682793211979324,1.86180394727667,0.171479141443258,0.118539323722212,0.000256703477612204,0.000347003825190393,3.48857551632345e-11,7.80990903163094e-16,7.61338312432006e-05,-2.73010080429939,-1.49114566088263,-0.488036549485376,-2.87287607533392,-3.24209295902191,-9.37717135412328,-9.07575718579813,-25.188524962876,-35.8955506031229,-10.5926002602233,1.10958243132339,1.02946558185977
0.0893778659001036,0.308532815837167,0.841290751448504,0.0774860403392973,0.0535641987849096,0.000115996242190652,0.000156800134233763,1.57637775014153e-11,3.52905269514334e-16,3.44024880766502e-05,-2.73010080429939,-1.49114566088263,-0.488036549485376,-2.87287607533392,-3.24209295902191,-9.37717135412328,-9.07575718579813,-25.188524962876,-35.8955506031229,-10.5926002602233,0.315218591832464,1.05523702983011
0.0544702532883427,0.188031571991211,0.512714416025088,0.0472229248381212,0.0326440494592049,7.06924989648183e-05,9.55599346812028e-05,9.60704246667599e-12,2.15073824191795e-16,2.09661779279758e-05,-2.73010080429939,-1.49114566088263,-0.488036549485376,-2.87287607533392,-3.24209295902191,-9.37717135412328,-9.07575718579813,-25.188524962876,-35.8955506031229,-10.5926002602233,-0.179999733245789,0.839308361258058
0.204417041653692,0.705648594664465,1.92412478022162,0.17721912440068,0.122507233126371,0.000265296205416901,0.000358619208997363,3.60534985891021e-11,8.07133292472535e-16,7.8682286350575e-05,-2.73010080429939,-1.49114566088263,-0.488036549485376,-2.87287607533392,-3.24209295902191,-9.37717135412328,-9.07575718579813,-25.188524962876,-35.8955506031229,-10.5926002602233,1.14250775421097,1.64940920351134
0.09139159829501,0.465649442968683,1.25171954567704,0.0857143731527922,0.0605470653818271,0.000111330361586974,0.00020957095772763,9.20232681848427e-12,6.40055677428069e-16,9.43724772669007e-05,-3.0632155780421,-1.4349360471807,-0.446095608386134,-3.12734860362679,-3.47494812710936,-9.77362239726538,-9.14106202649843,-26.0821785997194,-35.6555903562626,-9.93887493261999,0.670613850920875,1.96443109636226
0.0322688579588855,0.279095681884303,0.640947060389627,0.0526084481898566,0.128004865056129,9.09617831720805e-05,9.24652479044252e-05,2.28925881373187e-11,7.38802020368051e-16,4.54125621446191e-05,-3.55865734097213,-1.40120528737881,-0.569813091815314,-3.06988323740817,-2.18069168478124,-9.43007578204689,-9.41368235961617,-24.6252125971315,-34.9665063681572,-10.1247264692179,0.125004677247434,0.892680159170962
0.213794608773601,1.84912500451308,4.24654092794931,0.348552855922799,0.84808548479346,0.000602659656297789,0.000612620735635214,1.51672920401125e-10,4.89487074835384e-15,0.000300877117172418,-3.55865734097213,-1.40120528737881,-0.569813091815314,-3.06988323740817,-2.18069168478124,-9.43007578204689,-9.41368235961617,-24.6252125971315,-34.9665063681572,-10.1247264692179,2.01591784404973,0.612830417849307
0.253059917452858,1.03537413393794,4.89767121442429,0.804402305112749,0.715020480346856,0.000332868832689843,0.000637668462349077,1.02015224142185e-10,7.11872013438246e-15,0.000399852434531368,-3.41624481963885,-2.00735298575778,-0.453355999440611,-2.25977158467962,-2.37755992207845,-10.0498778706293,-9.39980789039744,-25.0480148867078,-34.6181642712737,-9.86653082181511,2.04211582922185,1.86084143538903
0.408189299558447,1.67007342279637,7.90001436262953,1.29751252901733,1.1533383555185,0.000536922231810245,0.00102856843397679,1.64552029045271e-10,1.14825983294944e-14,0.00064496774843256,-3.41624481963885,-2.00735298575778,-0.453355999440611,-2.25977158467962,-2.37755992207845,-10.0498778706293,-9.39980789039744,-25.0480148867078,-34.6181642712737,-9.86653082181511,2.52022057696631,2.08856433622811
0.194009572483428,0.793774435349365,3.75482260501353,0.616698799598244,0.548173804469966,0.000255195451627555,0.000488871517116319,7.82104500066212e-11,5.45760017549202e-15,0.000306548744110532,-3.41624481963885,-2.00735298575778,-0.453355999440611,-2.25977158467962,-2.37755992207845,-10.0498778706293,-9.39980789039744,-25.0480148867078,-34.6181642712737,-9.86653082181511,1.77639704120081,3.89861439659478
0.147044634323987,0.601621198828459,2.84587255071044,0.467411212313823,0.415474430423582,0.000193418919414009,0.000370527765953004,5.92776267393735e-11,4.13644961853776e-15,0.000232340844852184,-3.41624481963885,-2.00735298575778,-0.453355999440611,-2.25977158467962,-2.37755992207845,-10.0498778706293,-9.39980789039744,-25.0480148867078,-34.6181642712737,-9.86653082181511,1.49922571620477,2.47313468148055
0.14997487265305,0.613610031365524,2.90258379941433,0.476725569522793,0.423753815158496,0.00019727328332085,0.000377911474081962,6.04588842175954e-11,4.21887889774407e-15,0.000236970827116568,-3.41624481963885,-2.00735298575778,-0.453355999440611,-2.25977158467962,-2.37755992207845,-10.0498778706293,-9.39980789039744,-25.0480148867078,-34.6181642712737,-9.86653082181511,1.51895730507433,2.17117186652643
0.0510653347838752,1.05237074848723,2.66084303478778,0.490881796057625,0.839413119995623,0.000186982744992193,0.00022854524479508,4.80870435789509e-11,2.15953767628548e-15,0.000278996007096889,-4.60296176736393,-1.57726690067867,-0.64966937247121,-2.33986429682161,-1.8033646734223,-10.2128065935604,-10.0120887347994,-25.3863207147892,-35.3971946103052,-9.81262546315035,1.62831237542434,4.63267013609702
0.00579002320619495,0.119322649720214,0.301698656919963,0.0556584423210281,0.0951765314949794,2.12009661200673e-05,2.59135140625157e-05,5.45233081145591e-12,2.44858343008328e-16,3.16338542058635e-05,-4.60296176736393,-1.57726690067867,-0.64966937247121,-2.33986429682161,-1.8033646734223,-10.2128065935604,-10.0120887347994,-25.3863207147892,-35.3971946103052,-9.81262546315035,-0.548657212062935,2.63963299860499
0.0118268916846629,0.347218730855266,0.814252115936203,0.151093091924882,0.198449542637465,4.30561701687995e-05,5.03298430709869e-05,1.21215759179073e-11,4.63862042449878e-16,6.10903902634668e-05,-4.85805807613046,-1.4784790414002,-0.62616392826201,-2.31053782137817,-2.03789909649458,-10.4736837037857,-10.3175910472473,-25.556712809575,-35.7276231802469,-10.1238346750516,0.420678692064959,0.694260941907505
0.00246188457901287,0.0722770159589371,0.169494638244764,0.0314515227604238,0.0413092367595534,8.96256803530057e-06,1.04766550522554e-05,2.52322601925314e-12,9.65574759239302e-17,1.27165694694357e-05,-4.85805807613046,-1.4784790414002,-0.62616392826201,-2.31053782137817,-2.03789909649458,-10.4736837037857,-10.3175910472473,-25.556712809575,-35.7276231802469,-10.1238346750516,-1.1487700571742,1.14266392348642
0.00180874960171101,0.0531020117445988,0.124527917364954,0.0231074721175318,0.0303499466111394,6.58480966262757e-06,7.69721123994722e-06,1.85381723264254e-12,7.09408952834242e-17,9.3428790931356e-06,-4.85805807613046,-1.4784790414002,-0.62616392826201,-2.31053782137817,-2.03789909649458,-10.4736837037857,-10.3175910472473,-25.556712809575,-35.7276231802469,-10.1238346750516,-1.45706142408939,0.744274322177194
0.00681611317172013,0.359161412634334,0.670898674255251,0.171979673850866,0.203147828748834,1.66185472031617e-05,0.000101332571268378,1.25527044296184e-11,4.13791771162716e-16,3.18389421251202e-05,-5.33358172482615,-1.36909921324099,-0.744252999549701,-2.10549482350296,-1.93893718359196,-11.3501070239885,-9.54221850469765,-25.4462008202314,-35.7662846338698,-10.699936261319,0.345115839065368,1.59310740706342
0.0252860584656278,1.33239813507635,2.4888646468071,0.638001156720106,0.753627139910301,6.16506131289625e-05,0.000375918247982668,4.65673632629802e-11,1.53506296838314e-15,0.000118114434396393,-5.33358172482615,-1.36909921324099,-0.744252999549701,-2.10549482350296,-1.93893718359196,-11.3501070239885,-9.54221850469765,-25.4462008202314,-35.7662846338698,-10.699936261319,1.65607964090489,5.47419070017908
0.0267604196088874,1.41008663842212,2.63398356010365,0.675201265076316,0.797569084167845,6.52452923305086e-05,0.000397837016327733,4.92825792794393e-11,1.62456830572615e-15,0.000125001365104429,-5.33358172482615,-1.36909921324099,-0.744252999549701,-2.10549482350296,-1.93893718359196,-11.3501070239885,-9.54221850469765,-25.4462008202314,-35.7662846338698,-10.699936261319,1.7127503614328,3.63433375935961
0.0236054450132284,1.24384157997683,2.32344466202335,0.595597026076823,0.703538039976114,5.75530646749776e-05,0.000350933204725694,4.3472308442597e-11,1.43303649088956e-15,0.000110264072599637,-5.33358172482615,-1.36909921324099,-0.744252999549701,-2.10549482350296,-1.93893718359196,-11.3501070239885,-9.54221850469765,-25.4462008202314,-35.7662846338698,-10.699936261319,1.58730385216312,8.90954742060661
0.0161188193738587,0.849348857693893,1.58654856162733,0.40669942369482,0.480406219101507,3.92997231523533e-05,0.000239632378719947,2.9684773456218e-11,9.78539330220321e-16,7.52930804169793e-05,-5.33358172482615,-1.36909921324099,-0.744252999549701,-2.10549482350296,-1.93893718359196,-11.3501070239885,-9.54221850469765,-25.4462008202314,-35.7662846338698,-10.699936261319,1.20581394040527,4.70699145318518
0.0190714498802036,1.37344002405467,2.03893140405097,0.722409398418718,0.461308264232854,4.12804136130493e-05,0.000158539875454555,3.52143165724209e-11,7.59225564124895e-16,9.31742321892919e-05,-5.48897297015814,-1.21209157818015,-0.816984288204366,-1.85457340424572,-2.30309891075927,-11.6245325544196,-10.2789145534074,-25.59897853248,-36.3436428919873,-10.8104494904301,1.52941013727442,1.93901582620721
0.00572032782617085,0.411952276126205,0.611561056946862,0.216680882136363,0.138365699352146,1.23817276688377e-05,4.7552759062211e-05,1.05622507063767e-11,2.27723594592146e-16,2.794686069609e-05,-5.48897297015814,-1.21209157818015,-0.816984288204366,-1.85457340424572,-2.30309891075927,-11.6245325544196,-10.2789145534074,-25.59897853248,-36.3436428919873,-10.8104494904301,0.325243807193058,2.59966313024483
0.00685299301953101,0.493521727855685,0.732654452966779,0.259585222712718,0.165763082224872,1.48333969420557e-05,5.69685402332812e-05,1.26536507278795e-11,2.728144699999e-16,3.34805359217169e-05,-5.48897297015814,-1.21209157818015,-0.816984288204366,-1.85457340424572,-2.30309891075927,-11.6245325544196,-10.2789145534074,-25.59897853248,-36.3436428919873,-10.8104494904301,0.505903185178707,0.855281873061708
0.00784909063242708,0.565256196813751,0.839147389643931,0.297316505956448,0.189857110927354,1.69894638230537e-05,6.52490428946467e-05,1.44928867009119e-11,3.12468653442947e-16,3.83470054796249e-05,-5.48897297015814,-1.21209157818015,-0.816984288204366,-1.85457340424572,-2.30309891075927,-11.6245325544196,-10.2789145534074,-25.59897853248,-36.3436428919873,-10.8104494904301,0.641615373257083,2.25264505398556
0.00507201052454895,0.365263380634367,0.542249362536118,0.192123204833848,0.122683927333661,1.09784360191961e-05,4.21633342990282e-05,9.36517073384725e-12,2.01914383853177e-16,2.47794839537293e-05,-5.48897297015814,-1.21209157818015,-0.816984288204366,-1.85457340424572,-2.30309891075927,-11.6245325544196,-10.2789145534074,-25.59897853248,-36.3436428919873,-10.8104494904301,0.204954983338144,0.665120353715456
0.0166320483903778,1.19776530283995,1.7781346457585,0.63000706016776,0.402302993311808,3.60002957876696e-05,0.000138261269957336,3.07101044202485e-11,6.62114123522646e-16,8.12564513051095e-05,-5.48897297015814,-1.21209157818015,-0.816984288204366,-1.85457340424572,-2.30309891075927,-11.6245325544196,-10.2789145534074,-25.59897853248,-36.3436428919873,-10.8104494904301,1.39254915120186,0.992066290805764
0.0137425351427091,0.98967555773337,1.46921637577376,0.520554892656466,0.332410229566376,2.97459049178929e-05,0.000114240911081255,2.53747872376136e-11,5.47083942844837e-16,6.71396337614269e-05,-5.48897297015814,-1.21209157818015,-0.816984288204366,-1.85457340424572,-2.30309891075927,-11.6245325544196,-10.2789145534074,-25.59897853248,-36.3436428919873,-10.8104494904301,1.20171346915365,1.85647823667042
0.0151178591654081,1.08872020670783,1.6162524615586,0.572650931820229,0.365677146431864,3.27228125397885e-05,0.000125673901264906,2.79142425925654e-11,6.01834953572765e-16,7.38588271437553e-05,-5.48897297015814,-1.21209157818015,-0.816984288204366,-1.85457340424572,-2.30309891075927,-11.6245325544196,-10.2789145534074,-25.59897853248,-36.3436428919873,-10.8104494904301,1.29709446231323,0.415039575715023
0.00375722270441837,0.270578276635989,0.401685210729776,0.142320222671767,0.0908812856389399,8.13255983414903e-06,3.12335781157272e-05,6.93749193572395e-12,1.49573291240217e-16,1.83560422960679e-05,-5.48897297015814,-1.21209157818015,-0.816984288204366,-1.85457340424572,-2.30309891075927,-11.6245325544196,-10.2789145534074,-25.59897853248,-36.3436428919873,-10.8104494904301,-0.0951022667948512,0.48153178295534
0.0769903799771937,5.54450081100633,8.23105241244731,2.91632646876449,1.86227574584004,0.000166646728468369,0.00064001663897894,1.42158232886221e-10,3.0649512773043e-15,0.000376139181100388,-5.48897297015814,-1.21209157818015,-0.816984288204366,-1.85457340424572,-2.30309891075927,-11.6245325544196,-10.2789145534074,-25.59897853248,-36.3436428919873,-10.8104494904301,2.9248981698635,1.31318614446239
0.0466528529051181,3.35972859004994,4.98766310240282,1.76716818141273,1.12845886025216,0.000100980736978528,0.000387822506187881,8.61417638159076e-11,1.85722841144293e-15,0.000227924136663907,-5.48897297015814,-1.21209157818015,-0.816984288204366,-1.85457340424572,-2.30309891075927,-11.6245325544196,-10.2789145534074,-25.59897853248,-36.3436428919873,-10.8104494904301,2.4239517721218,1.79317222078771
0.0375138158006553,2.70157625137437,4.01060735299079,1.42098966125656,0.907399980623109,8.11991664074921e-05,0.000311850211820263,6.92670664129738e-11,1.49340758791989e-15,0.000183275052797364,-5.48897297015814,-1.21209157818015,-0.816984288204366,-1.85457340424572,-2.30309891075927,-11.6245325544196,-10.2789145534074,-25.59897853248,-36.3436428919873,-10.8104494904301,2.2059269776527,1.54178706667832
0.0359108659048836,2.58613901103679,3.83923575292164,1.36027135839162,0.868627153244199,7.77295594759743e-05,0.000298524980732336,6.63073131989286e-11,1.42959489688037e-15,0.000175443785289409,-5.48897297015814,-1.21209157818015,-0.816984288204366,-1.85457340424572,-2.30309891075927,-11.6245325544196,-10.2789145534074,-25.59897853248,-36.3436428919873,-10.8104494904301,2.1622576123197,2.53719958116643
0.0127024417947479,0.914772713858575,1.35801984883829,0.481157090469446,0.307252013489363,2.74946086677538e-05,0.000105594674382804,2.34543157134222e-11,5.05678309617758e-16,6.20582215085461e-05,-5.48897297015814,-1.21209157818015,-0.816984288204366,-1.85457340424572,-2.30309891075927,-11.6245325544196,-10.2789145534074,-25.59897853248,-36.3436428919873,-10.8104494904301,1.12301193346255,1.63013214701188
0.00451772820496231,0.325346461515576,0.482990961354542,0.171127488222792,0.109276713076244,9.77868437185607e-06,3.75556169798985e-05,8.3417208548383e-12,1.79848662084985e-16,2.20715183890769e-05,-5.48897297015814,-1.21209157818015,-0.816984288204366,-1.85457340424572,-2.30309891075927,-11.6245325544196,-10.2789145534074,-25.59897853248,-36.3436428919873,-10.8104494904301,0.0892269491480272,2.97822335054483
0.00436650748381027,0.314456225471582,0.46682393266837,0.165399383077032,0.10561892256588,9.45136505658472e-06,3.6298527747135e-05,8.06250063925914e-12,1.73828635393505e-16,2.13327242925107e-05,-5.48897297015814,-1.21209157818015,-0.816984288204366,-1.85457340424572,-2.30309891075927,-11.6245325544196,-10.2789145534074,-25.59897853248,-36.3436428919873,-10.8104494904301,0.0551811779612826,2.89008501189048
0.00281971989834633,0.203063542066204,0.3014566531375,0.106808458101976,0.0682045728090758,6.10332221240849e-06,2.34401707425815e-05,5.20644784584475e-12,1.12251739849017e-16,1.37758397063455e-05,-5.48897297015814,-1.21209157818015,-0.816984288204366,-1.85457340424572,-2.30309891075927,-11.6245325544196,-10.2789145534074,-25.59897853248,-36.3436428919873,-10.8104494904301,-0.382144755634753,0.842001105846588
0.00642919913609035,0.266307195917895,0.702061363448809,0.233918020155314,0.100465804516735,1.63987549649196e-05,3.60411718751265e-05,7.21355459350162e-12,3.45575693433279e-16,9.30109637358643e-05,-5.31641859041032,-1.5926180554484,-0.623247757224533,-1.72229785699308,-2.56745115371542,-11.2878184335574,-10.500361900563,-25.9245725680814,-35.8708332617054,-9.55230647289472,0.269513290768213,0.551389353235333
0.00282336262988295,0.116947969585016,0.308308045137239,0.102724364665478,0.044119242855832,7.20146179399832e-06,1.58273675547247e-05,3.16780986819737e-12,1.5175848157485e-16,4.08454729154539e-05,-5.31641859041032,-1.5926180554484,-0.623247757224533,-1.72229785699308,-2.56745115371542,-11.2878184335574,-10.500361900563,-25.9245725680814,-35.8708332617054,-9.55230647289472,-0.553408092047883,0.721172945619026
0.00296505129282419,0.122816929267633,0.323780288846624,0.107879521756136,0.0463333390771458,7.56286258680271e-06,1.66216539573897e-05,3.3267843973373e-12,1.59374384724076e-16,4.28952770686076e-05,-5.31641859041032,-1.5926180554484,-0.623247757224533,-1.72229785699308,-2.56745115371542,-11.2878184335574,-10.500361900563,-25.9245725680814,-35.8708332617054,-9.55230647289472,-0.504442356836963,0.595946303777807
0.0458691439267128,1.89996962914193,5.00885927527834,1.66888894035418,0.716773636893979,0.000116996975172589,0.000257135867941537,5.1465130705803e-11,2.46551100442409e-15,0.000663587049032831,-5.31641859041032,-1.5926180554484,-0.623247757224533,-1.72229785699308,-2.56745115371542,-11.2878184335574,-10.500361900563,-25.9245725680814,-35.8708332617054,-9.55230647289472,2.2344559568309,1.38257715861195
0.0100969064724606,0.418229206034728,1.10257090729678,0.367362765056243,0.157779189975883,2.5753860106172e-05,5.66018152304928e-05,1.13287183244515e-11,5.42718522461785e-16,0.000146071537352557,-5.31641859041032,-1.5926180554484,-0.623247757224533,-1.72229785699308,-2.56745115371542,-11.2878184335574,-10.500361900563,-25.9245725680814,-35.8708332617054,-9.55230647289472,0.72089239850369,3.23650101710978
0.0285384689099073,1.18210673993978,3.1163689239551,1.03833494722471,0.445956048027033,7.27921703498734e-05,0.00015998257967483,3.20201317674152e-11,1.53397040195936e-15,0.000412864874873146,-5.31641859041032,-1.5926180554484,-0.623247757224533,-1.72229785699308,-2.56745115371542,-11.2878184335574,-10.500361900563,-25.9245725680814,-35.8708332617054,-9.55230647289472,1.75991627487268,2.50641424435351
0.00416024848559711,0.291513588227508,0.848274536553574,0.220368379921586,0.0452977072816883,3.96657179197977e-06,4.09286800898336e-05,3.06321676567325e-12,4.14512521423874e-16,0.000146786148979977,-5.82563268128319,-1.5761208663374,-0.508003156553844,-1.8559068856812,-3.43795106656226,-12.7810605716943,-10.4471317228734,-26.8550077284131,-35.7628806981773,-9.16998600613784,0.343452206905021,1.19163479263538
0.0359229072105861,1.37309032614348,4.54323742733205,1.2761840064075,0.259968288310362,1.42708659945356e-05,0.000416124125661244,6.00183405569984e-11,6.40106914894941e-15,0.000199914139655765,-5.33981982216789,-1.69637580699791,-0.499799871405071,-1.7695653388769,-3.36063534249376,-13.1707301609957,-9.79796668226717,-25.5498106435172,-34.6957510830251,-10.5310623043652,2.01343971905137,1.97449656379824
0.0406466775899467,1.55364819059471,5.14066152387927,1.44399893777545,0.294153453021409,1.61474483568046e-05,0.000470843383415434,6.79105987664892e-11,7.24279336310593e-15,0.000226202337484112,-5.33981982216789,-1.69637580699791,-0.499799871405071,-1.7695653388769,-3.36063534249376,-13.1707301609957,-9.79796668226717,-25.5498106435172,-34.6957510830251,-10.5310623043652,2.13698164373469,4.30412660520399
0.036434561975891,1.39264743505026,4.60794736480953,1.29436086565936,0.263671051362428,1.44741278449289e-05,0.000422051037161051,6.087318979767e-11,6.49224043177202e-15,0.000202761543447643,-5.33981982216789,-1.69637580699791,-0.499799871405071,-1.7695653388769,-3.36063534249376,-13.1707301609957,-9.79796668226717,-25.5498106435172,-34.6957510830251,-10.5310623043652,2.02758237216605,5.94325677473705
0.042821049310768,1.60912188621769,2.84765428391461,0.254724315610662,0.184085460488826,1.09876067669716e-05,0.000238365139602364,4.05184194650023e-11,6.43966733011142e-15,7.97766576713139e-05,-4.7478349442867,-1.12142083540373,-0.55061385621502,-2.96468288722423,-3.2894646233441,-13.0158520311912,-9.93881631328694,-25.5263738969235,-34.2734089662653,-11.0333890600041,1.59710945332157,1.16442111923743
0.0310097191907942,1.16527779301345,2.06218579689145,0.18446370710882,0.133309167541372,7.95689516970752e-06,0.000172616882652734,2.93422237401495e-11,4.66341387712494e-15,5.77718620207999e-05,-4.7478349442867,-1.12142083540373,-0.55061385621502,-2.96468288722423,-3.2894646233441,-13.0158520311912,-9.93881631328694,-25.5263738969235,-34.2734089662653,-11.0333890600041,1.27438034293555,1.16741741225985
0.259836812767352,4.74553244101547,24.061534825374,0.868490433916103,1.07979336099504,9.8149706373572e-05,0.000622518662822057,2.78016373769884e-10,2.51674008294958e-14,0.000330561718352607,-4.78221239762583,-1.87730727267741,-0.253896409316042,-3.57550961725715,-3.35774121898854,-12.6635275382616,-10.8162478590441,-25.4378520149258,-34.7477377651227,-11.4492280831451,3.43451090940628,0.529266043741738
0.0329660972883762,0.602076674469267,3.05274256373805,0.110187389668057,0.136995880648277,1.24524802112384e-05,7.89803822786125e-05,3.52725802315996e-11,3.1930463409108e-15,4.19391296058648e-05,-4.78221239762583,-1.87730727267741,-0.253896409316042,-3.57550961725715,-3.35774121898854,-12.6635275382616,-10.8162478590441,-25.4378520149258,-34.7477377651227,-11.4492280831451,1.36993679712172,0.922376125658367
0.0790226430803186,1.44323089680215,7.31769320220469,0.264128892465565,0.32839121007387,2.98496934771953e-05,0.000189322943039138,8.45514861459324e-11,7.6540137320313e-15,0.000100531793040362,-4.78221239762583,-1.87730727267741,-0.253896409316042,-3.57550961725715,-3.35774121898854,-12.6635275382616,-10.8162478590441,-25.4378520149258,-34.7477377651227,-11.4492280831451,2.24419155131255,2.73080593922709
0.0906151769602236,2.50621559888445,5.74023902522944,0.26956220236325,0.154354788495003,2.18964626098145e-05,0.000144157533837024,1.39747252889439e-10,2.22449918374229e-14,7.15233198726276e-05,-4.57146922722187,-1.25156177752902,-0.42283481188616,-3.48129177209881,-4.03883716827668,-12.899521122231,-11.0149395347511,-24.8615213247839,-33.6069951609693,-11.7158226727523,2.17033566337666,2.97300190074859
0.0966371010819189,2.67276871587186,6.12171247162021,0.28747623379996,0.164612593592545,2.33516143933587e-05,0.000153737669962767,1.49034299291003e-10,2.37233054867081e-14,7.6276475134839e-05,-4.57146922722187,-1.25156177752902,-0.42283481188616,-3.48129177209881,-4.03883716827668,-12.899521122231,-11.0149395347511,-24.8615213247839,-33.6069951609693,-11.7158226727523,2.23467668489352,0.794148992985021
0.0200256404941194,0.5538649734806,1.26857295792755,0.0595723137824812,0.0341118740440535,4.83904245432919e-06,3.18583160567716e-05,3.08836592310925e-11,4.91606620739033e-15,1.58064061536167e-05,-4.57146922722187,-1.25156177752902,-0.42283481188616,-3.48129177209881,-4.03883716827668,-12.899521122231,-11.0149395347511,-24.8615213247839,-33.6069951609693,-11.7158226727523,0.660727425407717,2.00579744061384
0.0512876852414649,1.41850406405163,3.24894330301834,0.152570704506499,0.0873639502058205,1.23932758275872e-05,8.15923608896613e-05,7.90961664479128e-11,1.25905414283692e-14,4.0481800511874e-05,-4.57146922722187,-1.25156177752902,-0.42283481188616,-3.48129177209881,-4.03883716827668,-12.899521122231,-11.0149395347511,-24.8615213247839,-33.6069951609693,-11.7158226727523,1.60116461782632,0.739032621250518
0.0417177355848802,1.15382039941122,2.64271153996255,0.124101999897924,0.0710624033269971,1.00807708823593e-05,6.63677551699892e-05,6.43373344325541e-11,1.02412280005675e-14,3.29281589099455e-05,-4.57146922722187,-1.25156177752902,-0.42283481188616,-3.48129177209881,-4.03883716827668,-12.899521122231,-11.0149395347511,-24.8615213247839,-33.6069951609693,-11.7158226727523,1.39464030041031,1.26010389221905
0.115731508162716,3.20087783051112,7.33129418150222,0.344278312636925,0.197138195431712,2.7965631434729e-05,0.000184114508889608,1.78481804936391e-10,2.84107645184243e-14,9.13478509377854e-05,-4.57146922722187,-1.25156177752902,-0.42283481188616,-3.48129177209881,-4.03883716827668,-12.899521122231,-11.0149395347511,-24.8615213247839,-33.6069951609693,-11.7158226727523,2.41498687175002,1.18946847316964
0.0522638734192065,1.44550327235839,3.31078232007726,0.155474670971504,0.0890267988009601,1.26291642146224e-05,8.31453554870881e-05,8.06016495327433e-11,1.28301844856816e-14,4.12523140354876e-05,-4.57146922722187,-1.25156177752902,-0.42283481188616,-3.48129177209881,-4.03883716827668,-12.899521122231,-11.0149395347511,-24.8615213247839,-33.6069951609693,-11.7158226727523,1.62001932382527,0.712649942603046
0.106116896864361,2.93495892353016,6.72223321800096,0.315676748490679,0.180760571470653,2.5642334346265e-05,0.000168818852024303,1.6365409547736e-10,2.60504871672494e-14,8.3758957527081e-05,-4.57146922722187,-1.25156177752902,-0.42283481188616,-3.48129177209881,-4.03883716827668,-12.899521122231,-11.0149395347511,-24.8615213247839,-33.6069951609693,-11.7158226727523,2.32825523532108,0.756627237153283
0.0292187283785996,0.808125474104171,1.85093149440121,0.0869199292679885,0.0497714708536232,7.06048164237625e-06,4.64833813298375e-05,4.50612928298354e-11,7.17286437091144e-15,2.3062587595137e-05,-4.57146922722187,-1.25156177752902,-0.42283481188616,-3.48129177209881,-4.03883716827668,-12.899521122231,-11.0149395347511,-24.8615213247839,-33.6069951609693,-11.7158226727523,1.03852383474466,1.41478994425239
0.052013190141624,0.666752247132832,2.0718622311583,0.149716896896093,0.0562959252666819,1.66813621341653e-05,4.50621137667643e-05,7.70301871562076e-11,1.40380849946544e-14,7.38416529760202e-05,-4.05379500542391,-1.50287381507523,-0.369089237994595,-2.9965461916362,-3.97467019125299,-12.0987555710757,-11.1050057834399,-24.3843607993407,-32.9945394714355,-10.611124651532,1.09753706942751,1.06809647315153
0.020137703357117,0.258143346502932,0.802153201798932,0.0579651901571954,0.0217958298683095,6.45844489322409e-06,1.7446487654553e-05,2.98234169884831e-11,5.43505965611051e-15,2.858892713524e-05,-4.05379500542391,-1.50287381507523,-0.369089237994595,-2.9965461916362,-3.97467019125299,-12.0987555710757,-11.1050057834399,-24.3843607993407,-32.9945394714355,-10.611124651532,0.148633573323028,1.39678146829122
0.0833139089363179,0.757711778660751,4.13366771217685,0.274742286281537,0.0822921565987804,3.0059880805549e-05,8.00580317467571e-05,8.40643556511919e-11,1.3193243730241e-14,3.92237651968127e-05,-4.1588431380933,-1.95115557325365,-0.254538289592666,-2.96562512987172,-4.17118284677793,-12.086022507236,-11.1064621577998,-24.8731418400858,-33.6327749033413,-11.8199311082162,1.67370336837077,1.92293772574607
0.030550905637896,0.277850137463614,1.51580082876272,0.100746991349821,0.0301762327933741,1.10228483299071e-05,2.93569873827475e-05,3.08260917030452e-11,4.83791421392127e-15,1.43832112139495e-05,-4.1588431380933,-1.95115557325365,-0.254538289592666,-2.96562512987172,-4.17118284677793,-12.086022507236,-11.1064621577998,-24.8731418400858,-33.6327749033413,-11.8199311082162,0.670482188737693,1.63295945045444
0.21708552624007,1.97431932205458,10.7708237682787,0.715877751497844,0.214423213947762,7.8325037520137e-05,0.000208601903012055,2.19040915467313e-10,3.43767600699428e-14,0.000102202763230993,-4.1588431380933,-1.95115557325365,-0.254538289592666,-2.96562512987172,-4.17118284677793,-12.086022507236,-11.1064621577998,-24.8731418400858,-33.6327749033413,-11.8199311082162,2.63137926514131,1.11506960573364
0.186926226943945,1.70003071161025,9.27445271434622,0.616422151021817,0.184633784880363,6.74434818039918e-05,0.000179621218138,1.88609957484558e-10,2.96008590057975e-14,8.80039182938792e-05,-4.1588431380933,-1.95115557325365,-0.254538289592666,-2.96562512987172,-4.17118284677793,-12.086022507236,-11.1064621577998,-24.8731418400858,-33.6327749033413,-11.8199311082162,2.48180188980572,1.2400417519351
0.427159555444709,8.13863761619014,11.1210145305828,2.48353053186273,0.501278163121478,0.000198155352278769,0.000454690874084895,4.80933369578625e-10,1.43546094874772e-13,0.000250905667709621,-3.97175147088987,-1.02453100449913,-0.712317282061977,-2.21147265211298,-3.81174791764862,-11.6476130289322,-10.8170465690115,-24.5764461816902,-32.6932739941386,-11.4115873168182,3.12115380148741,0.589063139572973
0.105553393155383,2.01110054802954,2.74806171153363,0.613693574922349,0.123868494471777,4.89652391906558e-05,0.000112356528104544,1.18841188014221e-10,3.54710018659479e-14,6.20001220880932e-05,-3.97175147088987,-1.02453100449913,-0.712317282061977,-2.21147265211298,-3.81174791764862,-11.6476130289322,-10.8170465690115,-24.5764461816902,-32.6932739941386,-11.4115873168182,1.7232131130599,0.78812039675839
0.12644866357653,2.40921650185144,3.29206594370422,0.73517989402955,0.148389408591875,5.86583611599205e-05,0.000134598542009957,1.42366900324312e-10,4.24928147507967e-14,7.42736196844019e-05,-3.97175147088987,-1.02453100449913,-0.712317282061977,-2.21147265211298,-3.81174791764862,-11.6476130289322,-10.8170465690115,-24.5764461816902,-32.6932739941386,-11.4115873168182,1.90383259617806,1.23204553498261
0.0784987234755915,1.49563004165091,2.0436987380404,0.456396149820217,0.0921194326795733,3.64148290854585e-05,8.35581288928585e-05,8.83806884512585e-11,2.63793354589589e-14,4.61087066342019e-05,-3.97175147088987,-1.02453100449913,-0.712317282061977,-2.21147265211298,-3.81174791764862,-11.6476130289322,-10.8170465690115,-24.5764461816902,-32.6932739941386,-11.4115873168182,1.42707855510645,1.90038064870702
0.278820734692146,3.13315271885952,4.26314483762495,0.820636442373887,0.0921429731771028,0.000114011986910207,8.80734013934416e-05,1.74191932750665e-10,6.69397370256654e-14,0.000156461637240627,-3.42758194983042,-1.00835596214568,-0.700388605452961,-2.34807080871038,-4.53480957013102,-11.2296026849373,-11.4877357025911,-24.6212590810292,-32.4853793458183,-10.913095425661,2.15039571817494,1.32731132513245
0.517082260141195,5.81053518499695,7.90614288561544,1.52189738272314,0.170882186646386,0.000211438994807221,0.000163335031381819,3.23044691724694e-10,1.24141952902842e-13,0.000290163273183764,-3.42758194983042,-1.00835596214568,-0.700388605452961,-2.34807080871038,-4.53480957013102,-11.2296026849373,-11.4877357025911,-24.6212590810292,-32.4853793458183,-10.913095425661,2.76802864322453,1.45512290876976
0.167373127648509,1.88079832202924,2.55912059725299,0.492619346169206,0.0553124487980153,6.84401856255483e-05,5.28695280504835e-05,1.04565568367103e-10,4.01832136420014e-14,9.39222601607604e-05,-3.42758194983042,-1.00835596214568,-0.700388605452961,-2.34807080871038,-4.53480957013102,-11.2296026849373,-11.4877357025911,-24.6212590810292,-32.4853793458183,-10.913095425661,1.64005228823101,1.07090159080942
0.469325712104888,5.27388729728333,7.17594941041152,1.38133838260486,0.155099894380357,0.000191910967468781,0.000148249777306254,2.9320901464304e-10,1.12676482910686e-13,0.000263364449549032,-3.42758194983042,-1.00835596214568,-0.700388605452961,-2.34807080871038,-4.53480957013102,-11.2296026849373,-11.4877357025911,-24.6212590810292,-32.4853793458183,-10.913095425661,2.67112368035343,1.79874296166233
0.474136278492413,5.32794439304763,7.24950255302005,1.39549703579979,0.156689660973942,0.000193878045823305,0.000149769330523291,2.96214393197807e-10,1.13831411539939e-13,0.000266063922720846,-3.42758194983042,-1.00835596214568,-0.700388605452961,-2.34807080871038,-4.53480957013102,-11.2296026849373,-11.4877357025911,-24.6212590810292,-32.4853793458183,-10.913095425661,2.68132145858899,1.49221851373378
0.116455305796284,1.30862670017748,1.78059151973624,0.342755957334895,0.0384854380724811,4.76194886105939e-05,3.67856963834368e-05,7.27549004492878e-11,2.79587798728595e-14,6.53494720554498e-05,-3.42758194983042,-1.00835596214568,-0.700388605452961,-2.34807080871038,-4.53480957013102,-11.2296026849373,-11.4877357025911,-24.6212590810292,-32.4853793458183,-10.913095425661,1.27733422901129,1.18069060954185
0.278279366741149,1.37812678696191,2.35778161218832,0.558074052817751,0.0357638968716436,7.11576471964027e-05,3.50873724623417e-05,7.86752853943905e-11,3.87244002799481e-14,4.23666525013138e-05,-2.80696150767701,-1.20710657781624,-0.670110572000316,-2.11109536839343,-4.85864811582344,-11.0784445134128,-11.785501005259,-24.7935237996043,-32.4101382494957,-11.5969807569186,1.52783175413018,1.7805628883462
0.279973555938907,1.35711949738438,4.07380056520958,0.474993660922164,0.0487090309722192,3.18340840371547e-05,2.0272315693252e-05,4.08129687686042e-11,1.03094405315552e-13,4.27434426528401e-05,-3.10318916802337,-1.52476460772569,-0.425552681134638,-2.57458286513869,-4.85201986985277,-12.1851020617799,-12.6363834063103,-25.7521502677254,-31.7332603146759,-11.8904238072595,1.83012904467513,1.53453145302032
0.284751401118598,1.8068492558574,4.9094952669577,0.489435904203216,0.0652886687233551,4.84294208036808e-05,9.76676639962008e-06,5.71712738075965e-11,5.88858230684742e-14,3.55116374088849e-05,-3.27846935113309,-1.43074600918347,-0.43115945541916,-2.73683236193531,-4.75126737918693,-11.9577336560619,-13.5588557140843,-25.6073001448394,-32.4855066231453,-12.2679806958555,2.022330594988,2.44685093640957
0.338913630310837,2.15052792829637,5.84332458903514,0.582530932056389,0.0777071496339293,5.76411239907843e-05,1.16244915525965e-05,6.80457545757865e-11,7.00864262355856e-14,4.22662642053679e-05,-3.27846935113309,-1.43074600918347,-0.43115945541916,-2.73683236193531,-4.75126737918693,-11.9577336560619,-13.5588557140843,-25.6073001448394,-32.4855066231453,-12.2679806958555,2.19645936922588,0.906133912275033
0.074182547965002,0.547871326826142,1.42113317879747,0.160856158897688,0.0314962955159608,8.24239298234785e-06,1.18180839605875e-06,1.50529667853613e-11,2.11056511314814e-14,1.26692099135832e-05,-3.40571883140933,-1.40620729697498,-0.453037905700489,-2.63173720864164,-4.26237781504225,-12.5107123180328,-14.4529572259014,-25.7239384878736,-32.2937280364592,-12.0808283967169,0.80449247230805,1.40716422084814
0.480300410276188,6.07165979295281,11.3942748344172,3.48083894456619,0.120181864341756,9.81279066209748e-05,4.54910745457159e-05,2.78992970822371e-10,6.94429132049685e-13,7.87616262147875e-05,-3.80360230619768,-1.26662678039907,-0.637147768349371,-1.82298544933714,-5.18900793737888,-12.2994975507795,-13.0682532051746,-25.0700933187037,-31.0659450697021,-12.5193434467761,3.07025879009413,0.431804699849079
0.0707231569895453,0.894038271749943,1.67778138568138,0.512545719022641,0.0176965096787043,1.44491139223053e-05,6.69845858526279e-06,4.10810885277072e-11,1.02253130485195e-13,1.15974726158098e-05,-3.80360230619768,-1.26662678039907,-0.637147768349371,-1.82298544933714,-5.18900793737888,-12.2994975507795,-13.0682532051746,-25.0700933187037,-31.0659450697021,-12.5193434467761,1.15462008523784,0.586610904644631
0.19091603680722,2.41344208689252,4.52914415048759,1.38360901186545,0.0477714462559736,3.90051530905267e-05,1.80823823518613e-05,1.10897744717417e-10,2.76030698491736e-13,3.13071927645704e-05,-3.80360230619768,-1.26662678039907,-0.637147768349371,-1.82298544933714,-5.18900793737888,-12.2994975507795,-13.0682532051746,-25.0700933187037,-31.0659450697021,-12.5193434467761,2.14768076074275,0.765409902112971
0.141077232279883,1.78341084164861,3.34680696306621,1.02241662468922,0.0353006668926674,2.88228225071583e-05,1.33619600421682e-05,8.19477878990968e-11,2.03972634351397e-13,2.31344217046482e-05,-3.80360230619768,-1.26662678039907,-0.637147768349371,-1.82298544933714,-5.18900793737888,-12.2994975507795,-13.0682532051746,-25.0700933187037,-31.0659450697021,-12.5193434467761,1.8451545143011,2.72651179123457
0.135198009207663,1.70908935122792,3.20733282966042,0.9798086481068,0.0338295542835941,2.76216662301881e-05,1.28051165139783e-05,7.85327129252847e-11,1.95472321447604e-13,2.21703226530125e-05,-3.80360230619768,-1.26662678039907,-0.637147768349371,-1.82298544933714,-5.18900793737888,-12.2994975507795,-13.0682532051746,-25.0700933187037,-31.0659450697021,-12.5193434467761,1.8025874659206,3.33458412635383
0.0511141271979997,0.646153083195391,1.21259195444048,0.370434921065334,0.0127898935112815,1.04428857302323e-05,4.84121295954406e-06,2.96907558121015e-11,7.39019543314012e-14,8.38190368887873e-06,-3.80360230619768,-1.26662678039907,-0.637147768349371,-1.82298544933714,-5.18900793737888,-12.2994975507795,-13.0682532051746,-25.0700933187037,-31.0659450697021,-12.5193434467761,0.829907948017064,3.7278227907519
0.0540114424397345,0.682779144894224,1.28132561662347,0.391432379140201,0.0135148663405515,1.10348225127327e-05,5.11562868108884e-06,3.13737245737474e-11,7.80909578499184e-14,8.85701729530831e-06,-3.80360230619768,-1.26662678039907,-0.637147768349371,-1.82298544933714,-5.18900793737888,-12.2994975507795,-13.0682532051746,-25.0700933187037,-31.0659450697021,-12.5193434467761,0.885042948364931,1.91820318803575
0.06361782234979,0.804217039611354,1.50921993134216,0.461051851853105,0.0159185966361425,1.29974565863481e-05,6.02548537754995e-06,3.69537999028808e-11,9.19800779096816e-14,1.04323107732338e-05,-3.80360230619768,-1.26662678039907,-0.637147768349371,-1.82298544933714,-5.18900793737888,-12.2994975507795,-13.0682532051746,-25.0700933187037,-31.0659450697021,-12.5193434467761,1.04874068393138,2.98720073913133
0.0804749337744564,1.01731418355012,1.90912498321708,0.583218913726172,0.0201366215120074,1.64414533441852e-05,7.62208637150698e-06,4.67456208033606e-11,1.16352468615666e-13,1.31966088681014e-05,-3.80360230619768,-1.26662678039907,-0.637147768349371,-1.82298544933714,-5.18900793737888,-12.2994975507795,-13.0682532051746,-25.0700933187037,-31.0659450697021,-12.5193434467761,1.28379278146694,4.85192169306492
0.183529338954425,1.38592029592229,2.61191407414122,0.791679862375087,0.0586193416127217,9.42358478254999e-06,1.10652156104964e-05,3.8484754430662e-11,1.23120276166686e-13,1.16148895760367e-05,-3.31113764776185,-1.28939251623969,-0.655673594508054,-1.84935509186142,-4.45244748401126,-13.1880519004066,-13.0274610076446,-25.5965158506773,-31.3413715711176,-12.978979607605,1.61575690880426,0.808642415786143
0.16636175246083,1.25627940750072,2.3675920434669,0.717625040459463,0.0531360078685516,8.54208971611631e-06,1.00301601411872e-05,3.48848376318702e-11,1.11603436394644e-13,1.05284168488631e-05,-3.31113764776185,-1.28939251623969,-0.655673594508053,-1.84935509186142,-4.45244748401126,-13.1880519004066,-13.0274610076446,-25.5965158506773,-31.3413715711176,-12.978979607605,1.51754701774675,0.836793186486243
0.036801931273024,0.277909481780932,0.523749950799196,0.158750355944997,0.011754551035772,1.88964947778207e-06,2.21883491074855e-06,7.71709469278984e-12,2.46884992209735e-14,2.3290574158675e-06,-3.31113764776185,-1.28939251623969,-0.655673594508053,-1.84935509186142,-4.45244748401126,-13.1880519004066,-13.0274610076446,-25.5965158506773,-31.3413715711176,-12.978979607605,0.00893269282277576,0.368867212648936
0.0505341728810138,0.381608391510823,0.719181565873681,0.217986329921967,0.0161406342991519,2.59475169078294e-06,3.04676909867459e-06,1.0596644900276e-11,3.39007450057371e-14,3.19811993642648e-06,-3.31113764776185,-1.28939251623969,-0.655673594508053,-1.84935509186142,-4.45244748401126,-13.1880519004066,-13.0274610076446,-25.5965158506773,-31.3413715711176,-12.978979607605,0.326032166922245,1.29438189412804
0.113771032874257,0.859141020431784,1.61914255065043,0.490767504320005,0.0363385117588442,5.84174159944574e-06,6.85939924458154e-06,2.38569499919347e-11,7.63230612993493e-14,7.2001457168343e-06,-3.31113764776185,-1.28939251623969,-0.655673594508053,-1.84935509186142,-4.45244748401126,-13.1880519004066,-13.0274610076446,-25.5965158506773,-31.3413715711176,-12.978979607605,1.13757031390714,0.622841866437332
0.0495558702900522,0.37422074752926,0.705258765733613,0.213766282789525,0.0158281640744625,2.54451930035733e-06,2.98778600004324e-06,1.03915020321845e-11,3.32444527428217e-14,3.13620680237008e-06,-3.31113764776185,-1.28939251623969,-0.655673594508053,-1.84935509186142,-4.45244748401126,-13.1880519004066,-13.0274610076446,-25.5965158506773,-31.3413715711176,-12.978979607605,0.30648309458794,0.895865791599243
0.0511008418643058,0.385887587684515,0.727246165796897,0.220430737041072,0.0163216285908667,2.62384814608604e-06,3.08093428727948e-06,1.07154712241199e-11,3.42808937171938e-14,3.23398230973747e-06,-3.31113764776185,-1.28939251623969,-0.655673594508053,-1.84935509186142,-4.45244748401126,-13.1880519004066,-13.0274610076446,-25.5965158506773,-31.3413715711176,-12.978979607605,0.337183340693306,0.302884444911677
0.0558136267713662,0.630370720658026,1.48248895730749,0.151937827790403,0.024077604692919,2.87401628123809e-06,3.24689570011225e-06,1.58074231501628e-11,4.77928412282807e-14,2.60755927952003e-06,-3.73789361312035,-1.31360356825765,-0.45843397791833,-2.73644025058909,-4.57862951745856,-13.6119564863976,-13.4899675683675,-25.7226978476796,-31.5240569128118,-13.7092522971779,0.852156381083869,0.408906954278079
0.0396337657742491,0.447632002052986,1.05272893907299,0.107892438231274,0.01709772684569,2.04086519208973e-06,2.30565027065549e-06,1.12249954512795e-11,3.39381327554104e-14,1.85165164325043e-06,-3.73789361312035,-1.31360356825765,-0.45843397791833,-2.73644025058909,-4.57862951745856,-13.6119564863976,-13.4899675683675,-25.7226978476796,-31.5240569128118,-13.7092522971779,0.509819760148085,0.217524947318653
0.194662131415389,2.19855463913517,5.17050184556911,0.529916135381434,0.083975869693982,1.00237552617769e-05,1.13242531265065e-05,5.51318174538389e-11,1.6668790182736e-13,9.09442866385728e-06,-3.73789361312035,-1.31360356825765,-0.45843397791833,-2.73644025058909,-4.57862951745856,-13.6119564863976,-13.4899675683675,-25.7226978476796,-31.5240569128118,-13.7092522971779,2.10140373050326,0.424940769616636
0.0912595683291621,1.03070456414252,2.42398335537011,0.248430022901436,0.0393687337265686,4.69923745093965e-06,5.30892395177715e-06,2.58463514472838e-11,7.81449676722076e-14,4.26355977934372e-06,-3.73789361312035,-1.31360356825765,-0.45843397791833,-2.73644025058909,-4.57862951745856,-13.6119564863976,-13.4899675683675,-25.7226978476796,-31.5240569128118,-13.7092522971779,1.34384617950534,0.405891163987448
0.244401862332384,2.76032551548266,6.49165952854771,0.665319389166841,0.105433238580928,1.25850078581264e-05,1.42178066864766e-05,6.92190040328616e-11,2.09279706015095e-13,1.14182213362943e-05,-3.73789361312035,-1.31360356825765,-0.45843397791833,-2.73644025058909,-4.57862951745856,-13.6119564863976,-13.4899675683675,-25.7226978476796,-31.5240569128118,-13.7092522971779,2.32895218142456,0.108988750458545
0.0494430578623806,0.558420189103981,1.31327762656876,0.134595639908842,0.0213293862249113,2.54597598311923e-06,2.87629493477252e-06,1.40031634330131e-11,4.23377650038278e-14,2.30993239097371e-06,-3.73789361312035,-1.31360356825765,-0.45843397791833,-2.73644025058909,-4.57862951745856,-13.6119564863976,-13.4899675683675,-25.7226978476796,-31.5240569128118,-13.7092522971779,0.730959995342266,0.851802685520534
0.0754452743931274,0.852094636033165,2.00393331590889,0.205379792918662,0.0325465589295562,3.88491054051271e-06,4.38894497976802e-06,2.13674589163974e-11,6.46032918675095e-14,3.52473108665034e-06,-3.73789361312035,-1.31360356825765,-0.45843397791833,-2.73644025058909,-4.57862951745856,-13.6119564863976,-13.4899675683675,-25.7226978476796,-31.5240569128118,-13.7092522971779,1.15354588509274,1.85309207444931
0.0727299710820494,0.821427435135777,1.93181101518647,0.197988098260164,0.0313751962440006,3.74509117424029e-06,4.23098522772835e-06,2.05984361722731e-11,6.22781955148827e-14,3.39787471204998e-06,-3.73789361312035,-1.31360356825765,-0.45843397791833,-2.73644025058909,-4.57862951745856,-13.6119564863976,-13.4899675683675,-25.7226978476796,-31.5240569128118,-13.7092522971779,1.11689189069768,3.34158708580715
0.0996885532675423,0.715160024678501,1.70347231461505,0.363971968245197,0.0478044228981074,6.04884116258071e-06,3.16070507782331e-06,2.62035599624435e-11,6.23592499036779e-14,4.96498912530765e-06,-3.38074488303487,-1.41028941326015,-0.542371756742908,-2.08571888729553,-4.11567757718548,-13.0906843103127,-13.7397558920302,-25.440166300632,-31.4809048419477,-13.2881399134092,1.07504046266929,1.55320682323718
0.106527060680527,0.585873702952182,2.13322636630479,0.268534025778569,0.0425734104455467,1.80285139988773e-06,1.6364507658494e-06,2.27319051062062e-11,2.29773357928234e-14,9.97070867661143e-07,-3.38253996126376,-1.67783476265859,-0.385548166406657,-2.45796137368237,-4.29970911457808,-14.3693247614463,-14.4661645545396,-25.6504353930135,-32.5474517911721,-14.9616277146593,1.14318372605245,2.12464174330229
0.0708605866861067,0.295683013519111,1.34702225652212,0.488326052393823,0.0293545785463028,1.98152195644557e-06,1.41520517535071e-06,4.07331730028525e-12,8.45222514570788e-15,1.1204015439167e-06,-3.44960331694503,-2.0210297156311,-0.504665996554091,-1.51933437296031,-4.33086916358037,-13.9342077605342,-14.2707984540091,-27.0291258038375,-33.2069090742304,-14.5043858324328,0.802562416876342,1.1396115914215
0.0502287648636625,0.209591724466239,0.95482224115194,0.346144670959928,0.0208076773341653,1.4045805302654e-06,1.00315296994946e-06,2.88732716534551e-12,5.99126890240291e-15,7.94184586017691e-07,-3.44960331694503,-2.0210297156311,-0.504665996554091,-1.51933437296031,-4.33086916358037,-13.9342077605342,-14.2707984540091,-27.0291258038375,-33.2069090742304,-14.5043858324328,0.458435905807996,0.604965779160971
0.0339085473575792,0.240324865601352,0.237895561300764,0.205775629435009,0.0233772643901784,1.44897261149671e-06,5.08510659545284e-07,1.52949030298459e-12,5.01151331615229e-15,3.96434418626612e-07,-3.08471700016357,-1.12639250249664,-1.13655235791266,-1.28159771950654,-3.45662017442127,-13.1452846346921,-14.1924084971824,-26.9067154095594,-32.6276673045415,-14.4413840484704,-0.299371161770841,0.695879775854362
0.030216433935932,0.214157225552214,0.211992434706563,0.183369863854047,0.0208318438887873,1.29120203023026e-06,4.53141757676412e-07,1.36295259742091e-12,4.4658374609702e-15,3.53268876252322e-07,-3.08471700016357,-1.12639250249664,-1.13655235791266,-1.28159771950654,-3.45662017442127,-13.1452846346921,-14.1924084971824,-26.9067154095594,-32.6276673045415,-14.4413840484704,-0.414652332380603,0.923992318912558
0.0442704831579219,0.271614436805181,0.358552733873364,0.0635411372194552,0.0328913512442337,1.58876700421142e-06,8.17261302737294e-07,3.44597111994961e-12,3.04741875846018e-15,1.0028005843661e-06,-2.85720619322483,-1.04314080486946,-0.765448608696381,-2.49583682742472,-3.15431461070177,-13.0923213864307,-13.7570760360474,-26.1335844334213,-33.1642505461318,-13.5524829627455,-0.260230925182548,0.45222298826219
0.0448847536182978,0.385622388427939,0.469711121988069,0.0455771260524846,0.0368289653780601,1.36686898091776e-06,1.76966222071092e-07,4.19822435048084e-12,2.72216702843505e-15,7.90864364845227e-07,-3.08613110815026,-0.935370659840333,-0.738111410495795,-3.07082331315694,-3.2839446439303,-13.4854618522452,-15.5297809615255,-26.1788334569131,-33.5198221333554,-14.0326133600817,-0.0175259968151287,0.288001239249296
0.00373257866050665,0.0320680360707819,0.0390607849927146,0.00379015577444039,0.0030626660319384,1.13667683981721e-07,1.47163633725231e-08,3.4912083412297e-13,2.26373138796274e-16,6.57676207088065e-08,-3.08613110815026,-0.935370659840333,-0.738111410495795,-3.07082331315694,-3.2839446439303,-13.4854618522452,-15.5297809615255,-26.1788334569131,-33.5198221333554,-14.0326133600817,-2.50452484614004,0.309746660406923
0.194994578830056,1.67527432273333,2.04058427462367,0.198002479293226,0.159997505026159,5.93814201402392e-06,7.68801233339763e-07,1.82385091387105e-11,1.18260159725678e-14,3.43578278375192e-06,-3.08613110815026,-0.935370659840333,-0.738111410495795,-3.07082331315694,-3.2839446439303,-13.4854618522452,-15.5297809615255,-26.1788334569131,-33.5198221333554,-14.0326133600817,1.4513475864739,0.298737958096276
0.16710162990362,1.43563514198207,1.74868942660447,0.169679266025605,0.137110703440043,5.08872203061276e-06,6.58828260425392e-07,1.56295863319705e-11,1.01343665866967e-14,2.94431212705719e-06,-3.08613110815026,-0.935370659840333,-0.738111410495795,-3.07082331315694,-3.2839446439303,-13.4854618522452,-15.5297809615255,-26.1788334569131,-33.5198221333554,-14.0326133600817,1.29697801878306,0.185851068154221
0.0850790367231939,0.551870453639414,0.670294398094656,0.105765258312467,0.0369425577375242,2.75405036121703e-06,4.82671398339816e-07,1.10432889462319e-11,3.68923176232506e-15,7.21758986462135e-07,-2.83570758944944,-0.965974924406777,-0.771571241686774,-2.6180661635443,-3.6699240450082,-13.1739708499768,-14.9154627282496,-25.6007311863731,-33.6048911317485,-14.5131075462691,0.371532978722954,0.235850227383879
0.05450347515727,0.353540175329314,0.429405121187153,0.0677555171162896,0.0236662032792416,1.76430436010733e-06,3.09209760497526e-07,7.07457028097052e-12,2.36340183729982e-15,4.62374452077583e-07,-2.83570758944944,-0.965974924406777,-0.771571241686774,-2.6180661635443,-3.6699240450082,-13.1739708499768,-14.9154627282496,-25.6007311863731,-33.6048911317485,-14.5131075462691,-0.0737832255427759,0.10461234478627
0.107890404869441,0.690437523825563,0.943507836811183,0.165773245964926,0.0564026849781181,2.3427208302533e-06,6.49504576070583e-07,4.14751409168078e-11,4.750643704023e-15,1.16586648676073e-06,-2.90163061931046,-1.04542107233948,-0.733141890599604,-2.47212569509876,-3.55022979811401,-13.6391888385888,-14.9220472378301,-24.5809181647231,-33.655487551907,-14.337037264441,0.674991282497758,0.169108774286201
0.16449254351366,1.05265917361951,1.43849681619002,0.252742242540327,0.085993014154294,3.57177367697458e-06,9.90251726934366e-07,6.3234088612875e-11,7.24295610112439e-15,1.77751065107853e-06,-2.90163061931046,-1.04542107233948,-0.733141890599604,-2.47212569509876,-3.55022979811401,-13.6391888385888,-14.9220472378301,-24.5809181647231,-33.655487551907,-14.337037264441,1.09674058132196,0.232001411860934
0.07332877365293,0.469262646361932,0.641264370905046,0.11266941528103,0.0383346389809442,1.59225322864931e-06,4.41442166269154e-07,2.81889870020629e-11,3.22882166676055e-15,7.92392611934935e-07,-2.90163061931046,-1.04542107233948,-0.733141890599604,-2.47212569509876,-3.55022979811401,-13.6391888385888,-14.9220472378301,-24.5809181647231,-33.655487551907,-14.337037264441,0.288828418619431,0.487839710181554
0.0951097692001581,0.608648689544194,0.831740437958714,0.146135842036782,0.04972125516657,2.06520346026531e-06,5.7256463537488e-07,3.65620194392182e-11,4.18788516725447e-15,1.02775860937953e-06,-2.90163061931046,-1.04542107233948,-0.733141890599604,-2.47212569509876,-3.55022979811401,-13.6391888385888,-14.9220472378301,-24.5809181647231,-33.655487551907,-14.337037264441,0.548907030157471,0.400765730611734
0.839406819187591,5.37172852788437,7.34066123057585,1.28974576812654,0.438823067245081,1.82267908137624e-05,5.05326280781818e-06,3.22684080706379e-10,3.6960865292081e-14,9.07065165279049e-06,-2.90163061931046,-1.04542107233948,-0.733141890599604,-2.47212569509876,-3.55022979811401,-13.6391888385888,-14.9220472378301,-24.5809181647231,-33.655487551907,-14.337037264441,2.72657081507805,0.873005060479545
0.333399118676902,3.53980784275333,3.13246327662671,0.427412852977166,0.150384813156175,6.64953104000171e-06,1.10981833482434e-06,1.08466504452094e-10,9.74789270342448e-15,1.68513240631171e-06,-3.12438679970605,-0.761899403632227,-0.884152163220566,-2.8759767116676,-3.92052969651658,-13.9469360736802,-15.7372860659511,-24.970551552934,-34.2876971138396,-15.3196382654302,2.02597184759651,1.90960919849604
0.0521977658389791,0.554200807801418,0.490425965315817,0.0669167816184086,0.0235446071183885,1.04106653173669e-06,1.73755820935768e-07,1.69817761463544e-11,1.52615346668009e-15,2.6382837213669e-07,-3.12438679970605,-0.761899403632227,-0.884152163220566,-2.8759767116676,-3.92052969651658,-13.9469360736802,-15.7372860659511,-24.970551552934,-34.2876971138396,-15.3196382654302,0.171671214677001,0.863573881504506
0.044976049693496,0.477525477790444,0.422574074435833,0.0576586458639361,0.0202871406994148,8.97031880829265e-07,1.49716186341169e-07,1.46322969109131e-11,1.31500559562355e-15,2.27326932198177e-07,-3.12438679970605,-0.761899403632227,-0.884152163220566,-2.8759767116676,-3.92052969651658,-13.9469360736802,-15.7372860659511,-24.970551552934,-34.2876971138396,-15.3196382654302,0.022761639776662,0.988969789762972
0.155531725597302,4.25765486873276,3.41178138350028,0.388595332031627,0.145131448384108,1.85774356406253e-05,1.70008387932508e-06,1.20822969913427e-10,8.0916167363801e-15,1.07109000889534e-06,-3.98421038462109,-0.674586331179247,-0.896070284836551,-3.06852159396372,-4.05342024622338,-13.0168676908751,-15.408137806922,-24.9599995397959,-34.5712526795838,-15.870138567693,2.12330483958213,1.77220960647034
0.649323464183215,6.12730355920182,7.10984913430078,0.586412832187916,0.252200683057873,7.27776207989704e-05,3.89795429713227e-06,4.33534081665473e-10,3.0802811819475e-14,3.55979710048835e-06,-3.12138255072454,-0.876803491240346,-0.728077243479152,-3.22328951391951,-4.06708841532218,-12.2176603248931,-15.1446169499091,-24.2486089713042,-33.8007286845228,-15.2353652772342,2.68955826826479,2.03931533286931
0.188910097306094,3.04815844562202,1.80601015236182,0.497093031250411,0.120371772921297,1.97860403065791e-05,1.37853093207348e-06,3.34254842993162e-10,1.54168772547271e-14,1.0041181176925e-06,-3.40000788137094,-0.618986208704675,-1.14240375220798,-2.43250191343781,-3.85069404641879,-12.5640577325889,-15.2280159964479,-23.5526412395669,-33.5368373885973,-15.5449247251603,1.73352382864977,1.5050851938645
0.122631993825038,1.97872825757737,1.17238109032114,0.322690583553066,0.0781399762325846,1.28442132384635e-05,8.94880682188958e-07,2.16983308073307e-10,1.00079478189019e-14,6.51828613528028e-07,-3.40000788137094,-0.618986208704675,-1.14240375220798,-2.43250191343781,-3.85069404641879,-12.5640577325889,-15.2280159964479,-23.5526412395669,-33.5368373885973,-15.5449247251603,1.30144055289902,0.958495922388372
0.218532695678435,2.53013299907247,2.64867526751561,0.72551679601252,0.248559012215134,4.08804070746479e-05,3.36026174663823e-06,3.37909669757348e-10,1.07413976692585e-14,1.63216663169912e-06,-3.37264869628598,-0.923557187456147,-0.877769441661001,-2.17270011359545,-3.24390404555235,-11.9566887119409,-14.4553207438553,-23.6600715630188,-34.0165002351118,-15.1774312614949,1.85182905761723,0.509514591342128
0.112601428378424,1.30367947367548,1.36475971024364,0.373830686021274,0.128072825555303,2.10640893574583e-05,1.73141264387094e-06,1.74111756409884e-10,5.53462591299804e-15,8.40992207186041e-07,-3.37264869628598,-0.923557187456147,-0.877769441661001,-2.17270011359545,-3.24390404555235,-11.9566887119409,-14.4553207438553,-23.6600715630188,-34.0165002351118,-15.1774312614949,1.18874781835014,0.423438267372465
0.118489988756279,1.37185618692558,1.43613065172073,0.393380389763335,0.134770472085241,2.21656487583663e-05,1.82195792415061e-06,1.8321703691013e-10,5.82406255094192e-15,8.84972407620772e-07,-3.37264869628598,-0.923557187456147,-0.877769441661001,-2.17270011359545,-3.24390404555235,-11.9566887119409,-14.4553207438553,-23.6600715630188,-34.0165002351118,-15.1774312614949,1.23972189124075,0.433425612447218
0.0708574337102685,0.820374867492341,0.858811225502745,0.235242868896787,0.0805932205084756,1.32551366071238e-05,1.08953730343365e-06,1.09564438175064e-10,3.48281007078714e-15,5.29216639874842e-07,-3.37264869628598,-0.923557187456147,-0.877769441661001,-2.17270011359545,-3.24390404555235,-11.9566887119409,-14.4553207438553,-23.6600715630188,-34.0165002351118,-15.1774312614949,0.725563299747044,0.823089774350555
0.141847908907896,0.638111986277523,1.32917469639096,0.248326567851866,0.0979154136134134,6.51816227115428e-06,2.02039506961761e-06,1.53522220018287e-10,2.18775677564163e-15,4.32382881238149e-07,-2.85128365277938,-1.3475252773303,-0.613725572774147,-2.29129438656197,-3.221935092784,-12.8392018753788,-14.0105012800263,-23.4954595969286,-34.6541834727701,-15.5522381354417,0.898283793370633,1.1367897103188
0.0172118913528915,0.114856587087358,0.389644897540643,0.0789041343611026,0.0391394148525453,1.45625811467656e-06,1.4354141355008e-07,3.84404909898604e-11,4.31383805665636e-16,5.90196181176445e-08,-3.61549039010467,-1.71740661145238,-0.495855087549863,-2.0928572662797,-2.7939608810303,-12.9929759611284,-15.3099778610053,-23.5352453728094,-34.9328690934555,-16.198731551632,-0.446664386209472,2.53236340987774
0.0132359459716896,0.0883247256220644,0.299636960648491,0.0606772862978267,0.0300982134810422,1.11986261890128e-06,1.10383359707278e-07,2.95607409688614e-11,3.31734184685808e-16,4.53860915490648e-08,-3.61549039010467,-1.71740661145238,-0.495855087549863,-2.0928572662797,-2.7939608810303,-12.9929759611284,-15.3099778610053,-23.5352453728094,-34.9328690934555,-16.198731551632,-0.709328580747745,7.3416445507885
0.0181762974151206,0.121292160412969,0.411477239704578,0.0833252420681297,0.0413324503639827,1.53785426963534e-06,1.51584237349649e-07,4.05943648312412e-11,4.55554836542002e-16,6.23265688958073e-08,-3.61549039010467,-1.71740661145238,-0.495855087549863,-2.0928572662797,-2.7939608810303,-12.9929759611284,-15.3099778610053,-23.5352453728094,-34.9328690934555,-16.198731551632,-0.39214648340479,7.48062006235977
0.0181542174381542,0.121144818627843,0.410977390490661,0.0832240212648184,0.0412822410429555,1.5359861341138e-06,1.51400097731292e-07,4.05450521125961e-11,4.55001443292096e-16,6.22508566000527e-08,-3.61549039010467,-1.71740661145238,-0.495855087549863,-2.0928572662797,-2.7939608810303,-12.9929759611284,-15.3099778610053,-23.5352453728094,-34.9328690934555,-16.198731551632,-0.393361989420827,3.98547882900199
0.0256637624977205,0.171256726635885,0.580979388256001,0.11764988070247,0.0583587606080682,2.17135128407366e-06,2.14027190295822e-07,5.73166313238322e-11,6.43214119063432e-16,8.80011052255991e-08,-3.61549039010467,-1.71740661145238,-0.495855087549863,-2.0928572662797,-2.7939608810303,-12.9929759611284,-15.3099778610053,-23.5352453728094,-34.9328690934555,-16.198731551632,-0.0471849115332401,2.04304944815163
0.0653254248717257,0.43592276972731,1.47884494266613,0.299470057972962,0.148548399013902,5.52703233559295e-06,5.44792180858833e-07,1.45895727244903e-10,1.63725936970637e-15,2.24001043828017e-07,-3.61549039010467,-1.71740661145238,-0.495855087549863,-2.0928572662797,-2.7939608810303,-12.9929759611284,-15.3099778610053,-23.5352453728094,-34.9328690934555,-16.198731551632,0.8871164264763,2.47378527837481
0.0121104322910499,0.215195486000067,0.288268579285713,0.0714109008099043,0.0496951318658483,1.9112557357084e-06,6.7966475131294e-08,5.36272545845305e-11,9.10053413883144e-16,6.41149986810549e-08,-3.96220396288145,-1.08472436460918,-0.792378604310879,-2.18782068674078,-2.55036423892091,-12.7162660165415,-16.0527672039747,-23.1974796338884,-34.1815443173882,-16.1111034494654,-0.451484062141445,2.05850732374237
0.0107098669702374,0.190308237746359,0.25493046504467,0.0631522665350366,0.0439479151991116,1.69021998419229e-06,6.01061869302607e-08,4.74252899298929e-11,8.04806200493934e-16,5.67001317680888e-08,-3.96220396288145,-1.08472436460918,-0.792378604310879,-2.18782068674078,-2.55036423892091,-12.7162660165415,-16.0527672039747,-23.1974796338884,-34.1815443173882,-16.1111034494654,-0.574385852797781,1.1672842772085
0.0155703282054033,0.286014400420017,0.442964937382532,0.0470748971566533,0.0248567734361219,3.72826018694061e-06,8.02089222225061e-08,5.5982587279793e-11,8.94939862247428e-16,2.80668405716343e-08,-3.95964168829659,-1.04896659259422,-0.611518134473374,-2.85326886339474,-3.49187846498187,-12.2968223452253,-16.1358845528878,-23.4032338892613,-34.4470286251785,-17.1859304825297,-0.2027465257167,2.43457436040882
0.0417467665405895,0.342855352501679,0.835860407410111,0.0605475978234442,0.0498138478244784,6.15750795609239e-06,1.67085028694552e-07,2.03802216475553e-10,1.90065092351958e-15,3.96806941175164e-08,-3.46193633946175,-1.35624969423277,-0.465096717269395,-3.09012854302797,-3.28526532548848,-12.2836414755023,-15.8905660608925,-22.599674180108,-34.1823830367308,-17.3282041224494,0.285803060647621,0.911042683617967
0.0655397483512667,0.538260933382642,1.31224727800613,0.0950558487149891,0.0782045490313682,9.66689292021799e-06,2.62312788303209e-07,3.19956420295481e-10,2.98390015691301e-15,6.22961470402038e-08,-3.46193633946175,-1.35624969423277,-0.465096717269395,-3.09012854302797,-3.28526532548848,-12.2836414755023,-15.8905660608925,-22.599674180108,-34.1823830367308,-17.3282041224494,0.736837864122321,1.04785898381367
0.245654160355714,2.01749382578824,4.91852671648894,0.356285541070881,0.293123994393957,3.62331641988804e-05,9.83193090944261e-07,1.19925125981335e-09,1.11841669532071e-14,2.33496589162011e-07,-3.46193633946175,-1.35624969423277,-0.465096717269395,-3.09012854302797,-3.28526532548848,-12.2836414755023,-15.8905660608925,-22.599674180108,-34.1823830367308,-17.3282041224494,2.05810575506205,1.6186269787818
0.0366061229124733,0.317555697766342,0.435664593321798,0.0453785822128532,0.0338330300473613,6.23483089865601e-06,8.53854332168152e-08,6.57562397086551e-11,8.53843555097011e-16,2.28677633816565e-08,-3.16717866286598,-1.00674095298884,-0.690521516043708,-2.95235394566335,-3.24595663631581,-11.8449980034961,-16.1357292249223,-23.3047054518514,-34.5564225906285,-17.4531765337257,-0.140361097010173,2.30317627281826
0.0884224150626353,0.767058608761664,1.05235169512224,0.109612368427348,0.0817239846139244,1.50602894189172e-05,2.06249272403211e-07,1.58834781120609e-10,2.06246669192105e-15,5.52372855798385e-08,-3.16717866286598,-1.00674095298884,-0.690521516043708,-2.95235394566335,-3.24595663631581,-11.8449980034961,-16.1357292249223,-23.3047054518514,-34.5564225906285,-17.4531765337257,0.741548885442466,4.06298502674695
0.133186691427523,1.15538574873347,1.58510984338294,0.165104161428206,0.123097148085043,2.26846339610341e-05,3.10663966611397e-07,2.39245659215296e-10,3.10660045512044e-15,8.32014292371969e-08,-3.16717866286598,-1.00674095298884,-0.690521516043708,-2.95235394566335,-3.24595663631581,-11.8449980034961,-16.1357292249223,-23.3047054518514,-34.5564225906285,-17.4531765337257,1.15117522279058,2.86304966612182
0.193289001118369,1.12723057130495,1.45306891700129,0.316198580670557,0.230509452400946,1.83024610555706e-05,1.88401364892271e-07,2.28200651596352e-10,4.50643944082883e-15,4.77290870504559e-08,-2.84362847137682,-1.08029587372223,-0.826381862115575,-2.35144451933732,-2.66752308555176,-12.1085346996607,-16.6847509065918,-23.4008554995432,-34.2333287105821,-18.0577845098977,1.20005967641257,0.949961203164523
0.22724905088156,1.32528015547484,1.70836690315256,0.371753317217861,0.271008976063072,2.15181250852864e-05,2.2150267790116e-07,2.6829452884423e-10,5.29820155238132e-15,5.61148832520336e-08,-2.84362847137682,-1.08029587372223,-0.826381862115575,-2.35144451933732,-2.66752308555176,-12.1085346996607,-16.6847509065918,-23.4008554995432,-34.2333287105821,-18.0577845098977,1.36191974890476,0.631676279855743
0.155840402554885,0.908836327923071,1.17154542501256,0.254936979413569,0.185849611964576,1.47564676838415e-05,1.51899716884154e-07,1.83988127634247e-10,3.63334350368908e-15,3.84818592702289e-08,-2.84362847137682,-1.08029587372223,-0.826381862115575,-2.35144451933732,-2.66752308555176,-12.1085346996607,-16.6847509065918,-23.4008554995432,-34.2333287105821,-18.0577845098977,0.984705615414964,1.26972968369132
0.169108463914026,0.986213541833008,1.27128937028768,0.276642002181218,0.201672620726699,1.60128153027104e-05,1.64832273082765e-07,1.99652651896144e-10,3.94268192784264e-15,4.17581577245494e-08,-2.84362847137682,-1.08029587372223,-0.826381862115575,-2.35144451933732,-2.66752308555176,-12.1085346996607,-16.6847509065918,-23.4008554995432,-34.2333287105821,-18.0577845098977,1.06641349976115,0.817876446447887
0.154766516318599,0.902573594975823,1.16347238049728,0.253180225010833,0.184568934187596,1.46547818098187e-05,1.50852985660522e-07,1.82720277226604e-10,3.60830636623086e-15,3.82166832418082e-08,-2.84362847137682,-1.08029587372223,-0.826381862115575,-2.35144451933732,-2.66752308555176,-12.1085346996607,-16.6847509065918,-23.4008554995432,-34.2333287105821,-18.0577845098977,0.977790827302046,0.648340311139114
0.396955808849711,2.31498285263763,2.98415400734257,0.649374059677333,0.473395100579397,3.75875926215024e-05,3.86918116170521e-07,4.68653538019926e-10,9.25483241630993e-15,9.80207784516894e-08,-2.84362847137682,-1.08029587372223,-0.826381862115575,-2.35144451933732,-2.66752308555176,-12.1085346996607,-16.6847509065918,-23.4008554995432,-34.2333287105821,-18.0577845098977,1.91969815416502,1.74982608204289
1.56678566843028,9.13724368131797,11.7784640679318,2.56308119813417,1.86849176295521,0.000148358331374015,1.52716686784027e-06,1.84977680250239e-09,3.65288489809915e-14,3.86888281926192e-07,-2.84362847137682,-1.08029587372223,-0.826381862115575,-2.35144451933732,-2.66752308555176,-12.1085346996607,-16.6847509065918,-23.4008554995432,-34.2333287105821,-18.0577845098977,3.29265464711253,1.38831927467039
1.98870384170736,11.5978030548739,14.9502750843872,3.25329081574003,2.37165607399922,0.000188309600666944,1.93841613323213e-06,2.34790138023359e-09,4.63656668333116e-14,4.91073047246486e-07,-2.84362847137682,-1.08029587372223,-0.826381862115575,-2.35144451933732,-2.66752308555176,-12.1085346996607,-16.6847509065918,-23.4008554995432,-34.2333287105821,-18.0577845098977,3.53111156207644,1.27363744650404
1.65116824426993,9.62934938118479,12.4128183114721,2.70112138955449,1.96912336245874,0.000156348484973744,1.6094156888768e-06,1.9494004679907e-09,3.84961878656787e-14,4.07724973535592e-07,-2.84362847137682,-1.08029587372223,-0.826381862115575,-2.35144451933732,-2.66752308555176,-12.1085346996607,-16.6847509065918,-23.4008554995432,-34.2333287105821,-18.0577845098977,3.34511153558682,1.3805082106446
0.0376304629695546,0.219454847540261,0.282890675398248,0.0615591105138076,0.044876725331071,3.56321404228061e-06,3.66789136679873e-08,4.44272365206439e-11,8.77336017680596e-16,9.29213577819119e-09,-2.84362847137682,-1.08029587372223,-0.826381862115575,-2.35144451933732,-2.66752308555176,-12.1085346996607,-16.6847509065918,-23.4008554995432,-34.2333287105821,-18.0577845098977,-0.436312899871972,1.79428400034409
0.0948772855645806,0.553309170164995,0.71324924742573,0.155208329805708,0.113147209692426,8.98389362072688e-06,9.24781544434296e-08,1.12013918341228e-10,2.21201795877237e-15,2.34281629871411e-08,-2.84362847137682,-1.08029587372223,-0.826381862115575,-2.35144451933732,-2.66752308555176,-12.1085346996607,-16.6847509065918,-23.4008554995432,-34.2333287105821,-18.0577845098977,0.488457518092569,1.34643048952556
0.159500465011925,0.930181227377204,1.19906030149201,0.260924420744351,0.190214469705286,1.51030375879403e-05,1.55467228529967e-07,1.88309266616534e-10,3.71867608711012e-15,3.93856429237808e-08,-2.84362847137682,-1.08029587372223,-0.826381862115575,-2.35144451933732,-2.66752308555176,-12.1085346996607,-16.6847509065918,-23.4008554995432,-34.2333287105821,-18.0577845098977,1.0079200300506,1.48746765050026
0.284398388744296,1.65856596271672,2.13799262419756,0.465243062696927,0.339163203668338,2.6929573871986e-05,2.77206899009092e-07,3.35766118345538e-10,6.63061068415687e-15,7.02268384380197e-08,-2.84362847137682,-1.08029587372223,-0.826381862115575,-2.35144451933732,-2.66752308555176,-12.1085346996607,-16.6847509065918,-23.4008554995432,-34.2333287105821,-18.0577845098977,1.58624922485166,1.35013851866302
0.604288966362859,3.5241167000979,4.54280123974041,0.988547265355265,0.720653104534041,5.72198894358928e-05,5.89008507433809e-07,7.13434986360358e-10,1.40887045611437e-14,1.49217806043191e-07,-2.84362847137682,-1.08029587372223,-0.826381862115575,-2.35144451933732,-2.66752308555176,-12.1085346996607,-16.6847509065918,-23.4008554995432,-34.2333287105821,-18.0577845098977,2.33992569705316,1.36913226292546
0.207591335505168,1.0968343281701,2.07753601704824,0.31526227048052,0.26127826792896,9.84798207134406e-06,2.35023506921635e-07,1.10389400048422e-10,1.20526187276592e-14,7.87667679308942e-08,-2.94805215837735,-1.28344014607466,-0.644685709005146,-2.53021867520778,-2.71803757228603,-12.9041122829499,-16.6394485916794,-24.3028752940777,-33.4253627301159,-17.7326429491279,1.37586829332832,1.59065291729852
0.21233844599458,1.1219162697248,2.1250442282877,0.322471554179535,0.26725306838642,1.00731815425872e-05,2.40397924655647e-07,1.12913737962693e-10,1.23282328935766e-14,8.05679729250811e-08,-2.94805215837735,-1.28344014607466,-0.644685709005146,-2.53021867520778,-2.71803757228603,-12.9041122829499,-16.6394485916794,-24.3028752940777,-33.4253627301159,-17.7326429491279,1.39847832447679,0.799679646408818
0.149122195878798,0.787905444771797,1.49238758990407,0.22646707261354,0.187687934827152,7.07424858499114e-06,1.68827958787411e-07,7.92976725011432e-11,8.65793828236974e-15,5.65817131410968e-08,-2.94805215837735,-1.28344014607466,-0.644685709005146,-2.53021867520778,-2.71803757228603,-12.9041122829499,-16.6394485916794,-24.3028752940777,-33.4253627301159,-17.7326429491279,1.04506295580614,1.07790074175826
0.10482594189475,0.55386074410636,1.04907880320432,0.159195779373823,0.131935855924007,4.97286649213521e-06,1.18678173250898e-07,5.57425617360803e-11,6.08612641443178e-15,3.97743028063693e-08,-2.94805215837735,-1.28344014607466,-0.644685709005146,-2.53021867520778,-2.71803757228603,-12.9041122829499,-16.6394485916794,-24.3028752940777,-33.4253627301159,-17.7326429491279,0.692598157813525,0.665614121465288
0.105224132378365,0.555964632452744,1.05306382054304,0.159800498427451,0.132437025780694,4.9917563592584e-06,1.19128982643565e-07,5.59543047189185e-11,6.10924509647268e-15,3.99253889648492e-08,-2.94805215837735,-1.28344014607466,-0.644685709005146,-2.53021867520778,-2.71803757228603,-12.9041122829499,-16.6394485916794,-24.3028752940777,-33.4253627301159,-17.7326429491279,0.696389548623358,0.710882218115355
0.102303507751424,0.5405331533752,1.02383474486904,0.155365039939408,0.128761073978849,4.85320404977379e-06,1.15822411872897e-07,5.44012244829344e-11,5.93967551887221e-15,3.88172109108679e-08,-2.94805215837735,-1.28344014607466,-0.644685709005146,-2.53021867520778,-2.71803757228603,-12.9041122829499,-16.6394485916794,-24.3028752940777,-33.4253627301159,-17.7326429491279,0.668240840635165,1.89864167092173
0.263303320118778,1.39119544428311,2.63509134243961,0.399870265893823,0.33139839508796,1.24909181278934e-05,2.98097555602867e-07,1.40014974459018e-10,1.52872205354612e-14,9.99056702475594e-08,-2.94805215837735,-1.28344014607466,-0.644685709005146,-2.53021867520778,-2.71803757228603,-12.9041122829499,-16.6394485916794,-24.3028752940777,-33.4253627301159,-17.7326429491279,1.61360355546012,0.378007814403816
0.714314551187532,3.77416869999566,7.14872903525785,1.08480648624687,0.899049414738626,3.3886563118237e-05,8.08707697056405e-07,3.79846078640825e-10,4.14726410239216e-14,2.71033703531661e-07,-2.94805215837735,-1.28344014607466,-0.644685709005146,-2.53021867520778,-2.71803757228603,-12.9041122829499,-16.6394485916794,-24.3028752940777,-33.4253627301159,-17.7326429491279,2.61162029260377,0.455492122129092
0.0439982297592698,0.232470053055181,0.440326214910695,0.0668186934549862,0.055376980139695,2.08724404024743e-06,4.98123788798981e-08,2.33966324967235e-11,2.55450877412571e-15,1.66943304468134e-08,-2.94805215837735,-1.28344014607466,-0.644685709005146,-2.53021867520778,-2.71803757228603,-12.9041122829499,-16.6394485916794,-24.3028752940777,-33.4253627301159,-17.7326429491279,-0.175553720239755,1.94894595229436
0.0786561544919877,0.415589456846647,0.787176369967268,0.119452566707888,0.0989980808091464,3.7313907989126e-06,8.90501774782247e-08,4.18264359798889e-11,4.56672547709575e-15,2.98446515223306e-08,-2.94805215837735,-1.28344014607466,-0.644685709005146,-2.53021867520778,-2.71803757228603,-12.9041122829499,-16.6394485916794,-24.3028752940777,-33.4253627301159,-17.7326429491279,0.405382757484375,0.54937583417146
0.0333296121906475,0.176101101263875,0.333556646725251,0.0506166078073002,0.0419492621054,1.58113257713579e-06,3.77339561033319e-08,1.77234559651482e-11,1.93509573555692e-15,1.26463169681862e-08,-2.94805215837735,-1.28344014607466,-0.644685709005146,-2.53021867520778,-2.71803757228603,-12.9041122829499,-16.6394485916794,-24.3028752940777,-33.4253627301159,-17.7326429491279,-0.453256863796954,1.35655182543527
0.0817166521054286,0.431759972034748,0.817805268839857,0.124100445792367,0.102850079321004,3.87657858121196e-06,9.2515104760887e-08,4.34538955006594e-11,4.74441598986187e-15,3.10059018446734e-08,-2.94805215837735,-1.28344014607466,-0.644685709005146,-2.53021867520778,-2.71803757228603,-12.9041122829499,-16.6394485916794,-24.3028752940777,-33.4253627301159,-17.7326429491279,0.443554680632549,1.09435573200538
0.11593709752735,0.612567900133945,1.16027721118018,0.176069933316094,0.145920560494216,5.49997163934901e-06,1.31257613314575e-07,6.16510636547303e-11,6.7312329268858e-15,4.39902293286749e-08,-2.94805215837735,-1.28344014607466,-0.644685709005146,-2.53021867520778,-2.71803757228603,-12.9041122829499,-16.6394485916794,-24.3028752940777,-33.4253627301159,-17.7326429491279,0.793344660728729,0.554508274772075
0.260412675907784,1.37592237041695,2.60616230527051,0.395480337697197,0.327760177188308,1.23537880675504e-05,2.94824927012289e-07,1.38477836700216e-10,1.51193916014277e-14,9.88088677187635e-08,-2.94805215837735,-1.28344014607466,-0.644685709005146,-2.53021867520778,-2.71803757228603,-12.9041122829499,-16.6394485916794,-24.3028752940777,-33.4253627301159,-17.7326429491279,1.60256446714618,1.16890326869474
0.045275740565453,0.239219938369133,0.453111308785424,0.068758807941656,0.0569848787058264,2.14784822435089e-06,5.12587064400962e-08,2.40759655291295e-11,2.62868022559753e-15,1.71790587566678e-08,-2.94805215837735,-1.28344014607466,-0.644685709005146,-2.53021867520778,-2.71803757228603,-12.9041122829499,-16.6394485916794,-24.3028752940777,-33.4253627301159,-17.7326429491279,-0.146931759918773,0.919757224851141
0.274365815132873,0.882204101801017,3.70690142478691,0.445982484262031,0.138654443620936,1.63588880912652e-05,3.47611918442333e-07,1.63868317572079e-10,1.18942177569036e-14,9.07176193753143e-08,-2.98856449638956,-1.82060336688718,-0.385075192904752,-2.50274712576717,-3.67104198331737,-12.7160107192598,-16.567450681413,-24.2272294773471,-33.7579955407422,-17.9107857638439,1.69527152507881,1.25804246576333
0.0579196963321908,0.18623673526741,0.782541384585558,0.0941486461985911,0.0292704951808383,3.45342523856154e-06,7.33822351296924e-08,3.45932425570049e-11,2.51091587432341e-15,1.91508441518228e-08,-2.98856449638956,-1.82060336688718,-0.385075192904752,-2.50274712576717,-3.67104198331737,-12.7160107192598,-16.567450681413,-24.2272294773471,-33.7579955407422,-17.9107857638439,0.139866722587696,1.21321209981916
0.08253485674356,0.265385063097112,1.11511187320883,0.134160665864577,0.0417100965569267,4.92108860005984e-06,1.04568784843322e-07,4.92949462711666e-11,3.57802431825309e-15,2.72897179833877e-08,-2.98856449638956,-1.82060336688718,-0.385075192904752,-2.50274712576717,-3.67104198331737,-12.7160107192598,-16.567450681413,-24.2272294773471,-33.7579955407422,-17.9107857638439,0.494029927500087,0.472802234972941
0.65645187132301,2.11077510963109,8.86918939202695,1.06706455477812,0.331746755470008,3.91405273833916e-05,8.31701625237607e-07,3.9207385828533e-10,2.84582884375062e-14,2.17052372111494e-07,-2.98856449638956,-1.82060336688718,-0.385075192904752,-2.50274712576717,-3.67104198331737,-12.7160107192598,-16.567450681413,-24.2272294773471,-33.7579955407422,-17.9107857638439,2.56765859745453,0.870800454100755
0.223274245691927,0.877199702017217,1.50466808090961,0.187848494879868,0.120183488940129,2.21103810962553e-05,2.06980786129794e-07,1.770554605978e-10,6.21572219689587e-15,1.80245502825522e-07,-2.56860539724133,-1.20027153757831,-0.660678605810917,-2.74137045478743,-3.18798656498529,-11.7887142623105,-16.4598908040603,-23.5238090311659,-33.7809454099053,-16.5981969461852,1.06925093544219,0.799808829692326
0.165317084642413,0.649497647779639,1.11408881807932,0.1390870918935,0.0889864567772414,1.63710047786215e-05,1.5325305448433e-07,1.31095695678377e-10,4.60225526394023e-15,1.33457671997405e-07,-2.56860539724133,-1.20027153757831,-0.660678605810917,-2.74137045478743,-3.18798656498529,-11.7887142623105,-16.4598908040603,-23.5238090311659,-33.7809454099053,-16.5981969461852,0.768715473113874,0.893849585103334
0.0526188481222079,0.17708680717346,0.403311502724738,0.0569035432871273,0.0441565460216016,9.29733209391035e-06,5.32804367857273e-08,4.11743176204171e-11,2.34511052837743e-15,1.65901785100266e-08,-2.63555264027954,-1.42198697680048,-0.598917802176144,-2.55726941378318,-2.81088584133879,-11.2766548167591,-16.4385683589936,-23.6040781588456,-33.3773156066628,-17.6053267188799,-0.309128253824009,0.6175085841633
0.0444506941801759,0.149597184087522,0.340704460601793,0.0480702655168341,0.0373020161653953,7.85408423685202e-06,4.50095827990768e-08,3.47827264552023e-11,1.98107322063593e-15,1.40148440655903e-08,-2.63555264027954,-1.42198697680048,-0.598917802176144,-2.55726941378318,-2.81088584133879,-11.2766548167591,-16.4385683589936,-23.6040781588456,-33.3773156066628,-17.6053267188799,-0.477822059762808,0.941342869050603
0.15437797743658,0.519553431854816,1.18327208385382,0.16694880703658,0.129550503453972,2.72773611630679e-05,1.56319006619353e-07,1.20800969679315e-10,6.8802992303311e-15,4.86737793602285e-08,-2.63555264027954,-1.42198697680048,-0.598917802176144,-2.55726941378318,-2.81088584133879,-11.2766548167591,-16.4385683589936,-23.6040781588456,-33.3773156066628,-17.6053267188799,0.767201355532226,0.53018137312718
0.356787552259901,1.2007554464552,2.73469543691303,0.385840371822217,0.299408035970474,6.30415236880427e-05,3.61273522749255e-07,2.79186727266274e-10,1.59012649470289e-14,1.12491424525293e-07,-2.63555264027954,-1.42198697680048,-0.598917802176144,-2.55726941378318,-2.81088584133879,-11.2766548167591,-16.4385683589936,-23.6040781588456,-33.3773156066628,-17.6053267188799,1.60493787423073,1.20200820510771
0.414654133262087,1.39550330653609,3.17822961856845,0.448418965129473,0.347968360613105,7.32660884574378e-05,4.1986767334587e-07,3.24467402743205e-10,1.84802558066209e-14,1.30736158928477e-07,-2.63555264027954,-1.42198697680048,-0.598917802176144,-2.55726941378318,-2.81088584133879,-11.2766548167591,-16.4385683589936,-23.6040781588456,-33.3773156066628,-17.6053267188799,1.75524212021942,0.653621327480887
0.9350339322194,3.14682247074305,7.16682241743842,1.01117272110188,0.784659306184611,0.000165213061424839,9.4679032506414e-07,7.31665277462059e-10,4.16724804341051e-14,2.94806526597167e-07,-2.63555264027954,-1.42198697680048,-0.598917802176144,-2.55726941378318,-2.81088584133879,-11.2766548167591,-16.4385683589936,-23.6040781588456,-33.3773156066628,-17.6053267188799,2.56838018107133,1.28184201980045
0.250779730278318,0.843990002131301,1.9221695928529,0.271200449015598,0.210448671844752,4.43107844056877e-05,2.53932840475775e-07,1.96235467626742e-10,1.11767210185493e-14,7.90682548266897e-08,-2.63555264027954,-1.42198697680048,-0.598917802176144,-2.55726941378318,-2.81088584133879,-11.2766548167591,-16.4385683589936,-23.6040781588456,-33.3773156066628,-17.6053267188799,1.25237234652814,1.58296007561235
0.266077136897937,0.895472864128031,2.03942073520442,0.287743506699769,0.223285909137396,4.70137145266182e-05,2.69422584844356e-07,2.0820570835611e-10,1.1858494006761e-14,8.3891368893545e-08,-2.63555264027954,-1.42198697680048,-0.598917802176144,-2.55726941378318,-2.81088584133879,-11.2766548167591,-16.4385683589936,-23.6040781588456,-33.3773156066628,-17.6053267188799,1.31158361637872,0.531058528173479
0.0664988131780325,0.223799321474544,0.509698277886182,0.0719137386936015,0.0558042984456436,1.17498115605106e-05,6.73349177775462e-08,5.20354084683488e-11,2.96371115054092e-15,2.09663879141979e-08,-2.63555264027954,-1.42198697680048,-0.598917802176144,-2.55726941378318,-2.81088584133879,-11.2766548167591,-16.4385683589936,-23.6040781588456,-33.3773156066628,-17.6053267188799,-0.0750185381469261,0.999195074765395
0.117866482773484,0.396675333117233,0.903419781783291,0.127464221357055,0.0989108837750299,2.08260703567879e-05,1.19348444686271e-07,9.22306772517243e-11,5.25305930401491e-15,3.71620827772507e-08,-2.63555264027954,-1.42198697680048,-0.598917802176144,-2.55726941378318,-2.81088584133879,-11.2766548167591,-16.4385683589936,-23.6040781588456,-33.3773156066628,-17.6053267188799,0.497349843211846,2.23161869636782
0.588566380389871,1.34411781186671,5.20415702498249,0.284610944491788,0.157786215080292,0.000104886512054286,3.32379615891475e-07,2.73606285743051e-10,2.48278178728286e-14,2.16365973398011e-07,-2.55549219035263,-1.7296887317163,-0.375968893518113,-3.28205876598178,-3.8719408589063,-11.1880582575256,-16.9424147274929,-24.0447575838515,-33.3522383095561,-17.3717211693327,2.02542662761447,2.45064861257332
0.352104452884686,0.804106185009057,3.11333933275913,0.170265893931782,0.0943941597493047,6.27473963385304e-05,1.988430646106e-07,1.63682457505563e-10,1.48530149184569e-14,1.29438964277411e-07,-2.55549219035263,-1.7296887317163,-0.375968893518113,-3.28205876598178,-3.8719408589063,-11.1880582575256,-16.9424147274929,-24.0447575838515,-33.3522383095561,-17.3717211693327,1.51166478409932,0.718750398118577
0.0281247747895926,0.0642289672141825,0.248681795586684,0.0136001969925337,0.00753984921988893,5.01202519933035e-06,1.588283353087e-08,1.30743369379048e-11,1.18640277368168e-15,1.0339095940069e-08,-2.55549219035263,-1.7296887317163,-0.375968893518113,-3.28205876598178,-3.8719408589063,-11.1880582575256,-16.9424147274929,-24.0447575838515,-33.3522383095561,-17.3717211693327,-1.01561223561813,0.480684940501652
0.274217656663709,0.626234948054439,2.42465725506675,0.132602453792357,0.0735138254490388,4.8867442160227e-05,1.54858249518379e-07,1.27475297646498e-10,1.15674735492887e-14,1.0080659069868e-07,-2.55549219035263,-1.7296887317163,-0.375968893518113,-3.28205876598178,-3.8719408589063,-11.1880582575256,-16.9424147274929,-24.0447575838515,-33.3522383095561,-17.3717211693327,1.26165906980158,0.428023799767987
0.204478901455219,0.466971513756593,1.80802089097237,0.0988791327721826,0.0548178642195346,3.64395240314666e-05,1.15474857192108e-07,9.5055909756385e-11,8.62564545532371e-15,7.51695612029489e-08,-2.55549219035263,-1.7296887317163,-0.375968893518113,-3.28205876598178,-3.8719408589063,-11.1880582575256,-16.9424147274929,-24.0447575838515,-33.3522383095561,-17.3717211693327,0.968201710162698,0.540760582791549
0.113587835963176,1.35520040045685,1.16049757684207,0.192714961012638,0.0776452226390006,4.72360803298931e-05,1.20606617261127e-07,6.58560635182312e-11,9.13506362304264e-15,1.15619554646875e-07,-3.23978388737686,-0.760655690747486,-0.915756172458655,-2.71114809885276,-3.6202102867282,-11.0249575747788,-16.9953367158229,-24.5081546423752,-33.3912612715089,-17.0375657683284,1.06460503115959,0.580888378333358
0.104575191739915,1.24767181733905,1.06841771905321,0.177423962946,0.0714844505691107,4.34881263090708e-05,1.11037066761918e-07,6.06307040825016e-11,8.41024060222177e-15,1.06445703393806e-07,-3.23978388737686,-0.760655690747486,-0.915756172458655,-2.71114809885276,-3.6202102867282,-11.0249575747788,-16.9953367158229,-24.5081546423752,-33.3912612715089,-17.0375657683284,0.981934959237108,0.840982098896321
0.0361852755492151,0.431721403080836,0.369695612528798,0.0613925241868266,0.0247351642228949,1.50478312057654e-05,3.84212239069988e-08,2.09795334578464e-11,2.91012494037278e-15,3.68325129913651e-08,-3.23978388737686,-0.760655690747486,-0.915756172458655,-2.71114809885276,-3.6202102867282,-11.0249575747788,-16.9953367158229,-24.5081546423752,-33.3912612715089,-17.0375657683284,-0.079319108304014,0.622381729168962
0.0283614742308371,0.338376736463556,0.289761855584832,0.0481185362350651,0.019387049346882,1.17942635642458e-05,3.01139768929907e-08,1.6443442491696e-11,2.2809121183185e-15,2.8868769194276e-08,-3.23978388737686,-0.760655690747486,-0.915756172458655,-2.71114809885276,-3.6202102867282,-11.0249575747788,-16.9953367158229,-24.5081546423752,-33.3912612715089,-17.0375657683284,-0.322939708540744,0.961068961382212
0.0836420533254693,0.997921504539072,0.854549251539317,0.141908461491074,0.0571751877951497,3.47829740423959e-05,8.88104349098617e-08,4.84940691922606e-11,6.72673682187055e-15,8.5138138896986e-08,-3.23978388737686,-0.760655690747486,-0.915756172458655,-2.71114809885276,-3.6202102867282,-11.0249575747788,-16.9953367158229,-24.5081546423752,-33.3912612715089,-17.0375657683284,0.758575032217061,2.26041631703639
0.104647577917803,0.415382972278856,1.53890950915138,0.164167199010693,0.091298567873111,5.73523900370006e-05,9.37404949271274e-08,3.61578416985705e-11,4.12979785538274e-15,2.48455616723744e-07,-3.09633489518658,-1.71773227975457,-0.408103865574555,-2.64604778456909,-3.23279809768091,-10.6054739609105,-17.0219134849104,-24.8823051899559,-33.959725854794,-16.0471795323253,0.839177920230459,2.90025529407987
0.0480237286282052,0.190623037192181,0.706219619424917,0.0753378259851808,0.0418977460818627,2.6319535245042e-05,4.30183686944957e-08,1.65931635692291e-11,1.89520192862967e-15,1.14018550176732e-07,-3.09633489518658,-1.71773227975457,-0.408103865574555,-2.64604778456909,-3.23279809768091,-10.6054739609105,-17.0219134849104,-24.8823051899559,-33.959725854794,-16.0471795323253,0.0602748513843411,1.38344782103149
0.100814014516012,0.400166213401685,1.48253450945875,0.158153248392589,0.0879540198635129,5.52513951757172e-05,9.03064916012156e-08,3.48332684845373e-11,3.97851062800301e-15,2.39353921508308e-07,-3.09633489518658,-1.71773227975457,-0.408103865574555,-2.64604778456909,-3.23279809768091,-10.6054739609105,-17.0219134849104,-24.8823051899559,-33.959725854794,-16.0471795323253,0.801856995074486,1.2590443756432
0.288532122631935,1.14528528114544,4.24304925205896,0.452638382460224,0.251726510119285,0.000158130815491863,2.5845934054142e-07,9.96936481728468e-11,1.13865926470877e-14,6.85036652539025e-07,-3.09633489518658,-1.71773227975457,-0.408103865574555,-2.64604778456909,-3.23279809768091,-10.6054739609105,-17.0219134849104,-24.8823051899559,-33.959725854794,-16.0471795323253,1.85338603956592,0.521286107114466
0.138494298700723,1.29279627047679,2.04150419647287,0.216980698358467,0.556375037781409,6.09558708193319e-05,1.71656492403487e-07,6.48276125973994e-11,6.22675999860781e-15,5.20800269608035e-07,-3.42295344556627,-1.18921980280959,-0.732340439390058,-2.97397420380311,-2.03234001048827,-11.1513877115319,-17.0237978210082,-24.9053168097521,-34.1559475885692,-15.9139265551202,1.44602732674852,2.02563960190596
0.210248786913015,3.67345090276564,3.87759762499816,0.758608548776312,0.997195328443688,7.42999677080225e-05,4.74362138649424e-07,1.86083660214315e-10,1.70290438306015e-14,1.35312624768354e-06,-3.8125620546717,-0.951966784048007,-0.897882511733916,-2.52936768543201,-2.25590691680712,-11.7604983456468,-16.8143931061556,-24.6579230620303,-33.9569543527796,-15.7661912084704,2.25309830479002,1.45849353778668
0.0682494876357031,1.19244988591725,1.25871856408396,0.246254190239243,0.323702558470198,2.41187347707257e-05,1.53984112783461e-07,6.04051735730471e-11,5.52784885672288e-15,4.39242358858559e-07,-3.8125620546717,-0.951966784048007,-0.897882511733916,-2.52936768543201,-2.25590691680712,-11.7604983456468,-16.8143931061556,-24.6579230620303,-33.9569543527796,-15.7661912084704,1.12797670255727,1.17408247974176
0.0450689576756902,0.787441419716567,0.831202338003031,0.16261542850833,0.213758922046092,1.59269508714142e-05,1.01684330566843e-07,3.98889179313373e-11,3.65034808013601e-15,2.90056320809811e-07,-3.8125620546717,-0.951966784048007,-0.897882511733916,-2.52936768543201,-2.25590691680712,-11.7604983456468,-16.8143931061556,-24.6579230620303,-33.9569543527796,-15.7661912084704,0.713000485337257,0.425651610800444
0.0167746305824892,0.293085076787145,0.30937285613825,0.0605253345300189,0.0795609025803677,5.92799858154997e-06,3.78468278223918e-08,1.48466238657729e-11,1.35865668299689e-15,1.0795873436241e-07,-3.8125620546717,-0.951966784048007,-0.897882511733916,-2.52936768543201,-2.25590691680712,-11.7604983456468,-16.8143931061556,-24.6579230620303,-33.9569543527796,-15.7661912084704,-0.275325563603419,2.29259554039389
0.0206555160392823,0.360891613957248,0.380947643565569,0.0745281400994176,0.097967671554213,7.2994674416179e-06,4.66028599126005e-08,1.82814563862161e-11,1.67298795460901e-15,1.32935468130737e-07,-3.8125620546717,-0.951966784048007,-0.897882511733916,-2.52936768543201,-2.25590691680712,-11.7604983456468,-16.8143931061556,-24.6579230620303,-33.9569543527796,-15.7661912084704,-0.0672108200273765,2.26919090466712
0.0260819906293481,1.11118937066857,1.51070798060997,0.17618903325899,0.216576027262872,8.05624104360662e-06,7.75903378920986e-08,2.75382538301194e-11,4.24254338823581e-15,1.73551195710621e-07,-4.75861530371492,-1.00667413991164,-0.699526684414032,-2.84830289440876,-2.64191871468803,-12.8411685686827,-17.4839280159001,-25.4275501161904,-34.2057185364832,-16.6788982916348,1.11210508669084,4.08898557426045
0.0137739138694779,0.586819729436073,0.797805731263495,0.0930455272123746,0.114373921381439,4.25450541039336e-06,4.09755009277129e-08,1.4542967281994e-11,2.24048954113682e-15,9.16524837246578e-08,-4.75861530371492,-1.00667413991164,-0.699526684414032,-2.84830289440876,-2.64191871468803,-12.8411685686827,-17.4839280159001,-25.4275501161904,-34.2057185364832,-16.6788982916348,0.473636528712312,1.19109653554029
0.0291602931796368,1.24233645687808,1.68900787709948,0.196983579124817,0.242137210323206,9.00707135800637e-06,8.67478649537887e-08,3.07884304826778e-11,4.74326560370279e-15,1.94034413266896e-07,-4.75861530371492,-1.00667413991164,-0.699526684414032,-2.84830289440876,-2.64191871468803,-12.8411685686827,-17.4839280159001,-25.4275501161904,-34.2057185364832,-16.6788982916348,1.22366798599406,3.57726092984605
0.0103180331119048,0.439586413594286,0.597635939214432,0.0697003654726865,0.0856774566136308,3.18704822138404e-06,3.06947305867719e-08,1.08941307011853e-11,1.67834977707772e-15,6.8656837179364e-08,-4.75861530371492,-1.00667413991164,-0.699526684414032,-2.84830289440876,-2.64191871468803,-12.8411685686827,-17.4839280159001,-25.4275501161904,-34.2057185364832,-16.6788982916348,0.184753176689922,4.29161721349074
0.0473242546548314,2.01618846868574,2.74109174408745,0.31968475090068,0.392964601972791,1.46175806949085e-05,1.40783154220919e-07,4.99665595132731e-11,7.69784816436232e-15,3.14898548127621e-07,-4.75861530371492,-1.00667413991164,-0.699526684414032,-2.84830289440876,-2.64191871468803,-12.8411685686827,-17.4839280159001,-25.4275501161904,-34.2057185364832,-16.6788982916348,1.70788297220243,4.69874043146116
0.0844264363866709,1.939353100024,2.2396884043736,0.264361150234651,0.519101511808319,1.50811129479304e-05,1.10896589318105e-07,6.89357027661551e-11,6.38879580734397e-15,4.73929767311835e-07,-4.09065806023789,-0.956428897271098,-0.81244661014188,-2.94922247851556,-2.27443918493132,-12.7208507563371,-17.6334510587762,-25.016630250879,-34.3030139549775,-16.1809900576003,1.61878336114245,1.63313000998254
0.0127955451501028,0.48557080359447,0.867753658541194,0.160466227330232,0.063482313171221,5.15987855524001e-06,1.58120478431758e-08,1.96380875252694e-11,1.61488306774539e-15,1.45871706239726e-07,-4.82243867765879,-1.1862106393137,-0.605627882001312,-2.29345225404801,-3.22077441849333,-12.6383779884297,-18.4262741396412,-25.1173306681331,-34.5232943186059,-16.2043187998038,0.463780473875715,1.86077514569301
0.0677430018520641,2.57074032105183,4.59411748449181,0.849550668432312,0.336092163974491,2.73177624261865e-05,8.37131653055503e-08,1.03969231790381e-10,8.54961827462772e-15,7.7228341192498e-07,-4.82243867765879,-1.1862106393137,-0.605627882001312,-2.29345225404801,-3.22077441849333,-12.6383779884297,-18.4262741396412,-25.1173306681331,-34.5232943186059,-16.2043187998038,2.13040455940483,0.986096142521985
0.0193602161422583,0.734689737692299,1.31294901393537,0.242792378769504,0.0960514999390625,7.80712059747197e-06,2.39243158696645e-08,2.97132802588522e-11,2.44338829407145e-15,2.20710233812775e-07,-4.82243867765879,-1.1862106393137,-0.605627882001312,-2.29345225404801,-3.22077441849333,-12.6383779884297,-18.4262741396412,-25.1173306681331,-34.5232943186059,-16.2043187998038,0.877903644835607,0.561824799774891
0.0752853839449527,2.85696185291295,5.10561813401022,0.944138088142148,0.373512051635465,3.03592721985317e-05,9.3033636227675e-08,1.15544976157004e-10,9.50151715735523e-15,8.58268036424763e-07,-4.82243867765879,-1.1862106393137,-0.605627882001312,-2.29345225404801,-3.22077441849333,-12.6383779884297,-18.4262741396412,-25.1173306681331,-34.5232943186059,-16.2043187998038,2.23596941032512,0.215221305428553
0.0623321743149818,2.36540793040562,4.2271721659486,0.781694623893002,0.309247520452463,2.51358145179749e-05,7.70267550835654e-08,9.5664911535882e-11,7.86673578157082e-15,7.10598924414361e-07,-4.82243867765879,-1.1862106393137,-0.605627882001312,-2.29345225404801,-3.22077441849333,-12.6383779884297,-18.4262741396412,-25.1173306681331,-34.5232943186059,-16.2043187998038,2.04716113281297,0.541476321314969
0.0827021332766297,3.13841581917965,5.60859876449895,1.03714997394669,0.41030863968722,3.33501198237932e-05,1.02198856927348e-07,1.26927904419915e-10,1.04375603483982e-14,9.42820422983721e-07,-4.82243867765879,-1.1862106393137,-0.605627882001312,-2.29345225404801,-3.22077441849333,-12.6383779884297,-18.4262741396412,-25.1173306681331,-34.5232943186059,-16.2043187998038,2.32992879573793,1.15511297547405
0.0933650480367064,3.5430566553435,6.33172413236928,1.17087133429683,0.463210371202097,3.76500026784467e-05,1.15375514612205e-07,1.43292916686015e-10,1.17832912490251e-14,1.06437972751469e-06,-4.82243867765879,-1.1862106393137,-0.605627882001312,-2.29345225404801,-3.22077441849333,-12.6383779884297,-18.4262741396412,-25.1173306681331,-34.5232943186059,-16.2043187998038,2.451200455852,2.58959853287658
0.0766840710235402,2.91003982659518,5.20047269591913,0.96167872717578,0.380451333245574,3.09233009583565e-05,9.47620586391329e-08,1.17691624771623e-10,9.67804078755526e-15,8.74213341470824e-07,-4.82243867765879,-1.1862106393137,-0.605627882001312,-2.29345225404801,-3.22077441849333,-12.6383779884297,-18.4262741396412,-25.1173306681331,-34.5232943186059,-16.2043187998038,2.25437740651863,1.01690157123462
0.071807768939558,2.72499183577397,4.86977721371112,0.90052605336939,0.356258621455538,2.89569035710745e-05,8.87361862792448e-08,1.10207672661609e-10,9.06261896876928e-15,8.18622548207506e-07,-4.82243867765879,-1.1862106393137,-0.605627882001312,-2.29345225404801,-3.22077441849333,-12.6383779884297,-18.4262741396412,-25.1173306681331,-34.5232943186059,-16.2043187998038,2.18867607137817,0.988828487027011
0.0839460660703463,3.18562111126974,5.69295837716605,1.05274987220179,0.416480141584819,3.38517430114857e-05,1.03736042300633e-07,1.28837042388794e-10,1.05945529565615e-14,9.57001499048741e-07,-4.82243867765879,-1.1862106393137,-0.605627882001312,-2.29345225404801,-3.22077441849333,-12.6383779884297,-18.4262741396412,-25.1173306681331,-34.5232943186059,-16.2043187998038,2.34485792071326,1.06883802900515
0.131176653240584,4.97794757313267,8.89598836387149,1.64505868350232,0.650804423264807,5.28977540279954e-05,1.62101066630299e-07,2.01324645991329e-10,1.65553678031472e-14,1.49543938945557e-06,-4.82243867765879,-1.1862106393137,-0.605627882001312,-2.29345225404801,-3.22077441849333,-12.6383779884297,-18.4262741396412,-25.1173306681331,-34.5232943186059,-16.2043187998038,2.79122831149064,0.556067804468644
0.0377287026315653,1.43174489562399,2.55864203959225,0.473147685567961,0.187182748988359,1.52143204015092e-05,4.6623105469365e-08,5.79044937751316e-11,4.76161369703161e-15,4.30114556473857e-07,-4.82243867765879,-1.1862106393137,-0.605627882001312,-2.29345225404801,-3.22077441849333,-12.6383779884297,-18.4262741396412,-25.1173306681331,-34.5232943186059,-16.2043187998038,1.54510454646839,0.845021653295506
0.0109902248097131,0.227844641528112,0.85248879333104,0.0774237779383761,0.071696612452071,4.34749351105018e-06,2.14791476549065e-08,1.33369158285745e-11,1.60948414846007e-15,7.74038762893189e-08,-4.72622205984042,-1.694564283998,-0.375068220471074,-2.77393434196664,-2.85078478353585,-12.561384088197,-17.8716562538708,-25.255958304337,-34.2783356768455,-16.5897019812549,0.215473004907465,0.715215584792359
0.399250135010109,8.27708308669288,30.9689994267649,2.8126316185607,2.60457658481729,0.000157934655686781,7.8028909777573e-07,4.8450013874792e-10,5.84689371414311e-14,2.81190863643699e-06,-4.72622205984042,-1.694564283998,-0.375068220471074,-2.77393434196664,-2.85078478353585,-12.561384088197,-17.8716562538708,-25.255958304337,-34.2783356768455,-16.5897019812549,3.80805490611267,0.451823582528242
0.0578212834149229,1.19872612439421,4.48507623644565,0.407338547185347,0.377207038096002,2.28728400737357e-05,1.13005139164005e-07,7.01675901409616e-11,8.46774663041349e-15,4.07233841511852e-07,-4.72622205984042,-1.694564283998,-0.375068220471074,-2.77393434196664,-2.85078478353585,-12.561384088197,-17.8716562538708,-25.255958304337,-34.2783356768455,-16.5897019812549,1.87582371393004,0.678834768697195
0.00944675517105154,0.156553961063454,0.352135908455636,0.0385325620585857,0.0490200017980077,1.13364896982358e-06,8.3472809791345e-09,4.71433547815992e-12,9.64850291658545e-16,2.84599689293864e-08,-4.16069758235358,-1.35296814707405,-0.542351692105755,-2.754865245163,-2.51414048197317,-13.1886825687695,-18.0999436001245,-25.5790267653698,-34.0731723405367,-16.8733809537846,-0.501386382229938,0.298188688067581
0.200766598672959,2.787905897762,8.69873145347206,0.7389063699442,0.781476361407802,2.29402514117149e-05,2.87712348949883e-07,5.50957796376602e-11,1.08537172272456e-14,1.54405941270892e-06,-4.18642067760041,-1.55551769159696,-0.417631226245986,-2.8833924957067,-2.8273788086263,-13.2634259181184,-17.6421130756299,-26.2027564286305,-34.7350772033388,-15.9619040586977,2.58080843132948,0.444373200252635
0.146544805185492,2.03496562358231,6.34943219955877,0.539347136174683,0.570420089280512,1.67446910803733e-05,2.10008788339352e-07,4.0215854364779e-11,7.9224128272257e-15,1.12704945606439e-06,-4.18642067760041,-1.55551769159696,-0.417631226245986,-2.8833924957067,-2.8273788086263,-13.2634259181184,-17.6421130756299,-26.2027564286305,-34.7350772033388,-15.9619040586977,2.26599661776029,0.390681162914976
0.11102277993565,1.5416960042877,4.81034870472319,0.408610993290761,0.432151954911697,1.26858277272511e-05,1.59103282186223e-07,3.04676507871672e-11,6.00204350309873e-15,8.53856017474294e-07,-4.18642067760041,-1.55551769159696,-0.417631226245986,-2.8833924957067,-2.8273788086263,-13.2634259181184,-17.6421130756299,-26.2027564286305,-34.7350772033388,-15.9619040586977,1.98840080352041,0.479182598784019
0.000588261058984399,0.00816877153175191,0.0254879298173297,0.00216505059380796,0.00228978383342481,6.7216642001324e-08,8.43018570792488e-10,1.61434730126683e-13,3.180219833488e-17,4.52420886371932e-09,-4.18642067760041,-1.55551769159696,-0.417631226245986,-2.8833924957067,-2.8273788086263,-13.2634259181184,-17.6421130756299,-26.2027564286305,-34.7350772033388,-15.9619040586977,-3.25191905312962,0.753792463624617
0.00584368628771354,0.0811472006492774,0.253192802244768,0.0215072479709679,0.0227463269663199,6.67718801321685e-07,8.37440450491995e-09,1.60366542097945e-12,3.15917682277884e-16,4.49427289056198e-08,-4.18642067760041,-1.55551769159696,-0.417631226245986,-2.8833924957067,-2.8273788086263,-13.2634259181184,-17.6421130756299,-26.2027564286305,-34.7350772033388,-15.9619040586977,-0.955972790023553,2.18014085365952
0.0255731729374013,0.355116837800329,1.10802377121516,0.0941201400433726,0.0995426045411438,2.92207478961622e-06,3.66481162930232e-08,7.0179696727841e-12,1.38252074548587e-15,1.96678624073069e-07,-4.18642067760041,-1.55551769159696,-0.417631226245986,-2.8833924957067,-2.8273788086263,-13.2634259181184,-17.6421130756299,-26.2027564286305,-34.7350772033388,-15.9619040586977,0.520209268506252,1.51079143347648
0.0189207829237138,0.262739731867566,0.819791791217882,0.0696365188187384,0.0736484290312496,2.16195084264751e-06,2.71147837087194e-08,5.19237409722253e-12,1.02288343245089e-15,1.45516301826543e-07,-4.18642067760041,-1.55551769159696,-0.417631226245986,-2.8833924957067,-2.8273788086263,-13.2634259181184,-17.6421130756299,-26.2027564286305,-34.7350772033388,-15.9619040586977,0.218926342131823,1.25726607327007
0.0125481475670083,0.174247383973648,0.543680904320893,0.0461825135732156,0.0488431879002321,1.43379258223814e-06,1.79823587954223e-08,3.44355075885364e-12,6.78370039231041e-16,9.65055217898123e-08,-4.18642067760041,-1.55551769159696,-0.417631226245986,-2.8833924957067,-2.8273788086263,-13.2634259181184,-17.6421130756299,-26.2027564286305,-34.7350772033388,-15.9619040586977,-0.191761550920953,2.38661011556297
0.0330756929063311,0.382942336462885,1.2923451877733,0.190335413369832,0.151890446990569,4.00278367134452e-06,5.1484541853075e-08,1.1186600412541e-11,5.14021433409724e-15,1.69174968205649e-07,-4.12708578603058,-1.67800002505353,-0.461670623503808,-2.377096596045,-2.60272492785837,-13.1466496874257,-17.5001133989049,-25.9344336119918,-33.6198107834512,-16.3104615091447,0.718129166378961,0.64918972079402
0.030501956470283,0.353144241316365,1.19178324619453,0.175524742892043,0.140071315073534,3.6913129423795e-06,4.74783478895574e-08,1.03161315410708e-11,4.74023610965828e-15,1.56010866671291e-07,-4.12708578603058,-1.67800002505353,-0.461670623503809,-2.377096596045,-2.60272492785837,-13.1466496874257,-17.5001133989049,-25.9344336119918,-33.6198107834512,-16.3104615091447,0.63712133517116,1.97218996490697
0.0349138668203046,0.404224267439679,1.36416696997274,0.200913259546861,0.160331723133461,4.22523743969887e-06,5.43457832509562e-08,1.18082931197085e-11,5.42588054607741e-15,1.7857682758116e-07,-4.12708578603058,-1.67800002505353,-0.461670623503809,-2.377096596045,-2.60272492785837,-13.1466496874257,-17.5001133989049,-25.9344336119918,-33.6198107834512,-16.3104615091447,0.772214587436814,1.74100903276866
0.0451526057094985,0.522765898714493,1.7642186021423,0.259832496836292,0.207350137257197,5.46431826430588e-06,7.02830693527542e-08,1.52711587656715e-11,7.01705847091656e-15,2.30945747892237e-07,-4.12708578603058,-1.67800002505353,-0.461670623503809,-2.377096596045,-2.60272492785837,-13.1466496874257,-17.5001133989049,-25.9344336119918,-33.6198107834512,-16.3104615091447,1.0293784975274,0.628864212055039
0.0286036631402686,0.331166262347148,1.11761245687883,0.164600937102435,0.131353958093844,3.46158358897419e-06,4.45235265748441e-08,9.67410571839792e-12,4.44522688300674e-15,1.46301509571513e-07,-4.12708578603058,-1.67800002505353,-0.461670623503809,-2.377096596045,-2.60272492785837,-13.1466496874257,-17.5001133989049,-25.9344336119918,-33.6198107834512,-16.3104615091447,0.572865298500045,1.74685108050213
0.290927685130776,3.36829005521432,11.3672295523344,1.67415513763872,1.33600031484108,3.52077457872584e-05,4.52848520021984e-07,9.83952708631112e-11,4.52123757930014e-14,1.48803177068805e-06,-4.12708578603058,-1.67800002505353,-0.461670623503809,-2.377096596045,-2.60272492785837,-13.1466496874257,-17.5001133989049,-25.9344336119918,-33.6198107834512,-16.3104615091447,2.89240523863229,1.10404654783134
0.0820642302105116,0.950119719210057,3.2064426677687,0.472241933804053,0.376855978313478,9.93132212281537e-06,1.2773849687378e-07,2.77551177575495e-11,1.2753405760518e-14,4.19740671072288e-07,-4.12708578603058,-1.67800002505353,-0.461670623503809,-2.377096596045,-2.60272492785837,-13.1466496874257,-17.5001133989049,-25.9344336119918,-33.6198107834512,-16.3104615091447,1.62683274294722,1.32016379287625
0.0292383185834185,0.338514148873275,1.14240993913179,0.168253087533915,0.134268427617371,3.53838888680922e-06,4.55114104815447e-08,9.88875388502193e-12,4.54385716764899e-15,1.49547633990448e-07,-4.12708578603058,-1.67800002505353,-0.461670623503809,-2.377096596045,-2.60272492785837,-13.1466496874257,-17.5001133989049,-25.9344336119918,-33.6198107834512,-16.3104615091447,0.594810636289548,1.34201311876251
0.0627170124129976,0.726122332113197,2.45050132171052,0.360907586025624,0.288009538494048,7.58994328291775e-06,9.76232503917927e-08,2.1211654096543e-11,9.74670091145204e-15,3.20783864179946e-07,-4.12708578603058,-1.67800002505353,-0.461670623503809,-2.377096596045,-2.60272492785837,-13.1466496874257,-17.5001133989049,-25.9344336119918,-33.6198107834512,-16.3104615091447,1.35796324823473,1.15438313764801
0.0363604150829852,0.420972051774416,1.42068701602139,0.209237480064823,0.166974573000106,4.40029710608492e-06,5.65974329679668e-08,1.22975332828062e-11,5.65068515216235e-15,1.85975607012326e-07,-4.12708578603058,-1.67800002505353,-0.461670623503809,-2.377096596045,-2.60272492785837,-13.1466496874257,-17.5001133989049,-25.9344336119918,-33.6198107834512,-16.3104615091447,0.812811192216246,0.800106471176951
0.0380524644209113,0.440562187911877,1.48679936703204,0.218974446455471,0.174744814760286,4.60506704031246e-06,5.92312216297078e-08,1.28698048864665e-11,5.91364249323569e-15,1.94630070994583e-07,-4.12708578603058,-1.67800002505353,-0.461670623503809,-2.377096596045,-2.60272492785837,-13.1466496874257,-17.5001133989049,-25.9344336119918,-33.6198107834512,-16.3104615091447,0.858296357219659,1.50496203002945
0.0588621910812989,0.681492147294752,2.29988437736245,0.338724860671583,0.270307398835216,7.1234370807296e-06,9.16229615769819e-08,1.99079067790923e-11,9.14763234709285e-15,3.01067292313246e-07,-4.12708578603058,-1.67800002505353,-0.461670623503809,-2.377096596045,-2.60272492785837,-13.1466496874257,-17.5001133989049,-25.9344336119918,-33.6198107834512,-16.3104615091447,1.29452947446332,0.735420992494495
0.0831587777884313,0.962792125138041,3.24920921839303,0.478540552136442,0.381882367974716,1.00637830567349e-05,1.29442233836908e-07,2.81253070207459e-11,1.29235067819935e-14,4.25339043636047e-07,-4.12708578603058,-1.67800002505353,-0.461670623503809,-2.377096596045,-2.60272492785837,-13.1466496874257,-17.5001133989049,-25.9344336119918,-33.6198107834512,-16.3104615091447,1.64008227282144,0.977960356798672
0.223916683069139,2.59245295420863,8.74895194625444,1.28853761440651,1.02827188462337,2.70981486395169e-05,3.48541385776023e-07,7.57313373990292e-11,3.47983562193247e-14,1.14528508431293e-06,-4.12708578603058,-1.67800002505353,-0.461670623503809,-2.377096596045,-2.60272492785837,-13.1466496874257,-17.5001133989049,-25.9344336119918,-33.6198107834512,-16.3104615091447,2.6306045391285,0.707179754217947
0.0380787092751932,0.440866044458354,1.48782481527378,0.219125473531539,0.17486533657851,4.60824316346955e-06,5.92720735115576e-08,1.28786812144265e-11,5.9177211432751e-15,1.94764307710388e-07,-4.12708578603058,-1.67800002505353,-0.461670623503809,-2.377096596045,-2.60272492785837,-13.1466496874257,-17.5001133989049,-25.9344336119918,-33.6198107834512,-16.3104615091447,0.858985821312944,1.21074503004835
0.0842421365591484,1.07306909636275,3.74500214704108,0.367367995576252,0.14877112702474,7.93728715815259e-06,1.5762543764762e-07,2.15707434247279e-11,1.4314527905437e-14,7.69971266496739e-07,-4.16387194332428,-1.61928903754205,-0.369389704331431,-2.69120311517551,-3.59515810883249,-13.4337509034351,-17.3528561607629,-26.2494950850501,-33.567313330526,-15.7667245336421,1.68981189460915,0.816041561808414
0.0550292223255055,1.27459148837143,2.27536202010164,0.221093000948911,0.166724451687417,4.84109692168781e-06,2.73424425440366e-07,1.4784711738815e-11,3.98114260896224e-15,9.06125399407027e-07,-4.28438521283136,-1.14186856699942,-0.562355123534912,-2.89366614020346,-3.17590711218666,-13.6228635191946,-16.4967348700631,-26.3219217526746,-34.5417018221302,-15.2985824235327,1.38449429299304,1.45120696762015
0.0341809355174462,0.791701711090995,1.41332185339448,0.137330045554555,0.10355948151693,3.00700636354847e-06,1.69835266789518e-07,9.18339851505115e-12,2.4728530233949e-15,5.62832119717172e-07,-4.28438521283136,-1.14186856699942,-0.562355123534912,-2.89366614020346,-3.17590711218666,-13.6228635191946,-16.4967348700631,-26.3219217526746,-34.5417018221302,-15.2985824235327,0.908297981479435,1.4846314945249
0.00632230456685366,0.287285431214333,1.08845038787212,0.154296455550454,0.044142475844628,7.609280322089e-07,1.03194499377561e-07,1.17255953211822e-11,5.749962281041e-16,3.92344251828849e-07,-5.52141167499392,-1.70501920795298,-0.372985162139711,-2.32661967539117,-3.57807297335815,-14.5464672379417,-16.5443904702817,-25.6269872135807,-35.5499083772931,-15.2088663734584,0.457740184357177,2.33536901640622
0.0131882159174681,0.59927234709021,2.27048832888687,0.321859687331085,0.0920804267517739,1.58728246643442e-06,2.15261907251581e-07,2.44593852164833e-11,1.19943199948377e-15,8.18423195589796e-07,-5.52141167499392,-1.70501920795298,-0.372985162139711,-2.32661967539117,-3.57807297335815,-14.5464672379417,-16.5443904702817,-25.6269872135807,-35.5499083772931,-15.2088663734584,1.19298009335507,0.9612808651592
0.00558923687809974,0.253974845676096,0.962245172396745,0.136405867576205,0.0390241803874699,6.726988512226e-07,9.12291547234243e-08,1.03660190827284e-11,5.08325736114773e-16,3.46852154628731e-07,-5.52141167499392,-1.70501920795298,-0.372985162139711,-2.32661967539117,-3.57807297335815,-14.5464672379417,-16.5443904702817,-25.6269872135807,-35.5499083772931,-15.2088663734584,0.334499158314034,1.10295229925268
0.00517089828836108,0.234965546001298,0.890223839756403,0.126196273758934,0.03610333073571,6.22349242702347e-07,8.44009102309448e-08,9.59015184023154e-12,4.70278990877091e-16,3.20891250773725e-07,-5.52141167499392,-1.70501920795298,-0.372985162139711,-2.32661967539117,-3.57807297335815,-14.5464672379417,-16.5443904702817,-25.6269872135807,-35.5499083772931,-15.2088663734584,0.256702819605864,0.554233326568096
0.00978301049638584,0.33717442796915,0.446123150161779,0.147448079409594,0.049711814607453,2.77159878664203e-07,1.19622186446667e-07,1.4266744456913e-11,6.40074528823252e-16,2.95920251443228e-07,-4.6173012665402,-1.07734813807433,-0.797353489591359,-1.90447241512671,-2.99170590162403,-15.0888645639236,-15.9291207531807,-24.9632830953902,-34.9751402989864,-15.0233690856763,-0.00980675404625619,0.364786097282598
0.294885912074303,10.1633325198359,13.4473362858517,4.44447661549227,1.4984460863865,8.35433465398925e-06,3.60573031866615e-06,4.30037558792566e-10,1.92935458157083e-14,8.91982210182959e-06,-4.6173012665402,-1.07734813807433,-0.797353489591359,-1.90447241512671,-2.99170590162403,-15.0888645639236,-15.9291207531807,-24.9632830953902,-34.9751402989864,-15.0233690856763,3.39613453036399,0.761342114299152
0.417492426086666,14.3890032622605,19.0384173014303,6.29238376236765,2.12146415393333,1.1827867321634e-05,5.10490680265141e-06,6.08836897177565e-10,2.73153410203762e-14,1.26284709342641e-05,-4.6173012665402,-1.07734813807433,-0.797353489591359,-1.90447241512671,-2.99170590162403,-15.0888645639236,-15.9291207531807,-24.9632830953902,-34.9751402989864,-15.0233690856763,3.74381239057463,0.631180319518308
0.0457565736598028,1.57701420797533,2.08658334663567,0.689636273925493,0.232509441514829,1.29631736655355e-06,5.59490495028667e-07,6.67276544239105e-11,2.99372236559335e-15,1.38406237912058e-06,-4.6173012665402,-1.07734813807433,-0.797353489591359,-1.90447241512671,-2.99170590162403,-15.0888645639236,-15.9291207531807,-24.9632830953902,-34.9751402989864,-15.0233690856763,1.53288145551073,0.561444369232272
0.109081199063549,1.89953111234434,4.80069865262494,1.72667896944391,0.399846582194033,1.80560758039542e-06,1.22200877146525e-06,2.01621555669946e-10,1.09292313065259e-14,3.19642230452846e-06,-4.40573319167407,-1.54846339038422,-0.621309003171741,-1.64387057038556,-3.10674481308511,-15.4146838763064,-15.8050849824062,-24.5146991256052,-34.3374058870911,-14.8435488665791,2.19007046312402,1.16993505875372
0.0952028242399129,1.65785422400251,4.18990691318283,1.5069940178321,0.348974197335063,1.57588056052164e-06,1.06653288823549e-06,1.7596929344571e-10,9.53870782577625e-15,2.78974226050883e-06,-4.40573319167407,-1.54846339038422,-0.621309003171741,-1.64387057038556,-3.10674481308511,-15.4146838763064,-15.8050849824062,-24.5146991256052,-34.3374058870911,-14.8435488665791,2.05398752043485,1.61073407880978
0.0651042579365037,1.13372024288468,2.8652593301054,1.030554797392,0.238645295849966,1.07766271965607e-06,7.29346348785494e-07,1.20336243812722e-10,6.52302596722685e-15,1.90775957703561e-06,-4.40573319167407,-1.54846339038422,-0.621309003171741,-1.64387057038556,-3.10674481308511,-15.4146838763064,-15.8050849824062,-24.5146991256052,-34.3374058870911,-14.8435488665791,1.67396786585826,1.3764059282263
0.0317133689040712,0.552254022028502,1.39571556487269,0.502000414434152,0.116248100268534,5.24947468350685e-07,3.55276759938352e-07,5.86177895812145e-11,3.17747464491891e-15,9.29301479878818e-07,-4.40573319167407,-1.54846339038422,-0.621309003171741,-1.64387057038556,-3.10674481308511,-15.4146838763064,-15.8050849824062,-24.5146991256052,-34.3374058870911,-14.8435488665791,0.954716236660855,1.32929841918167
0.0143232530744969,0.249423961952764,0.630370974340717,0.226727062684269,0.0525031246163808,2.37091034470263e-07,1.60459740479702e-07,2.6474558328351e-11,1.43509740685822e-15,4.19716376367068e-07,-4.40573319167407,-1.54846339038422,-0.621309003171741,-1.64387057038556,-3.10674481308511,-15.4146838763064,-15.8050849824062,-24.5146991256052,-34.3374058870911,-14.8435488665791,0.159862218432002,1.12185073204832
0.116480677789794,1.04579996107299,2.89611889363071,0.449359873135719,0.204006657030795,1.32082757119144e-06,6.34253261060628e-07,7.14841360068853e-11,4.72435744045722e-15,3.43315433685791e-06,-3.70009381717164,-1.5052818360084,-0.48669241344681,-2.34999515463821,-3.13966659472451,-15.0873160115015,-15.820881438437,-24.9116095064339,-34.5361087762083,-14.1320950292097,1.55006394155806,1.33781744138702
0.120176317384458,1.0789805693728,2.98800547823207,0.463616934228807,0.210479276297817,1.36273411537062e-06,6.54376525357307e-07,7.37521482508915e-11,4.87424944613223e-15,3.542079708367e-06,-3.70009381717164,-1.5052818360084,-0.48669241344681,-2.34999515463821,-3.13966659472451,-15.0873160115015,-15.820881438437,-24.9116095064339,-34.5361087762083,-14.1320950292097,1.5812985141267,0.983215200775743
0.0897556825313241,0.805854593898685,2.23164161577761,0.346260022527268,0.157199950156343,1.01778065176117e-06,4.88731997653285e-07,5.5083019254393e-11,3.64041431279626e-15,2.64546117508131e-06,-3.70009381717164,-1.5052818360084,-0.48669241344681,-2.34999515463821,-3.13966659472451,-15.0873160115015,-15.820881438437,-24.9116095064339,-34.5361087762083,-14.1320950292097,1.28942987866583,1.90436853472865
0.0243207640705119,0.218359427510433,0.604699643482979,0.0938247927867614,0.0425958868767376,2.75784244617342e-07,1.32429894948292e-07,1.49256412273398e-11,9.86429551015153e-16,7.16830793129981e-07,-3.70009381717164,-1.5052818360084,-0.48669241344681,-2.34999515463821,-3.13966659472451,-15.0873160115015,-15.820881438437,-24.9116095064339,-34.5361087762083,-14.1320950292097,-0.0163309878330185,0.350057592922584
0.00466868287459928,0.0490805941439975,0.130213765454001,0.0167265275544759,0.0308882838184316,9.90890853951748e-08,2.25106807697061e-08,2.83716501639078e-12,1.09678448079109e-16,1.04625111335104e-07,-3.90404010339477,-1.55145337020167,-0.575739645955446,-2.62792116014995,-2.0145401480439,-14.6644083555722,-16.1464377561074,-25.1253776126001,-35.2861406048853,-14.6100440606149,-1.4628381833876,0.387684773481773
0.0361323792804921,0.37984988283768,1.00776456386082,0.129451764850445,0.239053972229127,7.66881048086359e-07,1.74217113751362e-07,2.19576966795745e-11,8.48835397763075e-16,8.09726063338191e-07,-3.90404010339477,-1.55145337020167,-0.575739645955446,-2.62792116014995,-2.0145401480439,-14.6644083555722,-16.1464377561074,-25.1253776126001,-35.2861406048853,-14.6100440606149,0.58347422072507,0.278383202962336
0.118953171629213,1.25052236266439,3.31771097043411,0.42617448140962,0.787001264612795,2.5246865761054e-06,5.73548674221977e-07,7.22880063178626e-11,2.79449249580906e-15,2.66573874466433e-06,-3.90404010339477,-1.55145337020167,-0.575739645955446,-2.62792116014995,-2.0145401480439,-14.6644083555722,-16.1464377561074,-25.1253776126001,-35.2861406048853,-14.6100440606149,1.77501472435563,0.391587956749837
0.666797671584209,7.00986269023383,18.5975869308521,2.38894136239033,4.41157308872263,1.41522509015099e-05,3.21505442245395e-06,4.05213863876312e-10,1.56646608404295e-14,1.49429255533819e-05,-3.90404010339477,-1.55145337020167,-0.575739645955446,-2.62792116014995,-2.0145401480439,-14.6644083555722,-16.1464377561074,-25.1253776126001,-35.2861406048853,-14.6100440606149,3.49877148335788,0.470623016609378
0.472781653272187,7.05449027920287,32.0932521360496,3.4278204347937,4.3738088246889,2.72615467832051e-05,6.36704666597968e-06,1.92518091035281e-10,8.37311568414883e-15,1.40536646104125e-05,-4.60821211285441,-1.9054261616822,-0.390444700587689,-2.62716587734734,-2.3834562807002,-14.3691238862373,-15.8234653224004,-26.2299214820078,-36.2728408302471,-15.0317178646253,3.8590904947954,0.130168370280971
0.986920588538558,9.53004757619715,17.0756308848498,3.49652778968537,3.41337790946586,1.6945537810771e-05,6.70568106118971e-06,1.7159524057783e-10,5.15671974488555e-15,1.13394026153912e-05,-3.55419863715963,-1.28658322705698,-0.703380584323847,-2.2892625209782,-2.31333054669456,-14.5265389517638,-15.4535884082339,-26.0269156017861,-36.4395086628873,-14.9282598774374,3.54103293696636,0.343991208780849
0.0149045124574317,0.143923142823156,0.257876830413095,0.052804696349777,0.0515489636799371,2.55912159834985e-07,1.01269451739846e-07,2.59143788317914e-12,7.78769787252524e-17,1.71248091795513e-07,-3.55419863715963,-1.28658322705698,-0.703380584323847,-2.2892625209782,-2.31333054669456,-14.5265389517638,-15.4535884082339,-26.0269156017861,-36.4395086628873,-14.9282598774374,-0.651892625228681,0.182491979373144
0.00477921731396128,0.113948240632799,0.196914463640638,0.0408813215585096,0.0420193859591844,2.06643903225483e-07,1.20052972578378e-07,1.29448225536221e-12,1.49637760340165e-17,1.33331856412851e-07,-4.42353882945672,-1.25207130494879,-0.705046180973225,-2.27714234757871,-2.24968453845456,-14.4723291410467,-15.0153930951381,-26.4529706452503,-37.8209596662269,-14.9104849971932,-0.919939658278319,0.456063997088915
0.00377607360851646,0.090030838927004,0.155582694914595,0.0323004519939714,0.0331996400128184,1.63269953649339e-07,9.4854205531286e-08,1.02277422432474e-12,1.1822923306027e-17,1.05345890571728e-07,-4.42353882945672,-1.25207130494879,-0.705046180973225,-2.27714234757871,-2.24968453845456,-14.4723291410467,-15.0153930951381,-26.4529706452503,-37.8209596662269,-14.9104849971932,-1.15553170765132,0.328607616459483
0.00397065777068527,0.0946702017091422,0.163599998462291,0.0339649207095031,0.034910444622567,1.71683387928412e-07,9.97421203404318e-08,1.07547861681307e-12,1.24321682160575e-17,1.10774450494022e-07,-4.42353882945672,-1.25207130494879,-0.705046180973225,-2.27714234757871,-2.24968453845456,-14.4723291410467,-15.0153930951381,-26.4529706452503,-37.8209596662269,-14.9104849971932,-1.10528468323946,0.576144153014976
0.00267373921131511,0.0637484883037804,0.110164047400194,0.0228711073970332,0.0235077989750029,1.15607194763702e-07,6.71637883634324e-08,7.24199745929701e-13,8.37150355448585e-18,7.45926768316364e-08,-4.42353882945672,-1.25207130494879,-0.705046180973225,-2.27714234757871,-2.24968453845456,-14.4723291410467,-15.0153930951381,-26.4529706452503,-37.8209596662269,-14.9104849971932,-1.50073850315784,0.741747345169775
0.0029653566130412,0.0707013610613187,0.122179337870753,0.025365596345505,0.0260717301274423,1.28216154386676e-07,7.44891585303274e-08,8.03186225742307e-13,9.28456048418508e-18,8.2728295486358e-08,-4.42353882945672,-1.25207130494879,-0.705046180973225,-2.27714234757871,-2.24968453845456,-14.4723291410467,-15.0153930951381,-26.4529706452503,-37.8209596662269,-14.9104849971932,-1.39721915009521,0.674401599974702
0.0235551273686953,0.21376854155948,0.720999408518126,0.234080411368427,0.191657469043858,8.26852923183195e-07,3.62831701723399e-07,5.75705091841753e-12,3.41031191353902e-17,7.17962749408509e-07,-4.07343503877711,-1.86788471001089,-0.652140241282215,-1.77711386354943,-1.97706879482308,-14.3306622807533,-15.1543500210294,-26.2056190448859,-38.2421661027619,-14.4718714295122,0.325023279221481,0.191224982530823
0.057630983930472,0.523015273516528,1.7640280468791,0.572711164531449,0.468917376065682,2.02301379156049e-06,8.87719588359212e-07,1.40854474600367e-11,8.34381525562305e-17,1.75659842658415e-06,-4.07343503877711,-1.86788471001089,-0.652140241282215,-1.77711386354943,-1.97706879482308,-14.3306622807533,-15.1543500210294,-26.2056190448859,-38.2421661027619,-14.4718714295122,1.21974009833174,0.729463248818238
0.0965798656759651,0.876485900772487,2.95621521960753,0.959767881254703,0.785826895618971,3.39023190173628e-06,1.48766917991701e-06,2.36048481372001e-11,1.3982835302367e-16,2.94376442176977e-06,-4.07343503877711,-1.86788471001089,-0.652140241282215,-1.77711386354943,-1.97706879482308,-14.3306622807533,-15.1543500210294,-26.2056190448859,-38.2421661027619,-14.4718714295122,1.73605004943349,1.20602836394494
0.5210059613757,4.72825651773359,15.9474828603784,5.17752622837895,4.23919099867554,1.8288812258001e-05,8.02532190189773e-06,1.27337789411628e-10,7.54312557641167e-16,1.58803162739273e-05,-4.07343503877711,-1.86788471001089,-0.652140241282215,-1.77711386354943,-1.97706879482308,-14.3306622807533,-15.1543500210294,-26.2056190448859,-38.2421661027619,-14.4718714295122,3.42144124366273,0.353431939631842
0.0339101571719085,0.125474088279784,0.382083837856588,0.223527788164154,0.0844104981878399,8.44177977265471e-07,3.37268594667703e-07,2.43350191616467e-12,1.50189380205702e-17,8.943666007834e-07,-3.22082556960317,-1.91244089133798,-0.798900105347075,-1.33500442254649,-2.30884838072377,-13.8216873727639,-14.7391710889453,-26.5784746599466,-38.5740046161328,-13.7639349595575,-0.163215118279921,0.513984328258782
0.660562866738661,2.44420935695854,7.44291434538499,4.35427520423832,1.64429909254413,1.64444128605241e-05,6.56992265253127e-06,4.740411534534e-11,2.92565814541748e-16,1.74220768937694e-05,-3.22082556960317,-1.91244089133798,-0.798900105347075,-1.33500442254649,-2.30884838072377,-13.8216873727639,-14.7391710889453,-26.5784746599466,-38.5740046161328,-13.7639349595575,2.80616259058191,1.08766656954256
0.353309319769561,0.420711267229547,1.60705186473296,0.611054166350149,0.197399567120956,3.18602992797184e-06,8.7136818583892e-07,7.23442225664292e-12,4.93052706182593e-17,3.41167390578998e-06,-2.20028606199991,-2.02568322287397,-0.685473355737062,-1.65244438800551,-2.78240006111797,-13.8166096691622,-15.1130759494101,-26.8120453292174,-38.7083754056959,-13.7481822218783,1.15987471622985,1.18729949797796
0.721332379925728,0.858943262097336,3.28103019475393,1.24755598398698,0.403019936299838,6.50474363924922e-06,1.77902492833393e-06,1.47701255862016e-11,1.00663883480764e-16,6.96542864931811e-06,-2.20028606199991,-2.02568322287397,-0.685473355737062,-1.65244438800551,-2.78240006111797,-13.8166096691622,-15.1130759494101,-26.8120453292174,-38.7083754056959,-13.7481822218783,1.87363081258558,0.585048984227474
1.06639342523929,1.3810205243157,4.34483227188551,2.01407357183867,0.347373514699246,5.16003643627103e-06,3.36668417362127e-06,3.95184502583202e-11,1.02324040562574e-16,1.02534031931868e-05,-2.14987716522564,-1.89133675346974,-0.745172334295224,-1.51400016587245,-3.27151415642292,-14.3887264069124,-14.8157417124226,-26.1684129476386,-39.0325465176414,-13.7020603783479,2.21415948970948,1.46266635514887
1.84928394243771,2.3948938725132,7.53458185582876,3.49270149940549,0.602397058681527,8.94826646352242e-06,5.83832836379308e-06,6.85308383970358e-11,1.77445022314586e-16,1.77809178411291e-05,-2.14987716522564,-1.89133675346974,-0.745172334295224,-1.51400016587245,-3.27151415642292,-14.3887264069124,-14.8157417124226,-26.1684129476386,-39.0325465176414,-13.7020603783479,2.76467567124776,1.02844972898386
0.393864024725852,0.529044936140488,1.3322513026339,0.165608291799633,0.142252947409992,2.54306263042555e-06,1.01010761344107e-06,1.27182202148965e-11,3.81150011337597e-17,1.12286168244368e-06,-1.87293820559516,-1.57787056672243,-0.654318441471957,-2.73931862846677,-2.8913371476968,-13.8233301047047,-14.7466423462616,-26.0291741494549,-38.7471124001429,-14.640818719134,0.941188661436094,0.943832226333492
0.231110776224182,0.31043197188168,0.781735861485974,0.0971753155003542,0.0834709113608035,1.49221340769431e-06,5.92709006045454e-07,7.46277283918155e-12,2.2365047185866e-17,6.58870622171137e-07,-1.87293820559516,-1.57787056672243,-0.654318441471957,-2.73931862846677,-2.8913371476968,-13.8233301047047,-14.7466423462616,-26.0291741494549,-38.7471124001429,-14.640818719134,0.408080072941131,0.761307664651632
0.778863304675741,0.785995126577868,2.51747892224401,0.680808281491041,0.296456993686409,2.93841048001738e-06,1.15456482535033e-06,1.28697433727677e-11,1.08918418473523e-16,2.74305485744142e-06,-1.87120902332818,-1.86209398628979,-0.698031326354427,-2.00576383687969,-2.8371424170885,-14.3589310753096,-15.2930763590114,-26.6974313339102,-38.3772218257019,-14.4277276465766,1.62128929943502,0.846424569960341
0.0875808068506423,0.0883827585060272,0.283082838690683,0.0765548180863497,0.0333356861822895,3.30415310560106e-07,1.29827298780818e-07,1.44716345189348e-12,1.22475444837889e-17,3.08448165689755e-07,-1.87120902332818,-1.86209398628979,-0.698031326354427,-2.00576383687969,-2.8371424170885,-14.3589310753096,-15.2930763590114,-26.6974313339102,-38.3772218257019,-14.4277276465766,-0.563984381596011,0.183238350688422
0.0189324063156862,0.0502433470127385,0.102936942140896,0.0143599591313541,0.0196802763561053,1.04681991578452e-07,3.00215982677119e-08,2.6251449862205e-13,2.65467461401307e-18,1.42357529168675e-07,-2.38774454694365,-1.4117414801869,-0.694503032077385,-2.66417590299424,-2.34900268659374,-14.4932030756916,-15.7422131136834,-27.3893344231805,-38.8910739242589,-14.1857884742961,-1.57913565837785,0.1688640134999
0.0268245934944413,0.0711878530887114,0.145847367864832,0.0203460701123983,0.0278842215990998,1.48319860849064e-07,4.25364402261724e-08,3.7194662920894e-13,3.7613056783972e-18,2.01700871360386e-07,-2.38774454694365,-1.4117414801869,-0.694503032077385,-2.66417590299424,-2.34900268659374,-14.4932030756916,-15.7422131136834,-27.3893344231805,-38.8910739242589,-14.1857884742961,-1.23069159761823,0.216582751095116
0.00681006486676396,0.0602709763257939,0.0747866868353862,0.0109551870947558,0.0201115462610142,4.4659678325718e-08,2.37295853652542e-08,1.55387744987852e-13,3.68358095245013e-18,1.61148309594617e-07,-3.23451236876029,-1.05406334753475,-0.838274128443313,-2.75910096271639,-2.15161992311514,-15.1693535284149,-15.8017019747871,-27.7380115562854,-38.3878050450638,-13.8860994534959,-1.75484126488347,0.0721840108779611
0.00269975097825027,0.207418267300416,0.164852260761472,0.0313083922890562,0.0260057687553889,3.07849779142123e-08,6.44853611672666e-08,3.66642695776357e-13,4.23088234433084e-18,2.23815986536999e-07,-5.07592499735964,-0.734347166292173,-0.964034852363071,-2.62519834998055,-2.81076614722069,-16.4575682528606,-15.7181568544074,-27.7957178589414,-39.1654503674032,-14.4737708682288,-0.838670743143365,0.0871608801461903
0.199587991757152,15.3340792383262,12.187246870944,2.31457611922701,1.92256219251486,2.27588098594489e-06,4.76729292323503e-06,2.710527005341e-11,3.12781925914171e-16,1.65463346938083e-05,-5.07592499735964,-0.734347166292173,-0.964034852363071,-2.62519834998055,-2.81076614722069,-16.4575682528606,-15.7181568544074,-27.7957178589414,-39.1654503674032,-14.4737708682288,3.46442491890777,0.198065888331148
0.0825152749443524,7.88997407099342,14.8364123806572,0.451471738610297,2.18357974516109,2.55588801255588e-06,3.81862105073211e-06,1.90797964068525e-11,3.55558937974321e-16,1.01869637334184e-05,-5.7312506227287,-1.17088592224977,-0.539394315602328,-4.03172127331383,-2.45551315579961,-16.1135896067524,-15.7120999527886,-27.9188698912553,-38.8093194202232,-14.7308804912368,3.23647877078953,0.469008435871506
0.00316163122881766,0.302309947270214,0.568467653267064,0.0172984595722614,0.0836654051940174,9.79306602723794e-08,1.46313171387444e-07,7.31055919041285e-13,1.36234926532448e-17,3.90320733805091e-07,-5.7312506227287,-1.17088592224977,-0.539394315602328,-4.03172127331383,-2.45551315579961,-16.1135896067524,-15.7120999527886,-27.9188698912553,-38.8093194202232,-14.7308804912368,-0.0254165501948632,0.787242063541155
0.00342558676963074,0.327548939375794,0.615927390343665,0.0187426584434047,0.0906503903732003,1.06106610762357e-07,1.58528439230713e-07,7.92089685002445e-13,1.47608790562742e-17,4.22907494538921e-07,-5.7312506227287,-1.17088592224977,-0.539394315602328,-4.03172127331383,-2.45551315579961,-16.1135896067524,-15.7120999527886,-27.9188698912553,-38.8093194202232,-14.7308804912368,0.0547681203874381,0.332249044309074
0.00687321115476706,0.657205079085621,1.23581718827487,0.0376058928722112,0.181883956296407,2.12895830621441e-07,3.1807672966515e-07,1.58927507158768e-12,2.9616718362877e-17,8.48535653707241e-07,-5.7312506227287,-1.17088592224977,-0.539394315602328,-4.03172127331383,-2.45551315579961,-16.1135896067524,-15.7120999527886,-27.9188698912553,-38.8093194202232,-14.7308804912368,0.751126757772182,0.168740201717518
0.0134779542588419,0.310564312227391,0.854267366822233,0.0306307983745901,0.0865155625320026,9.34179829374194e-08,4.38698526850691e-07,5.85514693292279e-13,1.44324245972724e-17,4.21509263305035e-07,-4.56556343461703,-1.42822776271872,-0.416374546675994,-3.74461278174695,-2.7062944559507,-16.4450454618299,-14.8983168751565,-28.4251486052865,-39.0359177788513,-14.9382875711357,0.258863488388646,0.133123788282961
0.00200802845562558,0.0462697798403105,0.127274002296457,0.00456356458654371,0.0128896201962361,1.39179852077642e-08,6.53600025967818e-08,8.7233577346983e-14,2.15023131243982e-18,6.27990404753765e-08,-4.56556343461703,-1.42822776271872,-0.416374546675994,-3.74461278174695,-2.7062944559507,-16.4450454618299,-14.8983168751565,-28.4251486052865,-39.0359177788513,-14.9382875711357,-1.64503847150776,0.459299750394056
0.079161436489592,1.82406889103324,5.01745521650406,0.179906976503122,0.508140633007827,5.48681319231734e-07,2.57665257682457e-06,3.43896286607241e-12,8.47674239878277e-17,2.47569313087752e-06,-4.56556343461703,-1.42822776271872,-0.416374546675994,-3.74461278174695,-2.7062944559507,-16.4450454618299,-14.8983168751565,-28.4251486052865,-39.0359177788513,-14.9382875711357,2.02929742286444,0.525537912971801
0.0526941547114546,1.21419939570064,3.33989090093156,0.119755861868069,0.338246023799876,3.65232108018698e-07,1.71516000140691e-06,2.2891605982364e-12,5.64258046870253e-17,1.64795590683473e-06,-4.56556343461703,-1.42822776271872,-0.416374546675994,-3.74461278174695,-2.7062944559507,-16.4450454618299,-14.8983168751565,-28.4251486052865,-39.0359177788513,-14.9382875711357,1.62231268873936,0.782775771506722
0.0692679385854833,1.59609902905683,4.39037990218774,0.157422426273893,0.444633848510348,4.80107810177784e-07,2.25462574155129e-06,3.00916556303499e-12,7.4173296736606e-17,2.16628408162696e-06,-4.56556343461703,-1.42822776271872,-0.416374546675994,-3.74461278174695,-2.7062944559507,-16.4450454618299,-14.8983168751565,-28.4251486052865,-39.0359177788513,-14.9382875711357,1.89579030810264,0.821338557223006
0.0421437845549217,0.666271328894679,3.09345092403808,0.0470883638649158,0.154914777979653,4.21733646968295e-07,7.6222137013319e-07,1.81314416291936e-12,2.23364789850964e-17,1.65325601911641e-06,-4.55392996259409,-1.79332018770643,-0.257974625398368,-4.44299125722466,-3.25214202979745,-16.0661537875448,-15.4742907085067,-28.4232205681325,-39.7275724000518,-14.7000257666624,1.38726189704229,0.580186250597859
0.0229897599193339,0.3634561550224,1.68750136744831,0.025687066116188,0.0845072076777508,2.30058961151698e-07,4.15797643467722e-07,9.89084142415726e-13,1.21847217741304e-17,9.01863925275817e-07,-4.55392996259409,-1.79332018770643,-0.257974625398368,-4.44299125722466,-3.25214202979745,-16.0661537875448,-15.4742907085067,-28.4232205681325,-39.7275724000518,-14.7000257666624,0.781223579502325,1.16503809220331
0.021792291761375,0.690051038708867,2.69394130753039,0.0957935110391301,0.483074848705835,4.89961548713499e-07,5.70111878002459e-07,2.85978422398939e-12,6.86490717321515e-17,1.77910108984555e-06,-5.20864990451805,-1.75344065885902,-0.391445652490902,-3.72801127463114,-2.11003461494682,-15.91138986481,-15.7598841620563,-27.9627258839764,-38.5999750073919,-14.6218532707993,1.38245094387589,1.80931347100441
0.0405706408375239,1.23607605520401,5.21880080837126,0.266481967161786,0.46516993616087,5.52019939808904e-07,1.4403298145522e-06,8.85321827596713e-12,2.18579889782851e-16,3.89583459191027e-06,-5.18254918803376,-1.76589669151352,-0.325570936687052,-3.30028728509234,-2.74319106803997,-16.387520250472,-15.4284770147106,-27.4280786580028,-38.0372186798786,-14.4334412109529,1.9778385819925,1.61263359113058
0.0400138748818343,0.666851738438319,3.55460409440545,0.283892484185464,0.124364869132152,3.47601755708551e-07,6.87189433890302e-07,1.56811802993901e-11,4.38756070639429e-17,4.5497867598107e-06,-4.75963083368225,-1.94628935969027,-0.272858129509516,-2.80026151002467,-3.62563736174851,-16.4133102133364,-15.7317576627045,-26.4196616503571,-39.206274976701,-13.841532012789,1.5411018207137,0.678010152063598
0.0259386626719107,1.80422360015553,5.42630464166845,0.485567985834647,0.205370136878854,2.11436700995398e-07,1.96097412889615e-06,2.40769723951755e-11,8.24330564901393e-17,5.58714506759843e-06,-5.72486709616748,-1.48271607924581,-0.381588082618931,-2.79528240851587,-3.65578782220818,-17.4421866094055,-15.2149156437254,-26.5226116745667,-39.1073915865047,-14.1678885626963,2.0728464400766,1.20908008563354
0.0563072882141704,3.91658350092118,11.7793466556466,1.05406423113608,0.445814637172635,4.58983850192624e-07,4.25685536887216e-06,5.22659568508859e-11,1.78944532679847e-16,1.21284968155404e-05,-5.72486709616748,-1.48271607924581,-0.381588082618931,-2.79528240851587,-3.65578782220818,-17.4421866094055,-15.2149156437254,-26.5226116745667,-39.1073915865047,-14.1678885626963,2.84793579713507,0.90197960980791
0.0060828654540362,0.423107758004336,1.27252054068406,0.113870354997833,0.0481612690180779,4.95839365532544e-08,4.59867262078952e-07,5.64628120859123e-12,1.93313432514579e-17,1.3102391649199e-06,-5.72486709616748,-1.48271607924581,-0.381588082618931,-2.79528240851587,-3.65578782220818,-17.4421866094055,-15.2149156437254,-26.5226116745667,-39.1073915865047,-14.1678885626963,0.622587693922594,0.508275650786997
0.00233559207001301,0.162457501620425,0.488600135282998,0.0437219432440405,0.0184921200132329,1.90383709600163e-08,1.76571771755615e-07,2.16796010293123e-12,7.42251038461583e-18,5.03082671568355e-07,-5.72486709616748,-1.48271607924581,-0.381588082618931,-2.79528240851587,-3.65578782220818,-17.4421866094055,-15.2149156437254,-26.5226116745667,-39.1073915865047,-14.1678885626963,-0.334622760660772,1.19618471388149
0.0120604558482314,0.838892866037263,2.52301779693389,0.225769976214508,0.0954890196037316,9.83097328225853e-08,9.11775684052022e-07,1.11948432424605e-11,3.83281224174562e-17,2.59780225595074e-06,-5.72486709616748,-1.48271607924581,-0.381588082618931,-2.79528240851587,-3.65578782220818,-17.4421866094055,-15.2149156437254,-26.5226116745667,-39.1073915865047,-14.1678885626963,1.30704380613085,2.07916296090924
0.00832493696780743,0.579060221303961,1.74155640486932,0.155841607055407,0.0659129372324153,6.78599830196326e-08,6.29368839290239e-07,7.72743298684145e-12,2.64566453569432e-17,1.79317766324639e-06,-5.72486709616748,-1.48271607924581,-0.381588082618931,-2.79528240851587,-3.65578782220818,-17.4421866094055,-15.2149156437254,-26.5226116745667,-39.1073915865047,-14.1678885626963,0.936367281588642,1.59332001764331
0.0175472893622752,1.22054224562854,3.67084991695909,0.328482700140302,0.138931187924572,1.43035168046226e-07,1.32658267339815e-06,1.62878713883415e-11,5.57652764733959e-17,3.77965712612956e-06,-5.72486709616748,-1.48271607924581,-0.381588082618931,-2.79528240851587,-3.65578782220818,-17.4421866094055,-15.2149156437254,-26.5226116745667,-39.1073915865047,-14.1678885626963,1.68201130287622,0.47156252681094
0.00816116944408007,1.02360585982211,2.4461186712352,0.303433491544318,0.0507434723347082,3.46696300048564e-08,2.63015663291229e-07,2.47468888327222e-12,2.41452154405176e-17,1.31523763685434e-06,-6.15177143984426,-1.32007208378927,-0.448901081257651,-2.53599646453149,-4.32437592707478,-18.5208053830122,-16.4944558840968,-28.0683100653328,-39.6058490656225,-14.8848968300194,1.34340363379513,1.33171440518688
0.00781160629358015,0.979762279354712,2.34134533512539,0.29043668171232,0.0485700034246253,3.31846436711937e-08,2.51750049395956e-07,2.36869181404445e-12,2.31110159135111e-17,1.25890274328975e-06,-6.15177143984426,-1.32007208378927,-0.448901081257651,-2.53599646453149,-4.32437592707478,-18.5208053830122,-16.4944558840968,-28.0683100653328,-39.6058490656225,-14.8848968300194,1.29962677495936,1.57349382547328
0.0104739977168092,1.31368984704346,3.13933457124168,0.389424790088631,0.0651238792453002,4.44948028590305e-08,3.37552782805616e-07,3.17600141631763e-12,3.09878300075357e-17,1.68796838490672e-06,-6.15177143984426,-1.32007208378927,-0.448901081257651,-2.53599646453149,-4.32437592707478,-18.5208053830122,-16.4944558840968,-28.0683100653328,-39.6058490656225,-14.8848968300194,1.59291193873287,2.39336845985905
0.0106357606788302,1.06535548549109,1.38160289403655,0.257403586918579,0.0697819596395444,2.05965366964112e-08,1.90573197261195e-07,1.29113717873981e-12,1.70717128630571e-17,1.57513794622061e-06,-5.56770271152262,-0.960860871958236,-0.700925062070475,-2.3812794533425,-3.6865491651239,-18.7223123014362,-16.4973988832064,-28.3996671565889,-39.633278203267,-14.385337109238,1.02416940461791,1.66940933868881
0.00546628528347043,0.547543066063511,0.710079494577609,0.132293446757048,0.0358646748970778,1.05856599103577e-08,9.7945741265716e-08,6.63584333289383e-13,8.77406474298604e-18,8.09547491229235e-07,-5.56770271152262,-0.960860871958236,-0.700925062070475,-2.3812794533425,-3.6865491651239,-18.7223123014362,-16.4973988832064,-28.3996671565889,-39.633278203267,-14.385337109238,0.358546711049992,1.98051842914761
0.00218513463050038,0.218879047342025,0.283852600723512,0.0528839928591422,0.0143368190764254,4.23159254544737e-09,3.91535787195261e-08,2.65266269821825e-13,3.50741165634498e-18,3.23614697437932e-07,-5.56770271152262,-0.960860871958236,-0.700925062070475,-2.3812794533425,-3.6865491651239,-18.7223123014362,-16.4973988832064,-28.3996671565889,-39.633278203267,-14.385337109238,-0.558375125020493,2.3892237042444
0.00276762104383506,0.27722514165621,0.359518548717434,0.0669811596393348,0.0181585526235904,5.35959863261783e-09,4.95906599497711e-08,3.3597770147938e-13,4.44237447615295e-18,4.09879937932447e-07,-5.56770271152262,-0.960860871958236,-0.700925062070475,-2.3812794533425,-3.6865491651239,-18.7223123014362,-16.4973988832064,-28.3996671565889,-39.633278203267,-14.385337109238,-0.32206444520555,0.830755604932063
0.00326950942900369,0.32749794868805,0.424714679616891,0.0791277163809055,0.0214514769470103,6.33152371205325e-09,5.85835733029477e-08,3.96904867221151e-13,5.24796748070001e-18,4.84208748453731e-07,-5.56770271152262,-0.960860871958236,-0.700925062070475,-2.3812794533425,-3.6865491651239,-18.7223123014362,-16.4973988832064,-28.3996671565889,-39.633278203267,-14.385337109238,-0.155412615516151,1.0882424509463
0.108198023429356,10.837904430211,14.0551021044105,2.61857709751324,0.709894696958924,2.09529400607668e-07,1.93870884132587e-06,1.31347907248293e-11,1.73671225229134e-16,1.60239420156255e-05,-5.56770271152262,-0.960860871958236,-0.700925062070475,-2.3812794533425,-3.6865491651239,-18.7223123014362,-16.4973988832064,-28.3996671565889,-39.633278203267,-14.385337109238,3.34391053103514,0.95452578828594
0.0302834880309756,2.61721407078865,6.04919691651087,0.977015727461702,0.220034548721373,7.95451296926539e-08,1.06471769024788e-06,2.72082062152856e-12,4.36119667903793e-17,5.25165514023901e-06,-5.78905602510134,-1.32979294034819,-0.491977838463555,-2.31515588998276,-3.80587406593945,-18.6388446678821,-16.044704234145,-28.9219909426541,-39.9631034541508,-14.4488706268617,2.29190336062285,0.819533496957103
0.0231650800747691,2.00201421515969,4.62727843026827,0.747359337795211,0.168313436521337,6.08473269989058e-08,8.14446160441873e-07,2.08126710840982e-12,3.33605792662967e-17,4.01720606702485e-06,-5.78905602510134,-1.32979294034819,-0.491977838463555,-2.31515588998276,-3.80587406593945,-18.6388446678821,-16.044704234145,-28.9219909426541,-39.9631034541508,-14.4488706268617,2.02394672169538,1.22079561846341
0.0224817166558706,1.94295535266756,4.49077500364089,0.72531244520632,0.163348236959905,5.90523477769648e-08,7.90420225244932e-07,2.0198703076108e-12,3.23764514570997e-17,3.8986996054231e-06,-5.78905602510134,-1.32979294034819,-0.491977838463555,-2.31515588998276,-3.80587406593945,-18.6388446678821,-16.044704234145,-28.9219909426541,-39.9631034541508,-14.4488706268617,1.99400313192445,1.25621534261174
0.00470022162977827,0.406211007552969,0.938880163364605,0.151640076934067,0.0341509915945234,1.23459932601722e-08,1.65252071101978e-07,4.22291511564803e-13,6.76890024741011e-18,8.15095772885857e-07,-5.78905602510134,-1.32979294034819,-0.491977838463555,-2.31515588998276,-3.80587406593945,-18.6388446678821,-16.044704234145,-28.9219909426541,-39.9631034541508,-14.4488706268617,0.428910408995416,1.34114945547997
0.00331893911678291,0.286835325826741,0.66296578025605,0.107076691835101,0.0241148334712325,8.71780166856866e-09,1.16688447079807e-07,2.98190155021247e-13,4.77968265717521e-18,5.75558656088924e-07,-5.78905602510134,-1.32979294034819,-0.491977838463555,-2.31515588998276,-3.80587406593945,-18.6388446678821,-16.044704234145,-28.9219909426541,-39.9631034541508,-14.4488706268617,0.0809459348451372,0.779005817602825
0.00225924360114156,0.195252413995338,0.451289145150436,0.0728884509018496,0.0164152704510246,5.9343172449714e-09,7.94312935899036e-08,2.0298178904474e-13,3.25359010176044e-18,3.91790016356479e-07,-5.78905602510134,-1.32979294034819,-0.491977838463555,-2.31515588998276,-3.80587406593945,-18.6388446678821,-16.044704234145,-28.9219909426541,-39.9631034541508,-14.4488706268617,-0.303669186378091,1.92534463675747
0.00304205820188495,0.269846859704199,0.450560855979096,0.136529374154278,0.0434155047448249,1.40830331996903e-08,1.77511651628335e-07,8.09402184593671e-13,7.53967880766652e-18,6.4225308986165e-07,-5.69362610080573,-1.2083058154227,-0.695667273889974,-1.88962064048608,-3.03534379773745,-17.9767002315502,-15.442634735456,-27.7408856116913,-39.3247572394802,-14.15668853822,-0.101594851752786,2.27968327441009
0.00426113483197806,0.29714344822694,0.821291263965114,0.202247231767498,0.0520649638991838,1.22820535609693e-08,1.78881273509663e-07,6.16085402280777e-13,1.01429675449167e-17,6.43479618253244e-07,-5.77813342828551,-1.53345393271037,-0.51679113172195,-1.91817807691051,-3.27517670097185,-18.5350403667081,-15.8564571942447,-28.4353044675122,-39.4496647278475,-14.5762891502696,0.319913666591587,4.08787216230905
0.00325754167648281,0.227159478556968,0.627858687037993,0.154613456840573,0.0398024931089618,9.38935352324411e-09,1.36750707634742e-07,4.70983424213937e-13,7.75407040697672e-18,4.91925685781252e-07,-5.77813342828551,-1.53345393271037,-0.51679113172195,-1.91817807691051,-3.27517670097185,-18.5350403667081,-15.8564571942447,-28.4353044675122,-39.4496647278475,-14.5762891502696,0.0513509732469297,4.1493794302548
0.00345585949656603,0.240988855759994,0.666082470031347,0.164026261575357,0.0422256527953697,9.96097356917118e-09,1.45076035420645e-07,4.9965670463879e-13,8.22613507800916e-18,5.21873922622358e-07,-5.77813342828551,-1.53345393271037,-0.51679113172195,-1.91817807691051,-3.27517670097185,-18.5350403667081,-15.8564571942447,-28.4353044675122,-39.4496647278475,-14.5762891502696,0.110449344489936,0.824684337683927
0.0437913993742358,1.28795820070739,1.82821205720992,0.782910585798431,0.173723411204649,1.12635252937203e-08,1.41825143179678e-06,1.89519685603556e-12,2.48100957248763e-17,1.22487815008732e-06,-4.54334501129136,-1.16196899480278,-0.811688697749255,-1.659763952986,-3.16531800437677,-19.7167233511785,-14.8811130002799,-28.4067255700679,-39.6503081869697,-15.0276963573229,1.4150271690914,0.924461667098147
0.0512601171839826,0.574749481660607,0.811092654064379,0.32427369158257,0.0225201441350443,3.35720843698633e-09,4.63019196110612e-07,5.69163527019539e-13,5.53495415239052e-18,4.38036035523235e-07,-3.54964256514141,-1.13262131035443,-0.788173277867129,-1.70496768582751,-4.37214536858158,-20.0909563237842,-15.1642976166008,-28.7734089015298,-40.3142486841474,-15.2197649502334,0.578800293163256,0.963390662894084
